FileFormat:0002.2 file with temperature of atmosphere
200
local	GMT or Local
0	GMT-Local=[hours]
0	Height[m]
0	0	0	Longitude                [grd]               [min]               [sec]
0	0	0	Latitude                [grd]               [min]               [sec]
N	NS
59,40	Freq[GHz]
0,00	dTemostat[K]
0,150	MessErr[K]
0,248	//[grad/step]
version 14.0.20110218
MTP5H033F5940K-33.00D180214+A1.1
Commentary:
enter comment
End Of Commentary

SYSTEM\summer.dat
data time	0	50	100	150	200	250	300	350	400	450	500	550	600	OutsideTemperature	Quality
05/05/2020 00:00:00	13,71	14,48	14,81	15,11	15,30	15,41	15,33	15,21	15,04	14,85	14,62	14,34	14,07	13,75	0
05/05/2020 00:05:00	13,77	14,41	14,79	15,11	15,31	15,41	15,45	15,40	15,25	15,08	14,87	14,62	14,37	13,73	0
05/05/2020 00:10:00	13,67	14,24	14,58	14,97	15,22	15,37	15,38	15,33	15,19	15,03	14,83	14,57	14,32	13,68	0
05/05/2020 00:15:00	13,64	14,23	14,60	14,92	15,16	15,33	15,36	15,32	15,17	15,02	14,84	14,61	14,38	13,70	0
05/05/2020 00:20:00	13,73	14,31	14,57	14,85	15,08	15,20	15,22	15,16	15,02	14,87	14,70	14,48	14,27	13,68	0
05/05/2020 00:25:00	13,70	14,27	14,42	14,59	14,78	14,92	14,91	14,84	14,70	14,57	14,43	14,25	14,07	13,70	0
05/05/2020 00:30:00	13,61	14,22	14,43	14,68	14,87	15,03	15,06	15,02	14,89	14,76	14,62	14,44	14,26	13,81	0
05/05/2020 00:35:00	13,63	14,61	14,87	15,06	15,26	15,33	15,26	15,15	14,97	14,80	14,62	14,39	14,16	13,70	0
05/05/2020 00:40:00	13,68	14,62	14,89	15,07	15,24	15,31	15,25	15,13	14,95	14,77	14,58	14,35	14,12	13,64	0
05/05/2020 00:45:00	13,59	14,64	14,99	15,19	15,35	15,44	15,37	15,24	15,06	14,87	14,66	14,42	14,17	13,56	0
05/05/2020 00:50:00	13,52	14,51	14,89	14,98	15,06	15,12	15,00	14,83	14,61	14,39	14,16	13,89	13,62	13,50	0
05/05/2020 00:55:00	13,47	14,64	15,11	15,25	15,37	15,43	15,32	15,16	14,94	14,72	14,47	14,19	13,91	13,60	0
05/05/2020 01:00:00	13,59	14,78	15,20	15,37	15,45	15,48	15,44	15,31	15,09	14,88	14,64	14,38	14,12	13,54	0
05/05/2020 01:05:00	13,66	14,59	14,88	15,01	15,10	15,22	15,10	14,95	14,76	14,57	14,36	14,11	13,87	13,48	0
05/05/2020 01:10:00	13,53	14,42	14,67	14,71	14,82	14,91	14,84	14,71	14,52	14,34	14,17	13,97	13,76	13,54	0
05/05/2020 01:15:00	13,56	14,44	14,68	14,82	15,00	15,05	14,96	14,82	14,64	14,46	14,26	14,02	13,79	13,60	0
05/05/2020 01:20:00	13,61	14,43	14,62	14,68	14,72	14,80	14,65	14,47	14,26	14,06	13,85	13,60	13,36	13,60	0
05/05/2020 01:25:00	13,68	14,40	14,58	14,62	14,72	14,73	14,56	14,38	14,16	13,95	13,72	13,45	13,18	13,62	0
05/05/2020 01:30:00	13,68	14,43	14,56	14,60	14,70	14,73	14,62	14,47	14,28	14,10	13,91	13,69	13,47	13,69	0
05/05/2020 01:35:00	13,76	14,52	14,66	14,77	14,88	14,92	14,78	14,63	14,43	14,24	14,04	13,79	13,55	13,75	0
05/05/2020 01:40:00	13,78	14,52	14,70	14,88	15,04	15,17	15,05	14,91	14,74	14,57	14,38	14,14	13,91	13,77	0
05/05/2020 01:45:00	13,81	14,55	14,72	14,99	15,20	15,32	15,23	15,11	14,95	14,79	14,60	14,36	14,12	13,83	0
05/05/2020 01:50:00	13,81	14,73	14,91	14,97	14,99	14,92	14,79	14,60	14,37	14,14	13,89	13,61	13,34	13,82	0
05/05/2020 01:55:00	13,89	14,70	14,94	15,11	15,17	15,24	15,15	15,01	14,82	14,62	14,40	14,14	13,89	13,83	0
05/05/2020 02:00:00	13,82	14,83	14,99	15,03	15,09	15,00	14,90	14,74	14,51	14,30	14,08	13,83	13,58	13,88	0
05/05/2020 02:05:00	13,82	14,66	14,88	14,98	15,08	15,05	14,91	14,73	14,51	14,29	14,04	13,76	13,48	13,76	0
05/05/2020 02:10:00	13,76	14,65	14,79	14,90	15,02	15,07	14,95	14,80	14,61	14,43	14,23	14,01	13,78	13,73	0
05/05/2020 02:15:00	13,73	14,62	14,81	14,97	15,05	15,10	15,00	14,85	14,66	14,47	14,26	14,02	13,77	13,80	0
05/05/2020 02:20:00	13,87	14,53	14,73	14,92	15,12	15,30	15,33	15,29	15,16	15,04	14,92	14,76	14,60	13,79	0
05/05/2020 02:25:00	13,78	14,47	14,86	15,12	15,26	15,30	15,25	15,14	14,94	14,73	14,47	14,17	13,87	13,80	0
05/05/2020 02:30:00	13,79	14,71	15,08	15,20	15,21	15,22	15,09	14,91	14,67	14,43	14,15	13,85	13,54	13,85	0
05/05/2020 02:35:00	13,78	14,49	14,76	14,81	14,82	14,79	14,69	14,53	14,30	14,07	13,81	13,53	13,25	13,72	0
05/05/2020 02:40:00	13,70	14,29	14,61	14,72	14,79	14,87	14,78	14,64	14,44	14,24	14,00	13,74	13,47	13,72	0
05/05/2020 02:45:00	13,75	14,52	14,93	15,12	15,19	15,25	15,16	15,00	14,79	14,56	14,29	13,99	13,68	13,74	0
05/05/2020 02:50:00	13,74	14,71	15,25	15,41	15,47	15,46	15,32	15,12	14,87	14,59	14,26	13,90	13,54	13,71	0
05/05/2020 02:55:00	13,67	14,56	15,16	15,37	15,39	15,37	15,17	14,94	14,66	14,34	13,96	13,54	13,13	13,69	0
05/05/2020 03:00:00	13,54	14,17	14,62	14,84	14,95	15,00	14,95	14,83	14,62	14,40	14,13	13,83	13,52	13,53	0
05/05/2020 03:05:00	13,42	14,18	14,59	14,77	14,89	14,84	14,76	14,60	14,37	14,13	13,83	13,51	13,18	13,42	0
05/05/2020 03:10:00	13,44	14,21	14,62	14,72	14,76	14,78	14,68	14,52	14,29	14,05	13,78	13,48	13,18	13,44	0
05/05/2020 03:15:00	13,42	14,26	14,77	14,99	15,10	15,16	15,00	14,81	14,57	14,31	13,99	13,63	13,28	13,43	0
05/05/2020 03:20:00	13,35	14,29	14,87	15,06	15,09	15,08	14,88	14,65	14,37	14,07	13,70	13,30	12,91	13,38	0
05/05/2020 03:25:00	13,25	14,13	14,65	14,81	14,90	14,94	14,71	14,46	14,21	13,92	13,58	13,21	12,83	13,51	0
05/05/2020 03:30:00	13,14	14,14	14,58	14,74	14,77	14,72	14,57	14,37	14,11	13,83	13,51	13,17	12,82	13,92	0
05/05/2020 03:35:00	13,19	14,14	14,65	14,89	14,98	14,89	14,72	14,50	14,24	13,94	13,57	13,18	12,78	13,57	0
05/05/2020 03:40:00	13,32	14,11	14,52	14,73	14,87	14,89	14,77	14,60	14,38	14,14	13,86	13,54	13,21	13,18	0
05/05/2020 03:45:00	13,28	14,02	14,29	14,43	14,54	14,60	14,51	14,37	14,18	13,98	13,77	13,52	13,27	13,22	0
05/05/2020 03:50:00	13,31	13,85	14,13	14,32	14,51	14,64	14,64	14,57	14,42	14,27	14,10	13,89	13,69	13,07	0
05/05/2020 03:55:00	13,08	13,66	13,95	14,17	14,27	14,32	14,29	14,19	14,00	13,80	13,58	13,32	13,06	13,13	0
05/05/2020 04:00:00	13,12	13,73	14,00	14,27	14,48	14,55	14,51	14,42	14,25	14,08	13,87	13,62	13,36	13,15	0
05/05/2020 04:05:00	13,19	13,76	14,04	14,26	14,38	14,43	14,41	14,32	14,13	13,95	13,73	13,48	13,23	13,18	0
05/05/2020 04:10:00	13,23	13,79	13,99	14,18	14,27	14,33	14,28	14,17	13,99	13,81	13,60	13,36	13,12	13,27	0
05/05/2020 04:15:00	13,15	13,78	13,99	14,14	14,35	14,45	14,41	14,32	14,16	14,01	13,85	13,65	13,44	13,20	0
05/05/2020 04:20:00	13,25	13,81	14,04	14,28	14,53	14,70	14,65	14,56	14,42	14,28	14,11	13,90	13,69	13,17	0
05/05/2020 04:25:00	13,09	13,78	14,05	14,37	14,55	14,61	14,54	14,42	14,24	14,05	13,82	13,54	13,26	13,14	0
05/05/2020 04:30:00	12,98	13,66	13,93	14,28	14,54	14,64	14,67	14,62	14,47	14,33	14,15	13,93	13,70	12,99	0
05/05/2020 04:35:00	13,00	14,00	14,26	14,46	14,71	14,85	14,84	14,77	14,63	14,50	14,37	14,20	14,02	13,09	0
05/05/2020 04:40:00	13,05	14,02	14,29	14,43	14,51	14,54	14,43	14,28	14,07	13,87	13,65	13,40	13,14	13,22	0
05/05/2020 04:45:00	13,00	14,12	14,46	14,71	14,97	15,06	14,95	14,81	14,63	14,44	14,23	13,97	13,72	13,01	0
05/05/2020 04:50:00	13,11	13,91	14,20	14,53	14,78	14,98	14,94	14,86	14,72	14,57	14,40	14,18	13,97	12,99	0
05/05/2020 04:55:00	12,92	13,73	14,10	14,54	14,75	14,94	14,92	14,85	14,70	14,54	14,34	14,09	13,84	12,87	0
05/05/2020 05:00:00	12,81	13,35	13,72	14,24	14,61	14,89	15,00	15,03	14,95	14,86	14,73	14,54	14,36	12,70	0
05/05/2020 05:05:00	12,67	13,28	13,67	14,05	14,30	14,45	14,36	14,25	14,08	13,89	13,65	13,36	13,08	12,67	0
05/05/2020 05:10:00	12,72	13,37	13,68	14,06	14,26	14,49	14,48	14,42	14,28	14,14	13,97	13,76	13,55	12,69	0
05/05/2020 05:15:00	12,66	13,29	13,64	13,95	14,20	14,41	14,37	14,29	14,15	14,00	13,82	13,60	13,38	12,73	0
05/05/2020 05:20:00	12,61	13,12	13,48	13,94	14,36	14,60	14,62	14,60	14,50	14,39	14,23	14,02	13,80	12,64	0
05/05/2020 05:25:00	12,58	13,05	13,46	13,93	14,34	14,58	14,65	14,64	14,55	14,44	14,28	14,07	13,86	12,56	0
05/05/2020 05:30:00	12,58	13,13	13,51	13,88	14,16	14,43	14,51	14,51	14,40	14,30	14,17	13,99	13,82	12,59	0
05/05/2020 05:35:00	12,68	13,23	13,57	13,94	14,17	14,43	14,41	14,34	14,21	14,08	13,91	13,69	13,47	12,64	0
05/05/2020 05:40:00	12,74	13,20	13,47	13,80	14,08	14,34	14,39	14,37	14,27	14,17	14,06	13,89	13,73	12,68	0
05/05/2020 05:45:00	12,71	13,18	13,45	13,87	14,17	14,44	14,51	14,51	14,42	14,33	14,21	14,04	13,87	12,72	0
05/05/2020 05:50:00	12,82	13,26	13,49	13,98	14,31	14,56	14,64	14,65	14,57	14,48	14,36	14,18	14,00	12,80	0
05/05/2020 05:55:00	12,81	13,42	13,72	14,07	14,38	14,52	14,53	14,48	14,35	14,20	14,03	13,81	13,58	12,89	0
05/05/2020 06:00:00	12,86	13,42	13,73	14,07	14,37	14,57	14,64	14,63	14,52	14,41	14,27	14,10	13,92	12,90	0
05/05/2020 06:05:00	12,94	13,40	13,71	14,10	14,36	14,60	14,68	14,67	14,56	14,45	14,31	14,13	13,94	12,92	0
05/05/2020 06:10:00	13,05	13,62	13,86	14,21	14,45	14,64	14,60	14,53	14,39	14,25	14,08	13,85	13,63	13,05	0
05/05/2020 06:15:00	13,13	13,53	13,72	14,04	14,25	14,42	14,46	14,43	14,31	14,18	14,04	13,85	13,65	13,10	0
05/05/2020 06:20:00	13,20	13,52	13,71	14,02	14,26	14,44	14,49	14,47	14,36	14,25	14,11	13,93	13,75	13,23	0
05/05/2020 06:25:00	13,37	13,56	13,67	13,95	14,21	14,41	14,43	14,40	14,30	14,20	14,08	13,90	13,73	13,39	0
05/05/2020 06:30:00	13,46	13,57	13,53	13,66	13,82	13,99	14,02	13,99	13,88	13,79	13,71	13,58	13,45	13,44	0
05/05/2020 06:35:00	13,36	13,61	13,64	13,80	14,03	14,11	14,13	14,09	13,97	13,86	13,74	13,57	13,41	13,47	0
05/05/2020 06:40:00	13,32	13,60	13,66	13,79	13,86	14,05	14,01	13,93	13,79	13,66	13,53	13,37	13,20	13,56	0
05/05/2020 06:45:00	13,50	13,79	13,83	13,95	14,12	14,27	14,26	14,21	14,08	13,97	13,85	13,69	13,54	13,49	0
05/05/2020 06:50:00	13,58	13,84	13,88	14,01	14,20	14,36	14,39	14,36	14,24	14,14	14,05	13,91	13,77	13,54	0
05/05/2020 06:55:00	13,55	13,83	13,89	14,12	14,29	14,44	14,45	14,40	14,28	14,16	14,02	13,84	13,67	13,57	0
05/05/2020 07:00:00	13,39	13,82	13,89	14,15	14,36	14,60	14,62	14,59	14,49	14,41	14,31	14,17	14,04	13,49	0
05/05/2020 07:05:00	13,43	13,85	13,90	14,12	14,42	14,59	14,62	14,59	14,49	14,41	14,31	14,18	14,04	13,45	0
05/05/2020 07:10:00	13,45	13,77	13,77	13,98	14,26	14,44	14,48	14,46	14,38	14,30	14,22	14,10	13,98	13,42	0
05/05/2020 07:15:00	13,42	13,71	13,61	13,73	13,94	14,19	14,29	14,31	14,25	14,23	14,23	14,19	14,15	13,49	0
05/05/2020 07:20:00	13,45	13,60	13,52	13,66	13,89	14,13	14,16	14,15	14,07	14,01	13,97	13,87	13,78	13,29	0
05/05/2020 07:25:00	13,51	13,62	13,54	13,72	13,97	14,31	14,37	14,38	14,33	14,30	14,29	14,23	14,17	13,45	0
05/05/2020 07:30:00	13,59	13,64	13,48	13,62	13,88	14,02	14,10	14,12	14,04	14,00	13,96	13,88	13,80	13,40	0
05/05/2020 07:35:00	13,66	13,67	13,49	13,57	13,80	14,01	14,11	14,14	14,08	14,06	14,06	14,02	13,98	13,66	0
05/05/2020 07:40:00	13,74	13,73	13,68	14,02	14,39	14,76	14,85	14,89	14,87	14,86	14,84	14,76	14,68	13,53	0
05/05/2020 07:45:00	13,79	13,57	13,32	13,33	13,57	13,84	13,89	13,90	13,86	13,85	13,87	13,85	13,82	13,55	0
05/05/2020 07:50:00	13,83	13,64	13,30	13,24	13,38	13,55	13,57	13,56	13,48	13,45	13,45	13,41	13,36	13,59	0
05/05/2020 07:55:00	14,00	13,70	13,34	13,23	13,26	13,37	13,35	13,29	13,18	13,10	13,06	12,97	12,89	13,54	0
05/05/2020 08:00:00	13,81	13,44	13,04	12,95	12,94	12,97	12,97	12,92	12,80	12,72	12,65	12,56	12,47	13,67	0
05/05/2020 08:05:00	13,71	13,40	13,03	13,07	13,17	13,27	13,25	13,20	13,11	13,04	12,98	12,87	12,77	13,75	0
05/05/2020 08:10:00	13,77	13,47	13,06	13,03	13,12	13,27	13,30	13,28	13,21	13,18	13,17	13,13	13,09	13,65	0
05/05/2020 08:15:00	13,85	13,30	12,83	12,75	12,84	13,03	13,06	13,06	13,01	12,99	13,02	13,00	12,98	13,82	0
05/05/2020 08:20:00	14,12	13,47	12,95	12,84	12,91	13,05	13,05	13,03	12,96	12,93	12,93	12,88	12,84	14,10	0
05/05/2020 08:25:00	14,28	13,53	12,97	12,90	12,99	13,16	13,19	13,20	13,15	13,14	13,15	13,13	13,10	14,43	0
05/05/2020 08:30:00	14,83	13,72	12,98	12,88	12,92	13,04	13,09	13,11	13,08	13,08	13,10	13,09	13,07	14,84	0
05/05/2020 08:35:00	16,47	14,03	12,63	12,36	12,42	12,49	12,53	12,58	12,62	12,69	12,79	12,83	12,88	15,05	0
05/05/2020 08:40:00	15,72	14,16	13,18	12,99	13,07	13,17	13,25	13,30	13,30	13,34	13,42	13,45	13,48	15,23	0
05/05/2020 08:45:00	16,19	14,36	13,22	12,93	12,85	12,94	12,95	12,95	12,94	12,96	13,03	13,04	13,06	15,98	0
05/05/2020 08:50:00	15,38	14,58	13,96	13,86	13,92	13,95	13,80	13,69	13,58	13,47	13,37	13,21	13,06	16,54	0
05/05/2020 08:55:00	15,93	14,72	13,82	13,54	13,51	13,53	13,53	13,51	13,46	13,44	13,46	13,44	13,42	16,51	0
05/05/2020 09:00:00	15,81	14,83	14,06	13,86	13,81	13,76	13,68	13,60	13,49	13,41	13,34	13,22	13,11	16,62	0
05/05/2020 09:05:00	15,32	14,91	14,23	13,98	13,86	13,81	13,70	13,58	13,44	13,34	13,27	13,17	13,07	16,39	0
05/05/2020 09:10:00	15,35	14,94	14,32	14,06	13,94	13,87	13,72	13,58	13,42	13,29	13,19	13,05	12,92	16,47	0
05/05/2020 09:15:00	15,37	15,01	14,43	14,22	14,08	14,01	13,85	13,70	13,54	13,40	13,28	13,13	12,98	16,15	0
05/05/2020 09:20:00	15,29	15,03	14,45	14,17	14,09	13,99	13,88	13,75	13,59	13,48	13,39	13,27	13,15	16,38	0
05/05/2020 09:25:00	15,68	14,96	14,29	13,98	13,82	13,85	13,75	13,64	13,52	13,43	13,37	13,29	13,20	16,09	0
05/05/2020 09:30:00	15,29	14,99	14,44	14,20	14,02	13,89	13,75	13,59	13,41	13,25	13,12	12,95	12,79	16,03	0
05/05/2020 09:35:00	15,22	14,98	14,45	14,22	14,09	14,00	13,83	13,66	13,49	13,34	13,20	13,03	12,87	15,85	0
05/05/2020 09:40:00	14,85	15,07	14,64	14,49	14,41	14,28	14,13	13,96	13,77	13,61	13,47	13,29	13,12	15,89	0
05/05/2020 09:45:00	14,68	15,08	14,80	14,67	14,55	14,38	14,13	13,89	13,65	13,42	13,18	12,92	12,66	15,92	0
05/05/2020 09:50:00	14,51	15,09	14,90	14,76	14,66	14,51	14,28	14,05	13,81	13,59	13,36	13,12	12,87	16,04	0
05/05/2020 09:55:00	14,88	14,98	14,70	14,58	14,52	14,49	14,29	14,11	13,92	13,74	13,56	13,35	13,13	15,81	0
05/05/2020 10:00:00	15,44	15,36	14,93	14,71	14,61	14,48	14,31	14,14	13,95	13,78	13,61	13,42	13,22	16,00	0
05/05/2020 10:05:00	15,93	15,57	15,06	14,90	14,82	14,81	14,73	14,63	14,49	14,37	14,27	14,14	14,00	15,98	0
05/05/2020 10:10:00	15,99	15,61	15,07	14,83	14,79	14,71	14,62	14,50	14,36	14,24	14,15	14,02	13,88	16,16	0
05/05/2020 10:15:00	16,37	15,56	14,88	14,61	14,51	14,49	14,39	14,30	14,18	14,08	14,01	13,89	13,78	16,06	0
05/05/2020 10:20:00	16,05	15,54	15,02	14,89	14,92	14,91	14,82	14,73	14,61	14,51	14,41	14,27	14,12	16,09	0
05/05/2020 10:25:00	15,64	15,60	15,15	15,01	14,98	14,95	14,84	14,72	14,57	14,45	14,34	14,20	14,06	15,60	0
05/05/2020 10:30:00	15,79	15,55	15,14	15,16	15,29	15,33	15,27	15,20	15,10	15,00	14,90	14,75	14,60	15,56	0
05/05/2020 10:35:00	16,27	15,59	14,99	14,85	14,76	14,75	14,64	14,53	14,40	14,28	14,16	14,00	13,84	15,64	0
05/05/2020 10:40:00	16,54	15,57	14,85	14,59	14,55	14,58	14,54	14,49	14,40	14,35	14,31	14,24	14,17	15,83	0
05/05/2020 10:45:00	16,59	15,69	14,90	14,51	14,41	14,44	14,39	14,32	14,23	14,18	14,18	14,15	14,12	16,07	0
05/05/2020 10:50:00	16,91	15,76	14,90	14,62	14,60	14,64	14,58	14,53	14,46	14,42	14,41	14,35	14,29	16,22	0
05/05/2020 10:55:00	17,87	15,82	14,65	14,32	14,22	14,31	14,34	14,36	14,35	14,37	14,42	14,43	14,43	16,87	0
05/05/2020 11:00:00	17,71	15,88	14,84	14,49	14,37	14,36	14,31	14,27	14,21	14,16	14,14	14,07	14,00	17,33	0
05/05/2020 11:05:00	17,57	16,18	15,15	14,75	14,55	14,42	14,30	14,20	14,09	14,01	13,95	13,85	13,76	17,08	0
05/05/2020 11:10:00	19,00	16,53	15,04	14,50	14,21	14,13	14,06	14,01	13,97	13,96	13,98	13,97	13,95	17,83	0
05/05/2020 11:15:00	19,07	16,79	15,32	14,81	14,52	14,42	14,35	14,29	14,24	14,22	14,23	14,20	14,17	18,37	0
05/05/2020 11:20:00	18,90	17,06	15,75	15,32	15,03	14,85	14,67	14,53	14,41	14,31	14,21	14,07	13,93	17,91	0
05/05/2020 11:25:00	19,17	17,31	15,92	15,41	15,10	14,88	14,68	14,53	14,41	14,31	14,22	14,10	13,97	18,94	0
05/05/2020 11:30:00	20,06	17,76	16,06	15,43	15,03	14,78	14,53	14,36	14,24	14,15	14,07	13,96	13,84	19,52	1
05/05/2020 11:35:00	20,33	17,71	16,16	15,58	15,26	15,13	14,97	14,88	14,79	14,73	14,67	14,57	14,46	19,93	1
05/05/2020 11:40:00	20,01	17,90	16,52	15,99	15,64	15,35	15,09	14,90	14,74	14,59	14,43	14,22	14,01	19,11	0
05/05/2020 11:45:00	20,36	18,42	16,88	16,14	15,68	15,32	15,04	14,83	14,65	14,51	14,40	14,25	14,10	20,00	1
05/05/2020 11:50:00	20,61	18,60	17,07	16,42	15,97	15,72	15,44	15,24	15,08	14,94	14,81	14,65	14,48	19,59	1
05/05/2020 11:55:00	20,45	18,71	17,25	16,68	16,25	15,94	15,60	15,36	15,16	14,98	14,79	14,56	14,33	20,60	0
05/05/2020 12:00:00	20,66	18,90	17,38	16,66	16,10	15,68	15,36	15,11	14,91	14,73	14,58	14,40	14,21	20,12	1
05/05/2020 12:05:00	20,41	18,84	17,65	17,03	16,53	16,14	15,78	15,50	15,25	15,01	14,76	14,47	14,18	20,77	0
05/05/2020 12:10:00	20,65	19,33	17,85	17,19	16,65	16,20	15,86	15,59	15,37	15,18	15,00	14,80	14,60	20,91	0
05/05/2020 12:15:00	20,55	19,14	17,87	17,22	16,74	16,33	15,99	15,71	15,48	15,26	15,04	14,80	14,55	21,22	0
05/05/2020 12:20:00	21,09	19,48	18,11	17,48	16,99	16,63	16,28	16,01	15,79	15,58	15,37	15,11	14,86	21,61	0
05/05/2020 12:25:00	20,79	19,64	18,40	17,70	17,15	16,68	16,30	15,98	15,71	15,46	15,21	14,94	14,67	21,38	0
05/05/2020 12:30:00	21,05	19,76	18,50	17,71	17,13	16,63	16,18	15,81	15,52	15,24	14,95	14,65	14,34	20,79	0
05/05/2020 12:35:00	20,99	19,76	18,74	18,18	17,68	17,24	16,86	16,54	16,26	15,98	15,67	15,32	14,97	21,00	0
05/05/2020 12:40:00	20,87	19,57	18,65	18,10	17,66	17,24	16,83	16,50	16,21	15,90	15,55	15,16	14,76	21,81	0
05/05/2020 12:45:00	20,24	19,91	19,15	18,60	18,01	17,51	17,05	16,65	16,29	15,94	15,55	15,14	14,73	21,37	0
05/05/2020 12:50:00	20,62	20,14	19,28	18,71	18,14	17,68	17,26	16,90	16,58	16,25	15,91	15,55	15,19	21,41	0
05/05/2020 12:55:00	21,17	20,44	19,45	18,78	18,19	17,70	17,22	16,82	16,48	16,13	15,76	15,37	14,98	21,96	0
05/05/2020 13:00:00	19,99	20,51	19,83	19,24	18,61	18,03	17,48	16,99	16,56	16,14	15,69	15,23	14,77	22,22	0
05/05/2020 13:05:00	19,63	20,73	20,06	19,52	18,92	18,28	17,71	17,20	16,77	16,35	15,91	15,47	15,03	21,70	0
05/05/2020 13:10:00	19,61	21,22	20,37	19,80	19,07	18,34	17,69	17,12	16,66	16,23	15,80	15,36	14,93	21,63	0
05/05/2020 13:15:00	19,68	21,20	20,34	19,80	19,11	18,41	17,80	17,27	16,83	16,42	16,02	15,61	15,20	21,72	0
05/05/2020 13:20:00	20,00	21,58	20,71	20,10	19,40	18,63	17,94	17,35	16,88	16,44	15,99	15,54	15,09	21,86	0
05/05/2020 13:25:00	20,42	21,09	20,36	19,88	19,30	18,66	18,07	17,57	17,15	16,73	16,27	15,79	15,31	22,16	0
05/05/2020 13:30:00	20,46	21,10	20,38	19,85	19,21	18,55	17,97	17,47	17,04	16,61	16,14	15,67	15,19	22,08	0
05/05/2020 13:35:00	19,26	20,93	20,65	20,26	19,71	19,05	18,42	17,86	17,38	16,89	16,34	15,79	15,24	21,77	0
05/05/2020 13:40:00	19,51	20,87	20,67	20,29	19,77	19,19	18,62	18,10	17,64	17,17	16,64	16,10	15,56	21,89	0
05/05/2020 13:45:00	19,61	20,90	20,65	20,23	19,71	19,14	18,54	18,00	17,54	17,06	16,52	15,97	15,42	21,84	0
05/05/2020 13:50:00	19,47	21,42	21,28	20,29	18,98	17,81	16,89	16,05	15,30	14,55	13,77	13,04	12,30	21,72	0
05/05/2020 13:55:00	17,22	17,60	17,52	17,29	17,11	17,01	16,86	16,67	16,43	16,22	15,99	15,75	15,50	19,17	0
05/05/2020 14:00:00	16,19	16,53	16,74	16,55	16,40	16,30	16,12	15,91	15,64	15,37	15,07	14,75	14,43	17,10	0
05/05/2020 14:05:00	15,38	15,99	16,39	16,47	16,44	16,31	16,11	15,87	15,59	15,27	14,89	14,47	14,05	16,31	0
05/05/2020 14:10:00	15,21	15,99	16,61	16,86	17,00	16,96	16,83	16,66	16,40	16,10	15,73	15,31	14,89	16,28	0
05/05/2020 14:15:00	15,28	16,15	16,90	17,20	17,45	17,55	17,41	17,24	17,01	16,74	16,37	15,96	15,54	16,36	0
05/05/2020 14:20:00	15,46	16,38	17,16	17,49	17,64	17,69	17,61	17,45	17,21	16,91	16,53	16,11	15,69	16,05	0
05/05/2020 14:25:00	15,66	16,39	17,15	17,41	17,54	17,57	17,40	17,19	16,93	16,60	16,18	15,71	15,25	16,27	0
05/05/2020 14:30:00	15,66	16,22	17,00	17,33	17,56	17,59	17,46	17,29	17,04	16,73	16,31	15,84	15,37	15,95	0
05/05/2020 14:35:00	16,01	16,28	16,81	17,07	17,24	17,30	17,20	17,05	16,84	16,58	16,23	15,82	15,42	15,90	0
05/05/2020 14:40:00	16,29	16,05	16,34	16,56	16,75	16,82	16,73	16,61	16,43	16,20	15,89	15,53	15,16	15,87	0
05/05/2020 14:45:00	16,64	16,25	16,34	16,46	16,60	16,64	16,54	16,42	16,26	16,05	15,78	15,46	15,13	16,15	0
05/05/2020 14:50:00	16,97	16,42	16,52	16,74	16,86	16,90	16,79	16,67	16,50	16,27	15,96	15,58	15,20	16,40	0
05/05/2020 14:55:00	17,13	16,82	16,93	17,00	16,98	16,95	16,83	16,69	16,49	16,25	15,94	15,59	15,23	16,82	0
05/05/2020 15:00:00	17,30	17,04	17,09	17,11	16,98	16,85	16,67	16,47	16,22	15,94	15,58	15,18	14,78	17,16	0
05/05/2020 15:05:00	17,48	17,18	17,14	17,15	17,16	17,11	16,91	16,72	16,51	16,26	15,94	15,57	15,20	17,57	0
05/05/2020 15:10:00	17,39	17,33	17,28	17,28	17,25	17,10	16,79	16,52	16,26	15,95	15,56	15,12	14,68	17,76	0
05/05/2020 15:15:00	17,17	17,46	17,49	17,48	17,33	17,06	16,77	16,48	16,17	15,83	15,41	14,96	14,51	17,97	0
05/05/2020 15:20:00	17,03	17,60	17,60	17,58	17,44	17,22	16,86	16,54	16,23	15,88	15,47	15,02	14,56	18,08	0
05/05/2020 15:25:00	17,20	17,69	17,65	17,63	17,56	17,34	17,00	16,69	16,39	16,07	15,67	15,23	14,80	18,19	0
05/05/2020 15:30:00	17,52	17,96	18,01	17,94	17,78	17,53	17,13	16,77	16,43	16,05	15,59	15,09	14,59	18,41	0
05/05/2020 15:35:00	17,63	18,41	18,52	18,28	17,89	17,51	17,08	16,67	16,27	15,84	15,35	14,84	14,32	18,51	0
05/05/2020 15:40:00	17,63	18,85	18,91	18,71	18,36	17,84	17,29	16,80	16,35	15,86	15,30	14,71	14,12	19,09	0
05/05/2020 15:45:00	17,35	19,02	19,20	18,89	18,42	17,84	17,21	16,63	16,12	15,58	14,96	14,33	13,70	19,39	0
05/05/2020 15:50:00	17,14	18,79	18,85	18,53	18,01	17,44	16,88	16,35	15,86	15,36	14,81	14,26	13,71	19,26	0
05/05/2020 15:55:00	16,53	17,80	18,05	17,83	17,45	17,02	16,57	16,12	15,69	15,23	14,72	14,19	13,66	18,81	0
05/05/2020 16:00:00	16,37	17,73	17,87	17,66	17,27	16,79	16,30	15,83	15,39	14,93	14,41	13,88	13,35	18,43	0
05/05/2020 16:05:00	16,30	17,61	17,74	17,56	17,21	16,76	16,30	15,86	15,44	14,99	14,49	13,98	13,47	18,09	0
05/05/2020 16:10:00	16,60	17,69	17,68	17,45	17,17	16,85	16,47	16,10	15,74	15,39	15,00	14,59	14,19	18,09	0
05/05/2020 16:15:00	16,62	17,68	17,71	17,48	17,23	16,96	16,61	16,27	15,93	15,60	15,23	14,85	14,47	17,99	0
05/05/2020 16:20:00	16,87	17,98	18,02	17,87	17,54	17,13	16,72	16,33	15,94	15,54	15,08	14,60	14,12	17,94	0
05/05/2020 16:25:00	17,31	18,07	17,91	17,68	17,36	17,02	16,61	16,24	15,89	15,53	15,13	14,70	14,28	18,26	0
05/05/2020 16:30:00	17,54	18,12	17,92	17,68	17,36	17,04	16,65	16,29	15,95	15,60	15,21	14,79	14,38	18,39	0
05/05/2020 16:35:00	18,87	18,31	17,64	17,29	16,99	16,69	16,37	16,09	15,83	15,57	15,27	14,94	14,61	18,72	0
05/05/2020 16:40:00	18,68	18,59	17,98	17,63	17,30	16,94	16,54	16,19	15,89	15,58	15,23	14,86	14,48	19,22	0
05/05/2020 16:45:00	18,53	18,80	18,19	17,78	17,38	16,97	16,57	16,21	15,88	15,57	15,24	14,89	14,54	19,26	0
05/05/2020 16:50:00	19,41	18,82	18,08	17,69	17,34	16,96	16,57	16,25	15,96	15,66	15,32	14,94	14,57	19,66	0
05/05/2020 16:55:00	19,58	19,01	18,19	17,71	17,31	16,99	16,62	16,31	16,05	15,78	15,49	15,18	14,87	19,97	0
05/05/2020 17:00:00	19,47	19,12	18,39	18,02	17,66	17,29	16,91	16,59	16,30	16,01	15,68	15,32	14,96	19,91	0
05/05/2020 17:05:00	19,66	19,36	18,54	18,08	17,63	17,21	16,81	16,46	16,16	15,85	15,53	15,18	14,83	19,84	0
05/05/2020 17:10:00	20,24	19,50	18,63	18,18	17,72	17,29	16,83	16,46	16,14	15,80	15,41	14,99	14,57	20,37	0
05/05/2020 17:15:00	19,02	19,54	19,08	18,70	18,26	17,77	17,28	16,84	16,46	16,07	15,64	15,18	14,73	20,13	0
05/05/2020 17:20:00	18,63	19,61	19,31	18,93	18,47	17,97	17,45	16,99	16,58	16,16	15,70	15,23	14,76	19,86	0
05/05/2020 17:25:00	18,53	19,62	19,43	19,10	18,65	18,11	17,57	17,09	16,66	16,20	15,69	15,17	14,65	19,99	0
05/05/2020 17:30:00	18,47	19,65	19,51	19,20	18,77	18,27	17,73	17,24	16,80	16,35	15,84	15,31	14,78	19,99	0
05/05/2020 17:35:00	18,64	20,08	20,05	19,74	19,27	18,75	18,17	17,65	17,18	16,70	16,14	15,57	15,01	19,94	0
05/05/2020 17:40:00	18,75	20,52	20,61	20,30	19,77	19,15	18,53	17,97	17,46	16,92	16,30	15,68	15,06	20,00	0
05/05/2020 17:45:00	18,92	20,79	20,94	20,61	20,11	19,52	18,92	18,36	17,85	17,31	16,71	16,09	15,48	20,03	0
05/05/2020 17:50:00	19,11	21,09	21,21	20,90	20,41	19,84	19,22	18,65	18,14	17,61	17,01	16,39	15,78	20,01	0
05/05/2020 17:55:00	19,04	21,07	21,22	20,94	20,47	19,88	19,26	18,69	18,18	17,64	17,02	16,39	15,77	20,06	0
05/05/2020 18:00:00	19,03	21,02	21,25	20,98	20,48	19,88	19,27	18,69	18,17	17,62	16,98	16,33	15,69	19,92	0
05/05/2020 18:05:00	19,53	21,01	21,00	20,69	20,24	19,72	19,15	18,64	18,18	17,70	17,14	16,57	16,00	20,04	0
05/05/2020 18:10:00	19,16	21,22	21,38	21,08	20,55	19,97	19,33	18,74	18,22	17,67	17,04	16,41	15,77	20,21	0
05/05/2020 18:15:00	19,51	21,44	21,56	21,28	20,81	20,24	19,65	19,10	18,61	18,08	17,48	16,87	16,26	20,25	0
05/05/2020 18:20:00	20,12	21,84	21,80	21,48	20,98	20,41	19,82	19,28	18,81	18,30	17,73	17,14	16,55	20,18	0
05/05/2020 18:25:00	20,29	21,92	21,84	21,53	21,09	20,54	19,98	19,48	19,02	18,55	18,00	17,44	16,89	20,69	0
05/05/2020 18:30:00	20,66	22,46	22,34	22,01	21,48	20,91	20,35	19,83	19,36	18,88	18,34	17,78	17,23	20,66	0
05/05/2020 18:35:00	21,03	22,58	22,38	22,02	21,52	20,93	20,34	19,81	19,34	18,86	18,30	17,72	17,15	20,92	0
05/05/2020 18:40:00	21,19	22,69	22,53	22,16	21,65	21,06	20,46	19,92	19,44	18,94	18,37	17,78	17,19	21,16	0
05/05/2020 18:45:00	20,90	22,65	22,63	22,26	21,76	21,14	20,53	19,97	19,48	18,96	18,37	17,76	17,16	21,12	0
05/05/2020 18:50:00	20,60	22,60	22,66	22,33	21,84	21,22	20,61	20,04	19,54	19,01	18,39	17,77	17,15	20,76	0
05/05/2020 18:55:00	20,51	22,44	22,56	22,25	21,77	21,21	20,61	20,06	19,56	19,04	18,43	17,81	17,19	20,66	0
05/05/2020 19:00:00	20,33	22,33	22,51	22,22	21,77	21,19	20,58	20,01	19,51	18,96	18,33	17,69	17,05	20,32	0
05/05/2020 19:05:00	20,35	22,26	22,46	22,20	21,74	21,14	20,58	20,04	19,55	19,02	18,40	17,77	17,15	20,43	0
05/05/2020 19:10:00	20,25	22,32	22,49	22,16	21,65	21,04	20,44	19,88	19,37	18,83	18,21	17,59	16,97	20,40	0
05/05/2020 19:15:00	20,26	22,08	22,28	22,00	21,54	21,00	20,46	19,94	19,46	18,95	18,36	17,76	17,16	20,07	0
05/05/2020 19:20:00	20,12	22,01	22,24	21,96	21,54	21,03	20,47	19,94	19,46	18,95	18,36	17,75	17,14	20,07	0
05/05/2020 19:25:00	20,06	21,89	22,15	21,89	21,48	21,00	20,46	19,95	19,48	18,97	18,38	17,78	17,18	20,01	0
05/05/2020 19:30:00	19,84	21,86	22,14	21,89	21,41	20,89	20,35	19,83	19,33	18,81	18,21	17,60	16,99	19,92	0
05/05/2020 19:35:00	19,76	21,80	22,10	21,93	21,55	21,05	20,52	20,01	19,54	19,02	18,42	17,81	17,19	19,93	0
05/05/2020 19:40:00	19,76	21,68	21,89	21,69	21,34	20,83	20,29	19,78	19,31	18,81	18,23	17,62	17,02	19,85	0
05/05/2020 19:45:00	19,65	21,81	22,06	21,81	21,33	20,79	20,25	19,73	19,23	18,72	18,13	17,54	16,94	19,82	0
05/05/2020 19:50:00	19,56	21,68	22,00	21,73	21,34	20,85	20,31	19,79	19,31	18,81	18,23	17,64	17,05	19,69	0
05/05/2020 19:55:00	18,87	21,71	22,20	22,00	21,57	21,01	20,42	19,85	19,32	18,76	18,12	17,48	16,84	19,47	0
05/05/2020 20:00:00	19,35	21,94	22,46	22,27	21,87	21,34	20,75	20,19	19,66	19,10	18,44	17,78	17,12	19,48	0
05/05/2020 20:05:00	18,50	21,98	22,70	22,57	22,11	21,53	20,92	20,31	19,73	19,13	18,44	17,75	17,07	19,17	0
05/05/2020 20:10:00	18,05	22,04	22,86	22,75	22,28	21,63	20,96	20,31	19,70	19,06	18,33	17,61	16,89	18,96	0
05/05/2020 20:15:00	18,51	22,22	22,96	22,83	22,38	21,81	21,17	20,55	19,97	19,37	18,69	18,01	17,33	18,79	0
05/05/2020 20:20:00	18,91	21,91	22,75	22,71	22,38	21,89	21,33	20,77	20,22	19,63	18,92	18,20	17,48	18,53	0
05/05/2020 20:25:00	18,43	22,02	22,87	22,79	22,42	21,89	21,27	20,66	20,09	19,49	18,79	18,09	17,38	18,57	0
05/05/2020 20:30:00	18,57	21,88	22,79	22,75	22,42	21,96	21,39	20,83	20,28	19,70	19,01	18,31	17,62	18,38	0
05/05/2020 20:35:00	18,43	21,48	22,45	22,43	22,10	21,61	21,05	20,49	19,94	19,33	18,61	17,88	17,16	18,27	0
05/05/2020 20:40:00	18,25	21,14	22,12	22,13	21,80	21,34	20,76	20,20	19,64	19,03	18,28	17,53	16,78	18,26	0
05/05/2020 20:45:00	18,62	21,34	22,04	21,96	21,54	21,00	20,43	19,86	19,31	18,72	18,02	17,31	16,60	18,73	0
05/05/2020 20:50:00	19,12	21,56	21,99	21,79	21,35	20,81	20,23	19,66	19,14	18,59	17,94	17,29	16,64	18,94	0
05/05/2020 20:55:00	18,99	21,39	21,83	21,72	21,37	20,88	20,33	19,81	19,32	18,79	18,18	17,55	16,92	18,98	0
05/05/2020 21:00:00	18,35	21,37	21,93	21,82	21,36	20,76	20,18	19,61	19,05	18,47	17,81	17,14	16,48	18,84	0
05/05/2020 21:05:00	18,42	21,25	21,68	21,44	21,02	20,48	19,88	19,31	18,79	18,25	17,64	17,04	16,43	18,65	0
05/05/2020 21:10:00	18,50	20,94	21,22	20,98	20,56	20,08	19,56	19,06	18,59	18,10	17,57	17,03	16,50	18,62	0
05/05/2020 21:15:00	18,46	20,71	21,06	20,95	20,72	20,36	19,89	19,43	19,01	18,56	18,04	17,51	16,98	18,36	0
05/05/2020 21:20:00	18,22	20,61	21,01	20,95	20,67	20,27	19,81	19,36	18,92	18,45	17,92	17,38	16,84	18,04	0
05/05/2020 21:25:00	17,90	20,59	21,02	20,95	20,67	20,25	19,78	19,31	18,86	18,39	17,86	17,33	16,79	17,96	0
05/05/2020 21:30:00	18,14	20,41	20,75	20,74	20,45	20,04	19,61	19,17	18,74	18,29	17,76	17,22	16,68	18,02	0
05/05/2020 21:35:00	18,40	20,26	20,55	20,46	20,20	19,86	19,44	19,02	18,62	18,19	17,70	17,19	16,68	17,75	0
05/05/2020 21:40:00	18,23	19,94	20,20	20,08	19,77	19,37	18,94	18,51	18,10	17,65	17,14	16,62	16,09	17,76	0
05/05/2020 21:45:00	17,79	19,59	19,84	19,68	19,34	18,90	18,42	17,96	17,52	17,06	16,54	16,00	15,46	17,76	0
05/05/2020 21:50:00	17,72	19,35	19,53	19,36	19,00	18,51	18,05	17,60	17,16	16,70	16,18	15,65	15,11	17,66	0
05/05/2020 21:55:00	17,73	19,17	19,25	18,97	18,52	18,01	17,53	17,07	16,62	16,17	15,66	15,14	14,62	17,77	0
05/05/2020 22:00:00	16,61	17,12	17,35	17,28	17,15	17,08	16,93	16,73	16,47	16,20	15,90	15,56	15,23	17,03	0
05/05/2020 22:05:00	16,19	16,65	16,80	16,74	16,66	16,58	16,41	16,21	15,96	15,71	15,42	15,09	14,77	15,62	0
05/05/2020 22:10:00	16,07	16,52	16,74	16,68	16,57	16,49	16,34	16,15	15,90	15,64	15,35	15,02	14,70	15,34	0
05/05/2020 22:15:00	15,75	16,13	16,28	16,21	16,13	16,07	15,92	15,73	15,49	15,24	14,97	14,67	14,37	15,16	0
05/05/2020 22:20:00	15,67	16,05	16,22	16,17	16,12	16,07	15,97	15,81	15,59	15,36	15,11	14,82	14,54	14,95	0
05/05/2020 22:25:00	15,60	15,99	16,14	16,10	16,01	15,96	15,80	15,61	15,38	15,13	14,86	14,55	14,24	14,82	0
05/05/2020 22:30:00	15,25	15,65	15,80	15,77	15,63	15,57	15,46	15,29	15,05	14,81	14,55	14,26	13,97	14,76	0
05/05/2020 22:35:00	15,17	15,64	15,70	15,63	15,61	15,53	15,40	15,23	15,01	14,80	14,57	14,31	14,05	14,58	0
05/05/2020 22:40:00	14,86	15,18	15,29	15,29	15,29	15,32	15,22	15,08	14,89	14,70	14,48	14,24	13,99	14,56	0
05/05/2020 22:45:00	14,49	14,83	14,95	14,93	14,90	14,88	14,79	14,65	14,44	14,24	14,02	13,78	13,53	14,35	0
05/05/2020 22:50:00	14,29	14,68	14,87	14,92	14,98	15,01	14,94	14,81	14,62	14,43	14,22	13,97	13,72	14,31	0
05/05/2020 22:55:00	14,27	14,75	14,99	15,09	15,14	15,15	15,04	14,89	14,68	14,46	14,20	13,91	13,62	14,29	0
05/05/2020 23:00:00	14,23	14,88	15,16	15,23	15,23	15,20	15,08	14,91	14,68	14,44	14,17	13,87	13,57	14,24	0
05/05/2020 23:05:00	14,20	14,93	15,21	15,19	15,16	15,08	14,91	14,70	14,44	14,18	13,89	13,57	13,25	14,20	0
05/05/2020 23:10:00	14,16	14,85	15,18	15,24	15,24	15,17	15,02	14,83	14,58	14,31	14,01	13,68	13,35	14,20	0
05/05/2020 23:15:00	14,08	14,93	15,30	15,37	15,37	15,32	15,13	14,90	14,64	14,37	14,05	13,71	13,36	14,18	0
05/05/2020 23:20:00	14,05	15,22	15,58	15,55	15,47	15,35	15,15	14,91	14,62	14,33	14,02	13,68	13,35	14,15	0
05/05/2020 23:25:00	13,97	15,47	15,97	15,96	15,85	15,63	15,33	15,00	14,65	14,28	13,87	13,43	13,00	14,06	0
05/05/2020 23:30:00	14,02	15,46	15,94	15,95	15,85	15,64	15,41	15,13	14,79	14,45	14,07	13,67	13,27	14,24	0
05/05/2020 23:35:00	13,88	15,48	16,03	16,08	15,96	15,78	15,52	15,21	14,87	14,51	14,10	13,68	13,26	14,44	0
05/05/2020 23:40:00	13,82	15,43	16,03	16,07	15,98	15,78	15,48	15,15	14,79	14,41	13,97	13,52	13,07	14,14	0
05/05/2020 23:45:00	14,01	15,88	16,46	16,50	16,34	16,11	15,77	15,41	15,03	14,64	14,19	13,72	13,26	14,02	0
05/05/2020 23:50:00	14,13	15,63	15,97	15,94	15,78	15,57	15,21	14,85	14,49	14,13	13,73	13,30	12,88	14,00	0
05/05/2020 23:55:00	14,04	15,40	15,81	15,77	15,60	15,39	15,07	14,74	14,39	14,03	13,63	13,21	12,79	14,01	0
