FileFormat:0002.2 file with temperature of atmosphere
200
local	GMT or Local
0	GMT-Local=[hours]
0	Height[m]
0	0	0	Longitude                [grd]               [min]               [sec]
0	0	0	Latitude                [grd]               [min]               [sec]
N	NS
59,40	Freq[GHz]
0,00	dTemostat[K]
0,150	MessErr[K]
0,248	//[grad/step]
version 14.0.20110218
MTP5H033F5940K-33.00D180214+A1.1
Commentary:
enter comment
End Of Commentary

SYSTEM\alaska.dat
data time	0	50	100	150	200	250	300	350	400	450	500	550	600	OutsideTemperature	Quality
05/02/2020 00:00:00	-3,59	-3,73	-4,04	-4,48	-5,18	-6,22	-7,20	-7,95	-8,31	-8,53	-8,74	-8,89	-9,04	-3,68	0
05/02/2020 00:05:00	-3,68	-3,78	-4,04	-4,57	-5,32	-6,37	-7,40	-8,18	-8,54	-8,76	-8,94	-9,06	-9,18	-3,71	0
05/02/2020 00:10:00	-3,67	-3,79	-4,13	-4,64	-5,33	-6,34	-7,34	-8,07	-8,39	-8,59	-8,78	-8,91	-9,04	-3,73	0
05/02/2020 00:15:00	-3,71	-3,84	-4,20	-4,69	-5,42	-6,43	-7,46	-8,21	-8,52	-8,71	-8,87	-8,99	-9,10	-3,75	0
05/02/2020 00:20:00	-3,84	-3,94	-4,28	-4,85	-5,65	-6,63	-7,58	-8,28	-8,60	-8,78	-8,94	-9,03	-9,12	-3,83	0
05/02/2020 00:25:00	-3,82	-3,86	-4,19	-4,68	-5,44	-6,47	-7,50	-8,25	-8,59	-8,80	-8,98	-9,11	-9,24	-3,72	0
05/02/2020 00:30:00	-3,87	-3,87	-4,28	-4,89	-5,59	-6,53	-7,43	-8,04	-8,25	-8,37	-8,48	-8,54	-8,60	-3,81	0
05/02/2020 00:35:00	-3,86	-3,93	-4,23	-4,75	-5,44	-6,47	-7,56	-8,34	-8,66	-8,86	-9,04	-9,16	-9,28	-3,83	0
05/02/2020 00:40:00	-3,86	-3,98	-4,30	-4,74	-5,45	-6,47	-7,46	-8,20	-8,53	-8,72	-8,90	-9,01	-9,13	-3,81	0
05/02/2020 00:45:00	-3,87	-4,00	-4,24	-4,73	-5,45	-6,47	-7,50	-8,28	-8,64	-8,85	-9,04	-9,15	-9,27	-3,88	0
05/02/2020 00:50:00	-3,87	-4,00	-4,31	-4,81	-5,54	-6,55	-7,54	-8,28	-8,61	-8,80	-8,98	-9,09	-9,20	-3,85	0
05/02/2020 00:55:00	-3,79	-4,03	-4,35	-4,72	-5,37	-6,31	-7,29	-8,02	-8,33	-8,53	-8,72	-8,87	-9,01	-3,84	0
05/02/2020 01:00:00	-3,88	-4,06	-4,40	-4,89	-5,54	-6,53	-7,54	-8,27	-8,57	-8,76	-8,93	-9,06	-9,18	-3,87	0
05/02/2020 01:05:00	-3,92	-4,00	-4,30	-4,77	-5,44	-6,49	-7,52	-8,29	-8,65	-8,87	-9,08	-9,24	-9,41	-3,88	0
05/02/2020 01:10:00	-3,97	-4,06	-4,38	-4,99	-5,78	-6,75	-7,65	-8,31	-8,60	-8,76	-8,90	-8,96	-9,02	-3,94	0
05/02/2020 01:15:00	-4,00	-4,12	-4,46	-4,93	-5,61	-6,62	-7,61	-8,34	-8,67	-8,86	-9,05	-9,19	-9,33	-4,00	0
05/02/2020 01:20:00	-4,00	-4,17	-4,58	-5,14	-5,82	-6,75	-7,67	-8,33	-8,59	-8,74	-8,89	-8,99	-9,09	-3,94	0
05/02/2020 01:25:00	-4,01	-4,18	-4,62	-5,12	-5,85	-6,78	-7,68	-8,32	-8,58	-8,73	-8,86	-8,95	-9,04	-3,99	0
05/02/2020 01:30:00	-3,97	-4,20	-4,55	-5,06	-5,80	-6,72	-7,65	-8,34	-8,63	-8,80	-8,96	-9,05	-9,15	-4,04	0
05/02/2020 01:35:00	-3,99	-4,15	-4,47	-4,99	-5,72	-6,68	-7,63	-8,33	-8,64	-8,82	-8,97	-9,07	-9,16	-3,98	0
05/02/2020 01:40:00	-3,98	-4,20	-4,52	-4,97	-5,61	-6,59	-7,60	-8,35	-8,67	-8,88	-9,07	-9,22	-9,37	-3,97	0
05/02/2020 01:45:00	-4,01	-4,16	-4,50	-4,97	-5,65	-6,64	-7,59	-8,31	-8,64	-8,84	-9,03	-9,18	-9,33	-3,98	0
05/02/2020 01:50:00	-4,06	-4,29	-4,61	-5,06	-5,75	-6,70	-7,59	-8,28	-8,61	-8,81	-9,00	-9,13	-9,26	-4,01	0
05/02/2020 01:55:00	-4,08	-4,34	-4,67	-5,06	-5,65	-6,62	-7,55	-8,27	-8,60	-8,81	-9,01	-9,18	-9,35	-4,08	0
05/02/2020 02:00:00	-4,06	-4,37	-4,72	-5,17	-5,78	-6,71	-7,62	-8,30	-8,59	-8,76	-8,92	-9,04	-9,15	-4,08	0
05/02/2020 02:05:00	-4,14	-4,40	-4,77	-5,30	-5,99	-6,94	-7,81	-8,47	-8,76	-8,93	-9,09	-9,19	-9,29	-4,17	0
05/02/2020 02:10:00	-4,24	-4,53	-4,88	-5,41	-6,04	-6,98	-7,90	-8,57	-8,85	-9,00	-9,15	-9,25	-9,35	-4,20	0
05/02/2020 02:15:00	-4,27	-4,65	-4,99	-5,42	-5,99	-6,90	-7,77	-8,44	-8,74	-8,92	-9,10	-9,25	-9,39	-4,30	0
05/02/2020 02:20:00	-4,24	-4,57	-4,93	-5,35	-5,94	-6,91	-7,87	-8,60	-8,92	-9,11	-9,31	-9,47	-9,63	-4,21	0
05/02/2020 02:25:00	-4,29	-4,57	-4,85	-5,34	-6,02	-6,95	-7,90	-8,61	-8,94	-9,12	-9,29	-9,41	-9,52	-4,25	0
05/02/2020 02:30:00	-4,22	-4,50	-4,87	-5,37	-6,05	-6,96	-7,84	-8,48	-8,75	-8,90	-9,04	-9,13	-9,21	-4,19	0
05/02/2020 02:35:00	-4,22	-4,53	-4,86	-5,24	-5,85	-6,82	-7,81	-8,57	-8,90	-9,10	-9,30	-9,46	-9,61	-4,25	0
05/02/2020 02:40:00	-4,20	-4,45	-4,79	-5,18	-5,87	-6,88	-7,87	-8,62	-8,96	-9,16	-9,35	-9,48	-9,62	-4,18	0
05/02/2020 02:45:00	-4,18	-4,47	-4,82	-5,25	-5,89	-6,84	-7,78	-8,50	-8,82	-9,02	-9,21	-9,36	-9,51	-4,12	0
05/02/2020 02:50:00	-4,15	-4,43	-4,80	-5,26	-6,00	-6,98	-7,95	-8,68	-9,00	-9,19	-9,36	-9,47	-9,58	-4,19	0
05/02/2020 02:55:00	-4,20	-4,49	-4,83	-5,34	-5,97	-6,92	-7,90	-8,62	-8,92	-9,10	-9,27	-9,40	-9,52	-4,25	0
05/02/2020 03:00:00	-4,24	-4,68	-5,00	-5,43	-6,05	-6,99	-7,92	-8,63	-8,95	-9,14	-9,32	-9,44	-9,57	-4,27	0
05/02/2020 03:05:00	-4,27	-4,57	-4,97	-5,44	-6,16	-7,08	-8,00	-8,67	-8,96	-9,11	-9,26	-9,36	-9,45	-4,29	0
05/02/2020 03:10:00	-4,31	-4,69	-5,13	-5,68	-6,36	-7,26	-8,13	-8,75	-8,99	-9,12	-9,24	-9,30	-9,37	-4,34	0
05/02/2020 03:15:00	-4,36	-4,75	-5,13	-5,60	-6,25	-7,14	-8,00	-8,65	-8,94	-9,10	-9,26	-9,38	-9,49	-4,34	0
05/02/2020 03:20:00	-4,41	-4,71	-5,18	-5,73	-6,39	-7,29	-8,13	-8,72	-8,94	-9,05	-9,15	-9,21	-9,27	-4,43	0
05/02/2020 03:25:00	-4,40	-4,83	-5,23	-5,69	-6,33	-7,22	-8,09	-8,74	-9,02	-9,18	-9,33	-9,44	-9,55	-4,43	0
05/02/2020 03:30:00	-4,41	-4,93	-5,36	-5,74	-6,31	-7,11	-7,90	-8,49	-8,73	-8,86	-9,01	-9,12	-9,24	-4,40	0
05/02/2020 03:35:00	-4,42	-4,82	-5,24	-5,69	-6,31	-7,19	-8,04	-8,68	-8,94	-9,09	-9,25	-9,37	-9,49	-4,42	0
05/02/2020 03:40:00	-4,49	-4,82	-5,27	-5,79	-6,49	-7,38	-8,24	-8,84	-9,06	-9,18	-9,28	-9,32	-9,37	-4,41	0
05/02/2020 03:45:00	-4,47	-4,85	-5,38	-5,89	-6,54	-7,38	-8,19	-8,75	-8,94	-9,03	-9,13	-9,19	-9,25	-4,48	0
05/02/2020 03:50:00	-4,49	-4,97	-5,39	-5,77	-6,44	-7,30	-8,12	-8,76	-9,04	-9,21	-9,37	-9,48	-9,60	-4,44	0
05/02/2020 03:55:00	-4,51	-4,92	-5,30	-5,77	-6,40	-7,32	-8,27	-8,97	-9,25	-9,41	-9,56	-9,67	-9,77	-4,48	0
05/02/2020 04:00:00	-4,51	-5,04	-5,46	-5,90	-6,47	-7,34	-8,21	-8,85	-9,10	-9,23	-9,37	-9,46	-9,55	-4,54	0
05/02/2020 04:05:00	-4,63	-5,04	-5,44	-5,89	-6,52	-7,39	-8,27	-8,91	-9,17	-9,31	-9,45	-9,55	-9,65	-4,55	0
05/02/2020 04:10:00	-4,53	-5,00	-5,41	-5,84	-6,45	-7,33	-8,21	-8,86	-9,13	-9,28	-9,43	-9,54	-9,64	-4,56	0
05/02/2020 04:15:00	-4,47	-4,98	-5,39	-5,75	-6,32	-7,20	-8,09	-8,77	-9,06	-9,24	-9,43	-9,59	-9,74	-4,52	0
05/02/2020 04:20:00	-4,55	-5,00	-5,48	-5,94	-6,52	-7,37	-8,18	-8,77	-8,98	-9,10	-9,24	-9,34	-9,44	-4,53	0
05/02/2020 04:25:00	-4,50	-4,93	-5,32	-5,80	-6,44	-7,34	-8,20	-8,85	-9,13	-9,28	-9,43	-9,54	-9,64	-4,45	0
05/02/2020 04:30:00	-4,46	-4,96	-5,36	-5,85	-6,44	-7,30	-8,14	-8,77	-9,03	-9,18	-9,33	-9,43	-9,54	-4,53	0
05/02/2020 04:35:00	-4,52	-4,95	-5,35	-5,84	-6,49	-7,35	-8,21	-8,84	-9,10	-9,25	-9,39	-9,48	-9,58	-4,49	0
05/02/2020 04:40:00	-4,51	-5,00	-5,42	-5,89	-6,52	-7,37	-8,18	-8,78	-9,04	-9,19	-9,33	-9,42	-9,52	-4,48	0
05/02/2020 04:45:00	-4,45	-4,92	-5,31	-5,76	-6,37	-7,31	-8,22	-8,92	-9,22	-9,39	-9,55	-9,67	-9,79	-4,51	0
05/02/2020 04:50:00	-4,50	-4,91	-5,37	-5,79	-6,48	-7,36	-8,24	-8,89	-9,15	-9,31	-9,45	-9,56	-9,66	-4,45	0
05/02/2020 04:55:00	-4,48	-4,94	-5,44	-5,90	-6,56	-7,41	-8,19	-8,77	-9,01	-9,13	-9,26	-9,35	-9,43	-4,48	0
05/02/2020 05:00:00	-4,47	-4,97	-5,37	-5,78	-6,38	-7,29	-8,17	-8,84	-9,14	-9,31	-9,48	-9,60	-9,73	-4,46	0
05/02/2020 05:05:00	-4,47	-4,96	-5,32	-5,75	-6,41	-7,31	-8,19	-8,88	-9,19	-9,36	-9,53	-9,64	-9,75	-4,53	0
05/02/2020 05:10:00	-4,46	-4,86	-5,21	-5,68	-6,33	-7,28	-8,24	-8,96	-9,28	-9,45	-9,62	-9,74	-9,86	-4,43	0
05/02/2020 05:15:00	-4,48	-4,90	-5,29	-5,70	-6,35	-7,24	-8,12	-8,80	-9,11	-9,29	-9,47	-9,60	-9,74	-4,47	0
05/02/2020 05:20:00	-4,48	-4,86	-5,31	-5,83	-6,44	-7,34	-8,22	-8,84	-9,07	-9,20	-9,33	-9,42	-9,51	-4,40	0
05/02/2020 05:25:00	-4,43	-4,82	-5,20	-5,67	-6,32	-7,27	-8,19	-8,88	-9,18	-9,35	-9,52	-9,63	-9,75	-4,43	0
05/02/2020 05:30:00	-4,43	-4,82	-5,18	-5,68	-6,36	-7,29	-8,21	-8,91	-9,21	-9,39	-9,55	-9,66	-9,77	-4,42	0
05/02/2020 05:35:00	-4,46	-4,85	-5,18	-5,53	-6,16	-7,10	-8,07	-8,82	-9,16	-9,36	-9,56	-9,71	-9,87	-4,46	0
05/02/2020 05:40:00	-4,48	-4,99	-5,35	-5,74	-6,28	-7,17	-8,07	-8,77	-9,07	-9,26	-9,46	-9,62	-9,79	-4,48	0
05/02/2020 05:45:00	-4,49	-4,91	-5,25	-5,65	-6,25	-7,18	-8,14	-8,88	-9,20	-9,40	-9,59	-9,74	-9,90	-4,47	0
05/02/2020 05:50:00	-4,44	-4,91	-5,33	-5,76	-6,39	-7,29	-8,19	-8,87	-9,15	-9,31	-9,48	-9,60	-9,73	-4,47	0
05/02/2020 05:55:00	-4,45	-4,85	-5,17	-5,56	-6,23	-7,19	-8,16	-8,94	-9,31	-9,55	-9,78	-9,96	-10,14	-4,43	0
05/02/2020 06:00:00	-4,46	-4,89	-5,29	-5,76	-6,40	-7,31	-8,20	-8,86	-9,15	-9,31	-9,47	-9,58	-9,70	-4,41	0
05/02/2020 06:05:00	-4,52	-4,85	-5,28	-5,79	-6,44	-7,36	-8,29	-8,96	-9,22	-9,36	-9,51	-9,61	-9,71	-4,47	0
05/02/2020 06:10:00	-4,48	-4,87	-5,18	-5,68	-6,38	-7,35	-8,31	-9,06	-9,41	-9,62	-9,81	-9,95	-10,08	-4,51	0
05/02/2020 06:15:00	-4,51	-4,96	-5,31	-5,79	-6,35	-7,27	-8,19	-8,88	-9,17	-9,35	-9,52	-9,66	-9,80	-4,49	0
05/02/2020 06:20:00	-4,58	-5,01	-5,37	-5,78	-6,39	-7,32	-8,26	-8,98	-9,30	-9,50	-9,69	-9,85	-10,00	-4,64	0
05/02/2020 06:25:00	-4,61	-4,98	-5,47	-5,93	-6,62	-7,49	-8,32	-8,93	-9,17	-9,31	-9,44	-9,53	-9,62	-4,56	0
05/02/2020 06:30:00	-4,59	-5,10	-5,47	-5,86	-6,46	-7,37	-8,32	-9,05	-9,36	-9,55	-9,74	-9,89	-10,05	-4,58	0
05/02/2020 06:35:00	-4,60	-4,96	-5,38	-5,81	-6,51	-7,44	-8,36	-9,05	-9,36	-9,53	-9,71	-9,83	-9,95	-4,59	0
05/02/2020 06:40:00	-4,58	-5,02	-5,47	-5,97	-6,62	-7,49	-8,39	-9,04	-9,29	-9,43	-9,57	-9,67	-9,78	-4,61	0
05/02/2020 06:45:00	-4,59	-5,02	-5,41	-5,96	-6,61	-7,56	-8,48	-9,17	-9,47	-9,64	-9,81	-9,93	-10,05	-4,56	0
05/02/2020 06:50:00	-4,63	-5,06	-5,40	-5,82	-6,48	-7,44	-8,39	-9,13	-9,48	-9,69	-9,88	-10,03	-10,18	-4,57	0
05/02/2020 06:55:00	-4,57	-4,96	-5,38	-5,85	-6,55	-7,52	-8,46	-9,18	-9,49	-9,68	-9,85	-9,99	-10,12	-4,56	0
05/02/2020 07:00:00	-4,59	-4,93	-5,42	-5,87	-6,57	-7,53	-8,49	-9,20	-9,49	-9,67	-9,85	-9,99	-10,14	-4,64	0
05/02/2020 07:05:00	-4,63	-5,05	-5,44	-5,81	-6,42	-7,40	-8,38	-9,13	-9,47	-9,68	-9,89	-10,07	-10,25	-4,66	0
05/02/2020 07:10:00	-4,70	-4,98	-5,43	-5,93	-6,63	-7,66	-8,67	-9,40	-9,69	-9,85	-10,01	-10,12	-10,22	-4,80	0
05/02/2020 07:15:00	-4,82	-5,21	-5,53	-6,02	-6,64	-7,59	-8,56	-9,30	-9,61	-9,80	-9,97	-10,10	-10,24	-4,80	0
05/02/2020 07:20:00	-4,82	-5,17	-5,60	-6,13	-6,83	-7,77	-8,66	-9,32	-9,61	-9,76	-9,91	-10,01	-10,11	-4,73	0
05/02/2020 07:25:00	-4,69	-5,08	-5,41	-5,86	-6,53	-7,52	-8,57	-9,37	-9,72	-9,93	-10,13	-10,29	-10,45	-4,68	0
05/02/2020 07:30:00	-4,71	-5,19	-5,55	-5,93	-6,61	-7,56	-8,52	-9,28	-9,65	-9,87	-10,08	-10,25	-10,41	-4,71	0
05/02/2020 07:35:00	-4,76	-5,12	-5,42	-5,86	-6,56	-7,59	-8,64	-9,47	-9,87	-10,11	-10,33	-10,50	-10,68	-4,74	0
05/02/2020 07:40:00	-4,77	-5,09	-5,50	-6,07	-6,81	-7,80	-8,73	-9,42	-9,71	-9,86	-9,99	-10,06	-10,13	-4,78	0
05/02/2020 07:45:00	-4,67	-5,11	-5,59	-6,06	-6,73	-7,65	-8,56	-9,23	-9,49	-9,64	-9,79	-9,90	-10,01	-4,76	0
05/02/2020 07:50:00	-4,79	-5,21	-5,68	-6,24	-6,92	-7,87	-8,79	-9,45	-9,71	-9,85	-9,97	-10,06	-10,14	-4,76	0
05/02/2020 07:55:00	-4,81	-5,28	-5,65	-6,02	-6,62	-7,62	-8,65	-9,45	-9,80	-10,02	-10,23	-10,42	-10,60	-4,74	0
05/02/2020 08:00:00	-4,82	-5,32	-5,69	-6,24	-6,86	-7,83	-8,76	-9,48	-9,80	-9,98	-10,15	-10,28	-10,41	-4,88	0
05/02/2020 08:05:00	-4,91	-5,35	-5,78	-6,29	-6,95	-7,91	-8,86	-9,56	-9,85	-10,01	-10,17	-10,29	-10,41	-4,99	0
05/02/2020 08:10:00	-4,98	-5,28	-5,76	-6,38	-7,11	-8,10	-9,02	-9,68	-9,94	-10,07	-10,19	-10,27	-10,34	-4,97	0
05/02/2020 08:15:00	-5,06	-5,62	-6,02	-6,45	-7,05	-7,95	-8,88	-9,57	-9,84	-9,99	-10,13	-10,23	-10,33	-5,06	0
05/02/2020 08:20:00	-5,10	-5,45	-5,86	-6,34	-7,04	-8,00	-8,95	-9,65	-9,93	-10,07	-10,20	-10,29	-10,37	-5,09	0
05/02/2020 08:25:00	-5,10	-5,49	-5,86	-6,31	-6,97	-7,97	-8,99	-9,76	-10,08	-10,26	-10,44	-10,58	-10,71	-5,16	0
05/02/2020 08:30:00	-5,11	-5,48	-5,87	-6,34	-7,01	-8,01	-8,99	-9,73	-10,06	-10,24	-10,42	-10,55	-10,68	-5,11	0
05/02/2020 08:35:00	-5,08	-5,47	-5,83	-6,27	-6,98	-7,97	-8,98	-9,75	-10,10	-10,30	-10,49	-10,62	-10,76	-5,09	0
05/02/2020 08:40:00	-5,05	-5,45	-5,92	-6,44	-7,15	-8,12	-9,08	-9,78	-10,06	-10,21	-10,35	-10,45	-10,55	-5,10	0
05/02/2020 08:45:00	-5,08	-5,40	-5,80	-6,43	-7,16	-8,17	-9,17	-9,89	-10,17	-10,31	-10,44	-10,50	-10,57	-5,05	0
05/02/2020 08:50:00	-4,99	-5,46	-5,90	-6,36	-7,01	-7,94	-8,88	-9,58	-9,87	-10,02	-10,18	-10,30	-10,42	-5,09	0
05/02/2020 08:55:00	-5,04	-5,48	-5,93	-6,42	-7,05	-7,98	-8,91	-9,58	-9,85	-9,99	-10,14	-10,25	-10,36	-4,98	0
05/02/2020 09:00:00	-5,03	-5,44	-5,93	-6,40	-7,08	-8,01	-8,94	-9,61	-9,88	-10,02	-10,17	-10,28	-10,39	-5,09	0
05/02/2020 09:05:00	-5,05	-5,39	-5,72	-6,32	-7,01	-8,01	-8,98	-9,70	-10,01	-10,18	-10,33	-10,41	-10,50	-4,94	0
05/02/2020 09:10:00	-4,93	-5,38	-5,76	-6,22	-6,89	-7,84	-8,77	-9,49	-9,81	-9,99	-10,16	-10,29	-10,42	-5,05	0
05/02/2020 09:15:00	-4,87	-5,37	-5,79	-6,17	-6,80	-7,74	-8,71	-9,46	-9,79	-9,99	-10,20	-10,37	-10,54	-5,01	0
05/02/2020 09:20:00	-4,88	-5,32	-5,80	-6,28	-6,96	-7,88	-8,79	-9,47	-9,74	-9,89	-10,04	-10,15	-10,27	-4,74	0
05/02/2020 09:25:00	-4,83	-5,27	-5,67	-6,09	-6,81	-7,81	-8,82	-9,61	-9,97	-10,19	-10,40	-10,57	-10,73	-4,78	0
05/02/2020 09:30:00	-4,87	-5,29	-5,75	-6,19	-6,84	-7,78	-8,70	-9,40	-9,71	-9,88	-10,07	-10,22	-10,37	-4,85	0
05/02/2020 09:35:00	-4,79	-5,15	-5,56	-6,08	-6,78	-7,80	-8,81	-9,57	-9,89	-10,07	-10,24	-10,37	-10,49	-4,79	0
05/02/2020 09:40:00	-4,74	-5,13	-5,59	-6,09	-6,77	-7,74	-8,73	-9,45	-9,74	-9,90	-10,07	-10,19	-10,32	-4,85	0
05/02/2020 09:45:00	-4,76	-5,23	-5,71	-6,32	-7,00	-7,88	-8,72	-9,34	-9,58	-9,70	-9,82	-9,90	-9,97	-4,78	0
05/02/2020 09:50:00	-4,75	-5,19	-5,71	-6,19	-6,79	-7,70	-8,60	-9,26	-9,51	-9,65	-9,82	-9,97	-10,11	-4,72	0
05/02/2020 09:55:00	-4,72	-5,20	-5,69	-6,21	-6,87	-7,83	-8,74	-9,42	-9,69	-9,84	-10,00	-10,11	-10,22	-4,72	0
05/02/2020 10:00:00	-4,73	-5,14	-5,70	-6,41	-7,17	-8,06	-8,86	-9,42	-9,62	-9,71	-9,80	-9,84	-9,88	-4,76	0
05/02/2020 10:05:00	-4,74	-5,19	-5,69	-6,18	-6,81	-7,71	-8,62	-9,28	-9,52	-9,66	-9,81	-9,93	-10,05	-4,76	0
05/02/2020 10:10:00	-4,72	-5,11	-5,57	-6,11	-6,74	-7,71	-8,68	-9,39	-9,66	-9,82	-9,99	-10,12	-10,25	-4,61	0
05/02/2020 10:15:00	-4,71	-5,05	-5,68	-6,37	-7,05	-7,90	-8,69	-9,20	-9,33	-9,39	-9,46	-9,50	-9,53	-4,76	0
05/02/2020 10:20:00	-4,81	-5,28	-5,91	-6,62	-7,33	-8,15	-8,88	-9,37	-9,51	-9,57	-9,64	-9,67	-9,69	-4,77	0
05/02/2020 10:25:00	-4,88	-5,40	-6,11	-6,73	-7,39	-8,19	-8,93	-9,42	-9,55	-9,61	-9,70	-9,76	-9,83	-4,88	0
05/02/2020 10:30:00	-4,88	-5,38	-6,11	-6,79	-7,49	-8,29	-9,03	-9,50	-9,61	-9,65	-9,71	-9,75	-9,79	-4,96	0
05/02/2020 10:35:00	-4,78	-5,36	-6,09	-6,85	-7,52	-8,30	-8,99	-9,44	-9,55	-9,59	-9,65	-9,69	-9,72	-4,88	0
05/02/2020 10:40:00	-4,69	-5,16	-5,90	-6,65	-7,44	-8,32	-9,09	-9,61	-9,77	-9,83	-9,91	-9,96	-10,00	-4,79	0
05/02/2020 10:45:00	-4,85	-5,27	-5,99	-6,75	-7,47	-8,37	-9,17	-9,70	-9,84	-9,90	-9,98	-10,04	-10,09	-4,86	0
05/02/2020 10:50:00	-4,88	-5,26	-5,94	-6,68	-7,42	-8,31	-9,18	-9,74	-9,90	-9,96	-10,05	-10,10	-10,15	-4,68	0
05/02/2020 10:55:00	-4,81	-5,26	-5,97	-6,70	-7,43	-8,31	-9,11	-9,65	-9,81	-9,88	-9,97	-10,04	-10,10	-4,84	0
05/02/2020 11:00:00	-4,73	-5,19	-5,99	-6,83	-7,71	-8,61	-9,39	-9,90	-10,05	-10,09	-10,15	-10,16	-10,17	-4,66	0
05/02/2020 11:05:00	-4,79	-5,25	-6,00	-6,78	-7,59	-8,42	-9,15	-9,63	-9,76	-9,81	-9,88	-9,91	-9,94	-4,67	0
05/02/2020 11:10:00	-4,73	-5,18	-5,93	-6,69	-7,52	-8,42	-9,21	-9,74	-9,90	-9,97	-10,05	-10,09	-10,13	-4,64	0
05/02/2020 11:15:00	-4,75	-5,28	-6,03	-6,80	-7,59	-8,47	-9,23	-9,74	-9,90	-9,96	-10,04	-10,08	-10,11	-4,62	0
05/02/2020 11:20:00	-4,66	-5,27	-5,98	-6,54	-7,21	-8,11	-9,01	-9,62	-9,82	-9,92	-10,05	-10,15	-10,26	-4,71	0
05/02/2020 11:25:00	-4,75	-5,14	-5,87	-6,61	-7,40	-8,34	-9,16	-9,71	-9,88	-9,96	-10,05	-10,11	-10,17	-4,64	0
05/02/2020 11:30:00	-4,78	-5,31	-6,01	-6,76	-7,58	-8,49	-9,25	-9,78	-9,97	-10,04	-10,12	-10,15	-10,17	-4,88	0
05/02/2020 11:35:00	-4,78	-5,38	-5,97	-6,51	-7,18	-8,05	-8,92	-9,56	-9,80	-9,94	-10,09	-10,22	-10,34	-4,76	0
05/02/2020 11:40:00	-4,68	-5,22	-5,97	-6,55	-7,20	-8,15	-9,04	-9,67	-9,88	-10,00	-10,15	-10,30	-10,45	-4,64	0
05/02/2020 11:45:00	-4,68	-5,32	-6,04	-6,71	-7,39	-8,26	-9,05	-9,58	-9,75	-9,84	-9,94	-10,01	-10,09	-4,76	0
05/02/2020 11:50:00	-4,66	-5,14	-5,83	-6,69	-7,52	-8,39	-9,23	-9,77	-9,91	-9,95	-9,99	-9,97	-9,96	-4,44	0
05/02/2020 11:55:00	-4,73	-5,22	-5,84	-6,49	-7,28	-8,16	-9,04	-9,68	-9,91	-10,04	-10,18	-10,29	-10,40	-4,74	0
05/02/2020 12:00:00	-4,65	-5,23	-5,98	-6,85	-7,58	-8,49	-9,32	-9,87	-10,01	-10,07	-10,15	-10,19	-10,23	-4,71	0
05/02/2020 12:05:00	-4,73	-5,35	-5,99	-6,59	-7,26	-8,22	-9,09	-9,73	-9,98	-10,12	-10,28	-10,41	-10,53	-4,73	0
05/02/2020 12:10:00	-4,61	-5,07	-5,88	-6,82	-7,62	-8,51	-9,29	-9,79	-9,90	-9,94	-9,99	-10,02	-10,04	-4,51	0
05/02/2020 12:15:00	-4,57	-5,14	-5,85	-6,37	-7,05	-7,97	-8,86	-9,51	-9,74	-9,88	-10,05	-10,21	-10,37	-4,58	0
05/02/2020 12:20:00	-4,51	-5,04	-5,75	-6,38	-7,09	-8,00	-8,87	-9,47	-9,67	-9,77	-9,90	-10,00	-10,10	-4,45	0
05/02/2020 12:25:00	-4,53	-5,09	-5,66	-6,30	-7,05	-8,01	-8,90	-9,58	-9,87	-10,03	-10,20	-10,32	-10,45	-4,64	0
05/02/2020 12:30:00	-4,48	-5,03	-5,68	-6,37	-7,14	-8,07	-8,96	-9,60	-9,85	-9,99	-10,14	-10,25	-10,37	-4,49	0
05/02/2020 12:35:00	-4,53	-5,09	-5,68	-6,35	-7,12	-8,07	-9,00	-9,67	-9,93	-10,06	-10,20	-10,28	-10,37	-4,58	0
05/02/2020 12:40:00	-4,53	-5,16	-5,90	-6,64	-7,38	-8,26	-9,04	-9,57	-9,74	-9,81	-9,90	-9,95	-10,00	-4,55	0
05/02/2020 12:45:00	-4,55	-5,25	-5,92	-6,39	-7,03	-7,90	-8,75	-9,37	-9,61	-9,74	-9,90	-10,05	-10,19	-4,61	0
05/02/2020 12:50:00	-4,55	-5,19	-5,98	-6,65	-7,36	-8,17	-8,88	-9,35	-9,48	-9,53	-9,60	-9,65	-9,69	-4,77	0
05/02/2020 12:55:00	-4,52	-5,10	-5,78	-6,54	-7,36	-8,24	-9,06	-9,63	-9,81	-9,89	-9,97	-10,01	-10,04	-4,64	0
05/02/2020 13:00:00	-4,63	-5,19	-5,79	-6,43	-7,17	-8,09	-8,98	-9,61	-9,86	-9,98	-10,11	-10,20	-10,28	-4,86	0
05/02/2020 13:05:00	-4,52	-5,07	-5,82	-6,57	-7,32	-8,20	-9,05	-9,60	-9,75	-9,82	-9,90	-9,96	-10,01	-4,38	0
05/02/2020 13:10:00	-4,70	-5,31	-5,95	-6,48	-7,19	-8,05	-8,86	-9,45	-9,69	-9,82	-9,96	-10,07	-10,18	-4,82	0
05/02/2020 13:15:00	-4,75	-5,33	-5,86	-6,41	-7,10	-8,07	-9,02	-9,73	-10,02	-10,17	-10,34	-10,47	-10,60	-4,70	0
05/02/2020 13:20:00	-4,72	-5,20	-5,90	-6,59	-7,31	-8,24	-9,11	-9,70	-9,89	-9,97	-10,08	-10,15	-10,23	-4,88	0
05/02/2020 13:25:00	-4,63	-5,24	-5,98	-6,73	-7,49	-8,37	-9,15	-9,67	-9,82	-9,88	-9,94	-9,97	-9,99	-4,76	0
05/02/2020 13:30:00	-4,77	-5,40	-5,96	-6,59	-7,29	-8,20	-9,08	-9,73	-9,98	-10,10	-10,23	-10,32	-10,40	-4,79	0
05/02/2020 13:35:00	-4,78	-5,33	-5,95	-6,66	-7,47	-8,41	-9,30	-9,93	-10,16	-10,27	-10,37	-10,42	-10,47	-4,74	0
05/02/2020 13:40:00	-4,91	-5,48	-6,01	-6,64	-7,37	-8,28	-9,19	-9,84	-10,09	-10,22	-10,34	-10,41	-10,48	-4,92	0
05/02/2020 13:45:00	-5,01	-5,48	-6,03	-6,67	-7,39	-8,28	-9,16	-9,78	-10,00	-10,11	-10,23	-10,30	-10,37	-4,91	0
05/02/2020 13:50:00	-4,70	-5,18	-5,94	-6,63	-7,41	-8,30	-9,13	-9,68	-9,84	-9,92	-10,01	-10,08	-10,15	-4,78	0
05/02/2020 13:55:00	-4,69	-5,13	-5,82	-6,48	-7,25	-8,15	-9,01	-9,60	-9,80	-9,91	-10,04	-10,14	-10,24	-4,70	0
05/02/2020 14:00:00	-4,74	-5,24	-5,79	-6,27	-6,96	-7,90	-8,79	-9,48	-9,77	-9,94	-10,12	-10,28	-10,43	-4,73	0
05/02/2020 14:05:00	-4,64	-4,94	-5,70	-6,47	-7,32	-8,22	-8,97	-9,46	-9,61	-9,67	-9,73	-9,76	-9,79	-4,59	0
05/02/2020 14:10:00	-4,52	-4,76	-5,51	-6,48	-7,41	-8,33	-9,07	-9,52	-9,63	-9,65	-9,66	-9,61	-9,57	-4,59	0
05/02/2020 14:15:00	-4,39	-4,80	-5,56	-6,42	-7,21	-8,03	-8,72	-9,15	-9,25	-9,27	-9,31	-9,31	-9,31	-4,36	0
05/02/2020 14:20:00	-4,23	-4,67	-5,57	-6,48	-7,39	-8,25	-8,95	-9,37	-9,46	-9,48	-9,51	-9,50	-9,49	-3,99	0
05/02/2020 14:25:00	-4,42	-4,84	-5,56	-6,35	-7,03	-7,89	-8,69	-9,18	-9,28	-9,32	-9,38	-9,41	-9,44	-4,53	0
05/02/2020 14:30:00	-4,46	-4,81	-5,43	-6,10	-6,88	-7,81	-8,69	-9,29	-9,50	-9,61	-9,72	-9,78	-9,85	-4,53	0
05/02/2020 14:35:00	-4,50	-4,94	-5,50	-6,12	-6,85	-7,78	-8,69	-9,33	-9,58	-9,71	-9,85	-9,95	-10,04	-4,43	0
05/02/2020 14:40:00	-4,46	-4,87	-5,52	-6,17	-6,97	-7,91	-8,76	-9,37	-9,59	-9,71	-9,83	-9,91	-10,00	-4,31	0
05/02/2020 14:45:00	-4,35	-4,57	-5,35	-6,14	-6,98	-7,93	-8,74	-9,29	-9,47	-9,57	-9,70	-9,80	-9,90	-4,33	0
05/02/2020 14:50:00	-4,30	-4,67	-5,34	-6,01	-6,77	-7,64	-8,49	-9,07	-9,26	-9,36	-9,48	-9,58	-9,68	-4,15	0
05/02/2020 14:55:00	-4,13	-4,47	-5,21	-5,96	-6,83	-7,69	-8,44	-8,95	-9,12	-9,21	-9,31	-9,37	-9,43	-4,12	0
05/02/2020 15:00:00	-4,09	-4,41	-5,14	-5,98	-6,83	-7,71	-8,45	-8,93	-9,07	-9,12	-9,19	-9,20	-9,22	-4,06	0
05/02/2020 15:05:00	-4,00	-4,32	-5,09	-5,96	-6,82	-7,70	-8,43	-8,88	-9,01	-9,05	-9,10	-9,10	-9,10	-4,01	0
05/02/2020 15:10:00	-4,01	-4,31	-4,99	-5,68	-6,46	-7,39	-8,25	-8,84	-9,05	-9,17	-9,30	-9,40	-9,51	-3,76	0
05/02/2020 15:15:00	-4,01	-4,35	-4,92	-5,56	-6,39	-7,31	-8,15	-8,76	-9,01	-9,16	-9,30	-9,39	-9,48	-3,79	0
05/02/2020 15:20:00	-4,05	-4,33	-4,92	-5,57	-6,25	-7,19	-8,07	-8,68	-8,89	-9,02	-9,15	-9,27	-9,38	-4,03	0
05/02/2020 15:25:00	-4,08	-4,25	-4,85	-5,55	-6,36	-7,27	-8,10	-8,66	-8,85	-8,94	-9,04	-9,09	-9,14	-4,06	0
05/02/2020 15:30:00	-4,02	-4,30	-4,80	-5,42	-6,19	-7,15	-8,02	-8,66	-8,94	-9,09	-9,24	-9,34	-9,45	-3,89	0
05/02/2020 15:35:00	-4,02	-4,27	-4,77	-5,37	-6,17	-7,10	-7,95	-8,57	-8,83	-8,98	-9,11	-9,20	-9,29	-3,92	0
05/02/2020 15:40:00	-3,99	-4,32	-4,78	-5,37	-6,05	-7,01	-7,92	-8,57	-8,84	-8,99	-9,14	-9,24	-9,33	-3,96	0
05/02/2020 15:45:00	-4,01	-4,30	-4,75	-5,26	-5,99	-6,92	-7,85	-8,53	-8,82	-8,99	-9,16	-9,28	-9,40	-3,84	0
05/02/2020 15:50:00	-3,79	-4,04	-4,36	-4,81	-5,53	-6,53	-7,54	-8,32	-8,70	-8,93	-9,16	-9,34	-9,52	-3,82	0
05/02/2020 15:55:00	-3,84	-3,99	-4,33	-4,79	-5,49	-6,53	-7,58	-8,35	-8,69	-8,89	-9,09	-9,23	-9,38	-3,91	0
05/02/2020 16:00:00	-3,87	-4,00	-4,33	-4,71	-5,44	-6,45	-7,49	-8,28	-8,66	-8,90	-9,13	-9,32	-9,52	-3,89	0
05/02/2020 16:05:00	-3,82	-4,05	-4,37	-4,77	-5,46	-6,41	-7,36	-8,10	-8,44	-8,66	-8,87	-9,04	-9,20	-3,84	0
05/02/2020 16:10:00	-3,86	-3,96	-4,32	-4,82	-5,50	-6,53	-7,53	-8,26	-8,58	-8,78	-8,97	-9,12	-9,26	-3,87	0
05/02/2020 16:15:00	-3,76	-3,95	-4,30	-4,79	-5,48	-6,49	-7,48	-8,21	-8,53	-8,72	-8,90	-9,02	-9,15	-3,78	0
05/02/2020 16:20:00	-3,79	-3,98	-4,33	-4,87	-5,61	-6,61	-7,60	-8,32	-8,63	-8,80	-8,96	-9,05	-9,14	-3,80	0
05/02/2020 16:25:00	-3,71	-3,87	-4,15	-4,49	-5,21	-6,24	-7,29	-8,09	-8,47	-8,71	-8,93	-9,09	-9,26	-3,80	0
05/02/2020 16:30:00	-3,72	-3,74	-4,05	-4,51	-5,25	-6,36	-7,41	-8,19	-8,56	-8,79	-8,99	-9,14	-9,29	-3,81	0
05/02/2020 16:35:00	-3,83	-3,90	-4,12	-4,46	-5,17	-6,20	-7,26	-8,08	-8,48	-8,74	-8,97	-9,15	-9,32	-3,89	0
05/02/2020 16:40:00	-3,81	-3,82	-4,17	-4,68	-5,43	-6,43	-7,39	-8,07	-8,36	-8,52	-8,67	-8,75	-8,83	-3,83	0
05/02/2020 16:45:00	-3,82	-3,87	-4,09	-4,47	-5,21	-6,25	-7,29	-8,10	-8,49	-8,73	-8,95	-9,10	-9,25	-3,93	0
05/02/2020 16:50:00	-3,82	-3,90	-4,13	-4,54	-5,25	-6,26	-7,22	-7,97	-8,34	-8,58	-8,78	-8,93	-9,07	-3,88	0
05/02/2020 16:55:00	-3,87	-3,91	-4,10	-4,50	-5,19	-6,26	-7,32	-8,15	-8,55	-8,80	-9,03	-9,20	-9,37	-3,88	0
05/02/2020 17:00:00	-3,91	-3,79	-3,95	-4,38	-5,09	-6,22	-7,38	-8,26	-8,67	-8,93	-9,17	-9,34	-9,52	-3,82	0
05/02/2020 17:05:00	-3,96	-3,91	-4,08	-4,41	-5,07	-6,14	-7,25	-8,11	-8,51	-8,78	-9,03	-9,23	-9,44	-3,93	0
05/02/2020 17:10:00	-3,94	-3,93	-4,10	-4,44	-5,11	-6,18	-7,22	-8,03	-8,44	-8,70	-8,93	-9,11	-9,28	-3,94	0
05/02/2020 17:15:00	-3,93	-3,99	-4,18	-4,56	-5,24	-6,29	-7,31	-8,09	-8,48	-8,71	-8,92	-9,07	-9,22	-3,97	0
05/02/2020 17:20:00	-3,91	-3,83	-3,94	-4,33	-5,03	-6,07	-7,14	-7,96	-8,35	-8,59	-8,80	-8,94	-9,07	-3,92	0
05/02/2020 17:25:00	-3,93	-3,99	-4,09	-4,31	-4,88	-5,96	-7,10	-8,01	-8,46	-8,76	-9,04	-9,29	-9,53	-3,87	0
05/02/2020 17:30:00	-3,99	-3,89	-4,06	-4,40	-5,07	-6,12	-7,23	-8,05	-8,43	-8,67	-8,88	-9,04	-9,20	-3,98	0
05/02/2020 17:35:00	-4,00	-3,87	-4,01	-4,40	-5,13	-6,20	-7,27	-8,08	-8,48	-8,72	-8,92	-9,05	-9,19	-3,93	0
05/02/2020 17:40:00	-4,09	-3,79	-3,97	-4,53	-5,28	-6,34	-7,36	-8,09	-8,41	-8,59	-8,74	-8,82	-8,90	-4,04	0
05/02/2020 17:45:00	-4,04	-3,89	-4,00	-4,43	-5,14	-6,23	-7,33	-8,17	-8,56	-8,80	-9,01	-9,15	-9,28	-4,05	0
05/02/2020 17:50:00	-4,03	-3,97	-4,04	-4,37	-5,05	-6,16	-7,25	-8,12	-8,57	-8,85	-9,09	-9,26	-9,43	-4,10	0
05/02/2020 17:55:00	-4,05	-3,96	-4,13	-4,54	-5,24	-6,25	-7,24	-7,99	-8,34	-8,55	-8,73	-8,85	-8,96	-4,08	0
05/02/2020 18:00:00	-4,09	-4,06	-4,12	-4,46	-5,10	-6,16	-7,26	-8,10	-8,50	-8,75	-8,97	-9,11	-9,26	-4,08	0
05/02/2020 18:05:00	-4,17	-4,13	-4,10	-4,41	-5,11	-6,16	-7,27	-8,14	-8,59	-8,86	-9,08	-9,22	-9,36	-4,25	0
05/02/2020 18:10:00	-4,29	-4,24	-4,32	-4,56	-5,17	-6,22	-7,31	-8,16	-8,57	-8,82	-9,06	-9,23	-9,40	-4,36	0
05/02/2020 18:15:00	-4,25	-4,33	-4,38	-4,67	-5,29	-6,31	-7,37	-8,21	-8,63	-8,89	-9,12	-9,28	-9,45	-4,52	0
05/02/2020 18:20:00	-4,36	-4,25	-4,35	-4,73	-5,38	-6,43	-7,53	-8,34	-8,72	-8,94	-9,13	-9,25	-9,38	-4,50	0
05/02/2020 18:25:00	-4,36	-4,29	-4,38	-4,70	-5,39	-6,42	-7,50	-8,32	-8,70	-8,94	-9,13	-9,26	-9,39	-4,35	0
05/02/2020 18:30:00	-4,42	-4,36	-4,42	-4,79	-5,42	-6,47	-7,51	-8,31	-8,70	-8,93	-9,14	-9,27	-9,40	-4,53	0
05/02/2020 18:35:00	-4,40	-4,39	-4,52	-4,90	-5,49	-6,44	-7,42	-8,15	-8,48	-8,67	-8,84	-8,96	-9,07	-4,53	0
05/02/2020 18:40:00	-4,36	-4,35	-4,47	-4,75	-5,38	-6,42	-7,46	-8,27	-8,65	-8,88	-9,09	-9,23	-9,37	-4,38	0
05/02/2020 18:45:00	-4,51	-4,46	-4,47	-4,74	-5,34	-6,42	-7,53	-8,39	-8,81	-9,07	-9,29	-9,44	-9,59	-4,44	0
05/02/2020 18:50:00	-4,53	-4,43	-4,48	-4,73	-5,35	-6,34	-7,40	-8,23	-8,63	-8,88	-9,10	-9,27	-9,44	-4,61	0
05/02/2020 18:55:00	-4,49	-4,51	-4,55	-4,79	-5,36	-6,42	-7,54	-8,41	-8,84	-9,10	-9,33	-9,51	-9,68	-4,56	0
05/02/2020 19:00:00	-4,58	-4,53	-4,56	-4,85	-5,44	-6,49	-7,58	-8,43	-8,84	-9,10	-9,33	-9,51	-9,68	-4,66	0
05/02/2020 19:05:00	-4,52	-4,58	-4,69	-5,05	-5,57	-6,52	-7,49	-8,22	-8,54	-8,73	-8,91	-9,03	-9,16	-4,63	0
05/02/2020 19:10:00	-4,62	-4,51	-4,49	-4,82	-5,45	-6,51	-7,61	-8,47	-8,89	-9,14	-9,37	-9,51	-9,66	-4,63	0
05/02/2020 19:15:00	-4,48	-4,54	-4,59	-4,91	-5,52	-6,54	-7,61	-8,44	-8,85	-9,09	-9,31	-9,47	-9,62	-4,54	0
05/02/2020 19:20:00	-4,63	-4,47	-4,53	-4,86	-5,52	-6,58	-7,68	-8,52	-8,93	-9,17	-9,39	-9,55	-9,70	-4,55	0
05/02/2020 19:25:00	-4,54	-4,51	-4,63	-5,03	-5,68	-6,69	-7,71	-8,48	-8,83	-9,03	-9,21	-9,31	-9,42	-4,63	0
05/02/2020 19:30:00	-4,64	-4,63	-4,73	-5,05	-5,70	-6,69	-7,68	-8,45	-8,81	-9,02	-9,20	-9,32	-9,43	-4,66	0
05/02/2020 19:35:00	-4,69	-4,71	-4,77	-5,06	-5,62	-6,59	-7,63	-8,42	-8,78	-8,99	-9,18	-9,31	-9,43	-4,82	0
05/02/2020 19:40:00	-4,69	-4,75	-4,83	-5,05	-5,62	-6,63	-7,66	-8,46	-8,85	-9,08	-9,30	-9,45	-9,60	-4,94	0
05/02/2020 19:45:00	-4,74	-4,75	-4,93	-5,21	-5,79	-6,74	-7,69	-8,40	-8,71	-8,90	-9,08	-9,20	-9,33	-4,83	0
05/02/2020 19:50:00	-4,87	-4,91	-4,98	-5,29	-5,91	-6,89	-7,88	-8,66	-9,05	-9,27	-9,47	-9,61	-9,74	-4,94	0
05/02/2020 19:55:00	-4,85	-4,89	-4,94	-5,31	-5,93	-6,91	-7,89	-8,64	-8,99	-9,18	-9,34	-9,42	-9,50	-4,81	0
05/02/2020 20:00:00	-4,88	-5,04	-5,05	-5,27	-5,74	-6,71	-7,72	-8,53	-8,92	-9,16	-9,39	-9,56	-9,73	-4,90	0
05/02/2020 20:05:00	-4,94	-5,01	-5,03	-5,22	-5,74	-6,73	-7,81	-8,66	-9,06	-9,32	-9,55	-9,73	-9,91	-4,89	0
05/02/2020 20:10:00	-4,92	-4,95	-5,00	-5,25	-5,85	-6,89	-7,93	-8,75	-9,16	-9,40	-9,61	-9,76	-9,91	-5,10	0
05/02/2020 20:15:00	-4,94	-5,05	-5,15	-5,49	-6,05	-7,03	-8,01	-8,76	-9,10	-9,29	-9,46	-9,56	-9,66	-4,93	0
05/02/2020 20:20:00	-4,98	-5,07	-5,13	-5,46	-6,07	-7,02	-7,97	-8,72	-9,08	-9,28	-9,46	-9,56	-9,66	-5,17	0
05/02/2020 20:25:00	-5,01	-5,17	-5,26	-5,47	-6,03	-6,94	-7,87	-8,61	-8,97	-9,18	-9,38	-9,51	-9,64	-5,10	0
05/02/2020 20:30:00	-5,13	-5,13	-5,21	-5,54	-6,06	-6,95	-7,83	-8,49	-8,79	-8,95	-9,09	-9,17	-9,25	-5,33	0
05/02/2020 20:35:00	-5,04	-5,05	-5,17	-5,49	-6,08	-7,01	-7,93	-8,62	-8,94	-9,12	-9,28	-9,37	-9,47	-5,00	0
05/02/2020 20:40:00	-4,93	-5,11	-5,21	-5,48	-5,95	-6,90	-7,90	-8,66	-9,01	-9,21	-9,41	-9,56	-9,70	-5,18	0
05/02/2020 20:45:00	-5,07	-5,07	-5,19	-5,49	-6,08	-7,02	-8,02	-8,78	-9,11	-9,30	-9,49	-9,61	-9,74	-5,29	0
05/02/2020 20:50:00	-5,15	-5,08	-5,12	-5,40	-5,97	-6,99	-7,98	-8,77	-9,16	-9,39	-9,61	-9,76	-9,91	-5,19	0
05/02/2020 20:55:00	-5,11	-5,21	-5,24	-5,44	-6,03	-6,99	-8,00	-8,81	-9,21	-9,45	-9,66	-9,81	-9,96	-5,13	0
05/02/2020 21:00:00	-5,26	-5,36	-5,54	-5,87	-6,55	-7,42	-8,25	-8,88	-9,18	-9,33	-9,45	-9,50	-9,55	-5,21	0
05/02/2020 21:05:00	-5,34	-5,56	-5,67	-5,90	-6,40	-7,34	-8,36	-9,14	-9,48	-9,67	-9,86	-9,98	-10,11	-5,49	0
05/02/2020 21:10:00	-5,47	-5,72	-5,89	-6,09	-6,58	-7,47	-8,33	-9,00	-9,31	-9,48	-9,65	-9,77	-9,88	-5,49	0
05/02/2020 21:15:00	-5,55	-5,77	-5,88	-6,05	-6,55	-7,40	-8,26	-8,95	-9,28	-9,46	-9,64	-9,77	-9,90	-5,62	0
05/02/2020 21:20:00	-5,63	-5,83	-5,91	-6,10	-6,56	-7,42	-8,31	-9,00	-9,31	-9,48	-9,63	-9,74	-9,84	-5,71	0
05/02/2020 21:25:00	-5,84	-5,90	-5,90	-6,64	-7,34	-8,49	-9,63	-10,47	-10,82	-10,97	-11,06	-11,04	-11,02	-5,84	0
05/02/2020 21:30:00	-6,19	-6,39	-6,43	-6,79	-7,26	-8,09	-8,89	-9,50	-9,76	-9,88	-9,99	-10,03	-10,07	-5,92	0
05/02/2020 21:35:00	-5,91	-6,16	-6,23	-6,45	-6,91	-7,75	-8,62	-9,30	-9,60	-9,76	-9,91	-10,01	-10,11	-5,84	0
05/02/2020 21:40:00	-6,04	-6,23	-6,30	-6,57	-6,97	-7,78	-8,63	-9,26	-9,50	-9,63	-9,74	-9,81	-9,88	-6,01	0
05/02/2020 21:45:00	-5,95	-6,18	-6,27	-6,50	-6,95	-7,78	-8,64	-9,31	-9,60	-9,76	-9,92	-10,02	-10,13	-6,08	0
05/02/2020 21:50:00	-5,99	-6,32	-6,32	-6,43	-6,84	-7,60	-8,39	-9,05	-9,38	-9,56	-9,74	-9,86	-9,98	-5,92	0
05/02/2020 21:55:00	-6,01	-6,32	-6,41	-6,50	-6,86	-7,66	-8,53	-9,21	-9,51	-9,69	-9,88	-10,04	-10,20	-6,08	0
05/02/2020 22:00:00	-6,07	-6,40	-6,61	-6,89	-7,32	-8,14	-8,95	-9,54	-9,75	-9,85	-9,94	-9,98	-10,02	-6,18	0
05/02/2020 22:05:00	-6,10	-6,53	-6,67	-6,79	-7,18	-7,93	-8,70	-9,31	-9,57	-9,71	-9,86	-9,96	-10,07	-6,19	0
05/02/2020 22:10:00	-6,18	-6,42	-6,53	-6,77	-7,22	-8,01	-8,83	-9,45	-9,70	-9,83	-9,95	-10,02	-10,09	-6,24	0
05/02/2020 22:15:00	-6,15	-6,39	-6,48	-6,70	-7,17	-8,00	-8,86	-9,53	-9,83	-9,98	-10,13	-10,22	-10,31	-6,23	0
05/02/2020 22:20:00	-6,24	-6,60	-6,68	-6,68	-6,96	-7,75	-8,60	-9,28	-9,57	-9,74	-9,93	-10,08	-10,24	-6,24	0
05/02/2020 22:25:00	-6,28	-6,49	-6,61	-6,86	-7,34	-8,16	-8,97	-9,60	-9,88	-10,01	-10,15	-10,23	-10,31	-6,31	0
05/02/2020 22:30:00	-6,27	-6,52	-6,65	-6,76	-7,15	-7,94	-8,78	-9,44	-9,72	-9,88	-10,05	-10,19	-10,33	-6,26	0
05/02/2020 22:35:00	-6,28	-6,58	-6,78	-6,96	-7,34	-8,02	-8,74	-9,26	-9,43	-9,51	-9,60	-9,64	-9,69	-6,22	0
05/02/2020 22:40:00	-6,20	-6,50	-6,64	-6,79	-7,22	-8,01	-8,83	-9,47	-9,74	-9,88	-10,03	-10,13	-10,24	-6,48	0
05/02/2020 22:45:00	-6,37	-6,78	-6,91	-6,99	-7,39	-8,14	-8,94	-9,57	-9,84	-9,99	-10,13	-10,23	-10,33	-6,36	0
05/02/2020 22:50:00	-6,35	-6,62	-6,81	-7,09	-7,49	-8,17	-8,83	-9,31	-9,46	-9,52	-9,58	-9,60	-9,62	-6,37	0
05/02/2020 22:55:00	-6,33	-6,68	-6,74	-6,83	-7,19	-7,91	-8,69	-9,31	-9,58	-9,72	-9,87	-9,97	-10,08	-6,51	0
05/02/2020 23:00:00	-6,53	-6,68	-6,85	-7,15	-7,62	-8,35	-9,07	-9,58	-9,76	-9,83	-9,89	-9,89	-9,90	-6,39	0
05/02/2020 23:05:00	-6,52	-6,78	-6,84	-7,05	-7,44	-8,12	-8,82	-9,36	-9,57	-9,66	-9,74	-9,77	-9,80	-6,44	0
05/02/2020 23:10:00	-6,52	-6,84	-7,00	-7,18	-7,56	-8,28	-9,00	-9,54	-9,74	-9,83	-9,93	-9,98	-10,03	-6,54	0
05/02/2020 23:15:00	-6,57	-6,95	-6,98	-6,92	-7,16	-7,83	-8,60	-9,22	-9,48	-9,63	-9,80	-9,95	-10,09	-6,38	0
05/02/2020 23:20:00	-6,57	-7,02	-7,09	-7,19	-7,43	-8,06	-8,75	-9,28	-9,47	-9,56	-9,66	-9,73	-9,79	-6,59	0
05/02/2020 23:25:00	-6,65	-6,95	-7,02	-7,06	-7,31	-7,97	-8,72	-9,28	-9,48	-9,59	-9,71	-9,81	-9,90	-6,59	0
05/02/2020 23:30:00	-6,63	-6,98	-6,97	-7,04	-7,34	-7,99	-8,69	-9,25	-9,50	-9,63	-9,76	-9,84	-9,93	-6,59	0
05/02/2020 23:35:00	-6,59	-7,01	-7,17	-7,21	-7,45	-8,02	-8,61	-9,06	-9,23	-9,31	-9,42	-9,51	-9,60	-6,81	0
05/02/2020 23:40:00	-6,78	-7,23	-7,31	-7,30	-7,52	-8,16	-8,90	-9,47	-9,69	-9,81	-9,95	-10,08	-10,20	-6,81	0
05/02/2020 23:45:00	-6,77	-7,23	-7,44	-7,51	-7,82	-8,37	-8,95	-9,39	-9,54	-9,60	-9,68	-9,74	-9,79	-6,73	0
05/02/2020 23:50:00	-6,80	-7,32	-7,33	-7,36	-7,56	-8,15	-8,80	-9,34	-9,56	-9,68	-9,81	-9,91	-10,01	-6,85	0
05/02/2020 23:55:00	-6,88	-7,28	-7,45	-7,44	-7,72	-8,31	-8,89	-9,36	-9,54	-9,63	-9,74	-9,83	-9,92	-6,89	0
