FileFormat:0002.2 file with temperature of atmosphere
200
local	GMT or Local
0	GMT-Local=[hours]
0	Height[m]
0	0	0	Longitude                [grd]               [min]               [sec]
0	0	0	Latitude                [grd]               [min]               [sec]
N	NS
59,40	Freq[GHz]
0,00	dTemostat[K]
0,150	MessErr[K]
0,248	//[grad/step]
version 14.0.20110218
MTP5H033F5940K-33.00D180214+A1.1
Commentary:
enter comment
End Of Commentary

SYSTEM\summer.dat
data time	0	50	100	150	200	250	300	350	400	450	500	550	600	OutsideTemperature	Quality
12/09/2020 00:00:00	11,49	12,00	12,05	11,99	11,81	11,47	11,17	10,85	10,52	10,19	9,83	9,45	9,06	11,50	0
12/09/2020 00:05:00	11,50	11,89	12,00	11,90	11,64	11,41	11,15	10,86	10,54	10,22	9,88	9,53	9,17	11,56	0
12/09/2020 00:10:00	11,61	12,09	12,14	11,95	11,76	11,47	11,18	10,88	10,56	10,24	9,92	9,58	9,24	11,58	0
12/09/2020 00:15:00	11,58	11,89	11,99	11,93	11,81	11,60	11,30	11,01	10,71	10,41	10,08	9,72	9,36	11,48	0
12/09/2020 00:20:00	11,40	11,78	11,90	11,85	11,72	11,48	11,14	10,81	10,50	10,17	9,81	9,43	9,04	11,39	0
12/09/2020 00:25:00	11,26	11,74	11,88	11,77	11,57	11,26	11,00	10,71	10,38	10,05	9,70	9,33	8,97	11,30	0
12/09/2020 00:30:00	11,20	11,84	12,01	11,92	11,78	11,48	11,19	10,88	10,55	10,22	9,87	9,50	9,13	11,28	0
12/09/2020 00:35:00	11,27	11,73	11,89	11,87	11,73	11,49	11,24	10,97	10,67	10,35	10,01	9,65	9,29	11,19	0
12/09/2020 00:40:00	11,09	11,74	11,93	11,91	11,69	11,39	11,14	10,85	10,51	10,17	9,81	9,42	9,04	11,20	0
12/09/2020 00:45:00	11,25	11,78	11,92	11,83	11,67	11,42	11,19	10,92	10,61	10,31	9,99	9,65	9,32	11,23	0
12/09/2020 00:50:00	11,26	11,67	11,69	11,67	11,52	11,27	11,03	10,77	10,48	10,19	9,88	9,55	9,22	11,29	0
12/09/2020 00:55:00	11,23	11,72	11,80	11,77	11,70	11,47	11,22	10,95	10,67	10,38	10,07	9,74	9,41	11,35	0
12/09/2020 01:00:00	11,26	11,76	11,91	11,87	11,77	11,58	11,29	11,01	10,71	10,41	10,09	9,74	9,40	11,33	0
12/09/2020 01:05:00	11,31	11,84	11,92	11,87	11,73	11,53	11,27	11,00	10,70	10,42	10,11	9,79	9,47	11,27	0
12/09/2020 01:10:00	11,13	11,80	11,93	11,90	11,74	11,50	11,22	10,92	10,61	10,30	9,96	9,61	9,26	11,26	0
12/09/2020 01:15:00	11,19	11,59	11,60	11,56	11,45	11,27	11,02	10,77	10,50	10,24	9,96	9,66	9,37	11,25	0
12/09/2020 01:20:00	11,22	11,50	11,64	11,59	11,46	11,26	11,01	10,75	10,46	10,16	9,83	9,49	9,15	11,15	0
12/09/2020 01:25:00	11,18	11,64	11,69	11,56	11,34	11,09	10,80	10,50	10,19	9,88	9,56	9,23	8,89	11,15	0
12/09/2020 01:30:00	11,22	11,50	11,50	11,42	11,31	11,14	10,85	10,57	10,30	10,02	9,73	9,42	9,11	11,09	0
12/09/2020 01:35:00	11,21	11,36	11,43	11,42	11,36	11,15	10,94	10,71	10,44	10,17	9,87	9,54	9,22	11,14	0
12/09/2020 01:40:00	11,00	11,44	11,57	11,52	11,40	11,22	10,94	10,65	10,36	10,06	9,75	9,41	9,07	11,13	0
12/09/2020 01:45:00	11,05	11,52	11,65	11,64	11,54	11,36	11,10	10,83	10,55	10,26	9,95	9,62	9,29	11,03	0
12/09/2020 01:50:00	11,06	11,43	11,57	11,56	11,43	11,26	11,07	10,85	10,57	10,30	10,01	9,70	9,39	10,97	0
12/09/2020 01:55:00	10,89	11,39	11,49	11,44	11,34	11,16	10,90	10,63	10,35	10,07	9,78	9,46	9,15	10,90	0
12/09/2020 02:00:00	11,02	11,43	11,50	11,45	11,31	11,20	10,94	10,68	10,41	10,15	9,87	9,58	9,29	10,92	0
12/09/2020 02:05:00	10,93	11,13	11,19	11,17	10,94	10,77	10,54	10,28	10,00	9,71	9,41	9,08	8,76	10,98	0
12/09/2020 02:10:00	10,95	11,24	11,22	11,15	11,07	10,88	10,68	10,45	10,20	9,95	9,70	9,43	9,16	11,01	0
12/09/2020 02:15:00	10,99	11,11	11,10	10,95	10,77	10,59	10,35	10,09	9,82	9,55	9,28	8,99	8,70	10,93	0
12/09/2020 02:20:00	11,05	11,09	11,04	11,00	10,90	10,73	10,48	10,23	9,98	9,72	9,45	9,15	8,86	10,95	0
12/09/2020 02:25:00	10,94	11,07	11,02	10,96	10,88	10,78	10,56	10,33	10,09	9,86	9,63	9,38	9,12	10,92	0
12/09/2020 02:30:00	10,94	11,15	11,25	11,24	11,24	11,04	10,87	10,66	10,41	10,16	9,88	9,58	9,28	10,87	0
12/09/2020 02:35:00	10,87	10,95	11,09	11,15	11,06	10,98	10,78	10,56	10,31	10,05	9,76	9,45	9,13	10,75	0
12/09/2020 02:40:00	10,56	11,03	11,32	11,40	11,35	11,21	11,02	10,80	10,52	10,24	9,92	9,58	9,24	10,67	0
12/09/2020 02:45:00	10,39	11,10	11,42	11,55	11,58	11,44	11,21	10,96	10,69	10,40	10,09	9,75	9,40	10,52	0
12/09/2020 02:50:00	10,34	11,11	11,43	11,47	11,48	11,34	11,11	10,87	10,59	10,30	10,00	9,67	9,35	10,39	0
12/09/2020 02:55:00	10,42	11,02	11,28	11,31	11,23	11,08	10,86	10,62	10,33	10,04	9,74	9,41	9,08	10,34	0
12/09/2020 03:00:00	10,22	10,85	11,13	11,28	11,28	11,21	11,02	10,80	10,54	10,28	10,00	9,68	9,37	10,25	0
12/09/2020 03:05:00	10,29	10,78	11,01	11,12	11,15	11,05	10,85	10,63	10,38	10,13	9,85	9,54	9,23	10,23	0
12/09/2020 03:10:00	10,22	10,76	11,02	11,19	11,16	11,09	10,89	10,67	10,41	10,14	9,85	9,53	9,21	10,10	0
12/09/2020 03:15:00	10,16	10,53	10,72	10,77	10,70	10,63	10,39	10,15	9,89	9,62	9,34	9,03	8,72	10,07	0
12/09/2020 03:20:00	10,09	10,53	10,68	10,72	10,72	10,58	10,40	10,19	9,94	9,69	9,43	9,14	8,85	10,24	0
12/09/2020 03:25:00	10,13	10,46	10,56	10,58	10,56	10,45	10,30	10,11	9,87	9,65	9,42	9,17	8,92	10,07	0
12/09/2020 03:30:00	10,13	10,42	10,62	10,63	10,63	10,62	10,45	10,25	10,02	9,79	9,56	9,30	9,05	10,03	0
12/09/2020 03:35:00	10,01	10,32	10,45	10,55	10,53	10,45	10,29	10,09	9,86	9,63	9,38	9,11	8,83	10,04	0
12/09/2020 03:40:00	10,05	10,32	10,49	10,57	10,62	10,58	10,43	10,24	10,03	9,81	9,58	9,32	9,06	10,03	0
12/09/2020 03:45:00	10,01	10,32	10,48	10,58	10,62	10,52	10,37	10,18	9,95	9,72	9,47	9,20	8,93	9,98	0
12/09/2020 03:50:00	9,96	10,24	10,45	10,56	10,57	10,50	10,37	10,20	9,97	9,74	9,49	9,22	8,94	9,98	0
12/09/2020 03:55:00	9,96	10,20	10,31	10,40	10,44	10,40	10,27	10,11	9,90	9,70	9,49	9,26	9,02	9,98	0
12/09/2020 04:00:00	9,93	10,22	10,44	10,54	10,56	10,47	10,30	10,10	9,86	9,61	9,34	9,04	8,75	9,97	0
12/09/2020 04:05:00	9,90	10,17	10,31	10,39	10,31	10,25	10,09	9,90	9,66	9,42	9,18	8,91	8,63	9,92	0
12/09/2020 04:10:00	9,82	10,19	10,44	10,59	10,65	10,60	10,42	10,23	10,00	9,76	9,50	9,21	8,92	9,85	0
12/09/2020 04:15:00	9,80	10,18	10,44	10,53	10,54	10,47	10,32	10,14	9,90	9,65	9,39	9,11	8,83	9,79	0
12/09/2020 04:20:00	9,69	10,28	10,58	10,73	10,79	10,71	10,57	10,39	10,15	9,91	9,65	9,36	9,07	9,78	0
12/09/2020 04:25:00	9,62	10,27	10,59	10,76	10,76	10,71	10,56	10,37	10,12	9,87	9,61	9,31	9,02	9,69	0
12/09/2020 04:30:00	9,68	10,24	10,44	10,59	10,66	10,63	10,49	10,31	10,10	9,89	9,67	9,42	9,18	9,57	0
12/09/2020 04:35:00	9,52	10,05	10,34	10,41	10,48	10,45	10,32	10,15	9,92	9,70	9,47	9,22	8,96	9,51	0
12/09/2020 04:40:00	9,43	9,97	10,22	10,37	10,47	10,45	10,32	10,16	9,95	9,74	9,52	9,27	9,03	9,43	0
12/09/2020 04:45:00	9,46	9,88	10,17	10,38	10,49	10,51	10,34	10,16	9,95	9,73	9,49	9,22	8,94	9,43	0
12/09/2020 04:50:00	9,31	9,85	10,13	10,27	10,35	10,30	10,16	9,98	9,75	9,52	9,28	9,02	8,75	9,32	0
12/09/2020 04:55:00	9,38	9,84	10,15	10,32	10,42	10,40	10,29	10,14	9,92	9,70	9,46	9,19	8,93	9,30	0
12/09/2020 05:00:00	9,27	9,82	10,16	10,36	10,43	10,40	10,28	10,11	9,88	9,65	9,40	9,12	8,84	9,27	0
12/09/2020 05:05:00	9,18	9,66	9,97	10,12	10,27	10,26	10,18	10,04	9,83	9,63	9,42	9,18	8,94	9,20	0
12/09/2020 05:10:00	9,21	9,73	10,02	10,21	10,30	10,31	10,21	10,06	9,85	9,65	9,43	9,19	8,95	9,17	0
12/09/2020 05:15:00	9,15	9,50	9,84	10,05	10,22	10,25	10,16	10,03	9,83	9,63	9,41	9,15	8,90	9,10	0
12/09/2020 05:20:00	9,04	9,63	9,97	10,17	10,22	10,17	10,10	9,95	9,72	9,49	9,25	8,98	8,71	9,05	0
12/09/2020 05:25:00	9,05	9,64	10,05	10,33	10,43	10,42	10,28	10,10	9,87	9,63	9,36	9,06	8,75	9,09	0
12/09/2020 05:30:00	9,04	9,73	10,08	10,34	10,43	10,38	10,24	10,06	9,83	9,59	9,32	9,03	8,74	9,07	0
12/09/2020 05:35:00	8,96	9,51	9,83	10,01	10,08	9,96	9,90	9,75	9,52	9,28	9,03	8,76	8,48	8,99	0
12/09/2020 05:40:00	9,12	9,61	9,92	10,18	10,23	10,18	10,06	9,90	9,67	9,43	9,17	8,88	8,58	8,97	0
12/09/2020 05:45:00	9,07	9,69	10,02	10,29	10,42	10,39	10,25	10,08	9,86	9,64	9,39	9,11	8,83	9,01	0
12/09/2020 05:50:00	9,02	9,51	9,83	10,02	10,12	10,15	10,07	9,93	9,72	9,52	9,31	9,07	8,83	9,02	0
12/09/2020 05:55:00	8,95	9,51	9,77	9,94	10,03	10,06	10,00	9,88	9,68	9,50	9,32	9,11	8,91	9,02	0
12/09/2020 06:00:00	8,88	9,51	9,87	10,05	10,18	10,24	10,16	10,02	9,82	9,63	9,43	9,21	8,99	8,93	0
12/09/2020 06:05:00	8,83	9,55	9,98	10,19	10,27	10,28	10,17	10,01	9,77	9,54	9,29	9,02	8,75	8,95	0
12/09/2020 06:10:00	8,96	9,47	9,78	10,01	10,12	10,22	10,13	9,99	9,80	9,62	9,42	9,20	8,98	8,96	0
12/09/2020 06:15:00	8,86	9,50	9,97	10,27	10,41	10,49	10,41	10,28	10,07	9,86	9,63	9,37	9,11	8,88	0
12/09/2020 06:20:00	8,85	9,59	10,07	10,33	10,50	10,58	10,46	10,30	10,09	9,88	9,64	9,38	9,11	8,83	0
12/09/2020 06:25:00	8,75	9,46	9,92	10,19	10,32	10,36	10,26	10,11	9,89	9,67	9,43	9,15	8,88	8,77	0
12/09/2020 06:30:00	8,74	9,56	9,87	10,08	10,14	10,16	10,05	9,88	9,66	9,45	9,24	9,01	8,77	8,63	0
12/09/2020 06:35:00	8,70	9,36	9,59	9,81	9,88	9,92	9,81	9,66	9,47	9,28	9,09	8,88	8,66	8,69	0
12/09/2020 06:40:00	8,87	9,40	9,56	9,82	9,97	9,91	9,85	9,73	9,54	9,35	9,17	8,94	8,72	8,85	0
12/09/2020 06:45:00	8,89	9,33	9,49	9,72	9,85	9,88	9,82	9,71	9,54	9,37	9,21	9,01	8,81	8,87	0
12/09/2020 06:50:00	9,01	9,28	9,29	9,47	9,58	9,61	9,56	9,47	9,31	9,18	9,05	8,89	8,74	9,00	0
12/09/2020 06:55:00	9,07	9,31	9,25	9,34	9,49	9,47	9,41	9,30	9,15	9,01	8,90	8,76	8,62	9,16	0
12/09/2020 07:00:00	9,19	9,30	9,19	9,32	9,43	9,49	9,41	9,30	9,16	9,04	8,94	8,81	8,68	9,22	0
12/09/2020 07:05:00	9,36	9,38	9,25	9,39	9,51	9,55	9,49	9,39	9,26	9,14	9,04	8,91	8,77	9,30	0
12/09/2020 07:10:00	9,41	9,43	9,33	9,47	9,58	9,59	9,54	9,44	9,30	9,18	9,06	8,91	8,76	9,40	0
12/09/2020 07:15:00	9,46	9,48	9,39	9,59	9,73	9,70	9,61	9,49	9,34	9,20	9,06	8,88	8,69	9,56	0
12/09/2020 07:20:00	9,66	9,62	9,49	9,59	9,73	9,75	9,66	9,54	9,40	9,28	9,17	9,02	8,87	9,67	0
12/09/2020 07:25:00	9,67	9,58	9,40	9,48	9,53	9,53	9,45	9,34	9,19	9,06	8,95	8,80	8,66	9,65	0
12/09/2020 07:30:00	9,69	9,56	9,33	9,30	9,36	9,37	9,36	9,29	9,15	9,06	9,00	8,91	8,82	9,66	0
12/09/2020 07:35:00	9,84	9,58	9,30	9,40	9,48	9,52	9,47	9,40	9,28	9,19	9,12	9,01	8,90	9,82	0
12/09/2020 07:40:00	9,79	9,64	9,33	9,38	9,45	9,41	9,27	9,14	8,99	8,87	8,77	8,63	8,49	9,87	0
12/09/2020 07:45:00	9,93	9,64	9,34	9,27	9,23	9,24	9,18	9,08	8,93	8,82	8,75	8,64	8,54	9,97	0
12/09/2020 07:50:00	10,09	9,60	9,14	9,08	9,02	9,00	8,87	8,73	8,59	8,48	8,40	8,29	8,17	10,08	0
12/09/2020 07:55:00	10,18	9,69	9,33	9,26	9,18	9,19	9,10	8,98	8,84	8,72	8,63	8,52	8,40	10,23	0
12/09/2020 08:00:00	10,23	9,78	9,44	9,43	9,39	9,31	9,18	9,05	8,89	8,74	8,61	8,44	8,28	10,27	0
12/09/2020 08:05:00	10,32	9,85	9,59	9,71	9,83	9,88	9,76	9,66	9,54	9,43	9,32	9,17	9,02	10,39	0
12/09/2020 08:10:00	10,46	9,97	9,61	9,72	9,79	9,70	9,59	9,47	9,33	9,20	9,06	8,88	8,71	10,17	0
12/09/2020 08:15:00	10,77	10,17	9,82	9,83	9,88	9,86	9,70	9,56	9,42	9,29	9,17	9,01	8,84	10,38	0
12/09/2020 08:20:00	10,61	10,09	9,67	9,61	9,63	9,59	9,48	9,36	9,23	9,12	9,04	8,92	8,80	10,47	0
12/09/2020 08:25:00	10,96	10,20	9,65	9,51	9,38	9,33	9,19	9,05	8,90	8,79	8,70	8,58	8,46	10,64	0
12/09/2020 08:30:00	10,92	10,17	9,71	9,69	9,51	9,29	8,99	8,74	8,52	8,29	8,04	7,76	7,47	10,97	0
12/09/2020 08:35:00	10,90	10,38	9,82	9,66	9,50	9,38	9,19	9,02	8,84	8,70	8,58	8,44	8,29	10,90	0
12/09/2020 08:40:00	11,00	10,39	9,78	9,51	9,41	9,25	9,02	8,82	8,64	8,49	8,37	8,23	8,08	11,17	0
12/09/2020 08:45:00	11,16	10,40	9,83	9,69	9,41	9,22	8,98	8,76	8,55	8,35	8,16	7,94	7,72	11,49	0
12/09/2020 08:50:00	11,06	10,43	9,87	9,66	9,49	9,41	9,25	9,08	8,91	8,78	8,68	8,55	8,43	11,55	0
12/09/2020 08:55:00	11,34	10,60	10,06	9,86	9,60	9,48	9,26	9,06	8,86	8,68	8,52	8,34	8,16	11,62	0
12/09/2020 09:00:00	11,81	10,73	10,06	9,85	9,62	9,49	9,33	9,17	9,00	8,85	8,73	8,57	8,42	11,71	0
12/09/2020 09:05:00	11,80	10,95	10,24	10,01	9,83	9,64	9,43	9,25	9,07	8,91	8,78	8,62	8,46	11,87	0
12/09/2020 09:10:00	12,09	10,87	10,09	9,87	9,74	9,61	9,46	9,33	9,20	9,09	9,01	8,89	8,78	11,93	0
12/09/2020 09:15:00	12,36	10,97	10,21	9,94	9,76	9,58	9,48	9,36	9,22	9,10	9,00	8,86	8,73	12,12	0
12/09/2020 09:20:00	12,33	11,12	10,47	10,24	10,07	9,87	9,71	9,55	9,37	9,21	9,06	8,87	8,69	12,31	0
12/09/2020 09:25:00	12,55	11,40	10,63	10,33	10,08	9,79	9,61	9,43	9,24	9,07	8,92	8,73	8,55	12,42	0
12/09/2020 09:30:00	12,49	11,56	10,82	10,51	10,26	10,03	9,79	9,57	9,37	9,20	9,04	8,86	8,68	12,57	0
12/09/2020 09:35:00	12,82	11,58	10,79	10,45	10,19	9,97	9,74	9,54	9,36	9,19	9,04	8,86	8,68	12,87	0
12/09/2020 09:40:00	12,70	11,82	11,20	10,90	10,63	10,40	10,16	9,93	9,72	9,51	9,33	9,11	8,90	12,91	0
12/09/2020 09:45:00	12,78	11,93	11,39	11,07	10,81	10,52	10,23	9,97	9,73	9,49	9,25	8,99	8,73	13,04	0
12/09/2020 09:50:00	13,03	12,04	11,52	11,18	10,96	10,70	10,41	10,15	9,91	9,67	9,43	9,16	8,89	13,41	0
12/09/2020 09:55:00	13,18	12,18	11,66	11,31	11,01	10,75	10,46	10,20	9,96	9,72	9,48	9,21	8,94	13,88	0
12/09/2020 10:00:00	13,30	12,41	11,88	11,53	11,15	10,83	10,52	10,24	9,96	9,69	9,41	9,11	8,82	14,12	0
12/09/2020 10:05:00	13,73	12,51	11,91	11,53	11,19	10,79	10,42	10,11	9,82	9,52	9,20	8,85	8,50	14,35	0
12/09/2020 10:10:00	13,69	12,68	12,10	11,71	11,33	10,94	10,60	10,30	10,02	9,73	9,44	9,12	8,80	14,59	0
12/09/2020 10:15:00	13,82	12,70	12,14	11,71	11,39	11,02	10,65	10,33	10,04	9,75	9,44	9,11	8,77	14,69	0
12/09/2020 10:20:00	13,99	12,82	12,18	11,75	11,39	11,03	10,68	10,38	10,11	9,84	9,56	9,25	8,95	15,11	0
12/09/2020 10:25:00	13,72	12,85	12,30	11,84	11,45	11,09	10,75	10,44	10,15	9,86	9,58	9,28	8,98	14,86	0
12/09/2020 10:30:00	14,16	13,09	12,45	11,96	11,50	11,08	10,68	10,33	10,02	9,72	9,40	9,06	8,73	14,80	0
12/09/2020 10:35:00	14,01	13,18	12,59	12,18	11,72	11,29	10,90	10,55	10,24	9,92	9,59	9,24	8,89	15,05	0
12/09/2020 10:40:00	13,91	13,17	12,61	12,16	11,77	11,36	11,02	10,70	10,40	10,10	9,80	9,48	9,17	14,94	0
12/09/2020 10:45:00	14,54	13,46	12,58	12,02	11,56	11,09	10,68	10,34	10,05	9,77	9,50	9,21	8,92	15,32	0
12/09/2020 10:50:00	14,48	13,39	12,56	12,09	11,64	11,22	10,83	10,50	10,22	9,95	9,67	9,37	9,07	15,17	0
12/09/2020 10:55:00	14,69	13,62	12,80	12,29	11,84	11,42	11,03	10,71	10,42	10,15	9,87	9,58	9,29	15,79	0
12/09/2020 11:00:00	14,70	13,90	13,16	12,66	12,15	11,60	11,14	10,74	10,40	10,05	9,69	9,32	8,94	15,80	0
12/09/2020 11:05:00	15,03	14,02	13,13	12,52	11,98	11,47	10,99	10,60	10,27	9,96	9,65	9,33	9,00	16,02	0
12/09/2020 11:10:00	14,90	14,08	13,25	12,67	12,18	11,66	11,17	10,76	10,43	10,11	9,78	9,43	9,09	16,09	0
12/09/2020 11:15:00	14,70	13,85	13,09	12,59	12,10	11,64	11,24	10,89	10,58	10,28	9,98	9,66	9,34	15,49	0
12/09/2020 11:20:00	14,91	14,03	13,20	12,68	12,21	11,77	11,38	11,04	10,75	10,47	10,20	9,91	9,62	16,02	0
12/09/2020 11:25:00	14,75	14,02	13,28	12,77	12,30	11,77	11,29	10,89	10,55	10,20	9,85	9,47	9,10	15,77	0
12/09/2020 11:30:00	14,94	14,04	13,30	12,80	12,39	11,94	11,51	11,16	10,86	10,55	10,24	9,90	9,57	15,70	0
12/09/2020 11:35:00	14,90	14,30	13,54	13,04	12,47	11,89	11,40	10,97	10,61	10,24	9,86	9,47	9,07	15,83	0
12/09/2020 11:40:00	15,33	14,30	13,44	12,84	12,26	11,71	11,21	10,80	10,45	10,11	9,75	9,38	9,01	16,18	0
12/09/2020 11:45:00	15,00	14,12	13,30	12,73	12,20	11,73	11,33	10,98	10,67	10,38	10,09	9,79	9,49	16,19	0
12/09/2020 11:50:00	15,12	14,09	13,16	12,69	12,22	11,76	11,34	10,99	10,70	10,42	10,13	9,81	9,50	16,25	0
12/09/2020 11:55:00	14,21	14,24	13,76	13,24	12,70	12,13	11,59	11,13	10,72	10,33	9,91	9,50	9,08	15,43	0
12/09/2020 12:00:00	14,21	14,04	13,62	13,19	12,78	12,26	11,78	11,36	10,99	10,61	10,20	9,79	9,37	15,54	0
12/09/2020 12:05:00	14,92	14,56	13,73	13,16	12,57	12,02	11,53	11,12	10,76	10,43	10,10	9,76	9,43	16,59	0
12/09/2020 12:10:00	14,42	14,33	13,71	13,25	12,74	12,15	11,66	11,22	10,84	10,47	10,08	9,68	9,28	15,81	0
12/09/2020 12:15:00	14,42	14,10	13,56	13,11	12,66	12,22	11,75	11,35	11,01	10,67	10,32	9,95	9,58	15,57	0
12/09/2020 12:20:00	14,56	14,35	13,69	13,19	12,65	12,13	11,62	11,18	10,81	10,45	10,08	9,70	9,33	15,82	0
12/09/2020 12:25:00	14,53	14,28	13,70	13,23	12,74	12,26	11,80	11,40	11,05	10,71	10,35	9,99	9,63	16,04	0
12/09/2020 12:30:00	15,34	14,56	13,75	13,16	12,63	12,13	11,67	11,28	10,94	10,62	10,30	9,96	9,62	16,58	0
12/09/2020 12:35:00	14,84	14,44	13,83	13,36	12,86	12,32	11,82	11,40	11,03	10,67	10,28	9,88	9,48	15,97	0
12/09/2020 12:40:00	14,33	14,21	13,81	13,44	13,04	12,57	12,07	11,65	11,28	10,90	10,49	10,07	9,64	15,83	0
12/09/2020 12:45:00	15,73	14,51	13,65	13,21	12,74	12,26	11,82	11,45	11,15	10,84	10,50	10,13	9,76	16,55	0
12/09/2020 12:50:00	15,69	14,79	14,05	13,56	13,13	12,73	12,28	11,91	11,61	11,30	10,98	10,63	10,28	16,80	0
12/09/2020 12:55:00	15,04	14,52	14,03	13,55	13,11	12,63	12,12	11,69	11,32	10,95	10,53	10,11	9,68	16,33	0
12/09/2020 13:00:00	14,98	14,58	14,12	13,67	13,25	12,79	12,33	11,94	11,59	11,23	10,85	10,45	10,05	16,02	0
12/09/2020 13:05:00	15,84	14,74	13,86	13,36	12,90	12,44	12,02	11,67	11,38	11,08	10,78	10,45	10,12	16,59	0
12/09/2020 13:10:00	14,86	14,76	14,40	14,02	13,54	13,00	12,50	12,06	11,67	11,26	10,81	10,35	9,88	16,39	0
12/09/2020 13:15:00	14,73	14,63	14,26	13,80	13,36	12,93	12,45	12,04	11,67	11,31	10,92	10,52	10,13	16,59	0
12/09/2020 13:20:00	15,35	14,86	14,17	13,68	13,16	12,68	12,23	11,84	11,50	11,17	10,83	10,48	10,12	16,80	0
12/09/2020 13:25:00	15,91	14,91	14,27	13,84	13,34	12,82	12,34	11,94	11,59	11,22	10,80	10,36	9,92	16,90	0
12/09/2020 13:30:00	15,54	14,94	14,38	13,96	13,53	13,05	12,56	12,15	11,80	11,43	11,03	10,60	10,17	17,07	0
12/09/2020 13:35:00	15,12	14,81	14,38	13,91	13,48	12,96	12,48	12,06	11,69	11,31	10,90	10,48	10,05	16,54	0
12/09/2020 13:40:00	14,98	14,82	14,43	14,02	13,57	13,10	12,62	12,20	11,83	11,45	11,04	10,61	10,19	16,55	0
12/09/2020 13:45:00	14,84	14,92	14,46	14,08	13,63	13,09	12,60	12,16	11,78	11,39	10,98	10,55	10,12	16,45	0
12/09/2020 13:50:00	15,00	14,82	14,40	13,95	13,47	12,93	12,50	12,10	11,72	11,34	10,94	10,53	10,12	16,60	0
12/09/2020 13:55:00	15,97	14,92	14,17	13,63	13,17	12,70	12,29	11,94	11,63	11,31	10,98	10,63	10,28	16,89	0
12/09/2020 14:00:00	16,26	15,05	14,29	13,76	13,32	12,90	12,48	12,13	11,84	11,53	11,20	10,85	10,50	17,33	0
12/09/2020 14:05:00	16,35	15,04	14,19	13,60	13,12	12,69	12,27	11,92	11,62	11,32	11,00	10,67	10,33	17,34	0
12/09/2020 14:10:00	15,83	15,20	14,41	13,95	13,45	12,93	12,47	12,08	11,75	11,42	11,07	10,71	10,34	17,34	0
12/09/2020 14:15:00	15,15	14,94	14,53	14,09	13,63	13,17	12,70	12,29	11,93	11,56	11,16	10,75	10,34	16,60	0
12/09/2020 14:20:00	16,13	15,18	14,49	13,97	13,49	12,98	12,55	12,17	11,84	11,50	11,14	10,76	10,38	17,07	0
12/09/2020 14:25:00	15,74	15,17	14,61	14,14	13,67	13,16	12,74	12,35	12,01	11,65	11,28	10,88	10,49	16,93	0
12/09/2020 14:30:00	16,64	15,31	14,56	14,02	13,44	12,91	12,46	12,07	11,72	11,36	10,96	10,53	10,11	17,61	0
12/09/2020 14:35:00	16,34	15,55	14,61	14,04	13,47	12,90	12,41	12,01	11,67	11,34	10,99	10,63	10,27	17,59	0
12/09/2020 14:40:00	15,38	15,18	14,74	14,26	13,76	13,25	12,79	12,37	11,99	11,61	11,21	10,80	10,38	17,00	0
12/09/2020 14:45:00	16,27	15,39	14,69	14,21	13,71	13,25	12,82	12,45	12,12	11,79	11,44	11,06	10,68	17,12	0
12/09/2020 14:50:00	15,99	15,38	14,70	14,21	13,76	13,31	12,83	12,43	12,10	11,77	11,42	11,04	10,67	17,81	0
12/09/2020 14:55:00	15,43	15,25	14,85	14,44	14,02	13,53	13,08	12,68	12,31	11,94	11,54	11,11	10,69	17,08	0
12/09/2020 15:00:00	16,52	15,36	14,53	14,04	13,58	13,16	12,74	12,39	12,09	11,78	11,46	11,10	10,75	17,65	0
12/09/2020 15:05:00	16,24	15,44	14,81	14,33	13,84	13,35	12,88	12,49	12,14	11,78	11,38	10,97	10,55	18,04	0
12/09/2020 15:10:00	16,24	15,58	14,83	14,27	13,73	13,18	12,71	12,31	11,96	11,62	11,26	10,89	10,51	17,91	0
12/09/2020 15:15:00	16,02	15,41	14,91	14,46	14,02	13,55	13,09	12,70	12,35	11,98	11,58	11,15	10,73	17,59	0
12/09/2020 15:20:00	15,35	15,32	14,99	14,54	14,08	13,54	13,05	12,61	12,22	11,81	11,37	10,91	10,46	17,05	0
12/09/2020 15:25:00	15,16	15,16	14,88	14,51	14,06	13,61	13,16	12,75	12,38	11,99	11,57	11,14	10,70	16,92	0
12/09/2020 15:30:00	15,63	15,29	14,78	14,37	13,90	13,42	12,98	12,59	12,25	11,89	11,52	11,12	10,72	17,12	0
12/09/2020 15:35:00	16,04	15,33	14,72	14,28	13,83	13,36	12,93	12,56	12,24	11,90	11,53	11,14	10,75	17,34	0
12/09/2020 15:40:00	15,30	15,28	14,95	14,54	14,09	13,60	13,13	12,71	12,33	11,94	11,52	11,09	10,65	17,01	0
12/09/2020 15:45:00	16,21	15,40	14,77	14,28	13,87	13,44	12,99	12,62	12,30	11,97	11,62	11,24	10,86	17,57	0
12/09/2020 15:50:00	16,36	15,70	14,95	14,39	13,84	13,32	12,88	12,50	12,16	11,82	11,48	11,12	10,76	18,06	0
12/09/2020 15:55:00	16,22	15,63	15,05	14,55	14,02	13,52	13,04	12,62	12,26	11,88	11,47	11,05	10,63	18,02	0
12/09/2020 16:00:00	15,92	15,39	14,94	14,51	14,09	13,63	13,17	12,78	12,43	12,06	11,65	11,22	10,79	17,55	0
12/09/2020 16:05:00	16,08	15,38	14,76	14,28	13,83	13,36	12,94	12,57	12,24	11,91	11,56	11,18	10,81	17,57	0
12/09/2020 16:10:00	15,24	15,29	15,04	14,63	14,17	13,65	13,19	12,77	12,38	11,98	11,54	11,09	10,63	17,09	0
12/09/2020 16:15:00	15,14	15,25	15,07	14,72	14,29	13,78	13,29	12,85	12,44	12,01	11,54	11,05	10,55	16,89	0
12/09/2020 16:20:00	15,27	15,57	15,40	15,01	14,60	14,10	13,60	13,14	12,74	12,32	11,85	11,37	10,90	16,92	0
12/09/2020 16:25:00	15,51	15,58	15,29	14,92	14,46	13,97	13,52	13,10	12,72	12,32	11,89	11,44	11,00	17,01	0
12/09/2020 16:30:00	15,97	15,69	15,23	14,84	14,41	13,91	13,44	13,03	12,67	12,28	11,86	11,42	10,98	17,31	0
12/09/2020 16:35:00	16,07	15,67	15,21	14,82	14,41	13,91	13,46	13,06	12,70	12,33	11,92	11,48	11,04	17,72	0
12/09/2020 16:40:00	15,87	15,75	15,37	14,96	14,53	14,00	13,56	13,17	12,79	12,41	12,00	11,56	11,13	17,52	0
12/09/2020 16:45:00	15,90	15,75	15,39	14,96	14,51	14,04	13,57	13,16	12,78	12,40	11,98	11,55	11,11	17,77	0
12/09/2020 16:50:00	15,87	15,72	15,33	14,93	14,51	14,02	13,55	13,13	12,76	12,38	11,95	11,51	11,06	17,38	0
12/09/2020 16:55:00	15,73	15,72	15,37	14,98	14,56	14,11	13,68	13,30	12,94	12,57	12,18	11,77	11,36	17,31	0
12/09/2020 17:00:00	15,62	15,70	15,39	14,98	14,51	14,05	13,58	13,15	12,77	12,38	11,96	11,53	11,09	17,21	0
12/09/2020 17:05:00	15,84	15,95	15,71	15,31	14,89	14,40	13,93	13,50	13,11	12,71	12,26	11,80	11,34	17,19	0
12/09/2020 17:10:00	15,81	15,95	15,66	15,27	14,87	14,39	13,90	13,48	13,10	12,70	12,27	11,82	11,37	16,93	0
12/09/2020 17:15:00	15,91	15,97	15,69	15,33	14,90	14,41	13,94	13,52	13,13	12,73	12,28	11,82	11,36	17,16	0
12/09/2020 17:20:00	15,81	15,90	15,72	15,36	14,91	14,43	13,95	13,52	13,12	12,70	12,23	11,74	11,26	17,07	0
12/09/2020 17:25:00	15,57	15,79	15,60	15,28	14,87	14,41	13,95	13,53	13,14	12,74	12,29	11,83	11,36	16,86	0
12/09/2020 17:30:00	15,45	15,80	15,66	15,28	14,85	14,35	13,90	13,48	13,08	12,67	12,22	11,76	11,29	16,64	0
12/09/2020 17:35:00	15,62	16,05	15,98	15,67	15,26	14,76	14,29	13,85	13,44	13,01	12,53	12,03	11,53	16,58	0
12/09/2020 17:40:00	15,83	16,02	15,83	15,49	15,11	14,65	14,19	13,78	13,40	13,00	12,56	12,10	11,64	16,74	0
12/09/2020 17:45:00	16,06	16,45	16,30	15,96	15,56	15,06	14,57	14,13	13,73	13,30	12,83	12,34	11,85	16,80	0
12/09/2020 17:50:00	16,13	16,32	16,19	15,87	15,48	15,04	14,56	14,14	13,75	13,33	12,86	12,37	11,89	16,67	0
12/09/2020 17:55:00	16,18	16,68	16,60	16,28	15,85	15,34	14,86	14,42	14,00	13,57	13,08	12,57	12,07	16,86	0
12/09/2020 18:00:00	16,16	16,62	16,53	16,24	15,83	15,36	14,92	14,51	14,11	13,69	13,22	12,74	12,26	16,87	0
12/09/2020 18:05:00	16,45	16,89	16,80	16,48	16,10	15,63	15,18	14,76	14,37	13,96	13,50	13,02	12,54	16,80	0
12/09/2020 18:10:00	16,50	16,90	16,82	16,51	16,07	15,63	15,16	14,73	14,33	13,91	13,43	12,93	12,44	16,67	0
12/09/2020 18:15:00	16,57	16,98	16,87	16,55	16,15	15,66	15,21	14,79	14,40	13,98	13,51	13,02	12,53	16,59	0
12/09/2020 18:20:00	16,46	16,92	16,86	16,56	16,16	15,69	15,26	14,85	14,45	14,03	13,57	13,08	12,60	16,30	0
12/09/2020 18:25:00	16,31	16,76	16,72	16,43	16,06	15,57	15,09	14,65	14,24	13,81	13,31	12,79	12,27	16,25	0
12/09/2020 18:30:00	16,35	16,60	16,58	16,30	15,94	15,52	15,09	14,70	14,31	13,90	13,43	12,94	12,46	16,15	0
12/09/2020 18:35:00	16,07	16,66	16,64	16,32	15,93	15,46	15,00	14,57	14,17	13,74	13,27	12,78	12,29	16,20	0
12/09/2020 18:40:00	16,27	16,77	16,77	16,49	16,07	15,63	15,16	14,72	14,31	13,88	13,38	12,87	12,36	15,97	0
12/09/2020 18:45:00	15,98	16,51	16,56	16,28	15,88	15,39	14,94	14,51	14,09	13,64	13,13	12,61	12,09	15,89	0
12/09/2020 18:50:00	15,81	16,47	16,56	16,33	16,05	15,66	15,21	14,80	14,42	14,00	13,53	13,04	12,55	15,82	0
12/09/2020 18:55:00	15,64	16,46	16,59	16,40	16,07	15,65	15,19	14,75	14,35	13,91	13,41	12,88	12,36	15,70	0
12/09/2020 19:00:00	15,62	16,23	16,49	16,32	15,97	15,55	15,12	14,70	14,28	13,82	13,29	12,74	12,19	15,62	0
12/09/2020 19:05:00	15,35	16,47	16,71	16,48	16,08	15,64	15,20	14,76	14,32	13,87	13,37	12,85	12,34	15,57	0
12/09/2020 19:10:00	15,46	16,62	16,87	16,61	16,27	15,80	15,33	14,88	14,44	13,99	13,47	12,95	12,42	15,45	0
12/09/2020 19:15:00	15,30	16,55	16,99	16,83	16,43	15,97	15,48	14,99	14,52	14,01	13,42	12,82	12,22	15,50	0
12/09/2020 19:20:00	15,14	16,44	16,83	16,65	16,34	15,86	15,36	14,88	14,43	13,94	13,37	12,79	12,21	15,25	0
12/09/2020 19:25:00	15,17	16,56	16,95	16,76	16,36	15,85	15,34	14,85	14,38	13,87	13,29	12,70	12,11	15,15	0
12/09/2020 19:30:00	15,68	16,48	16,63	16,40	16,03	15,61	15,17	14,74	14,33	13,90	13,41	12,91	12,40	15,20	0
12/09/2020 19:35:00	15,54	16,30	16,61	16,47	16,20	15,78	15,33	14,91	14,50	14,04	13,50	12,94	12,38	15,18	0
12/09/2020 19:40:00	15,17	16,26	16,63	16,44	16,10	15,68	15,23	14,79	14,36	13,90	13,37	12,82	12,28	15,14	0
12/09/2020 19:45:00	15,04	16,28	16,68	16,50	16,23	15,78	15,32	14,87	14,43	13,96	13,42	12,87	12,31	15,04	0
12/09/2020 19:50:00	14,91	16,25	16,63	16,54	16,24	15,76	15,30	14,85	14,41	13,93	13,38	12,81	12,24	14,80	0
12/09/2020 19:55:00	14,84	16,08	16,45	16,29	15,95	15,50	15,01	14,54	14,09	13,61	13,05	12,48	11,91	14,78	0
12/09/2020 20:00:00	14,59	16,03	16,42	16,29	16,01	15,54	15,08	14,62	14,18	13,71	13,17	12,62	12,07	14,64	0
12/09/2020 20:05:00	14,78	15,97	16,33	16,21	15,89	15,43	14,98	14,55	14,11	13,64	13,09	12,54	11,98	14,75	0
12/09/2020 20:10:00	14,82	16,16	16,47	16,28	15,98	15,58	15,14	14,71	14,29	13,85	13,36	12,87	12,37	14,90	0
12/09/2020 20:15:00	14,99	16,19	16,40	16,21	15,87	15,43	14,96	14,51	14,09	13,64	13,14	12,63	12,12	14,70	0
12/09/2020 20:20:00	15,21	15,91	16,11	15,96	15,70	15,35	14,95	14,56	14,18	13,77	13,30	12,80	12,31	14,97	0
12/09/2020 20:25:00	14,74	15,90	16,30	16,13	15,86	15,52	15,10	14,68	14,27	13,84	13,34	12,83	12,33	14,58	0
12/09/2020 20:30:00	14,62	16,01	16,39	16,26	16,00	15,57	15,11	14,67	14,24	13,78	13,25	12,71	12,18	14,12	0
12/09/2020 20:35:00	14,71	16,02	16,30	16,13	15,88	15,49	15,00	14,54	14,12	13,67	13,17	12,65	12,12	14,30	0
12/09/2020 20:40:00	14,84	15,95	16,26	16,11	15,82	15,42	15,00	14,59	14,17	13,73	13,24	12,72	12,21	14,49	0
12/09/2020 20:45:00	14,64	15,96	16,29	16,18	15,89	15,45	15,03	14,61	14,19	13,74	13,23	12,70	12,18	14,48	0
12/09/2020 20:50:00	14,59	15,83	16,22	16,13	15,88	15,52	15,08	14,65	14,24	13,79	13,28	12,75	12,22	14,50	0
12/09/2020 20:55:00	15,04	15,85	16,05	15,87	15,58	15,21	14,82	14,44	14,05	13,65	13,19	12,72	12,25	14,56	0
12/09/2020 21:00:00	14,98	15,76	15,94	15,81	15,55	15,24	14,83	14,44	14,07	13,67	13,22	12,74	12,27	14,72	0
12/09/2020 21:05:00	15,19	15,72	15,81	15,65	15,39	15,08	14,74	14,40	14,06	13,70	13,29	12,86	12,43	14,84	0
12/09/2020 21:10:00	14,88	15,77	15,93	15,77	15,48	15,13	14,74	14,36	13,98	13,59	13,15	12,69	12,23	14,70	0
12/09/2020 21:15:00	14,70	15,35	15,50	15,39	15,13	14,83	14,45	14,09	13,74	13,35	12,92	12,46	12,00	14,57	0
12/09/2020 21:20:00	14,57	15,35	15,51	15,38	15,14	14,78	14,41	14,05	13,68	13,29	12,85	12,38	11,92	14,59	0
12/09/2020 21:25:00	14,50	15,21	15,37	15,26	15,03	14,74	14,37	14,02	13,66	13,29	12,87	12,43	11,99	14,49	0
12/09/2020 21:30:00	14,50	15,24	15,46	15,38	15,17	14,83	14,45	14,08	13,71	13,32	12,86	12,38	11,89	14,46	0
12/09/2020 21:35:00	14,56	15,17	15,30	15,24	15,08	14,75	14,40	14,06	13,72	13,35	12,92	12,47	12,02	14,37	0
12/09/2020 21:40:00	14,19	14,93	15,12	15,03	14,81	14,54	14,18	13,82	13,47	13,10	12,69	12,25	11,81	14,37	0
12/09/2020 21:45:00	14,20	14,84	15,05	14,95	14,76	14,48	14,14	13,81	13,46	13,10	12,68	12,24	11,80	14,14	0
12/09/2020 21:50:00	14,27	14,79	14,91	14,78	14,58	14,29	14,00	13,69	13,37	13,03	12,65	12,25	11,85	14,05	0
12/09/2020 21:55:00	13,86	14,67	14,85	14,75	14,54	14,25	13,90	13,55	13,20	12,84	12,44	12,01	11,59	14,12	0
12/09/2020 22:00:00	13,79	14,61	14,87	14,80	14,56	14,33	13,98	13,63	13,28	12,91	12,49	12,05	11,62	13,99	0
12/09/2020 22:05:00	13,66	14,63	14,85	14,75	14,52	14,19	13,85	13,50	13,14	12,77	12,35	11,92	11,49	13,98	0
12/09/2020 22:10:00	13,88	14,73	14,97	14,89	14,71	14,45	14,12	13,79	13,44	13,09	12,68	12,26	11,84	13,82	0
12/09/2020 22:15:00	13,79	14,68	14,96	14,91	14,76	14,53	14,21	13,89	13,56	13,20	12,81	12,39	11,97	13,79	0
12/09/2020 22:20:00	13,70	14,79	15,08	15,03	14,81	14,51	14,17	13,82	13,46	13,08	12,65	12,21	11,76	13,83	0
12/09/2020 22:25:00	13,73	14,64	14,91	14,89	14,76	14,42	14,11	13,79	13,44	13,06	12,64	12,19	11,74	13,76	0
12/09/2020 22:30:00	13,61	14,34	14,63	14,60	14,45	14,25	13,93	13,61	13,28	12,93	12,53	12,10	11,68	13,62	0
12/09/2020 22:35:00	13,61	14,26	14,53	14,50	14,31	14,11	13,82	13,52	13,19	12,85	12,46	12,05	11,64	13,60	0
12/09/2020 22:40:00	13,56	14,24	14,54	14,47	14,30	14,08	13,79	13,48	13,15	12,80	12,40	11,99	11,57	13,57	0
12/09/2020 22:45:00	13,47	14,39	14,64	14,64	14,47	14,20	13,91	13,61	13,27	12,92	12,52	12,11	11,69	13,57	0
12/09/2020 22:50:00	13,57	14,37	14,59	14,60	14,47	14,17	13,86	13,55	13,22	12,86	12,46	12,03	11,60	13,57	0
12/09/2020 22:55:00	13,38	14,09	14,35	14,35	14,17	13,93	13,66	13,37	13,05	12,71	12,32	11,91	11,50	13,45	0
12/09/2020 23:00:00	13,35	14,04	14,28	14,24	14,13	13,86	13,58	13,28	12,96	12,62	12,23	11,82	11,41	13,53	0
12/09/2020 23:05:00	13,49	14,20	14,39	14,34	14,20	13,93	13,64	13,33	13,01	12,67	12,29	11,89	11,48	13,51	0
12/09/2020 23:10:00	13,33	14,15	14,36	14,34	14,22	13,97	13,69	13,40	13,09	12,77	12,41	12,02	11,64	13,39	0
12/09/2020 23:15:00	13,28	13,97	14,21	14,20	14,05	13,88	13,59	13,30	12,99	12,66	12,30	11,91	11,52	13,28	0
12/09/2020 23:20:00	13,37	14,27	14,56	14,58	14,44	14,24	13,96	13,66	13,34	13,00	12,62	12,22	11,82	13,39	0
12/09/2020 23:25:00	13,14	13,98	14,20	14,20	14,03	13,80	13,53	13,24	12,92	12,59	12,22	11,84	11,45	13,32	0
12/09/2020 23:30:00	13,37	13,90	14,01	13,95	13,84	13,65	13,40	13,13	12,84	12,55	12,23	11,88	11,53	13,24	0
12/09/2020 23:35:00	13,18	13,68	13,89	13,91	13,80	13,59	13,34	13,07	12,77	12,45	12,09	11,69	11,30	13,25	0
12/09/2020 23:40:00	13,33	13,89	14,06	13,98	13,87	13,65	13,40	13,13	12,83	12,53	12,19	11,83	11,47	13,29	0
12/09/2020 23:45:00	13,20	13,96	14,15	14,17	14,03	13,81	13,54	13,25	12,94	12,61	12,25	11,85	11,46	13,27	0
12/09/2020 23:50:00	13,22	13,91	14,10	14,09	13,99	13,81	13,54	13,26	12,97	12,66	12,32	11,95	11,58	13,08	0
12/09/2020 23:55:00	13,00	13,56	13,73	13,73	13,61	13,42	13,17	12,91	12,62	12,31	11,97	11,61	11,24	13,12	0
