FileFormat:0002.2 file with temperature of atmosphere
200
local	GMT or Local
0	GMT-Local=[hours]
0	Height[m]
0	0	0	Longitude                [grd]               [min]               [sec]
0	0	0	Latitude                [grd]               [min]               [sec]
N	NS
59,40	Freq[GHz]
0,00	dTemostat[K]
0,150	MessErr[K]
0,248	//[grad/step]
version 14.0.20110218
MTP5H033F5940K-33.00D180214+A1.1
Commentary:
enter comment
End Of Commentary

SYSTEM\alaska.dat
data time	0	50	100	150	200	250	300	350	400	450	500	550	600	OutsideTemperature	Quality
02/02/2020 00:00:00	-2,07	-2,43	-2,95	-3,43	-4,05	-4,70	-5,30	-5,68	-5,79	-5,86	-5,93	-5,95	-5,97	-2,09	0
02/02/2020 00:05:00	-2,10	-2,40	-2,85	-3,34	-3,96	-4,66	-5,31	-5,75	-5,91	-6,03	-6,14	-6,21	-6,28	-2,11	0
02/02/2020 00:10:00	-2,08	-2,42	-2,94	-3,50	-4,07	-4,76	-5,38	-5,78	-5,89	-5,97	-6,05	-6,09	-6,13	-2,05	0
02/02/2020 00:15:00	-2,13	-2,46	-2,88	-3,43	-4,06	-4,76	-5,37	-5,78	-5,95	-6,05	-6,14	-6,17	-6,21	-2,12	0
02/02/2020 00:20:00	-1,97	-2,34	-2,84	-3,52	-4,11	-4,77	-5,32	-5,64	-5,74	-5,79	-5,82	-5,81	-5,80	-2,02	0
02/02/2020 00:25:00	-2,12	-2,43	-2,85	-3,47	-4,09	-4,76	-5,38	-5,77	-5,90	-5,98	-6,04	-6,05	-6,06	-2,07	0
02/02/2020 00:30:00	-2,02	-2,27	-2,75	-3,29	-3,91	-4,64	-5,27	-5,68	-5,83	-5,94	-6,03	-6,08	-6,14	-1,99	0
02/02/2020 00:35:00	-1,98	-2,25	-2,70	-3,26	-3,89	-4,60	-5,21	-5,60	-5,73	-5,81	-5,87	-5,88	-5,88	-1,99	0
02/02/2020 00:40:00	-2,07	-2,32	-2,76	-3,34	-3,94	-4,66	-5,25	-5,64	-5,78	-5,87	-5,94	-5,97	-5,99	-2,04	0
02/02/2020 00:45:00	-1,92	-2,25	-2,67	-3,23	-3,79	-4,45	-5,00	-5,33	-5,44	-5,49	-5,53	-5,52	-5,50	-1,97	0
02/02/2020 00:50:00	-1,92	-2,20	-2,68	-3,17	-3,80	-4,48	-5,05	-5,42	-5,55	-5,64	-5,72	-5,75	-5,78	-1,87	0
02/02/2020 00:55:00	-1,89	-2,21	-2,65	-3,16	-3,73	-4,41	-4,94	-5,29	-5,41	-5,50	-5,57	-5,59	-5,61	-1,88	0
02/02/2020 01:00:00	-1,90	-2,11	-2,49	-3,14	-3,73	-4,46	-5,08	-5,46	-5,59	-5,65	-5,70	-5,67	-5,65	-1,87	0
02/02/2020 01:05:00	-1,87	-2,13	-2,57	-3,22	-3,85	-4,52	-5,10	-5,44	-5,53	-5,58	-5,60	-5,56	-5,51	-1,91	0
02/02/2020 01:10:00	-1,97	-2,26	-2,68	-3,24	-3,78	-4,47	-5,11	-5,52	-5,66	-5,75	-5,83	-5,87	-5,91	-1,97	0
02/02/2020 01:15:00	-1,94	-2,33	-2,74	-3,16	-3,67	-4,32	-4,98	-5,42	-5,56	-5,66	-5,76	-5,82	-5,88	-1,97	0
02/02/2020 01:20:00	-2,01	-2,21	-2,80	-3,45	-4,10	-4,73	-5,14	-5,34	-5,35	-5,34	-5,32	-5,25	-5,18	-2,00	0
02/02/2020 01:25:00	-1,94	-2,27	-2,70	-3,25	-3,79	-4,41	-4,91	-5,23	-5,32	-5,38	-5,43	-5,43	-5,43	-1,94	0
02/02/2020 01:30:00	-2,01	-2,21	-2,69	-3,28	-3,89	-4,54	-5,07	-5,38	-5,45	-5,48	-5,50	-5,47	-5,43	-2,00	0
02/02/2020 01:35:00	-2,01	-2,22	-2,70	-3,37	-3,96	-4,60	-5,15	-5,44	-5,49	-5,52	-5,53	-5,48	-5,44	-2,00	0
02/02/2020 01:40:00	-1,99	-2,27	-2,77	-3,29	-3,80	-4,41	-4,92	-5,21	-5,27	-5,31	-5,36	-5,38	-5,39	-1,97	0
02/02/2020 01:45:00	-2,06	-2,26	-2,75	-3,33	-3,96	-4,59	-5,11	-5,41	-5,48	-5,52	-5,54	-5,51	-5,49	-1,97	0
02/02/2020 01:50:00	-2,07	-2,33	-2,82	-3,38	-3,94	-4,53	-5,09	-5,40	-5,45	-5,48	-5,51	-5,49	-5,48	-2,11	0
02/02/2020 01:55:00	-2,17	-2,54	-3,03	-3,58	-4,09	-4,65	-5,13	-5,40	-5,45	-5,48	-5,51	-5,49	-5,48	-2,16	0
02/02/2020 02:00:00	-2,26	-2,62	-3,12	-3,68	-4,20	-4,78	-5,27	-5,55	-5,59	-5,61	-5,63	-5,61	-5,59	-2,21	0
02/02/2020 02:05:00	-2,25	-2,61	-3,07	-3,52	-4,05	-4,59	-5,10	-5,40	-5,46	-5,49	-5,53	-5,52	-5,51	-2,26	0
02/02/2020 02:10:00	-2,17	-2,48	-2,90	-3,39	-3,94	-4,59	-5,13	-5,48	-5,59	-5,66	-5,73	-5,74	-5,76	-2,17	0
02/02/2020 02:15:00	-2,11	-2,48	-2,94	-3,51	-4,02	-4,61	-5,11	-5,41	-5,47	-5,51	-5,55	-5,55	-5,54	-2,14	0
02/02/2020 02:20:00	-2,08	-2,37	-2,84	-3,39	-3,87	-4,45	-4,97	-5,25	-5,29	-5,31	-5,33	-5,31	-5,29	-2,06	0
02/02/2020 02:25:00	-2,06	-2,32	-2,67	-3,21	-3,75	-4,37	-4,90	-5,23	-5,34	-5,40	-5,44	-5,42	-5,41	-2,06	0
02/02/2020 02:30:00	-2,08	-2,39	-2,85	-3,39	-3,83	-4,37	-4,82	-5,06	-5,07	-5,08	-5,10	-5,08	-5,05	-2,05	0
02/02/2020 02:35:00	-2,05	-2,31	-2,74	-3,15	-3,65	-4,20	-4,71	-5,02	-5,09	-5,15	-5,21	-5,25	-5,28	-2,06	0
02/02/2020 02:40:00	-2,07	-2,35	-2,77	-3,28	-3,71	-4,22	-4,67	-4,92	-4,94	-4,97	-4,99	-4,99	-4,98	-2,02	0
02/02/2020 02:45:00	-1,98	-2,37	-2,75	-3,05	-3,56	-4,13	-4,66	-5,02	-5,16	-5,25	-5,35	-5,40	-5,45	-2,02	0
02/02/2020 02:50:00	-2,06	-2,26	-2,68	-3,17	-3,68	-4,23	-4,68	-4,93	-4,98	-5,01	-5,04	-5,02	-5,01	-1,99	0
02/02/2020 02:55:00	-1,95	-2,27	-2,71	-3,14	-3,57	-4,10	-4,56	-4,81	-4,85	-4,88	-4,91	-4,91	-4,91	-1,89	0
02/02/2020 03:00:00	-1,93	-2,19	-2,65	-3,17	-3,65	-4,19	-4,61	-4,83	-4,86	-4,88	-4,90	-4,88	-4,85	-1,91	0
02/02/2020 03:05:00	-1,91	-2,18	-2,54	-3,01	-3,51	-4,08	-4,56	-4,86	-4,95	-5,01	-5,06	-5,07	-5,07	-1,89	0
02/02/2020 03:10:00	-1,83	-2,07	-2,50	-2,95	-3,44	-4,04	-4,52	-4,80	-4,87	-4,92	-4,96	-4,97	-4,98	-1,88	0
02/02/2020 03:15:00	-1,88	-2,19	-2,61	-3,07	-3,57	-4,04	-4,46	-4,70	-4,74	-4,77	-4,81	-4,80	-4,79	-1,86	0
02/02/2020 03:20:00	-1,85	-2,08	-2,46	-2,93	-3,38	-3,95	-4,47	-4,77	-4,83	-4,88	-4,93	-4,94	-4,94	-1,86	0
02/02/2020 03:25:00	-1,83	-2,20	-2,60	-2,98	-3,39	-3,87	-4,26	-4,49	-4,53	-4,57	-4,61	-4,62	-4,62	-1,85	0
02/02/2020 03:30:00	-1,83	-2,17	-2,59	-2,95	-3,36	-3,85	-4,27	-4,52	-4,57	-4,61	-4,67	-4,69	-4,72	-1,90	0
02/02/2020 03:35:00	-1,89	-2,17	-2,60	-3,01	-3,40	-3,88	-4,25	-4,43	-4,44	-4,45	-4,47	-4,45	-4,44	-1,87	0
02/02/2020 03:40:00	-1,92	-2,20	-2,67	-3,10	-3,59	-4,03	-4,41	-4,58	-4,57	-4,57	-4,56	-4,52	-4,48	-1,88	0
02/02/2020 03:45:00	-1,90	-2,30	-2,78	-3,19	-3,58	-4,00	-4,38	-4,56	-4,55	-4,56	-4,58	-4,58	-4,58	-1,96	0
02/02/2020 03:50:00	-1,92	-2,24	-2,72	-3,15	-3,58	-4,06	-4,45	-4,65	-4,65	-4,65	-4,66	-4,64	-4,62	-1,94	0
02/02/2020 03:55:00	-1,96	-2,28	-2,69	-3,11	-3,63	-4,12	-4,49	-4,70	-4,75	-4,78	-4,80	-4,78	-4,75	-1,96	0
02/02/2020 04:00:00	-1,95	-2,26	-2,66	-3,06	-3,50	-4,02	-4,42	-4,65	-4,70	-4,74	-4,78	-4,77	-4,77	-1,94	0
02/02/2020 04:05:00	-1,92	-2,23	-2,72	-3,22	-3,69	-4,13	-4,45	-4,58	-4,54	-4,51	-4,48	-4,41	-4,34	-1,91	0
02/02/2020 04:10:00	-1,94	-2,26	-2,69	-3,19	-3,65	-4,11	-4,48	-4,66	-4,66	-4,66	-4,65	-4,60	-4,55	-1,91	0
02/02/2020 04:15:00	-1,92	-2,15	-2,59	-3,07	-3,56	-4,05	-4,45	-4,66	-4,67	-4,68	-4,70	-4,67	-4,65	-1,89	0
02/02/2020 04:20:00	-1,88	-2,13	-2,55	-3,07	-3,54	-4,03	-4,47	-4,68	-4,69	-4,69	-4,68	-4,63	-4,59	-1,84	0
02/02/2020 04:25:00	-1,76	-2,09	-2,54	-3,00	-3,40	-3,84	-4,18	-4,34	-4,33	-4,33	-4,34	-4,32	-4,30	-1,79	0
02/02/2020 04:30:00	-1,81	-2,08	-2,47	-2,91	-3,37	-3,83	-4,20	-4,39	-4,42	-4,44	-4,46	-4,44	-4,42	-1,79	0
02/02/2020 04:35:00	-1,77	-2,03	-2,45	-2,85	-3,28	-3,80	-4,22	-4,45	-4,50	-4,54	-4,59	-4,61	-4,62	-1,78	0
02/02/2020 04:40:00	-1,74	-1,93	-2,41	-2,84	-3,29	-3,73	-4,06	-4,19	-4,16	-4,16	-4,16	-4,12	-4,09	-1,73	0
02/02/2020 04:45:00	-1,74	-1,96	-2,35	-2,84	-3,24	-3,67	-4,00	-4,15	-4,13	-4,12	-4,11	-4,06	-4,01	-1,71	0
02/02/2020 04:50:00	-1,74	-2,00	-2,40	-2,85	-3,26	-3,68	-3,95	-4,07	-4,05	-4,04	-4,03	-3,98	-3,93	-1,76	0
02/02/2020 04:55:00	-1,74	-1,94	-2,33	-2,78	-3,22	-3,61	-3,92	-4,04	-4,01	-4,00	-3,98	-3,92	-3,86	-1,73	0
02/02/2020 05:00:00	-1,67	-1,85	-2,24	-2,69	-3,16	-3,61	-3,92	-4,06	-4,05	-4,05	-4,04	-3,97	-3,91	-1,63	0
02/02/2020 05:05:00	-1,53	-1,69	-2,09	-2,61	-3,06	-3,53	-3,87	-4,02	-4,00	-3,99	-3,97	-3,91	-3,84	-1,54	0
02/02/2020 05:10:00	-1,55	-1,60	-2,00	-2,54	-3,03	-3,51	-3,87	-4,02	-4,00	-3,99	-3,97	-3,90	-3,84	-1,52	0
02/02/2020 05:15:00	-1,48	-1,56	-1,92	-2,41	-2,91	-3,40	-3,79	-3,97	-3,98	-3,98	-3,97	-3,91	-3,85	-1,49	0
02/02/2020 05:20:00	-1,47	-1,59	-1,97	-2,44	-2,88	-3,39	-3,81	-4,02	-4,04	-4,07	-4,09	-4,08	-4,06	-1,42	0
02/02/2020 05:25:00	-1,40	-1,60	-1,92	-2,34	-2,71	-3,17	-3,54	-3,74	-3,77	-3,81	-3,84	-3,84	-3,84	-1,41	0
02/02/2020 05:30:00	-1,38	-1,46	-1,84	-2,37	-2,83	-3,34	-3,73	-3,92	-3,92	-3,94	-3,94	-3,90	-3,86	-1,37	0
02/02/2020 05:35:00	-1,37	-1,40	-1,80	-2,28	-2,78	-3,29	-3,67	-3,85	-3,86	-3,88	-3,88	-3,85	-3,81	-1,34	0
02/02/2020 05:40:00	-1,32	-1,40	-1,78	-2,17	-2,61	-3,12	-3,52	-3,73	-3,76	-3,80	-3,83	-3,83	-3,83	-1,32	0
02/02/2020 05:45:00	-1,24	-1,27	-1,68	-2,19	-2,70	-3,15	-3,46	-3,58	-3,55	-3,54	-3,52	-3,46	-3,39	-1,25	0
02/02/2020 05:50:00	-1,20	-1,26	-1,63	-2,04	-2,56	-3,07	-3,50	-3,71	-3,74	-3,77	-3,79	-3,76	-3,72	-1,20	0
02/02/2020 05:55:00	-1,22	-1,15	-1,56	-2,00	-2,58	-3,07	-3,43	-3,59	-3,59	-3,61	-3,60	-3,55	-3,51	-1,17	0
02/02/2020 06:00:00	-1,14	-1,14	-1,47	-2,00	-2,49	-2,98	-3,38	-3,57	-3,58	-3,59	-3,58	-3,52	-3,47	-1,15	0
02/02/2020 06:05:00	-1,12	-1,11	-1,53	-2,06	-2,54	-3,04	-3,33	-3,43	-3,39	-3,37	-3,34	-3,25	-3,17	-1,12	0
02/02/2020 06:10:00	-1,05	-1,17	-1,51	-1,90	-2,28	-2,76	-3,10	-3,26	-3,28	-3,32	-3,35	-3,34	-3,33	-1,07	0
02/02/2020 06:15:00	-1,06	-1,09	-1,41	-1,84	-2,28	-2,80	-3,18	-3,38	-3,43	-3,47	-3,51	-3,50	-3,48	-1,03	0
02/02/2020 06:20:00	-1,05	-1,01	-1,36	-1,86	-2,39	-2,87	-3,23	-3,40	-3,40	-3,42	-3,41	-3,36	-3,30	-1,02	0
02/02/2020 06:25:00	-1,00	-0,95	-1,26	-1,71	-2,21	-2,71	-3,10	-3,29	-3,32	-3,35	-3,36	-3,31	-3,27	-0,96	0
02/02/2020 06:30:00	-0,92	-0,92	-1,26	-1,73	-2,21	-2,71	-3,02	-3,15	-3,14	-3,15	-3,13	-3,06	-2,98	-0,91	0
02/02/2020 06:35:00	-0,89	-0,92	-1,23	-1,59	-2,04	-2,52	-2,95	-3,18	-3,23	-3,28	-3,33	-3,34	-3,35	-0,90	0
02/02/2020 06:40:00	-0,80	-0,86	-1,14	-1,53	-1,94	-2,38	-2,66	-2,79	-2,79	-2,81	-2,82	-2,77	-2,72	-0,82	0
02/02/2020 06:45:00	-0,76	-0,77	-1,00	-1,44	-1,92	-2,41	-2,75	-2,92	-2,96	-2,99	-2,99	-2,92	-2,86	-0,77	0
02/02/2020 06:50:00	-0,82	-0,64	-1,01	-1,52	-2,00	-2,41	-2,59	-2,59	-2,50	-2,45	-2,39	-2,27	-2,15	-0,76	0
02/02/2020 06:55:00	-0,72	-0,61	-0,87	-1,30	-1,70	-2,15	-2,46	-2,58	-2,56	-2,57	-2,56	-2,50	-2,44	-0,69	0
02/02/2020 07:00:00	-0,65	-0,62	-0,85	-1,16	-1,55	-1,97	-2,31	-2,48	-2,49	-2,53	-2,55	-2,53	-2,50	-0,65	0
02/02/2020 07:05:00	-0,65	-0,49	-0,78	-1,16	-1,56	-1,94	-2,27	-2,39	-2,35	-2,35	-2,34	-2,29	-2,24	-0,61	0
02/02/2020 07:10:00	-0,62	-0,54	-0,77	-1,26	-1,64	-2,02	-2,26	-2,30	-2,24	-2,22	-2,16	-2,05	-1,94	-0,62	0
02/02/2020 07:15:00	-0,63	-0,48	-0,71	-1,03	-1,43	-1,76	-1,98	-2,03	-1,99	-1,99	-1,97	-1,90	-1,84	-0,55	0
02/02/2020 07:20:00	-0,55	-0,40	-0,61	-0,92	-1,28	-1,66	-1,92	-2,02	-2,01	-2,03	-2,04	-2,01	-1,97	-0,51	0
02/02/2020 07:25:00	-0,48	-0,37	-0,53	-0,80	-1,18	-1,54	-1,87	-2,03	-2,05	-2,10	-2,13	-2,12	-2,10	-0,47	0
02/02/2020 07:30:00	-0,38	-0,33	-0,51	-0,78	-1,09	-1,43	-1,66	-1,73	-1,70	-1,72	-1,72	-1,67	-1,62	-0,42	0
02/02/2020 07:35:00	-0,42	-0,30	-0,48	-0,78	-1,12	-1,44	-1,63	-1,66	-1,62	-1,62	-1,60	-1,52	-1,45	-0,42	0
02/02/2020 07:40:00	-0,30	-0,24	-0,36	-0,61	-0,91	-1,28	-1,57	-1,71	-1,73	-1,77	-1,80	-1,78	-1,76	-0,35	0
02/02/2020 07:45:00	-0,35	-0,16	-0,34	-0,66	-1,04	-1,44	-1,67	-1,74	-1,73	-1,74	-1,73	-1,67	-1,60	-0,30	0
02/02/2020 07:50:00	-0,26	-0,09	-0,25	-0,60	-1,02	-1,38	-1,58	-1,62	-1,60	-1,60	-1,57	-1,47	-1,37	-0,25	0
02/02/2020 07:55:00	-0,23	-0,09	-0,21	-0,49	-0,86	-1,18	-1,52	-1,67	-1,68	-1,72	-1,74	-1,71	-1,68	-0,19	0
02/02/2020 08:00:00	-0,17	-0,03	-0,14	-0,45	-0,78	-1,19	-1,48	-1,61	-1,62	-1,67	-1,68	-1,64	-1,61	-0,13	0
02/02/2020 08:05:00	-0,11	0,09	-0,02	-0,38	-0,79	-1,22	-1,52	-1,65	-1,66	-1,69	-1,69	-1,61	-1,53	-0,09	0
02/02/2020 08:10:00	-0,04	0,18	0,10	-0,23	-0,62	-1,15	-1,51	-1,71	-1,79	-1,87	-1,91	-1,88	-1,86	-0,04	0
02/02/2020 08:15:00	-0,05	0,22	0,17	-0,11	-0,50	-1,02	-1,47	-1,75	-1,87	-1,99	-2,08	-2,11	-2,15	0,02	0
02/02/2020 08:20:00	0,08	0,25	0,16	-0,05	-0,48	-0,97	-1,35	-1,59	-1,70	-1,81	-1,89	-1,92	-1,94	0,07	0
02/02/2020 08:25:00	0,24	0,46	0,41	0,07	-0,36	-0,94	-1,39	-1,66	-1,79	-1,90	-1,97	-1,96	-1,96	0,22	0
02/02/2020 08:30:00	0,23	0,58	0,55	0,19	-0,23	-0,79	-1,23	-1,48	-1,58	-1,67	-1,72	-1,70	-1,68	0,25	0
02/02/2020 08:35:00	0,35	0,66	0,53	0,15	-0,28	-0,81	-1,19	-1,38	-1,44	-1,50	-1,53	-1,50	-1,46	0,34	0
02/02/2020 08:40:00	0,38	0,63	0,48	0,10	-0,31	-0,78	-1,10	-1,25	-1,28	-1,34	-1,36	-1,33	-1,30	0,37	0
02/02/2020 08:45:00	0,41	0,78	0,69	0,27	-0,20	-0,73	-1,14	-1,35	-1,41	-1,49	-1,52	-1,47	-1,43	0,41	0
02/02/2020 08:50:00	0,48	0,75	0,64	0,20	-0,21	-0,75	-1,14	-1,34	-1,39	-1,46	-1,48	-1,44	-1,40	0,47	0
02/02/2020 08:55:00	0,55	0,75	0,69	0,40	0,04	-0,50	-0,95	-1,22	-1,32	-1,43	-1,50	-1,52	-1,53	0,52	0
02/02/2020 09:00:00	0,56	0,82	0,76	0,41	-0,02	-0,56	-1,00	-1,25	-1,35	-1,45	-1,51	-1,49	-1,48	0,56	0
02/02/2020 09:05:00	0,60	0,98	0,87	0,50	0,04	-0,53	-1,01	-1,27	-1,36	-1,46	-1,53	-1,53	-1,53	0,66	0
02/02/2020 09:10:00	0,71	0,99	0,87	0,58	0,10	-0,46	-0,89	-1,15	-1,25	-1,37	-1,45	-1,47	-1,48	0,66	0
02/02/2020 09:15:00	0,74	1,03	0,94	0,58	0,09	-0,49	-0,97	-1,25	-1,36	-1,47	-1,53	-1,51	-1,50	0,70	0
02/02/2020 09:20:00	0,72	1,03	0,93	0,56	0,09	-0,43	-0,86	-1,08	-1,14	-1,21	-1,24	-1,19	-1,14	0,74	0
02/02/2020 09:25:00	0,78	1,09	0,99	0,58	0,07	-0,48	-0,89	-1,12	-1,20	-1,28	-1,32	-1,28	-1,24	0,76	0
02/02/2020 09:30:00	0,79	1,10	1,00	0,60	0,16	-0,38	-0,81	-1,03	-1,10	-1,18	-1,22	-1,19	-1,16	0,78	0
02/02/2020 09:35:00	0,82	1,13	0,99	0,54	0,05	-0,53	-0,90	-1,08	-1,14	-1,22	-1,24	-1,18	-1,13	0,79	0
02/02/2020 09:40:00	0,83	1,11	0,99	0,60	0,13	-0,43	-0,87	-1,10	-1,19	-1,29	-1,34	-1,32	-1,31	0,81	0
02/02/2020 09:45:00	0,83	1,12	1,01	0,61	0,12	-0,46	-0,86	-1,09	-1,18	-1,28	-1,33	-1,31	-1,29	0,83	0
02/02/2020 09:50:00	0,84	1,16	1,03	0,61	0,14	-0,45	-0,86	-1,08	-1,16	-1,25	-1,29	-1,26	-1,24	0,84	0
02/02/2020 09:55:00	0,84	1,20	1,06	0,60	0,04	-0,49	-0,87	-1,05	-1,10	-1,17	-1,19	-1,12	-1,06	0,83	0
02/02/2020 10:00:00	0,86	1,20	1,03	0,59	0,10	-0,40	-0,79	-0,97	-1,01	-1,07	-1,10	-1,06	-1,02	0,88	0
02/02/2020 10:05:00	0,88	1,22	1,06	0,61	0,16	-0,34	-0,77	-0,97	-1,00	-1,06	-1,07	-1,03	-0,98	0,89	0
02/02/2020 10:10:00	0,92	1,20	1,03	0,54	0,03	-0,52	-0,89	-1,06	-1,10	-1,16	-1,16	-1,09	-1,02	0,88	0
02/02/2020 10:15:00	0,90	1,26	1,04	0,47	-0,03	-0,56	-0,89	-1,00	-0,99	-1,01	-0,99	-0,90	-0,80	0,89	0
02/02/2020 10:20:00	0,95	1,26	1,09	0,66	0,11	-0,43	-0,82	-1,01	-1,07	-1,15	-1,18	-1,14	-1,09	0,91	0
02/02/2020 10:25:00	0,92	1,24	1,11	0,69	0,15	-0,36	-0,77	-0,98	-1,05	-1,13	-1,16	-1,12	-1,08	0,90	0
02/02/2020 10:30:00	0,94	1,24	1,03	0,57	0,07	-0,42	-0,78	-0,92	-0,94	-0,99	-1,00	-0,94	-0,88	0,92	0
02/02/2020 10:35:00	0,95	1,27	1,16	0,69	0,16	-0,43	-0,90	-1,16	-1,26	-1,35	-1,39	-1,35	-1,31	0,94	0
02/02/2020 10:40:00	0,97	1,34	1,18	0,68	0,06	-0,51	-0,97	-1,22	-1,31	-1,40	-1,44	-1,40	-1,37	0,96	0
02/02/2020 10:45:00	0,96	1,35	1,11	0,59	0,03	-0,53	-0,91	-1,06	-1,08	-1,13	-1,13	-1,07	-1,00	0,95	0
02/02/2020 10:50:00	0,96	1,28	1,09	0,63	0,12	-0,45	-0,82	-1,01	-1,07	-1,15	-1,19	-1,16	-1,13	0,94	0
02/02/2020 10:55:00	1,00	1,25	1,07	0,60	0,08	-0,40	-0,76	-0,91	-0,94	-0,99	-0,99	-0,92	-0,85	0,94	0
02/02/2020 11:00:00	0,99	1,30	1,18	0,79	0,18	-0,42	-0,80	-1,01	-1,12	-1,21	-1,25	-1,19	-1,13	0,94	0
02/02/2020 11:05:00	0,96	1,34	1,15	0,66	0,09	-0,50	-0,92	-1,10	-1,15	-1,21	-1,21	-1,13	-1,06	1,00	0
02/02/2020 11:10:00	0,97	1,37	1,16	0,69	0,11	-0,45	-0,95	-1,19	-1,25	-1,32	-1,36	-1,33	-1,30	1,02	0
02/02/2020 11:15:00	1,07	1,36	1,17	0,69	0,20	-0,39	-0,86	-1,10	-1,17	-1,26	-1,31	-1,29	-1,27	1,00	0
02/02/2020 11:20:00	1,08	1,44	1,27	0,72	0,16	-0,44	-0,92	-1,16	-1,23	-1,31	-1,34	-1,29	-1,24	1,05	0
02/02/2020 11:25:00	1,09	1,44	1,26	0,83	0,27	-0,34	-0,77	-1,00	-1,09	-1,19	-1,24	-1,22	-1,20	1,09	0
02/02/2020 11:30:00	1,14	1,57	1,38	0,79	0,22	-0,40	-0,85	-1,06	-1,12	-1,18	-1,19	-1,11	-1,04	1,13	0
02/02/2020 11:35:00	1,13	1,59	1,34	0,83	0,19	-0,42	-0,88	-1,09	-1,14	-1,21	-1,23	-1,18	-1,13	1,16	0
02/02/2020 11:40:00	1,17	1,53	1,36	0,96	0,39	-0,13	-0,61	-0,85	-0,93	-1,02	-1,07	-1,05	-1,03	1,14	0
02/02/2020 11:45:00	1,16	1,57	1,34	0,83	0,24	-0,32	-0,78	-1,00	-1,04	-1,11	-1,13	-1,09	-1,04	1,18	0
02/02/2020 11:50:00	1,13	1,58	1,37	0,87	0,33	-0,29	-0,72	-0,93	-1,00	-1,09	-1,13	-1,11	-1,10	1,16	0
02/02/2020 11:55:00	1,17	1,68	1,48	0,99	0,37	-0,29	-0,79	-1,05	-1,14	-1,24	-1,30	-1,28	-1,26	1,19	0
02/02/2020 12:00:00	1,17	1,62	1,44	0,97	0,36	-0,28	-0,71	-0,94	-1,03	-1,12	-1,17	-1,13	-1,09	1,18	0
02/02/2020 12:05:00	1,22	1,63	1,41	0,86	0,33	-0,26	-0,71	-0,91	-0,95	-1,01	-1,02	-0,96	-0,90	1,23	0
02/02/2020 12:10:00	1,15	1,64	1,49	0,95	0,41	-0,12	-0,42	-0,51	-0,50	-0,52	-0,49	-0,36	-0,24	1,21	0
02/02/2020 12:15:00	1,19	1,62	1,42	0,97	0,38	-0,06	-0,30	-0,35	-0,33	-0,34	-0,29	-0,17	-0,05	1,19	0
02/02/2020 12:20:00	1,11	1,61	1,46	0,92	0,38	-0,10	-0,39	-0,47	-0,46	-0,48	-0,45	-0,34	-0,23	1,19	0
02/02/2020 12:25:00	1,15	1,57	1,43	0,99	0,48	-0,07	-0,39	-0,52	-0,55	-0,60	-0,60	-0,52	-0,44	1,17	0
02/02/2020 12:30:00	1,18	1,63	1,53	1,09	0,58	0,04	-0,36	-0,53	-0,57	-0,63	-0,64	-0,56	-0,48	1,20	0
02/02/2020 12:35:00	1,21	1,60	1,55	1,11	0,58	0,05	-0,36	-0,56	-0,62	-0,69	-0,70	-0,62	-0,53	1,23	0
02/02/2020 12:40:00	1,24	1,61	1,50	1,03	0,56	0,00	-0,31	-0,46	-0,52	-0,59	-0,62	-0,56	-0,51	1,22	0
02/02/2020 12:45:00	1,22	1,63	1,52	1,03	0,54	0,05	-0,26	-0,37	-0,38	-0,42	-0,40	-0,30	-0,19	1,21	0
02/02/2020 12:50:00	1,15	1,59	1,46	0,96	0,46	-0,04	-0,34	-0,43	-0,43	-0,46	-0,43	-0,31	-0,20	1,17	0
02/02/2020 12:55:00	1,10	1,55	1,42	0,97	0,44	-0,05	-0,41	-0,56	-0,58	-0,64	-0,64	-0,57	-0,50	1,09	0
02/02/2020 13:00:00	1,13	1,55	1,42	0,90	0,43	-0,10	-0,47	-0,61	-0,62	-0,67	-0,66	-0,58	-0,49	1,11	0
02/02/2020 13:05:00	1,07	1,53	1,42	0,92	0,42	-0,09	-0,43	-0,55	-0,55	-0,59	-0,56	-0,46	-0,35	1,08	0
02/02/2020 13:10:00	1,09	1,49	1,27	0,83	0,34	-0,12	-0,36	-0,40	-0,36	-0,37	-0,33	-0,22	-0,11	1,09	0
02/02/2020 13:15:00	1,08	1,50	1,36	0,87	0,42	-0,04	-0,39	-0,50	-0,49	-0,51	-0,49	-0,39	-0,29	1,09	0
02/02/2020 13:20:00	1,10	1,57	1,46	1,08	0,55	0,09	-0,26	-0,41	-0,44	-0,50	-0,51	-0,45	-0,40	1,11	0
02/02/2020 13:25:00	1,15	1,52	1,41	1,02	0,53	0,10	-0,25	-0,38	-0,38	-0,41	-0,39	-0,30	-0,20	1,08	0
02/02/2020 13:30:00	1,11	1,48	1,34	0,97	0,51	0,10	-0,18	-0,28	-0,28	-0,32	-0,32	-0,25	-0,18	1,14	0
02/02/2020 13:35:00	1,08	1,48	1,37	0,99	0,51	0,01	-0,32	-0,47	-0,51	-0,57	-0,59	-0,54	-0,49	1,09	0
02/02/2020 13:40:00	1,11	1,50	1,38	0,93	0,50	0,01	-0,29	-0,40	-0,41	-0,45	-0,44	-0,37	-0,29	1,11	0
02/02/2020 13:45:00	1,11	1,53	1,42	0,99	0,48	0,00	-0,35	-0,48	-0,49	-0,53	-0,52	-0,42	-0,32	1,10	0
02/02/2020 13:50:00	1,10	1,54	1,43	1,01	0,53	0,07	-0,28	-0,43	-0,45	-0,50	-0,50	-0,43	-0,37	1,17	0
02/02/2020 13:55:00	1,11	1,52	1,45	0,99	0,52	0,07	-0,25	-0,36	-0,37	-0,41	-0,39	-0,29	-0,19	1,16	0
02/02/2020 14:00:00	1,11	1,50	1,36	0,90	0,45	0,01	-0,34	-0,45	-0,44	-0,46	-0,44	-0,35	-0,25	1,13	0
02/02/2020 14:05:00	1,14	1,48	1,40	1,04	0,64	0,19	-0,19	-0,35	-0,38	-0,44	-0,45	-0,41	-0,36	1,14	0
02/02/2020 14:10:00	1,11	1,54	1,42	1,07	0,50	0,06	-0,24	-0,36	-0,38	-0,43	-0,42	-0,34	-0,25	1,11	0
02/02/2020 14:15:00	1,09	1,54	1,46	1,05	0,56	0,10	-0,23	-0,35	-0,37	-0,41	-0,39	-0,30	-0,21	1,10	0
02/02/2020 14:20:00	1,06	1,50	1,38	0,96	0,51	0,03	-0,27	-0,39	-0,41	-0,47	-0,49	-0,44	-0,39	1,10	0
02/02/2020 14:25:00	1,05	1,49	1,42	1,01	0,64	0,15	-0,22	-0,38	-0,41	-0,47	-0,50	-0,46	-0,42	1,12	0
02/02/2020 14:30:00	1,06	1,49	1,33	0,90	0,46	0,09	-0,18	-0,24	-0,19	-0,20	-0,18	-0,10	-0,02	1,10	0
02/02/2020 14:35:00	1,01	1,46	1,33	0,87	0,40	-0,06	-0,35	-0,44	-0,43	-0,46	-0,43	-0,34	-0,24	1,09	0
02/02/2020 14:40:00	1,04	1,40	1,29	0,93	0,40	0,00	-0,27	-0,36	-0,37	-0,40	-0,38	-0,28	-0,18	1,04	0
02/02/2020 14:45:00	1,00	1,39	1,31	0,94	0,51	0,08	-0,26	-0,39	-0,41	-0,46	-0,47	-0,41	-0,35	1,04	0
02/02/2020 14:50:00	1,00	1,44	1,32	0,84	0,34	-0,08	-0,39	-0,48	-0,45	-0,47	-0,43	-0,31	-0,19	1,02	0
02/02/2020 14:55:00	0,98	1,33	1,23	0,78	0,35	-0,06	-0,37	-0,47	-0,46	-0,49	-0,47	-0,37	-0,28	0,99	0
02/02/2020 15:00:00	0,94	1,42	1,28	0,75	0,25	-0,15	-0,45	-0,51	-0,46	-0,45	-0,40	-0,26	-0,13	1,03	0
02/02/2020 15:05:00	1,02	1,37	1,29	0,93	0,52	0,13	-0,18	-0,30	-0,30	-0,35	-0,35	-0,28	-0,22	0,99	0
02/02/2020 15:10:00	1,00	1,49	1,39	0,89	0,43	-0,04	-0,35	-0,44	-0,42	-0,44	-0,41	-0,30	-0,18	1,03	0
02/02/2020 15:15:00	1,05	1,44	1,39	0,96	0,60	0,10	-0,21	-0,34	-0,37	-0,43	-0,44	-0,38	-0,32	1,03	0
02/02/2020 15:20:00	0,96	1,32	1,30	0,98	0,58	0,10	-0,24	-0,42	-0,48	-0,57	-0,61	-0,59	-0,56	0,98	0
02/02/2020 15:25:00	0,92	1,38	1,29	0,84	0,31	-0,14	-0,47	-0,57	-0,57	-0,58	-0,54	-0,40	-0,26	1,01	0
02/02/2020 15:30:00	1,02	1,33	1,21	0,89	0,47	0,02	-0,26	-0,38	-0,39	-0,45	-0,46	-0,41	-0,36	1,02	0
02/02/2020 15:35:00	0,92	1,26	1,25	1,01	0,60	0,21	-0,11	-0,28	-0,34	-0,44	-0,49	-0,49	-0,48	0,99	0
02/02/2020 15:40:00	0,92	1,23	1,16	0,83	0,50	0,08	-0,24	-0,37	-0,38	-0,44	-0,46	-0,43	-0,40	0,92	0
02/02/2020 15:45:00	0,87	1,14	1,11	0,83	0,51	0,07	-0,19	-0,30	-0,33	-0,39	-0,41	-0,36	-0,32	0,84	0
02/02/2020 15:50:00	0,73	1,00	0,92	0,62	0,28	-0,08	-0,32	-0,39	-0,38	-0,41	-0,40	-0,33	-0,26	0,77	0
02/02/2020 15:55:00	0,79	0,95	0,91	0,72	0,47	0,08	-0,20	-0,34	-0,38	-0,46	-0,51	-0,51	-0,51	0,76	0
02/02/2020 16:00:00	0,69	0,96	0,93	0,60	0,30	-0,06	-0,30	-0,37	-0,36	-0,39	-0,39	-0,32	-0,24	0,69	0
02/02/2020 16:05:00	0,71	0,97	0,97	0,75	0,46	0,05	-0,21	-0,33	-0,37	-0,44	-0,46	-0,43	-0,39	0,69	0
02/02/2020 16:10:00	0,66	0,82	0,79	0,62	0,39	0,06	-0,19	-0,30	-0,32	-0,39	-0,43	-0,43	-0,43	0,66	0
02/02/2020 16:15:00	0,63	0,73	0,71	0,54	0,31	0,01	-0,22	-0,33	-0,35	-0,42	-0,47	-0,47	-0,46	0,58	0
02/02/2020 16:20:00	0,53	0,73	0,67	0,46	0,19	-0,08	-0,25	-0,28	-0,24	-0,26	-0,24	-0,18	-0,11	0,50	0
02/02/2020 16:25:00	0,48	0,65	0,71	0,64	0,42	0,08	-0,20	-0,36	-0,43	-0,54	-0,62	-0,65	-0,68	0,48	0
02/02/2020 16:30:00	0,42	0,55	0,60	0,55	0,38	0,08	-0,13	-0,25	-0,29	-0,39	-0,45	-0,48	-0,51	0,43	0
02/02/2020 16:35:00	0,38	0,51	0,56	0,48	0,35	0,11	-0,09	-0,18	-0,19	-0,26	-0,31	-0,32	-0,33	0,39	0
02/02/2020 16:40:00	0,39	0,45	0,50	0,45	0,35	0,18	-0,02	-0,10	-0,10	-0,17	-0,22	-0,24	-0,26	0,39	0
02/02/2020 16:45:00	0,37	0,42	0,50	0,49	0,34	0,17	-0,03	-0,12	-0,13	-0,20	-0,25	-0,26	-0,26	0,36	0
02/02/2020 16:50:00	0,32	0,46	0,42	0,33	0,18	0,00	-0,13	-0,13	-0,08	-0,11	-0,12	-0,09	-0,07	0,34	0
02/02/2020 16:55:00	0,28	0,37	0,43	0,36	0,27	0,08	-0,09	-0,15	-0,14	-0,20	-0,24	-0,25	-0,26	0,33	0
02/02/2020 17:00:00	0,28	0,41	0,46	0,40	0,25	0,05	-0,10	-0,15	-0,14	-0,19	-0,21	-0,20	-0,18	0,31	0
02/02/2020 17:05:00	0,32	0,45	0,40	0,33	0,21	0,01	-0,14	-0,16	-0,12	-0,15	-0,18	-0,18	-0,19	0,33	0
02/02/2020 17:10:00	0,35	0,41	0,44	0,38	0,30	0,13	-0,01	-0,05	-0,03	-0,08	-0,12	-0,13	-0,13	0,33	0
02/02/2020 17:15:00	0,27	0,35	0,40	0,27	0,19	0,02	-0,13	-0,16	-0,13	-0,16	-0,18	-0,17	-0,15	0,28	0
02/02/2020 17:20:00	0,31	0,26	0,30	0,32	0,29	0,14	-0,02	-0,08	-0,08	-0,14	-0,20	-0,24	-0,28	0,28	0
02/02/2020 17:25:00	0,27	0,33	0,39	0,39	0,23	0,03	-0,18	-0,29	-0,31	-0,39	-0,44	-0,46	-0,47	0,24	0
02/02/2020 17:30:00	0,27	0,30	0,31	0,25	0,12	0,03	-0,10	-0,11	-0,06	-0,08	-0,09	-0,07	-0,04	0,24	0
02/02/2020 17:35:00	0,24	0,28	0,32	0,29	0,25	0,15	0,01	-0,01	0,02	-0,02	-0,05	-0,07	-0,08	0,24	0
02/02/2020 17:40:00	0,26	0,30	0,33	0,32	0,25	0,10	-0,06	-0,10	-0,07	-0,11	-0,14	-0,14	-0,14	0,23	0
02/02/2020 17:45:00	0,26	0,26	0,26	0,21	0,12	0,03	-0,12	-0,13	-0,07	-0,09	-0,10	-0,08	-0,06	0,24	0
02/02/2020 17:50:00	0,25	0,31	0,31	0,26	0,24	0,10	-0,04	-0,05	-0,01	-0,04	-0,07	-0,09	-0,11	0,26	0
02/02/2020 17:55:00	0,24	0,25	0,35	0,35	0,28	0,14	-0,01	-0,07	-0,07	-0,13	-0,17	-0,18	-0,19	0,23	0
02/02/2020 18:00:00	0,25	0,21	0,15	0,17	0,10	0,02	0,01	0,06	0,12	0,10	0,07	0,06	0,05	0,26	0
02/02/2020 18:05:00	0,26	0,28	0,33	0,32	0,31	0,14	0,01	-0,03	0,00	-0,04	-0,07	-0,07	-0,08	0,24	0
02/02/2020 18:10:00	0,24	0,23	0,28	0,26	0,26	0,16	0,05	0,04	0,08	0,05	0,02	0,02	0,02	0,26	0
02/02/2020 18:15:00	0,25	0,33	0,30	0,20	0,09	-0,03	-0,02	0,07	0,15	0,15	0,16	0,21	0,26	0,27	0
02/02/2020 18:20:00	0,26	0,32	0,34	0,24	0,21	0,09	0,02	0,05	0,12	0,10	0,09	0,11	0,13	0,28	0
02/02/2020 18:25:00	0,30	0,29	0,28	0,25	0,21	0,08	0,07	0,13	0,18	0,16	0,15	0,16	0,18	0,31	0
02/02/2020 18:30:00	0,29	0,33	0,38	0,41	0,38	0,22	0,11	0,08	0,10	0,04	0,00	-0,03	-0,05	0,28	0
02/02/2020 18:35:00	0,27	0,34	0,38	0,38	0,36	0,24	0,16	0,17	0,21	0,17	0,13	0,12	0,10	0,33	0
02/02/2020 18:40:00	0,35	0,37	0,46	0,44	0,36	0,19	0,08	0,05	0,05	0,00	-0,04	-0,03	-0,02	0,34	0
02/02/2020 18:45:00	0,34	0,41	0,42	0,38	0,32	0,20	0,11	0,14	0,21	0,20	0,19	0,22	0,25	0,39	0
02/02/2020 18:50:00	0,42	0,47	0,52	0,43	0,44	0,30	0,22	0,23	0,28	0,24	0,21	0,21	0,21	0,40	0
02/02/2020 18:55:00	0,35	0,39	0,45	0,49	0,43	0,30	0,24	0,25	0,28	0,23	0,20	0,20	0,20	0,43	0
02/02/2020 19:00:00	0,43	0,51	0,54	0,52	0,43	0,32	0,26	0,28	0,33	0,30	0,28	0,29	0,31	0,49	0
02/02/2020 19:05:00	0,60	0,61	0,68	0,68	0,66	0,54	0,46	0,46	0,50	0,45	0,42	0,43	0,43	0,61	0
02/02/2020 19:10:00	0,67	0,70	0,73	0,78	0,72	0,66	0,58	0,60	0,65	0,61	0,57	0,56	0,55	0,63	0
02/02/2020 19:15:00	0,65	0,69	0,69	0,66	0,65	0,58	0,53	0,58	0,66	0,64	0,62	0,62	0,63	0,70	0
02/02/2020 19:20:00	0,81	0,80	0,84	0,90	0,89	0,78	0,71	0,71	0,74	0,69	0,64	0,62	0,60	0,84	0
02/02/2020 19:25:00	0,85	0,95	0,97	0,88	0,83	0,71	0,67	0,73	0,80	0,78	0,78	0,81	0,85	0,93	0
02/02/2020 19:30:00	0,92	1,03	1,08	1,05	0,93	0,82	0,76	0,79	0,83	0,79	0,77	0,79	0,81	0,97	0
02/02/2020 19:35:00	0,96	1,04	1,09	1,02	0,90	0,78	0,71	0,74	0,78	0,75	0,74	0,77	0,80	0,98	0
02/02/2020 19:40:00	1,03	1,06	1,08	1,03	0,94	0,81	0,70	0,71	0,75	0,71	0,69	0,70	0,71	1,02	0
02/02/2020 19:45:00	1,03	1,12	1,18	1,13	0,99	0,85	0,69	0,64	0,65	0,60	0,56	0,57	0,58	1,03	0
02/02/2020 19:50:00	1,06	1,16	1,17	1,10	0,91	0,74	0,64	0,65	0,68	0,63	0,62	0,66	0,69	1,04	0
02/02/2020 19:55:00	1,10	1,17	1,19	1,16	1,02	0,78	0,67	0,63	0,62	0,54	0,49	0,48	0,47	1,08	0
02/02/2020 20:00:00	1,14	1,18	1,27	1,15	1,06	0,82	0,67	0,60	0,57	0,49	0,43	0,42	0,41	1,04	0
02/02/2020 20:05:00	1,10	1,24	1,24	1,12	0,92	0,67	0,48	0,42	0,42	0,36	0,32	0,34	0,35	1,10	0
02/02/2020 20:10:00	1,11	1,30	1,34	1,25	1,08	0,78	0,57	0,47	0,43	0,34	0,27	0,25	0,22	1,12	0
02/02/2020 20:15:00	1,22	1,39	1,44	1,31	1,08	0,76	0,50	0,38	0,33	0,24	0,18	0,18	0,17	1,26	0
02/02/2020 20:20:00	1,31	1,56	1,61	1,47	1,18	0,79	0,51	0,36	0,28	0,18	0,11	0,11	0,10	1,32	0
02/02/2020 20:25:00	1,35	1,61	1,68	1,53	1,23	0,86	0,54	0,38	0,31	0,21	0,16	0,17	0,18	1,32	0
02/02/2020 20:30:00	1,46	1,75	1,83	1,72	1,39	0,97	0,56	0,30	0,17	0,02	-0,09	-0,14	-0,20	1,39	0
02/02/2020 20:35:00	1,48	1,84	1,86	1,64	1,27	0,75	0,37	0,15	0,05	-0,08	-0,15	-0,16	-0,17	1,43	0
02/02/2020 20:40:00	1,47	1,90	1,93	1,66	1,32	0,85	0,47	0,28	0,22	0,12	0,08	0,10	0,12	1,44	0
02/02/2020 20:45:00	1,48	2,02	2,06	1,76	1,28	0,70	0,24	-0,02	-0,15	-0,28	-0,35	-0,34	-0,33	1,47	0
02/02/2020 20:50:00	1,49	1,95	1,96	1,76	1,37	0,83	0,37	0,09	-0,03	-0,18	-0,28	-0,33	-0,38	1,49	0
02/02/2020 20:55:00	1,46	1,91	1,86	1,61	1,24	0,86	0,60	0,50	0,49	0,42	0,39	0,42	0,44	1,48	0
02/02/2020 21:00:00	1,41	1,85	1,80	1,44	1,00	0,59	0,37	0,33	0,33	0,30	0,32	0,42	0,52	1,42	0
02/02/2020 21:05:00	1,41	1,86	1,91	1,69	1,28	0,84	0,43	0,21	0,12	0,01	-0,05	-0,05	-0,05	1,39	0
02/02/2020 21:10:00	1,36	1,87	1,89	1,57	1,19	0,70	0,33	0,15	0,07	-0,03	-0,08	-0,06	-0,04	1,43	0
02/02/2020 21:15:00	1,37	1,80	1,78	1,52	1,17	0,75	0,39	0,22	0,18	0,10	0,06	0,08	0,10	1,37	0
02/02/2020 21:20:00	1,41	1,84	1,77	1,41	1,09	0,73	0,49	0,45	0,49	0,47	0,49	0,57	0,65	1,39	0
02/02/2020 21:25:00	1,39	1,90	1,90	1,68	1,28	0,84	0,52	0,36	0,30	0,20	0,14	0,14	0,14	1,40	0
02/02/2020 21:30:00	1,46	2,02	2,00	1,66	1,21	0,68	0,36	0,22	0,17	0,09	0,06	0,12	0,17	1,51	0
02/02/2020 21:35:00	1,51	2,12	2,16	1,87	1,38	0,82	0,36	0,10	-0,02	-0,14	-0,21	-0,19	-0,18	1,56	0
02/02/2020 21:40:00	1,55	2,20	2,24	1,88	1,38	0,78	0,27	-0,01	-0,13	-0,26	-0,33	-0,32	-0,32	1,58	0
02/02/2020 21:45:00	1,59	2,23	2,29	2,05	1,56	1,00	0,49	0,19	0,06	-0,09	-0,18	-0,20	-0,22	1,60	0
02/02/2020 21:50:00	1,62	2,26	2,28	1,92	1,44	0,89	0,49	0,30	0,23	0,14	0,12	0,17	0,23	1,60	0
02/02/2020 21:55:00	1,68	2,27	2,36	2,07	1,64	1,07	0,62	0,36	0,24	0,10	0,03	0,03	0,04	1,68	0
02/02/2020 22:00:00	1,69	2,19	2,24	2,03	1,73	1,24	0,85	0,64	0,55	0,41	0,31	0,26	0,21	1,67	0
02/02/2020 22:05:00	1,81	2,41	2,44	2,08	1,66	1,10	0,71	0,52	0,44	0,33	0,28	0,30	0,33	1,80	0
02/02/2020 22:10:00	1,83	2,51	2,56	2,19	1,67	1,10	0,59	0,33	0,23	0,12	0,08	0,13	0,17	1,79	0
02/02/2020 22:15:00	1,83	2,50	2,54	2,17	1,68	1,16	0,69	0,46	0,39	0,28	0,24	0,27	0,31	1,86	0
02/02/2020 22:20:00	1,84	2,56	2,66	2,36	1,86	1,29	0,77	0,47	0,33	0,18	0,10	0,09	0,08	1,87	0
02/02/2020 22:25:00	1,98	2,67	2,79	2,52	2,08	1,53	0,93	0,59	0,44	0,27	0,16	0,12	0,08	1,98	0
02/02/2020 22:30:00	2,01	2,81	2,89	2,56	2,11	1,45	0,99	0,73	0,60	0,45	0,37	0,36	0,36	2,01	0
02/02/2020 22:35:00	2,07	2,80	2,96	2,69	2,25	1,63	1,07	0,71	0,53	0,34	0,21	0,15	0,10	2,03	0
02/02/2020 22:40:00	2,10	2,88	3,01	2,75	2,31	1,69	1,13	0,78	0,60	0,41	0,28	0,20	0,13	2,11	0
02/02/2020 22:45:00	2,12	2,91	3,02	2,74	2,25	1,71	1,11	0,77	0,63	0,47	0,37	0,34	0,30	2,15	0
02/02/2020 22:50:00	2,17	2,98	3,16	2,97	2,57	1,92	1,28	0,86	0,64	0,41	0,24	0,12	0,00	2,22	0
02/02/2020 22:55:00	2,24	3,00	3,24	3,06	2,58	1,88	1,33	0,94	0,69	0,45	0,28	0,19	0,11	2,22	0
02/02/2020 23:00:00	2,29	3,03	3,11	2,81	2,35	1,76	1,24	0,95	0,82	0,66	0,56	0,53	0,50	2,27	0
02/02/2020 23:05:00	2,29	3,11	3,22	2,86	2,36	1,72	1,12	0,76	0,59	0,42	0,31	0,27	0,24	2,32	0
02/02/2020 23:10:00	2,31	3,05	3,20	2,88	2,42	1,78	1,19	0,82	0,64	0,45	0,33	0,29	0,25	2,26	0
02/02/2020 23:15:00	2,25	3,09	3,27	2,96	2,44	1,81	1,19	0,81	0,62	0,44	0,33	0,30	0,27	2,19	0
02/02/2020 23:20:00	2,27	3,13	3,32	3,07	2,55	1,89	1,23	0,81	0,59	0,38	0,23	0,16	0,09	2,28	0
02/02/2020 23:25:00	2,30	3,27	3,31	2,86	2,24	1,56	1,08	0,84	0,73	0,61	0,57	0,62	0,68	2,40	0
02/02/2020 23:30:00	2,38	3,23	3,44	3,18	2,61	1,87	1,16	0,69	0,44	0,21	0,06	-0,01	-0,07	2,44	0
02/02/2020 23:35:00	2,43	3,43	3,59	3,16	2,59	1,84	1,10	0,65	0,44	0,23	0,11	0,07	0,03	2,46	0
02/02/2020 23:40:00	2,43	3,40	3,57	3,16	2,68	1,94	1,21	0,77	0,57	0,36	0,23	0,17	0,12	2,45	0
02/02/2020 23:45:00	2,44	3,43	3,58	3,17	2,58	1,81	1,21	0,83	0,63	0,42	0,30	0,27	0,24	2,50	0
02/02/2020 23:50:00	2,47	3,46	3,66	3,37	2,74	1,92	1,21	0,75	0,50	0,27	0,13	0,09	0,05	2,46	0
02/02/2020 23:55:00	2,46	3,46	3,65	3,39	2,88	2,06	1,35	0,88	0,63	0,39	0,22	0,14	0,05	2,53	0
