FileFormat:0002.2 file with temperature of atmosphere
200
local	GMT or Local
0	GMT-Local=[hours]
0	Height[m]
0	0	0	Longitude                [grd]               [min]               [sec]
0	0	0	Latitude                [grd]               [min]               [sec]
N	NS
59,40	Freq[GHz]
0,00	dTemostat[K]
0,150	MessErr[K]
0,248	//[grad/step]
version 14.0.20110218
MTP5H033F5940K-33.00D180214+A1.1
Commentary:
enter comment
End Of Commentary

SYSTEM\summer.dat
data time	0	50	100	150	200	250	300	350	400	450	500	550	600	OutsideTemperature	Quality
21/09/2020 00:00:00	7,24	7,66	7,93	7,98	7,97	7,91	7,69	7,45	7,20	6,95	6,70	6,44	6,17	7,24	0
21/09/2020 00:05:00	7,10	7,69	8,02	8,09	8,07	7,94	7,72	7,47	7,19	6,91	6,63	6,34	6,04	7,18	0
21/09/2020 00:10:00	7,29	7,68	8,05	8,24	8,20	8,15	7,93	7,70	7,44	7,17	6,88	6,57	6,25	7,18	0
21/09/2020 00:15:00	7,14	7,69	7,99	8,08	8,04	7,97	7,82	7,62	7,37	7,12	6,88	6,62	6,36	7,22	0
21/09/2020 00:20:00	7,34	7,82	8,16	8,29	8,30	8,18	7,95	7,71	7,44	7,17	6,88	6,57	6,26	7,23	0
21/09/2020 00:25:00	7,29	7,67	8,03	8,17	8,23	8,21	7,99	7,76	7,52	7,27	7,01	6,72	6,43	7,35	0
21/09/2020 00:30:00	7,16	7,71	8,06	8,18	8,23	8,11	7,94	7,73	7,46	7,21	6,94	6,66	6,37	7,18	0
21/09/2020 00:35:00	7,04	7,60	7,94	8,17	8,16	8,10	7,96	7,77	7,53	7,28	7,03	6,76	6,49	7,05	0
21/09/2020 00:40:00	7,09	7,56	7,85	8,04	8,16	8,14	8,01	7,84	7,63	7,42	7,21	6,98	6,75	7,07	0
21/09/2020 00:45:00	7,15	7,54	7,90	8,19	8,28	8,21	8,08	7,91	7,68	7,44	7,17	6,88	6,59	6,98	0
21/09/2020 00:50:00	7,13	7,65	7,99	8,22	8,19	8,15	8,00	7,80	7,55	7,31	7,05	6,77	6,50	7,04	0
21/09/2020 00:55:00	7,12	7,43	7,73	7,94	8,04	8,00	7,90	7,75	7,54	7,33	7,11	6,86	6,61	6,96	0
21/09/2020 01:00:00	7,00	7,39	7,73	7,95	8,01	7,94	7,84	7,68	7,44	7,21	6,97	6,70	6,43	6,95	0
21/09/2020 01:05:00	6,98	7,24	7,58	7,86	7,98	7,92	7,79	7,62	7,40	7,18	6,93	6,66	6,38	6,94	0
21/09/2020 01:10:00	6,88	7,31	7,63	7,87	8,08	8,01	7,80	7,60	7,38	7,16	6,92	6,65	6,38	6,95	0
21/09/2020 01:15:00	6,97	7,39	7,73	7,99	8,05	8,06	7,89	7,70	7,48	7,25	7,01	6,75	6,48	6,95	0
21/09/2020 01:20:00	6,90	7,34	7,71	7,89	7,96	8,06	7,88	7,69	7,48	7,27	7,06	6,83	6,60	6,93	0
21/09/2020 01:25:00	6,92	7,30	7,67	7,87	7,98	7,96	7,78	7,59	7,36	7,13	6,89	6,62	6,35	6,85	0
21/09/2020 01:30:00	6,87	7,32	7,78	7,96	8,05	8,05	7,88	7,69	7,45	7,21	6,96	6,68	6,41	6,88	0
21/09/2020 01:35:00	6,77	7,15	7,55	7,80	7,97	7,95	7,87	7,73	7,52	7,31	7,09	6,84	6,59	6,81	0
21/09/2020 01:40:00	6,80	7,28	7,65	7,81	7,88	7,85	7,68	7,49	7,25	7,02	6,79	6,53	6,27	6,81	0
21/09/2020 01:45:00	6,78	7,16	7,42	7,69	7,80	7,81	7,66	7,49	7,30	7,10	6,90	6,68	6,45	6,79	0
21/09/2020 01:50:00	6,79	7,10	7,38	7,65	7,74	7,67	7,55	7,39	7,18	6,96	6,73	6,47	6,21	6,77	0
21/09/2020 01:55:00	6,74	6,96	7,26	7,51	7,57	7,59	7,47	7,32	7,11	6,90	6,69	6,45	6,20	6,76	0
21/09/2020 02:00:00	6,78	7,02	7,30	7,59	7,67	7,65	7,51	7,35	7,14	6,92	6,69	6,44	6,18	6,74	0
21/09/2020 02:05:00	6,75	7,03	7,27	7,54	7,51	7,52	7,44	7,30	7,09	6,89	6,68	6,45	6,22	6,76	0
21/09/2020 02:10:00	6,74	7,12	7,39	7,59	7,62	7,70	7,54	7,37	7,16	6,96	6,77	6,56	6,34	6,75	0
21/09/2020 02:15:00	6,78	7,07	7,36	7,62	7,87	7,85	7,74	7,60	7,42	7,24	7,04	6,82	6,60	6,78	0
21/09/2020 02:20:00	6,79	7,01	7,28	7,46	7,54	7,47	7,42	7,29	7,08	6,87	6,66	6,44	6,21	6,74	0
21/09/2020 02:25:00	6,77	7,08	7,30	7,50	7,63	7,59	7,44	7,27	7,07	6,87	6,67	6,45	6,22	6,80	0
21/09/2020 02:30:00	6,83	7,16	7,42	7,53	7,61	7,65	7,41	7,19	6,97	6,76	6,55	6,32	6,08	6,81	0
21/09/2020 02:35:00	6,88	7,15	7,42	7,53	7,53	7,58	7,50	7,35	7,14	6,94	6,76	6,55	6,35	6,87	0
21/09/2020 02:40:00	6,81	7,12	7,32	7,49	7,68	7,61	7,48	7,32	7,12	6,93	6,75	6,53	6,32	6,83	0
21/09/2020 02:45:00	6,75	7,17	7,40	7,59	7,62	7,57	7,45	7,29	7,07	6,86	6,65	6,42	6,19	6,76	0
21/09/2020 02:50:00	6,72	7,00	7,30	7,61	7,65	7,64	7,46	7,26	7,04	6,81	6,57	6,29	6,02	6,68	0
21/09/2020 02:55:00	6,59	6,93	7,08	7,20	7,32	7,28	7,17	7,02	6,82	6,64	6,48	6,30	6,12	6,65	0
21/09/2020 03:00:00	6,72	7,01	7,19	7,45	7,54	7,57	7,49	7,37	7,19	7,02	6,86	6,67	6,48	6,64	0
21/09/2020 03:05:00	6,60	6,90	7,11	7,29	7,45	7,37	7,28	7,14	6,94	6,75	6,56	6,35	6,13	6,57	0
21/09/2020 03:10:00	6,55	6,90	7,06	7,18	7,18	7,18	7,03	6,85	6,64	6,45	6,27	6,08	5,88	6,61	0
21/09/2020 03:15:00	6,73	6,83	6,94	7,11	7,25	7,27	7,17	7,05	6,88	6,72	6,58	6,42	6,25	6,65	0
21/09/2020 03:20:00	6,70	6,87	6,97	7,09	7,22	7,20	7,04	6,88	6,69	6,52	6,36	6,18	5,99	6,67	0
21/09/2020 03:25:00	6,62	6,81	6,88	7,05	7,18	7,16	7,03	6,89	6,71	6,55	6,40	6,22	6,05	6,70	0
21/09/2020 03:30:00	6,67	6,84	6,96	7,04	7,13	7,13	6,98	6,82	6,62	6,45	6,29	6,10	5,92	6,68	0
21/09/2020 03:35:00	6,59	6,70	6,80	6,95	7,08	7,03	6,89	6,74	6,55	6,37	6,21	6,01	5,82	6,58	0
21/09/2020 03:40:00	6,63	6,70	6,80	6,97	6,98	6,97	6,87	6,73	6,54	6,36	6,19	6,00	5,80	6,61	0
21/09/2020 03:45:00	6,69	6,69	6,82	6,97	6,99	7,08	6,91	6,73	6,55	6,37	6,21	6,02	5,83	6,66	0
21/09/2020 03:50:00	6,70	6,79	6,87	6,98	7,05	7,07	6,95	6,81	6,63	6,46	6,32	6,16	5,99	6,72	0
21/09/2020 03:55:00	6,70	6,77	6,86	7,00	7,06	7,05	6,94	6,79	6,60	6,43	6,27	6,08	5,90	6,71	0
21/09/2020 04:00:00	6,81	6,80	6,85	6,96	7,03	6,98	6,94	6,83	6,65	6,48	6,34	6,17	6,00	6,73	0
21/09/2020 04:05:00	6,83	6,74	6,79	6,92	7,00	6,89	6,87	6,78	6,59	6,42	6,26	6,08	5,90	6,79	0
21/09/2020 04:10:00	6,85	6,84	6,84	6,84	6,87	6,84	6,72	6,57	6,38	6,21	6,07	5,91	5,75	6,89	0
21/09/2020 04:15:00	6,84	6,82	6,82	6,98	7,04	6,95	6,86	6,73	6,54	6,37	6,21	6,02	5,83	6,89	0
21/09/2020 04:20:00	6,87	6,84	6,84	6,85	6,92	6,91	6,82	6,69	6,51	6,36	6,24	6,10	5,96	6,93	0
21/09/2020 04:25:00	6,87	6,79	6,88	6,97	7,10	7,10	6,97	6,83	6,65	6,49	6,34	6,16	5,98	6,88	0
21/09/2020 04:30:00	6,82	6,80	6,78	6,92	7,01	6,97	6,87	6,74	6,56	6,41	6,27	6,11	5,94	6,81	0
21/09/2020 04:35:00	6,88	6,78	6,82	6,98	7,08	7,11	6,98	6,84	6,67	6,52	6,38	6,20	6,03	6,85	0
21/09/2020 04:40:00	6,83	6,83	6,83	6,95	7,07	7,06	7,00	6,90	6,73	6,59	6,48	6,34	6,20	6,83	0
21/09/2020 04:45:00	6,85	6,96	7,02	7,17	7,16	7,15	7,06	6,92	6,72	6,55	6,39	6,21	6,03	6,81	0
21/09/2020 04:50:00	6,77	6,82	6,85	6,94	7,06	7,12	7,00	6,86	6,70	6,56	6,44	6,30	6,16	6,80	0
21/09/2020 04:55:00	6,87	6,92	6,93	7,07	7,09	7,13	7,03	6,90	6,72	6,57	6,44	6,29	6,13	6,80	0
21/09/2020 05:00:00	6,83	6,86	7,00	7,09	7,21	7,17	7,10	6,97	6,78	6,61	6,45	6,26	6,08	6,84	0
21/09/2020 05:05:00	6,94	6,90	6,99	7,14	7,25	7,29	7,17	7,04	6,87	6,71	6,57	6,39	6,22	6,88	0
21/09/2020 05:10:00	6,91	6,93	7,02	7,19	7,35	7,33	7,30	7,21	7,04	6,89	6,76	6,60	6,43	6,89	0
21/09/2020 05:15:00	6,83	6,92	7,02	7,05	7,21	7,19	7,10	6,97	6,79	6,64	6,50	6,34	6,19	6,87	0
21/09/2020 05:20:00	6,88	6,86	7,02	7,15	7,28	7,37	7,32	7,21	7,05	6,91	6,79	6,63	6,48	6,81	0
21/09/2020 05:25:00	6,75	6,77	6,88	7,03	7,09	7,08	7,03	6,92	6,73	6,56	6,41	6,23	6,05	6,81	0
21/09/2020 05:30:00	6,76	6,80	6,82	6,89	6,96	6,92	6,84	6,71	6,53	6,37	6,23	6,07	5,92	6,74	0
21/09/2020 05:35:00	6,68	6,69	6,72	6,73	6,83	6,79	6,68	6,53	6,34	6,18	6,04	5,88	5,71	6,69	0
21/09/2020 05:40:00	6,70	6,69	6,74	6,76	6,79	6,81	6,63	6,45	6,26	6,08	5,93	5,75	5,58	6,65	0
21/09/2020 05:45:00	6,74	6,75	6,82	7,05	6,98	6,92	6,83	6,69	6,48	6,28	6,09	5,86	5,64	6,72	0
21/09/2020 05:50:00	6,78	6,81	6,78	6,84	6,82	6,75	6,67	6,54	6,34	6,16	6,02	5,85	5,68	6,72	0
21/09/2020 05:55:00	6,81	6,71	6,65	6,70	6,98	7,05	6,89	6,75	6,62	6,52	6,44	6,34	6,24	6,76	0
21/09/2020 06:00:00	6,76	6,69	6,69	6,70	6,68	6,70	6,60	6,46	6,27	6,11	5,98	5,83	5,68	6,78	0
21/09/2020 06:05:00	6,71	6,62	6,51	6,54	6,52	6,55	6,43	6,29	6,12	5,98	5,87	5,75	5,62	6,70	0
21/09/2020 06:10:00	6,70	6,57	6,51	6,58	6,61	6,58	6,44	6,28	6,09	5,93	5,79	5,62	5,46	6,70	0
21/09/2020 06:15:00	6,68	6,57	6,46	6,50	6,48	6,51	6,40	6,26	6,09	5,95	5,85	5,72	5,60	6,63	0
21/09/2020 06:20:00	6,71	6,60	6,47	6,45	6,51	6,46	6,36	6,23	6,05	5,92	5,81	5,69	5,57	6,70	0
21/09/2020 06:25:00	6,69	6,67	6,58	6,62	6,62	6,58	6,42	6,25	6,06	5,89	5,75	5,59	5,43	6,71	0
21/09/2020 06:30:00	6,69	6,61	6,47	6,45	6,41	6,39	6,22	6,05	5,86	5,70	5,58	5,44	5,30	6,70	0
21/09/2020 06:35:00	6,64	6,60	6,45	6,41	6,43	6,36	6,29	6,16	5,98	5,84	5,74	5,63	5,52	6,68	0
21/09/2020 06:40:00	6,66	6,72	6,63	6,60	6,52	6,42	6,35	6,22	6,01	5,84	5,70	5,55	5,41	6,68	0
21/09/2020 06:45:00	6,74	6,73	6,63	6,58	6,60	6,52	6,40	6,25	6,05	5,89	5,77	5,63	5,49	6,72	0
21/09/2020 06:50:00	6,66	6,66	6,54	6,56	6,52	6,49	6,34	6,18	5,98	5,82	5,70	5,55	5,41	6,73	0
21/09/2020 06:55:00	6,76	6,70	6,59	6,59	6,60	6,50	6,45	6,33	6,14	5,98	5,86	5,72	5,58	6,76	0
21/09/2020 07:00:00	6,80	6,75	6,64	6,60	6,51	6,45	6,36	6,21	6,01	5,84	5,71	5,57	5,42	6,82	0
21/09/2020 07:05:00	6,80	6,85	6,72	6,64	6,56	6,55	6,42	6,25	6,05	5,90	5,79	5,67	5,54	6,84	0
21/09/2020 07:10:00	6,85	6,82	6,60	6,59	6,64	6,58	6,48	6,35	6,18	6,05	5,97	5,87	5,77	6,92	0
21/09/2020 07:15:00	6,96	6,76	6,54	6,49	6,42	6,40	6,34	6,23	6,05	5,92	5,84	5,74	5,64	6,90	0
21/09/2020 07:20:00	7,04	6,79	6,56	6,46	6,44	6,39	6,26	6,10	5,92	5,78	5,68	5,56	5,44	6,98	0
21/09/2020 07:25:00	7,10	6,96	6,75	6,63	6,53	6,43	6,37	6,24	6,04	5,89	5,78	5,66	5,54	7,10	0
21/09/2020 07:30:00	7,21	6,89	6,64	6,56	6,53	6,53	6,38	6,23	6,06	5,93	5,84	5,73	5,62	7,18	0
21/09/2020 07:35:00	7,26	6,92	6,62	6,47	6,43	6,44	6,37	6,27	6,11	6,01	5,96	5,89	5,83	7,32	0
21/09/2020 07:40:00	7,38	7,11	6,93	6,81	6,79	6,68	6,52	6,35	6,15	5,98	5,84	5,68	5,52	7,41	0
21/09/2020 07:45:00	7,44	7,10	6,82	6,70	6,65	6,62	6,46	6,29	6,11	5,97	5,88	5,76	5,64	7,49	0
21/09/2020 07:50:00	7,47	7,18	6,86	6,80	6,75	6,72	6,64	6,53	6,37	6,25	6,18	6,09	6,00	7,47	0
21/09/2020 07:55:00	7,52	7,23	6,96	6,84	6,67	6,59	6,38	6,17	5,96	5,78	5,63	5,47	5,31	7,51	0
21/09/2020 08:00:00	7,58	7,27	7,08	7,12	7,00	6,88	6,71	6,53	6,32	6,13	5,95	5,75	5,54	7,57	0
21/09/2020 08:05:00	7,65	7,39	7,14	7,05	6,88	6,78	6,56	6,34	6,12	5,93	5,76	5,58	5,40	7,66	0
21/09/2020 08:10:00	7,74	7,45	7,14	7,03	6,97	6,93	6,69	6,48	6,29	6,14	6,02	5,88	5,75	7,75	0
21/09/2020 08:15:00	7,82	7,47	7,19	7,05	7,01	6,84	6,66	6,47	6,26	6,09	5,94	5,77	5,60	7,82	0
21/09/2020 08:20:00	7,95	7,62	7,32	7,21	7,10	7,02	6,80	6,60	6,40	6,23	6,09	5,93	5,78	7,97	0
21/09/2020 08:25:00	8,00	7,73	7,43	7,24	7,19	6,96	6,84	6,68	6,47	6,29	6,16	6,00	5,85	8,07	0
21/09/2020 08:30:00	8,05	7,77	7,44	7,36	7,27	7,11	6,99	6,83	6,63	6,47	6,34	6,19	6,05	8,07	0
21/09/2020 08:35:00	8,21	7,82	7,42	7,19	7,01	6,95	6,84	6,69	6,51	6,37	6,29	6,20	6,11	8,17	0
21/09/2020 08:40:00	8,11	7,84	7,60	7,51	7,39	7,18	7,02	6,83	6,60	6,40	6,22	6,02	5,82	8,17	0
21/09/2020 08:45:00	8,26	7,88	7,50	7,38	7,37	7,31	7,18	7,04	6,88	6,76	6,68	6,58	6,49	8,23	0
21/09/2020 08:50:00	8,38	7,97	7,66	7,49	7,31	7,21	7,02	6,83	6,62	6,44	6,29	6,13	5,97	8,36	0
21/09/2020 08:55:00	8,48	8,09	7,67	7,46	7,31	7,15	6,95	6,75	6,54	6,37	6,24	6,09	5,94	8,52	0
21/09/2020 09:00:00	8,56	8,05	7,59	7,37	7,25	7,12	6,91	6,71	6,51	6,36	6,24	6,10	5,97	8,57	0
21/09/2020 09:05:00	8,57	8,08	7,67	7,51	7,38	7,28	7,07	6,87	6,68	6,52	6,39	6,24	6,09	8,55	0
21/09/2020 09:10:00	8,65	8,19	7,78	7,57	7,43	7,34	7,21	7,06	6,88	6,74	6,64	6,53	6,42	8,62	0
21/09/2020 09:15:00	8,71	8,32	7,99	7,77	7,56	7,42	7,22	7,00	6,78	6,59	6,43	6,25	6,08	8,73	0
21/09/2020 09:20:00	8,76	8,46	8,13	7,87	7,75	7,55	7,28	7,03	6,80	6,59	6,42	6,23	6,04	8,75	0
21/09/2020 09:25:00	8,86	8,50	8,13	7,86	7,65	7,41	7,27	7,09	6,86	6,67	6,52	6,35	6,19	8,82	0
21/09/2020 09:30:00	9,03	8,60	8,18	7,90	7,61	7,34	7,16	6,95	6,70	6,49	6,31	6,13	5,94	9,00	0
21/09/2020 09:35:00	9,17	8,75	8,32	8,09	7,91	7,65	7,30	7,01	6,76	6,52	6,31	6,08	5,84	9,15	0
21/09/2020 09:40:00	9,61	8,79	8,30	8,05	7,78	7,59	7,38	7,17	6,95	6,75	6,58	6,39	6,21	9,39	0
21/09/2020 09:45:00	9,82	8,95	8,32	8,00	7,80	7,58	7,37	7,17	6,97	6,81	6,68	6,53	6,39	9,65	0
21/09/2020 09:50:00	9,98	9,20	8,52	8,03	7,73	7,49	7,28	7,06	6,84	6,67	6,56	6,45	6,34	9,90	0
21/09/2020 09:55:00	9,97	9,17	8,62	8,24	7,97	7,75	7,53	7,31	7,09	6,90	6,75	6,59	6,42	9,96	0
21/09/2020 10:00:00	10,50	9,28	8,53	8,14	7,81	7,67	7,37	7,13	6,93	6,77	6,64	6,49	6,35	10,28	0
21/09/2020 10:05:00	10,06	9,31	8,70	8,34	8,07	7,76	7,50	7,26	7,02	6,81	6,64	6,45	6,26	10,14	0
21/09/2020 10:10:00	9,86	9,37	8,86	8,54	8,21	7,97	7,71	7,46	7,20	6,98	6,80	6,60	6,40	10,31	0
21/09/2020 10:15:00	9,81	9,30	8,85	8,49	8,22	7,85	7,62	7,38	7,11	6,86	6,65	6,43	6,21	10,11	0
21/09/2020 10:20:00	9,66	9,34	8,88	8,48	8,17	7,92	7,70	7,46	7,21	7,00	6,84	6,67	6,51	9,95	0
21/09/2020 10:25:00	9,96	9,64	9,24	8,86	8,55	8,25	8,02	7,77	7,50	7,26	7,06	6,85	6,64	9,97	0
21/09/2020 10:30:00	9,97	9,66	9,30	9,00	8,65	8,46	8,14	7,84	7,57	7,32	7,10	6,87	6,64	9,97	0
21/09/2020 10:35:00	10,10	9,76	9,31	8,96	8,60	8,32	7,98	7,67	7,38	7,13	6,90	6,65	6,41	10,20	0
21/09/2020 10:40:00	10,12	9,80	9,37	9,04	8,78	8,44	8,16	7,89	7,62	7,37	7,15	6,92	6,68	10,13	0
21/09/2020 10:45:00	10,12	9,82	9,46	9,07	8,80	8,57	8,21	7,90	7,62	7,37	7,15	6,92	6,68	10,15	0
21/09/2020 10:50:00	10,21	9,84	9,40	9,10	8,80	8,55	8,31	8,06	7,81	7,58	7,39	7,18	6,98	10,20	0
21/09/2020 10:55:00	10,35	9,86	9,40	9,15	8,93	8,64	8,43	8,21	7,97	7,75	7,56	7,35	7,14	10,32	0
21/09/2020 11:00:00	10,28	9,97	9,51	9,14	8,78	8,46	8,15	7,85	7,56	7,31	7,08	6,84	6,61	10,51	0
21/09/2020 11:05:00	10,34	10,07	9,67	9,36	9,08	8,77	8,46	8,16	7,88	7,63	7,38	7,13	6,88	10,39	0
21/09/2020 11:10:00	10,60	10,15	9,63	9,26	8,96	8,68	8,37	8,08	7,82	7,59	7,38	7,17	6,95	10,45	0
21/09/2020 11:15:00	10,94	10,23	9,62	9,19	8,92	8,60	8,33	8,07	7,82	7,61	7,42	7,23	7,03	10,69	0
21/09/2020 11:20:00	10,77	10,27	9,75	9,42	9,15	8,89	8,60	8,33	8,08	7,85	7,65	7,44	7,23	10,79	0
21/09/2020 11:25:00	10,89	10,41	9,88	9,51	9,19	8,90	8,58	8,29	8,02	7,78	7,57	7,34	7,11	10,82	0
21/09/2020 11:30:00	11,02	10,40	9,82	9,41	9,07	8,83	8,59	8,36	8,12	7,91	7,75	7,58	7,40	11,06	0
21/09/2020 11:35:00	11,04	10,43	9,83	9,47	9,16	8,86	8,60	8,36	8,11	7,89	7,70	7,50	7,30	11,07	0
21/09/2020 11:40:00	11,08	10,51	9,94	9,57	9,31	9,00	8,72	8,45	8,20	7,98	7,78	7,57	7,36	11,08	0
21/09/2020 11:45:00	11,29	10,60	9,88	9,44	9,08	8,80	8,54	8,29	8,05	7,85	7,70	7,53	7,36	11,36	0
21/09/2020 11:50:00	11,16	10,46	9,90	9,62	9,42	9,23	9,03	8,83	8,62	8,45	8,30	8,13	7,96	11,26	0
21/09/2020 11:55:00	11,34	10,74	10,19	9,83	9,57	9,23	8,91	8,62	8,35	8,10	7,87	7,62	7,37	11,30	0
21/09/2020 12:00:00	11,43	10,86	10,24	9,85	9,51	9,16	8,86	8,58	8,31	8,07	7,85	7,62	7,39	11,62	0
21/09/2020 12:05:00	11,60	10,97	10,35	9,85	9,48	9,14	8,79	8,48	8,20	7,95	7,73	7,50	7,27	11,73	0
21/09/2020 12:10:00	11,63	10,90	10,19	9,74	9,33	9,03	8,65	8,33	8,06	7,82	7,61	7,38	7,15	11,65	0
21/09/2020 12:15:00	11,59	10,87	10,20	9,76	9,34	8,99	8,71	8,44	8,17	7,94	7,73	7,52	7,31	11,60	0
21/09/2020 12:20:00	11,45	10,90	10,31	9,87	9,51	9,16	8,91	8,65	8,38	8,15	7,96	7,75	7,54	11,57	0
21/09/2020 12:25:00	11,59	11,03	10,39	9,89	9,48	9,10	8,76	8,45	8,16	7,91	7,69	7,46	7,23	11,58	0
21/09/2020 12:30:00	11,74	11,05	10,40	9,93	9,52	9,14	8,77	8,44	8,15	7,88	7,64	7,38	7,13	11,75	0
21/09/2020 12:35:00	12,03	11,09	10,36	9,88	9,48	9,13	8,83	8,56	8,30	8,07	7,87	7,66	7,44	12,05	0
21/09/2020 12:40:00	12,23	11,29	10,47	10,00	9,57	9,16	8,87	8,60	8,34	8,10	7,90	7,69	7,47	12,10	0
21/09/2020 12:45:00	12,06	11,27	10,65	10,25	9,91	9,51	9,16	8,86	8,58	8,31	8,05	7,77	7,49	12,50	0
21/09/2020 12:50:00	12,69	11,50	10,62	10,09	9,67	9,24	8,90	8,61	8,34	8,10	7,89	7,66	7,42	12,43	0
21/09/2020 12:55:00	12,69	11,63	10,79	10,31	9,90	9,56	9,18	8,88	8,62	8,39	8,18	7,95	7,72	12,92	0
21/09/2020 13:00:00	12,49	11,53	10,74	10,22	9,75	9,42	9,04	8,72	8,45	8,21	7,99	7,77	7,54	12,80	0
21/09/2020 13:05:00	12,59	11,66	10,88	10,38	9,99	9,58	9,20	8,87	8,59	8,33	8,09	7,83	7,58	12,66	0
21/09/2020 13:10:00	12,89	11,82	10,94	10,41	10,02	9,61	9,24	8,94	8,68	8,44	8,23	8,00	7,77	12,96	0
21/09/2020 13:15:00	13,05	11,74	10,86	10,30	9,87	9,50	9,18	8,90	8,64	8,42	8,21	8,00	7,78	13,26	0
21/09/2020 13:20:00	12,85	11,74	10,88	10,39	10,06	9,71	9,38	9,11	8,87	8,65	8,46	8,25	8,04	13,19	0
21/09/2020 13:25:00	13,04	12,02	11,22	10,70	10,23	9,79	9,40	9,07	8,77	8,49	8,23	7,95	7,67	13,07	0
21/09/2020 13:30:00	12,87	12,23	11,49	10,87	10,34	9,87	9,42	9,04	8,70	8,40	8,12	7,83	7,54	13,07	0
21/09/2020 13:35:00	13,21	12,14	11,35	10,83	10,39	9,89	9,54	9,23	8,93	8,65	8,38	8,09	7,81	13,17	0
21/09/2020 13:40:00	13,00	12,32	11,51	10,97	10,44	9,98	9,60	9,26	8,96	8,68	8,43	8,18	7,92	13,24	0
21/09/2020 13:45:00	13,46	12,15	11,14	10,56	10,11	9,70	9,37	9,09	8,85	8,63	8,45	8,25	8,05	13,40	0
21/09/2020 13:50:00	13,24	12,12	11,42	10,92	10,46	10,05	9,66	9,32	9,02	8,73	8,45	8,15	7,84	13,44	0
21/09/2020 13:55:00	12,99	12,12	11,55	11,15	10,79	10,35	9,96	9,61	9,30	8,99	8,67	8,32	7,98	13,34	0
21/09/2020 14:00:00	13,10	12,48	11,77	11,25	10,76	10,38	9,94	9,57	9,25	8,96	8,69	8,41	8,12	13,79	0
21/09/2020 14:05:00	12,98	12,35	11,84	11,41	10,96	10,52	10,13	9,78	9,45	9,13	8,80	8,45	8,11	13,79	0
21/09/2020 14:10:00	13,53	12,55	11,77	11,22	10,79	10,28	9,85	9,49	9,17	8,87	8,56	8,24	7,92	13,74	0
21/09/2020 14:15:00	12,99	12,44	11,87	11,42	11,00	10,59	10,19	9,84	9,52	9,22	8,92	8,60	8,29	13,57	0
21/09/2020 14:20:00	13,01	12,52	12,07	11,61	11,13	10,63	10,21	9,82	9,46	9,11	8,74	8,37	7,99	13,65	0
21/09/2020 14:25:00	12,81	12,55	12,13	11,67	11,17	10,71	10,26	9,86	9,50	9,14	8,78	8,42	8,05	13,56	0
21/09/2020 14:30:00	13,04	12,59	12,13	11,68	11,25	10,80	10,37	9,99	9,64	9,31	8,96	8,60	8,24	13,67	0
21/09/2020 14:35:00	13,69	12,73	12,04	11,53	11,04	10,54	10,16	9,81	9,49	9,18	8,87	8,54	8,22	13,82	0
21/09/2020 14:40:00	13,32	12,77	12,18	11,67	11,21	10,76	10,36	10,00	9,68	9,37	9,07	8,76	8,45	14,19	0
21/09/2020 14:45:00	13,19	12,66	12,07	11,62	11,20	10,76	10,34	9,97	9,65	9,33	9,02	8,69	8,36	14,16	0
21/09/2020 14:50:00	13,56	12,82	12,20	11,65	11,20	10,69	10,25	9,86	9,52	9,19	8,85	8,50	8,15	14,24	0
21/09/2020 14:55:00	13,30	12,76	12,21	11,75	11,30	10,82	10,38	10,00	9,66	9,32	8,97	8,62	8,26	13,89	0
21/09/2020 15:00:00	13,24	12,80	12,31	11,85	11,39	10,93	10,51	10,12	9,78	9,44	9,10	8,74	8,39	13,95	0
21/09/2020 15:05:00	13,09	12,79	12,39	11,92	11,49	11,03	10,57	10,17	9,81	9,45	9,08	8,71	8,33	13,80	0
21/09/2020 15:10:00	13,27	13,07	12,67	12,30	11,92	11,46	11,04	10,67	10,32	9,98	9,62	9,24	8,87	13,86	0
21/09/2020 15:15:00	13,39	13,17	12,79	12,36	11,94	11,45	11,01	10,61	10,24	9,88	9,50	9,11	8,72	13,92	0
21/09/2020 15:20:00	13,70	13,52	13,09	12,73	12,31	11,80	11,37	10,97	10,61	10,25	9,86	9,46	9,06	13,89	0
21/09/2020 15:25:00	14,56	13,66	12,99	12,49	12,04	11,62	11,23	10,89	10,59	10,29	9,99	9,67	9,35	14,34	0
21/09/2020 15:30:00	14,21	13,69	13,08	12,62	12,20	11,70	11,32	10,98	10,66	10,34	10,02	9,69	9,36	14,62	0
21/09/2020 15:35:00	14,08	13,81	13,31	12,81	12,37	11,86	11,36	10,92	10,55	10,18	9,80	9,40	9,00	14,61	0
21/09/2020 15:40:00	13,89	13,70	13,31	12,93	12,51	12,01	11,55	11,14	10,77	10,40	10,00	9,58	9,17	14,21	0
21/09/2020 15:45:00	14,03	14,01	13,72	13,34	12,88	12,37	11,90	11,48	11,09	10,69	10,26	9,82	9,39	14,12	0
21/09/2020 15:50:00	13,96	14,00	13,72	13,32	12,88	12,41	11,95	11,53	11,15	10,77	10,37	9,95	9,53	14,13	0
21/09/2020 15:55:00	14,17	14,03	13,73	13,34	12,93	12,49	12,07	11,68	11,32	10,96	10,57	10,17	9,77	14,10	0
21/09/2020 16:00:00	14,11	14,06	13,78	13,44	13,02	12,58	12,14	11,74	11,38	11,01	10,60	10,19	9,77	14,17	0
21/09/2020 16:05:00	14,09	14,12	13,84	13,47	13,04	12,53	12,07	11,66	11,27	10,88	10,45	10,01	9,58	14,32	0
21/09/2020 16:10:00	14,03	14,08	13,77	13,39	12,97	12,49	12,02	11,60	11,22	10,84	10,44	10,02	9,60	14,15	0
21/09/2020 16:15:00	14,18	14,21	13,92	13,51	13,09	12,63	12,16	11,74	11,36	10,98	10,58	10,16	9,74	14,13	0
21/09/2020 16:20:00	14,15	14,05	13,74	13,33	12,90	12,41	11,95	11,53	11,16	10,77	10,36	9,93	9,51	14,10	0
21/09/2020 16:25:00	14,01	14,02	13,75	13,33	12,89	12,43	11,96	11,54	11,16	10,78	10,38	9,96	9,54	13,91	0
21/09/2020 16:30:00	13,95	13,93	13,64	13,28	12,89	12,40	11,99	11,60	11,23	10,86	10,46	10,05	9,64	13,77	0
21/09/2020 16:35:00	13,84	13,87	13,51	13,11	12,70	12,20	11,76	11,36	11,00	10,63	10,25	9,85	9,46	13,94	0
21/09/2020 16:40:00	13,85	13,87	13,61	13,22	12,71	12,27	11,84	11,45	11,07	10,69	10,29	9,89	9,48	13,95	0
21/09/2020 16:45:00	13,77	13,79	13,46	13,11	12,71	12,27	11,85	11,46	11,10	10,75	10,37	9,98	9,60	13,75	0
21/09/2020 16:50:00	13,79	13,74	13,44	13,06	12,65	12,18	11,74	11,34	10,98	10,60	10,21	9,80	9,40	13,72	0
21/09/2020 16:55:00	13,69	13,55	13,24	12,84	12,44	12,00	11,61	11,24	10,89	10,54	10,17	9,80	9,42	13,71	0
21/09/2020 17:00:00	13,69	13,66	13,33	12,90	12,50	12,08	11,63	11,22	10,86	10,51	10,14	9,76	9,38	13,65	0
21/09/2020 17:05:00	13,70	13,64	13,31	12,90	12,50	12,03	11,65	11,28	10,93	10,58	10,22	9,85	9,48	13,55	0
21/09/2020 17:10:00	13,59	13,53	13,22	12,83	12,42	11,96	11,56	11,19	10,83	10,47	10,10	9,72	9,34	13,63	0
21/09/2020 17:15:00	13,53	13,52	13,22	12,88	12,46	12,01	11,58	11,19	10,82	10,45	10,06	9,65	9,25	13,49	0
21/09/2020 17:20:00	13,38	13,44	13,17	12,79	12,36	11,90	11,45	11,04	10,67	10,29	9,89	9,49	9,08	13,45	0
21/09/2020 17:25:00	13,38	13,42	13,15	12,76	12,31	11,84	11,41	11,01	10,63	10,25	9,86	9,45	9,05	13,38	0
21/09/2020 17:30:00	13,33	13,34	13,08	12,67	12,23	11,75	11,30	10,89	10,50	10,12	9,72	9,30	8,89	13,32	0
21/09/2020 17:35:00	13,31	13,31	13,02	12,63	12,21	11,76	11,35	10,97	10,61	10,25	9,88	9,50	9,11	13,32	0
21/09/2020 17:40:00	13,32	13,38	13,10	12,78	12,36	11,92	11,46	11,05	10,68	10,31	9,91	9,51	9,10	13,27	0
21/09/2020 17:45:00	13,27	13,35	13,10	12,74	12,32	11,86	11,42	11,01	10,64	10,26	9,86	9,45	9,03	13,24	0
21/09/2020 17:50:00	13,23	13,28	13,03	12,68	12,29	11,81	11,35	10,94	10,56	10,17	9,76	9,34	8,92	13,25	0
21/09/2020 17:55:00	13,13	13,27	13,03	12,69	12,25	11,78	11,30	10,87	10,48	10,09	9,67	9,24	8,82	13,19	0
21/09/2020 18:00:00	13,21	13,30	13,01	12,66	12,24	11,81	11,39	11,00	10,63	10,27	9,90	9,52	9,13	13,21	0
21/09/2020 18:05:00	13,16	13,31	13,12	12,70	12,28	11,78	11,36	10,96	10,57	10,18	9,78	9,38	8,97	13,19	0
21/09/2020 18:10:00	13,09	13,23	13,02	12,67	12,26	11,75	11,31	10,91	10,52	10,12	9,71	9,28	8,85	13,09	0
21/09/2020 18:15:00	13,15	13,19	13,00	12,67	12,26	11,85	11,40	11,00	10,63	10,25	9,85	9,43	9,02	13,10	0
21/09/2020 18:20:00	13,00	13,14	12,91	12,55	12,18	11,71	11,27	10,87	10,49	10,12	9,73	9,32	8,92	13,06	0
21/09/2020 18:25:00	13,04	13,21	13,04	12,72	12,33	11,92	11,49	11,09	10,72	10,34	9,94	9,53	9,12	13,01	0
21/09/2020 18:30:00	12,91	13,07	12,87	12,53	12,16	11,74	11,29	10,88	10,51	10,14	9,75	9,35	8,95	12,94	0
21/09/2020 18:35:00	13,01	13,10	12,84	12,48	12,11	11,69	11,29	10,92	10,57	10,22	9,86	9,49	9,13	12,95	0
21/09/2020 18:40:00	12,79	13,05	12,89	12,60	12,18	11,69	11,32	10,94	10,56	10,18	9,78	9,37	8,96	12,82	0
21/09/2020 18:45:00	12,65	12,94	12,81	12,49	12,13	11,71	11,29	10,89	10,52	10,15	9,76	9,36	8,96	12,67	0
21/09/2020 18:50:00	12,55	12,92	12,83	12,56	12,17	11,73	11,33	10,95	10,57	10,19	9,79	9,38	8,98	12,60	0
21/09/2020 18:55:00	12,73	12,95	12,85	12,62	12,25	11,91	11,51	11,14	10,79	10,43	10,05	9,65	9,25	12,57	0
21/09/2020 19:00:00	12,32	12,85	12,87	12,59	12,23	11,80	11,36	10,95	10,56	10,16	9,73	9,30	8,87	12,52	0
21/09/2020 19:05:00	12,38	12,78	12,73	12,48	12,13	11,71	11,31	10,93	10,56	10,18	9,78	9,36	8,95	12,35	0
21/09/2020 19:10:00	12,29	12,81	12,73	12,44	12,06	11,65	11,26	10,88	10,50	10,13	9,75	9,36	8,97	12,32	0
21/09/2020 19:15:00	12,19	12,57	12,45	12,17	11,85	11,47	11,08	10,71	10,35	10,00	9,63	9,26	8,88	12,33	0
21/09/2020 19:20:00	12,18	12,62	12,59	12,32	12,00	11,62	11,19	10,80	10,43	10,06	9,66	9,26	8,86	12,17	0
21/09/2020 19:25:00	12,30	12,55	12,49	12,25	11,93	11,56	11,21	10,87	10,52	10,17	9,80	9,42	9,04	12,18	0
21/09/2020 19:30:00	12,13	12,54	12,49	12,23	11,91	11,54	11,16	10,79	10,44	10,08	9,71	9,32	8,94	12,13	0
21/09/2020 19:35:00	12,00	12,44	12,47	12,30	11,94	11,50	11,13	10,76	10,38	9,99	9,56	9,13	8,69	12,05	0
21/09/2020 19:40:00	11,97	12,37	12,30	12,13	11,83	11,52	11,15	10,80	10,46	10,13	9,77	9,41	9,04	12,02	0
21/09/2020 19:45:00	12,16	12,39	12,24	12,01	11,72	11,40	11,03	10,69	10,36	10,03	9,70	9,34	8,99	12,11	0
21/09/2020 19:50:00	12,19	12,36	12,24	12,03	11,72	11,41	11,07	10,75	10,42	10,10	9,76	9,41	9,05	12,20	0
21/09/2020 19:55:00	12,35	12,46	12,28	11,93	11,63	11,28	10,85	10,47	10,12	9,78	9,43	9,07	8,70	12,31	0
21/09/2020 20:00:00	12,36	12,46	12,33	12,04	11,72	11,41	11,09	10,76	10,44	10,12	9,79	9,45	9,11	12,40	0
21/09/2020 20:05:00	12,51	12,65	12,54	12,35	12,02	11,70	11,34	10,99	10,66	10,32	9,95	9,57	9,19	12,40	0
21/09/2020 20:10:00	12,47	12,54	12,39	12,11	11,84	11,52	11,16	10,82	10,50	10,18	9,84	9,49	9,14	12,41	0
21/09/2020 20:15:00	12,40	12,59	12,45	12,25	11,99	11,64	11,27	10,93	10,60	10,26	9,91	9,53	9,16	12,47	0
21/09/2020 20:20:00	12,38	12,54	12,41	12,19	11,88	11,56	11,22	10,90	10,57	10,25	9,91	9,56	9,20	12,48	0
21/09/2020 20:25:00	12,45	12,63	12,46	12,20	11,93	11,58	11,23	10,89	10,57	10,25	9,91	9,56	9,22	12,47	0
21/09/2020 20:30:00	12,42	12,60	12,48	12,21	11,90	11,49	11,14	10,80	10,45	10,10	9,74	9,36	8,98	12,49	0
21/09/2020 20:35:00	12,45	12,62	12,47	12,20	11,88	11,53	11,17	10,82	10,48	10,14	9,79	9,43	9,07	12,49	0
21/09/2020 20:40:00	12,56	12,67	12,45	12,14	11,89	11,51	11,13	10,78	10,45	10,13	9,79	9,44	9,09	12,58	0
21/09/2020 20:45:00	12,56	12,72	12,59	12,29	11,96	11,63	11,25	10,90	10,56	10,22	9,87	9,51	9,15	12,55	0
21/09/2020 20:50:00	12,54	12,60	12,42	12,11	11,82	11,47	11,10	10,75	10,42	10,10	9,76	9,41	9,06	12,54	0
21/09/2020 20:55:00	12,57	12,67	12,45	12,18	11,86	11,53	11,15	10,80	10,47	10,15	9,81	9,46	9,11	12,55	0
21/09/2020 21:00:00	12,58	12,62	12,41	12,13	11,78	11,47	11,12	10,79	10,47	10,15	9,83	9,49	9,16	12,57	0
21/09/2020 21:05:00	12,53	12,65	12,45	12,15	11,79	11,42	11,07	10,72	10,39	10,06	9,72	9,37	9,01	12,58	0
21/09/2020 21:10:00	12,53	12,68	12,48	12,21	11,86	11,53	11,16	10,81	10,48	10,15	9,82	9,47	9,12	12,52	0
21/09/2020 21:15:00	12,49	12,52	12,34	12,08	11,83	11,46	11,10	10,77	10,45	10,12	9,78	9,42	9,06	12,54	0
21/09/2020 21:20:00	12,51	12,60	12,35	12,07	11,76	11,44	11,10	10,77	10,46	10,15	9,84	9,52	9,20	12,47	0
21/09/2020 21:25:00	12,49	12,53	12,33	12,02	11,71	11,35	11,01	10,68	10,35	10,03	9,70	9,36	9,02	12,47	0
21/09/2020 21:30:00	12,47	12,53	12,30	12,03	11,72	11,38	11,03	10,70	10,38	10,07	9,74	9,40	9,06	12,47	0
21/09/2020 21:35:00	12,37	12,58	12,34	12,04	11,70	11,34	10,97	10,62	10,29	9,96	9,64	9,30	8,97	12,45	0
21/09/2020 21:40:00	12,38	12,43	12,21	11,92	11,58	11,20	10,91	10,61	10,29	9,97	9,66	9,33	9,01	12,43	0
21/09/2020 21:45:00	12,43	12,43	12,19	11,87	11,58	11,24	10,88	10,54	10,22	9,91	9,59	9,25	8,92	12,37	0
21/09/2020 21:50:00	12,26	12,33	12,11	11,86	11,60	11,21	10,89	10,58	10,26	9,94	9,61	9,27	8,93	12,31	0
21/09/2020 21:55:00	12,28	12,37	12,17	11,90	11,55	11,18	10,88	10,56	10,23	9,92	9,59	9,26	8,92	12,24	0
21/09/2020 22:00:00	12,24	12,36	12,20	11,88	11,45	11,12	10,75	10,39	10,04	9,71	9,36	9,01	8,66	12,28	0
21/09/2020 22:05:00	12,36	12,38	12,19	11,90	11,61	11,29	10,95	10,63	10,31	10,00	9,68	9,35	9,01	12,34	0
21/09/2020 22:10:00	12,36	12,39	12,19	11,90	11,58	11,24	10,90	10,57	10,24	9,92	9,60	9,25	8,91	12,39	0
21/09/2020 22:15:00	12,37	12,43	12,21	11,93	11,60	11,20	10,84	10,49	10,16	9,82	9,48	9,12	8,76	12,45	0
21/09/2020 22:20:00	12,44	12,48	12,21	11,92	11,59	11,20	10,85	10,51	10,18	9,86	9,53	9,19	8,85	12,45	0
21/09/2020 22:25:00	12,46	12,47	12,18	11,86	11,52	11,11	10,78	10,46	10,13	9,82	9,50	9,17	8,84	12,40	0
21/09/2020 22:30:00	12,37	12,43	12,14	11,81	11,45	11,05	10,69	10,35	10,02	9,70	9,37	9,04	8,71	12,37	0
21/09/2020 22:35:00	12,43	12,39	12,12	11,86	11,56	11,20	10,87	10,54	10,23	9,92	9,60	9,26	8,93	12,37	0
21/09/2020 22:40:00	12,43	12,41	12,19	11,81	11,44	11,08	10,71	10,36	10,03	9,70	9,37	9,02	8,68	12,36	0
21/09/2020 22:45:00	12,44	12,42	12,21	11,92	11,57	11,23	10,87	10,53	10,20	9,87	9,53	9,18	8,83	12,36	0
21/09/2020 22:50:00	12,36	12,34	12,09	11,78	11,48	11,10	10,75	10,42	10,10	9,78	9,46	9,12	8,79	12,33	0
21/09/2020 22:55:00	12,28	12,31	12,07	11,81	11,50	11,15	10,81	10,48	10,17	9,86	9,54	9,21	8,87	12,33	0
21/09/2020 23:00:00	12,38	12,35	12,09	11,80	11,48	11,12	10,80	10,48	10,16	9,85	9,54	9,21	8,88	12,30	0
21/09/2020 23:05:00	12,31	12,40	12,16	11,84	11,46	11,08	10,72	10,37	10,03	9,70	9,37	9,02	8,68	12,35	0
21/09/2020 23:10:00	12,35	12,36	12,15	11,86	11,51	11,21	10,88	10,55	10,23	9,93	9,61	9,29	8,97	12,33	0
21/09/2020 23:15:00	12,29	12,34	12,09	11,83	11,52	11,21	10,85	10,52	10,21	9,91	9,60	9,27	8,95	12,34	0
21/09/2020 23:20:00	12,28	12,34	12,11	11,83	11,48	11,13	10,78	10,44	10,11	9,79	9,46	9,12	8,77	12,35	0
21/09/2020 23:25:00	12,22	12,26	12,05	11,78	11,48	11,14	10,76	10,41	10,08	9,76	9,42	9,07	8,72	12,27	0
21/09/2020 23:30:00	12,27	12,27	12,03	11,74	11,48	11,14	10,76	10,42	10,10	9,79	9,46	9,13	8,79	12,28	0
21/09/2020 23:35:00	12,18	12,21	11,98	11,71	11,42	11,09	10,81	10,52	10,21	9,92	9,63	9,33	9,02	12,21	0
21/09/2020 23:40:00	12,29	12,30	12,07	11,81	11,49	11,19	10,82	10,48	10,16	9,85	9,53	9,19	8,85	12,22	0
21/09/2020 23:45:00	12,24	12,23	12,06	11,81	11,53	11,18	10,83	10,50	10,18	9,85	9,51	9,15	8,80	12,22	0
21/09/2020 23:50:00	12,18	12,16	11,96	11,72	11,41	11,11	10,75	10,42	10,11	9,80	9,47	9,13	8,79	12,22	0
21/09/2020 23:55:00	12,21	12,21	11,98	11,72	11,39	11,08	10,78	10,48	10,18	9,88	9,59	9,28	8,97	12,20	0
