FileFormat:0002.2 file with temperature of atmosphere
200
local	GMT or Local
0	GMT-Local=[hours]
0	Height[m]
0	0	0	Longitude                [grd]               [min]               [sec]
0	0	0	Latitude                [grd]               [min]               [sec]
N	NS
59,40	Freq[GHz]
0,00	dTemostat[K]
0,150	MessErr[K]
0,248	//[grad/step]
version 14.0.20110218
MTP5H033F5940K-33.00D180214+A1.1
Commentary:
enter comment
End Of Commentary

SYSTEM\alaska.dat
data time	0	50	100	150	200	250	300	350	400	450	500	550	600	OutsideTemperature	Quality
18/01/2020 00:00:00	2,99	4,13	4,11	3,57	2,77	1,86	1,06	0,56	0,30	0,06	-0,10	-0,19	-0,28	2,95	0
18/01/2020 00:05:00	2,98	4,11	4,14	3,56	2,83	1,88	1,09	0,58	0,32	0,07	-0,10	-0,18	-0,26	2,96	0
18/01/2020 00:10:00	2,97	4,01	4,05	3,54	2,77	1,90	1,07	0,53	0,25	0,00	-0,18	-0,27	-0,37	2,91	0
18/01/2020 00:15:00	2,91	4,00	4,02	3,54	2,75	1,87	1,06	0,54	0,28	0,04	-0,13	-0,20	-0,28	2,95	0
18/01/2020 00:20:00	2,93	4,07	4,12	3,55	2,78	1,94	1,10	0,58	0,34	0,12	-0,03	-0,08	-0,14	2,98	0
18/01/2020 00:25:00	2,98	4,02	4,08	3,57	2,83	1,94	1,09	0,54	0,25	-0,01	-0,20	-0,31	-0,41	2,98	0
18/01/2020 00:30:00	2,99	4,05	4,07	3,55	2,80	1,92	1,14	0,64	0,37	0,12	-0,05	-0,13	-0,22	2,96	0
18/01/2020 00:35:00	3,03	4,11	4,13	3,57	2,83	1,91	1,10	0,59	0,33	0,08	-0,08	-0,16	-0,24	3,00	0
18/01/2020 00:40:00	2,97	4,04	4,06	3,53	2,84	1,98	1,17	0,67	0,42	0,18	0,01	-0,08	-0,18	2,97	0
18/01/2020 00:45:00	2,97	4,16	4,17	3,61	2,80	1,88	1,08	0,57	0,30	0,05	-0,12	-0,21	-0,30	3,04	0
18/01/2020 00:50:00	2,96	4,10	4,16	3,62	2,93	2,01	1,18	0,64	0,37	0,11	-0,07	-0,18	-0,28	3,00	0
18/01/2020 00:55:00	3,01	4,10	4,12	3,55	2,82	1,96	1,07	0,52	0,26	0,02	-0,15	-0,24	-0,34	3,03	0
18/01/2020 01:00:00	3,02	4,10	4,19	3,71	2,96	1,99	1,07	0,46	0,13	-0,15	-0,35	-0,47	-0,58	3,03	0
18/01/2020 01:05:00	3,00	4,11	4,08	3,52	2,72	1,81	1,04	0,56	0,31	0,07	-0,09	-0,17	-0,25	2,99	0
18/01/2020 01:10:00	3,03	4,07	4,12	3,62	2,86	1,93	1,09	0,55	0,25	-0,01	-0,19	-0,28	-0,38	3,00	0
18/01/2020 01:15:00	3,00	4,00	4,02	3,53	2,82	1,95	1,10	0,56	0,28	0,02	-0,17	-0,28	-0,40	2,96	0
18/01/2020 01:20:00	2,94	4,01	4,00	3,40	2,65	1,77	0,93	0,40	0,15	-0,09	-0,26	-0,35	-0,44	2,94	0
18/01/2020 01:25:00	2,93	4,03	4,00	3,47	2,75	1,81	1,03	0,54	0,28	0,04	-0,14	-0,24	-0,34	3,00	0
18/01/2020 01:30:00	3,04	4,04	4,01	3,45	2,68	1,78	0,97	0,46	0,21	-0,03	-0,19	-0,26	-0,33	2,91	0
18/01/2020 01:35:00	2,86	4,03	4,03	3,37	2,62	1,74	0,97	0,51	0,29	0,08	-0,05	-0,10	-0,15	2,95	0
18/01/2020 01:40:00	3,01	4,11	4,10	3,52	2,74	1,86	1,07	0,58	0,35	0,13	-0,02	-0,07	-0,13	2,93	0
18/01/2020 01:45:00	2,92	3,97	3,98	3,48	2,65	1,77	1,06	0,60	0,33	0,08	-0,08	-0,16	-0,24	2,93	0
18/01/2020 01:50:00	2,90	4,04	4,04	3,43	2,63	1,73	0,92	0,42	0,17	-0,06	-0,21	-0,27	-0,33	2,86	0
18/01/2020 01:55:00	2,90	4,00	3,97	3,26	2,47	1,54	0,80	0,36	0,15	-0,05	-0,17	-0,19	-0,21	2,92	0
18/01/2020 02:00:00	2,90	3,95	3,93	3,37	2,53	1,59	0,79	0,29	0,03	-0,20	-0,34	-0,38	-0,43	2,84	0
18/01/2020 02:05:00	2,83	3,88	3,89	3,38	2,64	1,80	1,06	0,60	0,38	0,16	0,03	-0,03	-0,08	2,90	0
18/01/2020 02:10:00	2,90	4,03	3,96	3,33	2,48	1,63	0,90	0,48	0,29	0,10	0,00	-0,02	-0,03	2,93	0
18/01/2020 02:15:00	2,96	4,05	4,03	3,39	2,62	1,72	0,96	0,50	0,29	0,08	-0,04	-0,06	-0,09	2,96	0
18/01/2020 02:20:00	2,92	4,02	3,98	3,34	2,49	1,62	0,93	0,53	0,34	0,16	0,06	0,07	0,08	2,88	0
18/01/2020 02:25:00	2,87	4,01	4,02	3,40	2,64	1,73	0,99	0,54	0,31	0,10	-0,03	-0,07	-0,11	2,82	0
18/01/2020 02:30:00	2,84	4,00	4,00	3,32	2,54	1,65	0,96	0,58	0,39	0,22	0,14	0,16	0,18	2,90	0
18/01/2020 02:35:00	2,80	3,97	4,00	3,40	2,58	1,71	0,96	0,51	0,29	0,09	-0,02	-0,02	-0,03	2,87	0
18/01/2020 02:40:00	2,88	3,96	3,92	3,30	2,49	1,66	0,96	0,57	0,38	0,19	0,09	0,08	0,08	2,95	0
18/01/2020 02:45:00	2,91	4,08	4,03	3,37	2,54	1,67	0,99	0,60	0,43	0,25	0,17	0,18	0,19	2,90	0
18/01/2020 02:50:00	2,86	3,91	3,85	3,18	2,37	1,56	0,89	0,51	0,34	0,18	0,10	0,12	0,14	2,83	0
18/01/2020 02:55:00	2,79	3,90	3,84	3,16	2,42	1,53	0,89	0,52	0,35	0,17	0,08	0,08	0,08	2,83	0
18/01/2020 03:00:00	2,87	3,98	3,93	3,28	2,46	1,61	0,94	0,56	0,39	0,21	0,13	0,14	0,15	2,88	0
18/01/2020 03:05:00	2,82	3,93	3,92	3,30	2,50	1,64	0,91	0,49	0,29	0,11	0,01	0,02	0,02	2,78	0
18/01/2020 03:10:00	2,75	3,97	3,93	3,30	2,45	1,62	0,94	0,57	0,41	0,26	0,19	0,23	0,26	2,82	0
18/01/2020 03:15:00	2,81	3,98	3,91	3,32	2,56	1,73	1,06	0,67	0,49	0,31	0,19	0,15	0,11	2,80	0
18/01/2020 03:20:00	2,70	3,91	3,79	3,06	2,17	1,36	0,77	0,47	0,34	0,20	0,13	0,17	0,20	2,78	0
18/01/2020 03:25:00	2,75	3,86	3,84	3,14	2,33	1,47	0,75	0,35	0,17	0,01	-0,06	-0,03	0,00	2,77	0
18/01/2020 03:30:00	2,75	3,89	3,80	3,17	2,33	1,48	0,78	0,38	0,20	0,03	-0,06	-0,07	-0,07	2,78	0
18/01/2020 03:35:00	2,86	3,96	3,91	3,30	2,44	1,57	0,88	0,48	0,28	0,10	0,01	0,01	0,02	2,78	0
18/01/2020 03:40:00	2,69	3,84	3,81	3,17	2,33	1,46	0,75	0,33	0,13	-0,06	-0,16	-0,17	-0,18	2,72	0
18/01/2020 03:45:00	2,76	3,87	3,88	3,25	2,36	1,47	0,75	0,32	0,10	-0,08	-0,17	-0,14	-0,11	2,71	0
18/01/2020 03:50:00	2,74	3,83	3,75	3,12	2,28	1,46	0,83	0,49	0,35	0,20	0,14	0,18	0,22	2,68	0
18/01/2020 03:55:00	2,69	3,86	3,74	2,99	2,17	1,33	0,75	0,47	0,37	0,25	0,22	0,29	0,36	2,69	0
18/01/2020 04:00:00	2,73	3,81	3,73	3,05	2,30	1,50	0,80	0,41	0,25	0,09	-0,01	-0,02	-0,04	2,66	0
18/01/2020 04:05:00	2,65	3,81	3,73	3,09	2,16	1,37	0,73	0,40	0,26	0,12	0,08	0,15	0,21	2,63	0
18/01/2020 04:10:00	2,51	3,88	3,85	3,12	2,28	1,44	0,77	0,45	0,33	0,21	0,18	0,26	0,34	2,62	0
18/01/2020 04:15:00	2,57	3,77	3,72	3,08	2,22	1,37	0,75	0,42	0,27	0,12	0,06	0,10	0,15	2,54	0
18/01/2020 04:20:00	2,51	3,68	3,66	2,98	2,14	1,33	0,68	0,33	0,17	0,02	-0,04	0,01	0,06	2,57	0
18/01/2020 04:25:00	2,44	3,63	3,58	2,94	2,12	1,31	0,71	0,39	0,24	0,10	0,04	0,08	0,12	2,57	0
18/01/2020 04:30:00	2,53	3,73	3,67	2,92	2,11	1,30	0,69	0,39	0,27	0,16	0,13	0,20	0,28	2,51	0
18/01/2020 04:35:00	2,52	3,89	3,88	3,20	2,34	1,55	0,94	0,64	0,52	0,40	0,36	0,44	0,52	2,56	0
18/01/2020 04:40:00	2,53	3,86	3,84	3,08	2,21	1,43	0,80	0,52	0,43	0,33	0,34	0,46	0,58	2,50	0
18/01/2020 04:45:00	2,42	3,77	3,71	2,95	2,14	1,38	0,83	0,61	0,55	0,47	0,48	0,59	0,71	2,48	0
18/01/2020 04:50:00	2,37	3,71	3,61	2,78	1,96	1,26	0,75	0,59	0,59	0,56	0,61	0,78	0,94	2,46	0
18/01/2020 04:55:00	2,35	3,70	3,68	2,90	2,05	1,27	0,66	0,39	0,31	0,23	0,23	0,36	0,48	2,42	0
18/01/2020 05:00:00	2,48	3,67	3,61	2,86	2,10	1,33	0,74	0,47	0,39	0,30	0,29	0,39	0,49	2,45	0
18/01/2020 05:05:00	2,36	3,72	3,70	2,87	2,09	1,32	0,72	0,46	0,40	0,32	0,34	0,46	0,58	2,40	0
18/01/2020 05:10:00	2,48	3,69	3,64	2,96	2,21	1,42	0,87	0,61	0,51	0,40	0,37	0,43	0,50	2,37	0
18/01/2020 05:15:00	2,39	3,73	3,73	3,03	2,21	1,46	0,83	0,53	0,43	0,32	0,30	0,39	0,47	2,35	0
18/01/2020 05:20:00	2,43	3,68	3,61	2,86	2,03	1,20	0,61	0,34	0,24	0,14	0,13	0,22	0,32	2,38	0
18/01/2020 05:25:00	2,22	3,61	3,57	2,82	1,97	1,15	0,52	0,20	0,08	-0,05	-0,09	-0,03	0,03	2,27	0
18/01/2020 05:30:00	2,40	3,43	3,32	2,57	1,80	1,04	0,50	0,26	0,19	0,10	0,10	0,20	0,30	2,22	0
18/01/2020 05:35:00	2,26	3,56	3,53	2,81	1,94	1,17	0,56	0,27	0,17	0,06	0,04	0,13	0,22	2,26	0
18/01/2020 05:40:00	2,34	3,50	3,38	2,73	2,03	1,26	0,66	0,37	0,27	0,15	0,09	0,10	0,11	2,27	0
18/01/2020 05:45:00	2,15	3,39	3,27	2,57	1,72	0,96	0,46	0,23	0,15	0,05	0,03	0,11	0,19	2,26	0
18/01/2020 05:50:00	2,25	3,34	3,25	2,59	1,81	1,03	0,46	0,19	0,09	-0,02	-0,05	0,03	0,10	2,25	0
18/01/2020 05:55:00	2,17	3,25	3,06	2,33	1,51	0,79	0,21	-0,03	-0,08	-0,15	-0,15	-0,05	0,04	2,20	0
18/01/2020 06:00:00	2,13	3,28	3,17	2,42	1,58	0,76	0,14	-0,16	-0,27	-0,38	-0,40	-0,32	-0,25	2,20	0
18/01/2020 06:05:00	2,28	3,19	2,97	2,31	1,48	0,78	0,26	0,04	-0,01	-0,09	-0,10	-0,01	0,07	2,23	0
18/01/2020 06:10:00	2,10	3,07	2,96	2,29	1,52	0,70	0,07	-0,27	-0,42	-0,55	-0,60	-0,57	-0,53	2,15	0
18/01/2020 06:15:00	2,20	3,04	2,86	2,21	1,44	0,66	0,08	-0,21	-0,31	-0,42	-0,46	-0,40	-0,35	2,17	0
18/01/2020 06:20:00	2,13	2,99	2,87	2,18	1,36	0,62	0,06	-0,23	-0,35	-0,47	-0,51	-0,44	-0,38	2,14	0
18/01/2020 06:25:00	2,18	3,01	2,89	2,28	1,52	0,75	0,18	-0,13	-0,27	-0,40	-0,46	-0,43	-0,39	2,16	0
18/01/2020 06:30:00	2,13	2,97	2,78	2,06	1,30	0,59	0,05	-0,20	-0,28	-0,37	-0,39	-0,32	-0,25	2,11	0
18/01/2020 06:35:00	2,12	2,98	2,77	2,10	1,34	0,68	0,20	0,00	-0,05	-0,12	-0,13	-0,06	0,01	2,18	0
18/01/2020 06:40:00	2,04	2,95	2,76	1,98	1,19	0,52	-0,03	-0,25	-0,27	-0,32	-0,28	-0,15	-0,02	2,00	0
18/01/2020 06:45:00	2,06	2,99	2,77	2,00	1,21	0,46	0,01	-0,17	-0,20	-0,25	-0,22	-0,09	0,03	1,99	0
18/01/2020 06:50:00	1,92	2,90	2,70	1,91	1,09	0,42	-0,05	-0,20	-0,21	-0,23	-0,18	-0,02	0,14	1,96	0
18/01/2020 06:55:00	1,95	2,85	2,62	1,95	1,19	0,57	0,04	-0,17	-0,20	-0,27	-0,27	-0,21	-0,14	1,90	0
18/01/2020 07:00:00	1,85	2,60	2,40	1,73	1,00	0,33	-0,09	-0,25	-0,28	-0,33	-0,30	-0,18	-0,06	1,83	0
18/01/2020 07:05:00	1,81	2,63	2,41	1,60	0,80	0,12	-0,20	-0,27	-0,26	-0,26	-0,18	0,02	0,22	1,86	0
18/01/2020 07:10:00	1,76	2,63	2,40	1,69	0,92	0,24	-0,29	-0,50	-0,53	-0,57	-0,55	-0,44	-0,33	1,80	0
18/01/2020 07:15:00	1,78	2,58	2,22	1,35	0,60	-0,04	-0,35	-0,36	-0,28	-0,24	-0,14	0,06	0,26	1,72	0
18/01/2020 07:20:00	1,68	2,45	2,22	1,49	0,76	0,14	-0,29	-0,44	-0,44	-0,46	-0,42	-0,28	-0,15	1,66	0
18/01/2020 07:25:00	1,69	2,64	2,44	1,67	0,88	0,21	-0,28	-0,46	-0,48	-0,51	-0,47	-0,34	-0,20	1,63	0
18/01/2020 07:30:00	1,66	2,43	2,15	1,32	0,53	-0,12	-0,51	-0,61	-0,59	-0,58	-0,49	-0,30	-0,11	1,58	0
18/01/2020 07:35:00	1,53	2,34	2,06	1,29	0,52	-0,13	-0,53	-0,65	-0,63	-0,64	-0,58	-0,43	-0,28	1,48	0
18/01/2020 07:40:00	1,48	2,20	1,94	1,27	0,56	-0,06	-0,48	-0,63	-0,62	-0,64	-0,61	-0,49	-0,37	1,48	0
18/01/2020 07:45:00	1,48	2,16	1,89	1,09	0,36	-0,22	-0,59	-0,66	-0,60	-0,58	-0,48	-0,28	-0,08	1,48	0
18/01/2020 07:50:00	1,44	2,11	1,85	1,14	0,47	-0,15	-0,54	-0,66	-0,64	-0,65	-0,61	-0,48	-0,35	1,41	0
18/01/2020 07:55:00	1,42	2,22	1,95	1,18	0,48	-0,11	-0,49	-0,58	-0,53	-0,53	-0,46	-0,31	-0,16	1,47	0
18/01/2020 08:00:00	1,39	2,14	1,77	1,03	0,20	-0,38	-0,78	-0,88	-0,84	-0,83	-0,76	-0,60	-0,44	1,39	0
18/01/2020 08:05:00	1,38	2,09	1,79	1,03	0,32	-0,33	-0,71	-0,82	-0,79	-0,80	-0,74	-0,59	-0,44	1,34	0
18/01/2020 08:10:00	1,30	2,06	1,76	1,00	0,22	-0,38	-0,72	-0,78	-0,73	-0,72	-0,63	-0,46	-0,28	1,33	0
18/01/2020 08:15:00	1,32	1,88	1,48	0,74	0,04	-0,47	-0,74	-0,75	-0,66	-0,61	-0,52	-0,35	-0,18	1,20	0
18/01/2020 08:20:00	1,14	1,76	1,41	0,60	-0,08	-0,64	-0,97	-1,01	-0,94	-0,90	-0,81	-0,63	-0,46	1,16	0
18/01/2020 08:25:00	1,05	1,66	1,24	0,45	-0,21	-0,65	-0,87	-0,80	-0,65	-0,57	-0,45	-0,25	-0,06	1,11	0
18/01/2020 08:30:00	1,19	1,75	1,41	0,58	-0,20	-0,68	-0,96	-0,97	-0,87	-0,81	-0,69	-0,47	-0,24	1,13	0
18/01/2020 08:35:00	1,02	1,56	1,23	0,53	-0,11	-0,61	-0,84	-0,83	-0,74	-0,69	-0,60	-0,41	-0,23	1,04	0
18/01/2020 08:40:00	1,06	1,66	1,41	0,63	0,00	-0,54	-0,83	-0,87	-0,81	-0,78	-0,69	-0,51	-0,32	1,04	0
18/01/2020 08:45:00	1,04	1,63	1,22	0,38	-0,31	-0,82	-1,04	-1,00	-0,87	-0,79	-0,67	-0,46	-0,24	1,06	0
18/01/2020 08:50:00	0,94	1,51	1,16	0,44	-0,19	-0,70	-1,00	-1,04	-0,95	-0,92	-0,84	-0,68	-0,53	0,89	0
18/01/2020 08:55:00	0,89	1,33	1,03	0,35	-0,23	-0,64	-0,92	-0,93	-0,83	-0,79	-0,70	-0,53	-0,37	0,94	0
18/01/2020 09:00:00	1,07	1,60	1,25	0,41	-0,29	-0,80	-1,01	-0,98	-0,88	-0,82	-0,71	-0,50	-0,29	1,03	0
18/01/2020 09:05:00	1,02	1,54	1,18	0,48	-0,11	-0,61	-0,88	-0,89	-0,81	-0,78	-0,71	-0,57	-0,44	1,02	0
18/01/2020 09:10:00	1,07	1,52	1,15	0,36	-0,28	-0,79	-1,10	-1,13	-1,04	-0,99	-0,90	-0,73	-0,56	0,97	0
18/01/2020 09:15:00	0,97	1,44	1,09	0,33	-0,31	-0,83	-1,09	-1,11	-1,03	-0,99	-0,91	-0,74	-0,57	0,99	0
18/01/2020 09:20:00	1,05	1,42	1,01	0,34	-0,28	-0,72	-0,99	-1,01	-0,92	-0,88	-0,81	-0,67	-0,53	1,03	0
18/01/2020 09:25:00	1,03	1,32	0,91	0,26	-0,29	-0,71	-0,88	-0,84	-0,73	-0,69	-0,61	-0,47	-0,34	0,88	0
18/01/2020 09:30:00	0,97	1,25	0,81	0,02	-0,60	-1,04	-1,26	-1,21	-1,07	-0,97	-0,84	-0,62	-0,40	0,96	0
18/01/2020 09:35:00	0,92	1,26	0,82	0,03	-0,61	-1,04	-1,25	-1,20	-1,05	-0,97	-0,84	-0,63	-0,43	0,86	0
18/01/2020 09:40:00	0,89	1,18	0,68	-0,05	-0,62	-0,96	-1,08	-0,93	-0,72	-0,59	-0,44	-0,21	0,02	0,85	0
18/01/2020 09:45:00	0,89	1,22	0,72	-0,06	-0,61	-1,02	-1,21	-1,12	-0,94	-0,84	-0,70	-0,50	-0,30	0,89	0
18/01/2020 09:50:00	0,92	1,16	0,74	0,11	-0,47	-0,89	-1,11	-1,10	-1,00	-0,95	-0,88	-0,74	-0,61	0,91	0
18/01/2020 09:55:00	0,92	1,24	0,80	0,01	-0,59	-1,02	-1,23	-1,17	-1,02	-0,93	-0,79	-0,58	-0,37	0,97	0
18/01/2020 10:00:00	0,87	1,39	1,04	0,22	-0,38	-0,81	-0,99	-0,90	-0,74	-0,63	-0,48	-0,24	0,00	0,99	0
18/01/2020 10:05:00	0,99	1,30	0,77	0,00	-0,64	-0,95	-1,02	-0,85	-0,63	-0,50	-0,34	-0,11	0,12	1,00	0
18/01/2020 10:10:00	1,01	1,19	0,69	0,02	-0,51	-0,82	-0,89	-0,74	-0,55	-0,45	-0,33	-0,16	0,02	0,78	0
18/01/2020 10:15:00	0,86	1,21	0,71	-0,04	-0,58	-0,93	-0,98	-0,80	-0,58	-0,45	-0,30	-0,07	0,15	0,88	0
18/01/2020 10:20:00	0,83	1,29	0,80	0,00	-0,58	-0,94	-0,98	-0,78	-0,56	-0,42	-0,25	-0,02	0,22	0,96	0
18/01/2020 10:25:00	0,90	1,25	0,75	0,02	-0,45	-0,79	-0,89	-0,73	-0,51	-0,39	-0,25	-0,06	0,13	0,88	0
18/01/2020 10:30:00	0,97	1,21	0,64	-0,15	-0,64	-0,91	-0,88	-0,61	-0,32	-0,15	0,05	0,30	0,55	0,80	0
18/01/2020 10:35:00	0,76	1,23	0,78	-0,03	-0,67	-1,04	-1,07	-0,86	-0,63	-0,47	-0,27	0,02	0,32	0,86	0
18/01/2020 10:40:00	0,99	1,40	0,92	0,11	-0,56	-0,91	-0,98	-0,81	-0,60	-0,47	-0,29	-0,02	0,24	0,89	0
18/01/2020 10:45:00	0,89	1,21	0,71	-0,10	-0,71	-1,02	-1,02	-0,80	-0,56	-0,41	-0,22	0,04	0,31	1,00	0
18/01/2020 10:50:00	0,98	1,32	0,88	0,11	-0,54	-0,95	-1,14	-1,06	-0,91	-0,81	-0,67	-0,44	-0,21	0,88	0
18/01/2020 10:55:00	0,91	1,34	0,89	0,15	-0,41	-0,80	-0,89	-0,74	-0,55	-0,44	-0,29	-0,08	0,14	0,96	0
18/01/2020 11:00:00	0,85	1,38	0,94	0,15	-0,41	-0,76	-0,85	-0,67	-0,46	-0,33	-0,17	0,07	0,30	0,82	0
18/01/2020 11:05:00	0,95	1,40	0,95	0,16	-0,37	-0,66	-0,68	-0,47	-0,23	-0,09	0,08	0,32	0,55	0,86	0
18/01/2020 11:10:00	0,78	1,24	0,77	-0,05	-0,60	-0,90	-1,01	-0,84	-0,59	-0,44	-0,26	-0,01	0,24	0,95	0
18/01/2020 11:15:00	1,06	1,08	0,44	-0,31	-0,89	-1,19	-1,18	-0,97	-0,75	-0,63	-0,48	-0,28	-0,08	0,99	0
18/01/2020 11:20:00	1,08	0,91	0,20	-0,60	-1,17	-1,39	-1,34	-1,07	-0,79	-0,61	-0,41	-0,15	0,11	1,01	0
18/01/2020 11:25:00	1,03	0,90	0,38	-0,34	-0,91	-1,24	-1,32	-1,19	-1,03	-0,93	-0,79	-0,57	-0,35	1,00	0
18/01/2020 11:30:00	1,00	1,23	0,60	-0,17	-0,68	-0,86	-0,80	-0,47	-0,14	0,07	0,30	0,58	0,85	1,04	0
18/01/2020 11:35:00	1,59	1,14	0,31	-0,41	-0,75	-0,75	-0,64	-0,29	0,08	0,28	0,47	0,67	0,87	1,13	0
18/01/2020 11:40:00	1,54	1,33	0,49	-0,41	-0,92	-1,05	-0,86	-0,45	-0,06	0,17	0,42	0,70	0,99	1,24	0
18/01/2020 11:45:00	1,88	1,45	0,38	-0,55	-1,08	-1,14	-0,81	-0,27	0,18	0,46	0,74	1,04	1,34	1,38	0
18/01/2020 11:50:00	1,35	1,52	0,80	-0,10	-0,62	-0,85	-0,75	-0,41	-0,08	0,12	0,32	0,58	0,83	1,41	0
18/01/2020 11:55:00	1,97	1,32	0,42	-0,29	-0,70	-0,78	-0,56	-0,18	0,16	0,35	0,53	0,74	0,95	1,64	0
18/01/2020 12:00:00	1,61	1,44	0,80	0,15	-0,34	-0,57	-0,59	-0,40	-0,17	-0,05	0,08	0,26	0,44	1,48	0
18/01/2020 12:05:00	1,30	1,42	0,82	0,10	-0,39	-0,67	-0,66	-0,43	-0,19	-0,06	0,09	0,29	0,48	1,40	0
18/01/2020 12:10:00	1,42	1,57	0,78	-0,25	-0,73	-0,87	-0,76	-0,35	0,07	0,34	0,61	0,92	1,24	1,26	0
18/01/2020 12:15:00	1,57	1,47	0,56	-0,32	-0,80	-0,84	-0,54	0,00	0,47	0,76	1,05	1,38	1,70	1,14	0
18/01/2020 12:20:00	2,01	1,35	0,50	-0,21	-0,61	-0,69	-0,58	-0,26	0,07	0,26	0,45	0,67	0,89	1,38	0
18/01/2020 12:25:00	1,81	1,50	0,69	-0,05	-0,59	-0,76	-0,52	-0,12	0,22	0,42	0,64	0,91	1,18	1,39	0
18/01/2020 12:30:00	1,99	1,57	0,82	0,04	-0,46	-0,64	-0,56	-0,26	0,03	0,21	0,41	0,67	0,93	1,52	0
18/01/2020 12:35:00	2,05	1,54	0,81	0,17	-0,24	-0,36	-0,19	0,16	0,47	0,65	0,85	1,10	1,34	1,78	0
18/01/2020 12:40:00	2,17	1,59	0,87	0,33	0,01	-0,09	0,03	0,34	0,62	0,77	0,92	1,10	1,29	2,30	0
18/01/2020 12:45:00	2,22	1,61	0,94	0,44	0,19	0,03	0,09	0,32	0,56	0,67	0,78	0,92	1,05	2,60	0
18/01/2020 12:50:00	1,78	1,72	1,18	0,63	0,20	0,03	0,03	0,24	0,48	0,60	0,74	0,92	1,11	1,95	0
18/01/2020 12:55:00	1,87	1,92	1,26	0,51	-0,02	-0,20	-0,17	0,14	0,48	0,68	0,91	1,20	1,49	1,81	0
18/01/2020 13:00:00	1,79	2,01	1,41	0,71	0,13	-0,16	-0,17	0,07	0,33	0,48	0,66	0,90	1,14	2,07	0
18/01/2020 13:05:00	1,74	2,18	1,64	0,84	0,29	-0,03	-0,06	0,20	0,48	0,64	0,83	1,10	1,36	1,98	0
18/01/2020 13:10:00	1,70	2,32	1,76	0,86	0,25	-0,01	0,07	0,43	0,78	0,99	1,24	1,57	1,89	2,48	0
18/01/2020 13:15:00	1,60	2,46	1,88	0,93	0,24	-0,02	0,12	0,55	0,94	1,20	1,49	1,87	2,25	2,72	0
18/01/2020 13:20:00	1,43	2,80	2,32	1,29	0,42	0,01	0,01	0,35	0,68	0,89	1,17	1,54	1,92	2,68	0
18/01/2020 13:25:00	1,48	2,60	1,92	0,98	0,38	0,20	0,35	0,84	1,31	1,58	1,86	2,18	2,49	2,60	0
18/01/2020 13:30:00	1,43	2,62	1,97	0,93	0,15	-0,03	0,10	0,57	1,04	1,33	1,66	2,05	2,44	2,45	0
18/01/2020 13:35:00	1,41	2,59	2,09	1,16	0,39	0,23	0,46	0,98	1,41	1,68	2,01	2,43	2,84	2,27	0
18/01/2020 13:40:00	1,37	2,73	2,14	1,06	0,26	-0,06	0,03	0,46	0,87	1,12	1,41	1,78	2,15	2,44	0
18/01/2020 13:45:00	1,38	2,65	2,16	1,13	0,37	0,12	0,33	0,84	1,28	1,56	1,90	2,33	2,77	2,26	0
18/01/2020 13:50:00	1,65	3,01	2,54	1,61	0,87	0,62	0,72	1,14	1,54	1,78	2,07	2,43	2,80	2,09	0
18/01/2020 13:55:00	1,61	3,06	2,45	1,30	0,62	0,44	0,76	1,41	1,97	2,33	2,74	3,22	3,70	1,89	0
18/01/2020 14:00:00	1,86	3,30	2,76	1,61	0,91	0,77	1,02	1,61	2,13	2,47	2,84	3,29	3,75	1,90	0
18/01/2020 14:05:00	1,89	3,42	2,89	1,94	1,19	0,94	1,12	1,62	2,06	2,33	2,63	3,00	3,37	1,89	0
18/01/2020 14:10:00	2,05	3,64	3,14	2,03	1,27	0,93	0,98	1,41	1,82	2,08	2,38	2,76	3,15	2,06	0
18/01/2020 14:15:00	2,10	3,72	3,09	1,92	1,07	0,75	0,87	1,35	1,79	2,06	2,37	2,75	3,13	2,10	0
18/01/2020 14:20:00	2,03	3,79	3,15	1,91	1,08	0,85	1,01	1,55	2,05	2,34	2,67	3,05	3,44	2,01	0
18/01/2020 14:25:00	2,09	3,44	2,77	1,74	1,02	0,85	1,04	1,56	2,05	2,33	2,63	2,98	3,33	2,02	0
18/01/2020 14:30:00	2,17	3,31	2,64	1,54	0,79	0,62	0,89	1,45	1,94	2,23	2,56	2,95	3,35	2,06	0
18/01/2020 14:35:00	2,44	3,25	2,57	1,77	1,22	1,13	1,42	1,95	2,39	2,63	2,87	3,14	3,41	2,17	0
18/01/2020 14:40:00	2,50	3,19	2,54	1,77	1,28	1,25	1,51	2,03	2,48	2,72	2,97	3,25	3,53	2,38	0
18/01/2020 14:45:00	2,12	3,42	2,87	1,89	1,27	1,08	1,22	1,70	2,15	2,42	2,71	3,06	3,41	2,54	0
18/01/2020 14:50:00	2,32	3,35	2,77	1,85	1,15	1,01	1,08	1,48	1,88	2,12	2,38	2,71	3,03	2,63	0
18/01/2020 14:55:00	2,14	3,26	2,74	1,74	1,06	0,74	0,79	1,17	1,54	1,76	2,03	2,38	2,73	2,55	0
18/01/2020 15:00:00	1,99	3,06	2,65	1,80	1,22	0,97	1,05	1,40	1,73	1,92	2,14	2,43	2,71	2,23	0
18/01/2020 15:05:00	2,21	3,28	2,81	1,92	1,16	0,87	0,91	1,25	1,57	1,76	2,01	2,34	2,67	2,11	0
18/01/2020 15:10:00	2,08	3,36	2,98	2,14	1,43	1,16	1,15	1,47	1,81	2,00	2,24	2,57	2,90	2,18	0
18/01/2020 15:15:00	2,24	3,39	2,99	2,15	1,54	1,17	1,21	1,52	1,81	1,97	2,17	2,45	2,73	2,15	0
18/01/2020 15:20:00	2,31	3,42	2,88	1,93	1,31	1,18	1,37	1,88	2,34	2,62	2,94	3,32	3,71	2,35	0
18/01/2020 15:25:00	2,24	3,52	3,10	2,22	1,60	1,41	1,53	1,98	2,38	2,62	2,90	3,25	3,60	2,23	0
18/01/2020 15:30:00	2,20	3,73	3,43	2,53	1,92	1,68	1,80	2,23	2,62	2,84	3,12	3,48	3,84	2,23	0
18/01/2020 15:35:00	2,21	3,57	3,30	2,42	1,85	1,59	1,69	2,09	2,44	2,65	2,92	3,28	3,63	2,16	0
18/01/2020 15:40:00	2,14	3,85	3,66	2,81	2,16	1,84	1,88	2,23	2,57	2,76	3,02	3,37	3,73	2,17	0
18/01/2020 15:45:00	2,07	3,87	3,77	2,98	2,37	2,02	1,96	2,24	2,54	2,71	2,94	3,27	3,60	2,11	0
18/01/2020 15:50:00	2,18	3,77	3,64	2,88	2,19	1,86	1,89	2,21	2,50	2,66	2,91	3,26	3,61	2,07	0
18/01/2020 15:55:00	2,05	4,09	4,09	3,28	2,50	2,02	1,89	2,09	2,31	2,42	2,62	2,94	3,27	2,10	0
18/01/2020 16:00:00	2,16	4,05	4,04	3,21	2,53	2,11	2,06	2,33	2,59	2,74	2,98	3,34	3,71	2,00	0
18/01/2020 16:05:00	1,89	4,07	4,10	3,19	2,46	2,06	2,02	2,32	2,60	2,76	3,01	3,38	3,75	2,00	0
18/01/2020 16:10:00	2,11	4,13	4,19	3,37	2,64	2,22	2,15	2,41	2,65	2,78	3,02	3,38	3,74	2,04	0
18/01/2020 16:15:00	1,82	4,47	4,69	3,98	3,12	2,57	2,32	2,45	2,62	2,71	2,90	3,23	3,56	1,98	0
18/01/2020 16:20:00	2,06	4,01	4,16	3,42	2,79	2,26	2,09	2,23	2,38	2,46	2,64	2,94	3,25	1,85	0
18/01/2020 16:25:00	2,01	4,02	4,08	3,31	2,56	2,14	2,06	2,29	2,52	2,65	2,88	3,24	3,60	1,79	0
18/01/2020 16:30:00	1,63	4,15	4,45	3,67	2,86	2,25	1,92	1,97	2,08	2,14	2,31	2,63	2,95	1,88	0
18/01/2020 16:35:00	1,71	4,48	4,85	4,10	3,30	2,64	2,32	2,36	2,47	2,52	2,69	3,01	3,33	1,81	0
18/01/2020 16:40:00	1,72	4,44	4,67	3,79	2,91	2,33	2,04	2,16	2,34	2,44	2,66	3,02	3,39	1,74	0
18/01/2020 16:45:00	1,91	4,12	4,28	3,56	2,89	2,38	2,18	2,31	2,48	2,56	2,73	3,02	3,31	1,80	0
18/01/2020 16:50:00	1,52	3,99	4,28	3,54	2,79	2,24	2,00	2,10	2,25	2,32	2,50	2,82	3,14	1,67	0
18/01/2020 16:55:00	1,78	3,95	4,09	3,33	2,60	2,18	2,09	2,31	2,52	2,64	2,86	3,21	3,55	1,74	0
18/01/2020 17:00:00	1,68	3,85	4,04	3,33	2,62	2,17	2,05	2,24	2,43	2,53	2,74	3,07	3,41	1,65	0
18/01/2020 17:05:00	1,53	3,72	3,89	3,12	2,38	1,98	1,85	2,06	2,30	2,43	2,68	3,05	3,43	1,59	0
18/01/2020 17:10:00	1,40	3,50	3,49	2,69	2,05	1,72	1,74	2,08	2,41	2,60	2,87	3,24	3,61	1,56	0
18/01/2020 17:15:00	1,55	3,34	3,37	2,60	1,99	1,61	1,58	1,86	2,12	2,28	2,53	2,90	3,27	1,46	0
18/01/2020 17:20:00	1,37	3,42	3,51	2,71	1,99	1,58	1,55	1,82	2,08	2,24	2,50	2,89	3,29	1,49	0
18/01/2020 17:25:00	1,05	3,43	3,54	2,73	1,95	1,54	1,47	1,75	2,03	2,20	2,47	2,86	3,26	1,31	0
18/01/2020 17:30:00	1,18	3,51	3,50	2,54	1,74	1,36	1,41	1,81	2,16	2,40	2,73	3,21	3,68	1,27	0
18/01/2020 17:35:00	1,25	2,95	2,87	1,99	1,24	0,92	1,00	1,37	1,69	1,91	2,21	2,65	3,09	1,17	0
18/01/2020 17:40:00	0,99	2,70	2,61	1,89	1,22	0,98	1,10	1,50	1,85	2,07	2,36	2,77	3,17	1,11	0
18/01/2020 17:45:00	1,07	2,65	2,53	1,76	1,15	1,10	1,35	1,88	2,31	2,60	2,95	3,42	3,89	1,03	0
18/01/2020 17:50:00	0,85	2,34	2,27	1,59	1,13	1,07	1,33	1,84	2,27	2,54	2,86	3,29	3,72	0,88	0
18/01/2020 17:55:00	0,83	2,43	2,36	1,75	1,27	1,17	1,35	1,80	2,19	2,42	2,70	3,07	3,44	0,81	0
18/01/2020 18:00:00	0,83	2,26	2,29	1,64	1,09	0,86	0,95	1,29	1,58	1,78	2,05	2,44	2,84	0,73	0
18/01/2020 18:05:00	0,52	2,28	2,21	1,50	0,96	0,72	0,93	1,38	1,75	1,99	2,28	2,68	3,08	0,59	0
18/01/2020 18:10:00	0,51	2,23	2,28	1,62	1,20	1,01	1,14	1,54	1,89	2,11	2,39	2,76	3,13	0,54	0
18/01/2020 18:15:00	0,49	2,37	2,41	1,72	1,15	1,03	1,29	1,81	2,21	2,47	2,81	3,27	3,73	0,50	0
18/01/2020 18:20:00	0,63	2,36	2,42	1,90	1,43	1,32	1,51	1,95	2,31	2,52	2,80	3,16	3,53	0,50	0
18/01/2020 18:25:00	0,39	2,26	2,37	1,82	1,39	1,28	1,49	1,95	2,32	2,55	2,83	3,21	3,59	0,39	0
18/01/2020 18:30:00	0,77	2,22	2,14	1,54	1,09	1,05	1,44	2,04	2,48	2,76	3,10	3,55	3,99	0,53	0
18/01/2020 18:35:00	0,55	1,81	1,72	1,14	0,80	0,81	1,17	1,74	2,18	2,46	2,78	3,19	3,60	0,48	0
18/01/2020 18:40:00	0,49	1,56	1,29	0,73	0,44	0,61	1,13	1,85	2,39	2,73	3,09	3,51	3,94	0,44	0
18/01/2020 18:45:00	0,41	1,43	1,24	0,72	0,46	0,59	1,02	1,66	2,16	2,48	2,82	3,24	3,65	0,41	0
18/01/2020 18:50:00	0,42	1,63	1,40	0,74	0,46	0,62	1,12	1,86	2,44	2,81	3,21	3,69	4,17	0,34	0
18/01/2020 18:55:00	0,38	1,37	1,13	0,67	0,43	0,55	1,01	1,65	2,14	2,43	2,73	3,10	3,46	0,35	0
18/01/2020 19:00:00	0,38	1,47	1,28	0,79	0,49	0,58	1,01	1,62	2,07	2,35	2,65	3,01	3,37	0,26	0
18/01/2020 19:05:00	0,18	1,44	1,21	0,58	0,25	0,35	0,76	1,42	1,95	2,29	2,65	3,09	3,52	0,26	0
18/01/2020 19:10:00	0,15	1,43	1,37	0,89	0,52	0,60	1,05	1,69	2,15	2,45	2,81	3,26	3,72	0,23	0
18/01/2020 19:15:00	0,14	1,83	1,69	1,03	0,57	0,57	0,94	1,57	2,07	2,39	2,76	3,21	3,67	0,12	0
18/01/2020 19:20:00	0,03	1,53	1,35	0,58	0,03	0,13	0,71	1,50	2,08	2,48	2,94	3,52	4,11	0,05	0
18/01/2020 19:25:00	0,05	1,04	0,76	0,13	-0,22	0,02	0,61	1,39	1,99	2,39	2,82	3,34	3,86	0,07	0
18/01/2020 19:30:00	0,06	0,80	0,48	-0,12	-0,38	-0,06	0,55	1,36	1,97	2,38	2,81	3,32	3,83	-0,01	0
18/01/2020 19:35:00	0,02	0,68	0,44	-0,01	-0,12	0,14	0,72	1,45	1,98	2,31	2,65	3,04	3,43	-0,06	0
18/01/2020 19:40:00	-0,08	0,69	0,25	-0,45	-0,75	-0,42	0,30	1,21	1,90	2,36	2,85	3,41	3,97	-0,08	0
18/01/2020 19:45:00	-0,08	0,64	0,21	-0,47	-0,82	-0,53	0,13	0,97	1,61	2,04	2,49	3,02	3,55	-0,10	0
18/01/2020 19:50:00	-0,14	0,52	0,08	-0,58	-0,83	-0,52	0,17	1,04	1,69	2,13	2,58	3,10	3,62	-0,10	0
18/01/2020 19:55:00	-0,25	0,62	0,28	-0,41	-0,71	-0,40	0,25	1,09	1,73	2,15	2,60	3,13	3,65	-0,19	0
18/01/2020 20:00:00	-0,18	0,39	0,00	-0,54	-0,62	-0,26	0,50	1,39	2,04	2,45	2,86	3,31	3,77	-0,32	0
18/01/2020 20:05:00	-0,33	0,42	0,00	-0,57	-0,80	-0,48	0,20	1,06	1,71	2,14	2,58	3,07	3,57	-0,38	0
18/01/2020 20:10:00	-0,39	0,21	-0,14	-0,64	-0,74	-0,32	0,48	1,41	2,07	2,49	2,92	3,40	3,87	-0,43	0
18/01/2020 20:15:00	-0,39	0,32	-0,04	-0,59	-0,65	-0,18	0,67	1,68	2,42	2,91	3,40	3,95	4,49	-0,45	0
18/01/2020 20:20:00	-0,56	0,14	-0,15	-0,59	-0,64	-0,22	0,53	1,42	2,07	2,48	2,89	3,35	3,81	-0,47	0
18/01/2020 20:25:00	-0,71	0,29	0,04	-0,52	-0,67	-0,37	0,33	1,19	1,81	2,22	2,64	3,12	3,60	-0,56	0
18/01/2020 20:30:00	-0,68	0,33	0,04	-0,72	-1,06	-0,79	-0,20	0,62	1,26	1,70	2,17	2,74	3,30	-0,70	0
18/01/2020 20:35:00	-0,69	0,15	-0,32	-0,96	-1,24	-0,87	-0,11	0,84	1,55	2,04	2,53	3,08	3,63	-0,64	0
18/01/2020 20:40:00	-0,78	0,12	-0,27	-0,93	-1,06	-0,68	0,06	1,01	1,74	2,24	2,73	3,28	3,84	-0,74	0
18/01/2020 20:45:00	-0,80	0,10	-0,13	-0,57	-0,56	-0,29	0,13	0,79	1,35	1,69	2,01	2,35	2,70	-0,78	0
18/01/2020 20:50:00	-0,88	-0,11	-0,41	-1,05	-1,28	-0,99	-0,35	0,46	1,07	1,48	1,90	2,40	2,89	-0,82	0
18/01/2020 20:55:00	-0,87	-0,30	-0,71	-1,22	-1,27	-0,87	-0,21	0,64	1,32	1,76	2,18	2,64	3,10	-0,88	0
18/01/2020 21:00:00	-0,92	-0,32	-0,82	-1,35	-1,41	-0,87	0,01	1,07	1,86	2,38	2,89	3,44	3,99	-1,06	0
18/01/2020 21:05:00	-0,97	-0,46	-0,87	-1,35	-1,34	-0,88	0,00	0,99	1,70	2,17	2,62	3,11	3,60	-0,96	0
18/01/2020 21:10:00	-0,95	-0,32	-0,66	-1,26	-1,33	-0,85	-0,03	0,95	1,67	2,17	2,66	3,22	3,77	-0,93	0
18/01/2020 21:15:00	-1,10	-0,16	-0,41	-1,04	-1,30	-1,02	-0,37	0,44	1,06	1,48	1,92	2,45	2,97	-0,99	0
18/01/2020 21:20:00	-1,05	-0,02	-0,34	-0,97	-1,16	-0,86	-0,23	0,64	1,33	1,79	2,27	2,81	3,35	-0,99	0
18/01/2020 21:25:00	-1,11	0,27	0,12	-0,48	-0,75	-0,50	0,10	0,89	1,51	1,91	2,35	2,85	3,36	-1,04	0
18/01/2020 21:30:00	-1,16	0,52	0,50	-0,16	-0,55	-0,43	0,06	0,79	1,35	1,74	2,18	2,74	3,29	-1,07	0
18/01/2020 21:35:00	-1,15	0,50	0,35	-0,43	-0,89	-0,73	-0,16	0,66	1,29	1,73	2,23	2,84	3,44	-1,12	0
18/01/2020 21:40:00	-0,63	0,34	0,04	-0,55	-0,70	-0,29	0,49	1,46	2,18	2,66	3,16	3,72	4,28	-1,04	0
18/01/2020 21:45:00	-0,99	0,08	-0,29	-0,95	-1,11	-0,65	0,22	1,28	2,08	2,61	3,15	3,76	4,36	-0,99	0
18/01/2020 21:50:00	-1,38	-0,03	-0,16	-0,83	-1,05	-0,87	-0,35	0,41	1,00	1,41	1,85	2,36	2,88	-1,08	0
18/01/2020 21:55:00	-1,13	0,10	-0,21	-0,97	-1,29	-1,02	-0,38	0,48	1,16	1,62	2,10	2,65	3,21	-1,24	0
18/01/2020 22:00:00	-1,11	-0,14	-0,53	-1,35	-1,65	-1,35	-0,64	0,27	0,97	1,46	1,96	2,54	3,13	-1,03	0
18/01/2020 22:05:00	-1,22	-0,34	-0,75	-1,30	-1,50	-1,10	-0,35	0,58	1,28	1,75	2,21	2,72	3,23	-1,17	0
18/01/2020 22:10:00	-1,05	-0,29	-0,69	-1,29	-1,40	-0,96	-0,15	0,82	1,55	2,03	2,51	3,04	3,57	-1,07	0
18/01/2020 22:15:00	-1,12	-0,40	-0,90	-1,48	-1,47	-0,93	-0,03	1,05	1,87	2,41	2,92	3,46	3,99	-1,12	0
18/01/2020 22:20:00	-1,10	-0,45	-0,86	-1,36	-1,48	-1,10	-0,28	0,65	1,32	1,75	2,18	2,65	3,13	-1,15	0
18/01/2020 22:25:00	-1,16	-0,35	-0,80	-1,47	-1,58	-1,11	-0,35	0,64	1,43	1,97	2,49	3,06	3,63	-1,11	0
18/01/2020 22:30:00	-1,19	-0,21	-0,59	-1,33	-1,69	-1,40	-0,78	0,06	0,72	1,18	1,65	2,21	2,76	-1,16	0
18/01/2020 22:35:00	-1,08	-0,32	-0,73	-1,34	-1,57	-1,17	-0,41	0,52	1,21	1,67	2,14	2,67	3,19	-1,15	0
18/01/2020 22:40:00	-1,19	-0,23	-0,60	-1,15	-1,37	-1,02	-0,29	0,62	1,30	1,76	2,23	2,75	3,28	-1,15	0
18/01/2020 22:45:00	-1,03	-0,34	-0,76	-1,29	-1,41	-0,96	-0,21	0,71	1,42	1,89	2,34	2,84	3,34	-1,09	0
18/01/2020 22:50:00	-0,95	-0,37	-0,79	-1,28	-1,33	-0,85	-0,11	0,83	1,55	2,03	2,50	3,00	3,50	-1,03	0
18/01/2020 22:55:00	-1,10	-0,34	-0,62	-1,16	-1,40	-1,23	-0,75	-0,08	0,45	0,81	1,19	1,63	2,07	-1,03	0
18/01/2020 23:00:00	-0,91	-0,32	-0,69	-1,22	-1,32	-1,12	-0,61	0,08	0,63	0,99	1,34	1,72	2,10	-1,11	0
18/01/2020 23:05:00	-1,10	-0,25	-0,61	-1,32	-1,64	-1,51	-1,04	-0,36	0,20	0,58	0,97	1,44	1,90	-1,05	0
18/01/2020 23:10:00	-1,12	-0,22	-0,50	-1,15	-1,56	-1,54	-1,20	-0,65	-0,20	0,11	0,45	0,86	1,28	-1,12	0
18/01/2020 23:15:00	-1,05	-0,18	-0,54	-1,27	-1,69	-1,73	-1,49	-0,98	-0,53	-0,22	0,12	0,52	0,93	-1,09	0
18/01/2020 23:20:00	-1,28	-0,32	-0,65	-1,27	-1,60	-1,52	-1,09	-0,47	0,03	0,36	0,70	1,10	1,50	-1,14	0
18/01/2020 23:25:00	-1,17	-0,19	-0,50	-1,22	-1,61	-1,63	-1,32	-0,77	-0,29	0,04	0,39	0,82	1,26	-1,21	0
18/01/2020 23:30:00	-1,18	-0,31	-0,66	-1,33	-1,73	-1,59	-1,14	-0,48	0,05	0,41	0,80	1,25	1,71	-1,23	0
18/01/2020 23:35:00	-1,49	-0,14	-0,45	-1,38	-2,03	-2,14	-1,82	-1,24	-0,76	-0,39	0,03	0,56	1,10	-1,34	0
18/01/2020 23:40:00	-1,19	-0,38	-0,71	-1,37	-1,78	-1,71	-1,37	-0,80	-0,32	0,01	0,36	0,79	1,22	-1,29	0
18/01/2020 23:45:00	-1,31	-0,51	-0,81	-1,40	-1,73	-1,76	-1,51	-1,03	-0,60	-0,31	-0,01	0,36	0,73	-1,25	0
18/01/2020 23:50:00	-1,36	-0,32	-0,55	-1,31	-1,79	-1,87	-1,61	-1,12	-0,70	-0,40	-0,06	0,37	0,81	-1,31	0
18/01/2020 23:55:00	-1,37	-0,45	-0,71	-1,35	-1,84	-1,88	-1,62	-1,15	-0,75	-0,46	-0,14	0,27	0,68	-1,36	0
