FileFormat:0002.2 file with temperature of atmosphere
200
local	GMT or Local
0	GMT-Local=[hours]
0	Height[m]
0	0	0	Longitude                [grd]               [min]               [sec]
0	0	0	Latitude                [grd]               [min]               [sec]
N	NS
59,40	Freq[GHz]
0,00	dTemostat[K]
0,150	MessErr[K]
0,248	//[grad/step]
version 14.0.20110218
MTP5H033F5940K-33.00D180214+A1.1
Commentary:
enter comment
End Of Commentary

SYSTEM\summer.dat
data time	0	50	100	150	200	250	300	350	400	450	500	550	600	OutsideTemperature	Quality
26/06/2020 00:00:00	18,76	19,35	19,56	19,53	19,35	19,19	18,94	18,67	18,37	18,04	17,63	17,19	16,74	18,63	0
26/06/2020 00:05:00	18,76	19,29	19,52	19,40	19,19	19,03	18,81	18,56	18,26	17,94	17,56	17,15	16,75	18,57	0
26/06/2020 00:10:00	18,67	19,26	19,50	19,42	19,33	19,13	18,83	18,53	18,22	17,87	17,44	16,98	16,51	18,61	0
26/06/2020 00:15:00	18,67	19,28	19,38	19,28	19,14	18,98	18,72	18,45	18,17	17,87	17,50	17,10	16,71	18,64	0
26/06/2020 00:20:00	18,54	19,13	19,25	19,08	18,93	18,75	18,52	18,27	17,99	17,69	17,35	16,98	16,62	18,60	0
26/06/2020 00:25:00	18,45	19,06	19,36	19,24	19,07	18,88	18,59	18,30	17,97	17,61	17,18	16,72	16,26	18,48	0
26/06/2020 00:30:00	18,46	18,99	19,30	19,20	19,11	18,95	18,70	18,44	18,14	17,81	17,40	16,96	16,52	18,47	0
26/06/2020 00:35:00	18,28	19,12	19,38	19,23	19,05	18,81	18,49	18,17	17,84	17,47	17,05	16,59	16,14	18,42	0
26/06/2020 00:40:00	18,32	18,95	19,23	19,12	18,96	18,73	18,45	18,15	17,82	17,46	17,02	16,56	16,09	18,33	0
26/06/2020 00:45:00	18,35	19,05	19,24	19,10	18,90	18,65	18,38	18,08	17,76	17,42	17,01	16,58	16,15	18,27	0
26/06/2020 00:50:00	18,32	18,94	18,96	18,72	18,49	18,25	17,95	17,65	17,34	17,02	16,66	16,27	15,88	18,28	0
26/06/2020 00:55:00	18,51	18,87	18,83	18,57	18,30	18,06	17,79	17,50	17,20	16,89	16,54	16,16	15,79	18,32	0
26/06/2020 01:00:00	18,53	18,84	18,81	18,56	18,29	18,03	17,73	17,43	17,12	16,80	16,43	16,03	15,63	18,35	0
26/06/2020 01:05:00	18,50	18,84	18,65	18,36	18,09	17,80	17,48	17,18	16,87	16,56	16,20	15,83	15,45	18,52	0
26/06/2020 01:10:00	18,54	18,75	18,50	18,16	17,90	17,65	17,36	17,08	16,79	16,51	16,21	15,88	15,55	18,44	0
26/06/2020 01:15:00	18,44	18,69	18,46	18,16	17,86	17,59	17,31	17,03	16,74	16,45	16,13	15,79	15,45	18,27	0
26/06/2020 01:20:00	18,26	18,47	18,16	17,83	17,56	17,27	17,00	16,73	16,44	16,17	15,88	15,56	15,25	18,31	0
26/06/2020 01:25:00	18,20	18,40	18,12	17,81	17,52	17,29	17,01	16,74	16,46	16,18	15,89	15,56	15,24	18,09	0
26/06/2020 01:30:00	18,24	18,38	18,12	17,80	17,50	17,23	16,95	16,68	16,39	16,11	15,79	15,46	15,13	18,10	0
26/06/2020 01:35:00	17,98	18,20	17,91	17,55	17,29	16,99	16,66	16,35	16,05	15,75	15,43	15,08	14,73	18,11	0
26/06/2020 01:40:00	17,91	18,19	17,97	17,64	17,30	17,02	16,71	16,40	16,10	15,79	15,46	15,11	14,75	18,05	0
26/06/2020 01:45:00	17,89	18,19	18,01	17,68	17,41	17,13	16,81	16,50	16,20	15,90	15,57	15,21	14,85	18,01	0
26/06/2020 01:50:00	17,81	18,19	17,98	17,65	17,30	17,00	16,70	16,39	16,08	15,77	15,45	15,10	14,75	17,92	0
26/06/2020 01:55:00	17,71	18,11	17,92	17,61	17,34	17,07	16,74	16,43	16,12	15,81	15,47	15,12	14,76	17,86	0
26/06/2020 02:00:00	17,79	18,19	18,06	17,78	17,48	17,19	16,93	16,64	16,34	16,04	15,71	15,36	15,01	17,81	0
26/06/2020 02:05:00	17,67	18,20	18,07	17,77	17,50	17,26	16,99	16,70	16,41	16,13	15,82	15,50	15,17	17,77	0
26/06/2020 02:10:00	17,67	18,27	18,20	17,98	17,80	17,55	17,23	16,92	16,61	16,30	15,95	15,57	15,18	17,69	0
26/06/2020 02:15:00	17,60	18,28	18,39	18,24	18,00	17,75	17,43	17,11	16,78	16,43	16,02	15,59	15,16	17,66	0
26/06/2020 02:20:00	17,67	18,23	18,21	18,02	17,73	17,50	17,15	16,82	16,50	16,15	15,76	15,34	14,92	17,62	0
26/06/2020 02:25:00	17,59	18,13	18,13	17,91	17,65	17,46	17,17	16,87	16,57	16,26	15,91	15,54	15,17	17,71	0
26/06/2020 02:30:00	17,64	18,23	18,24	18,00	17,76	17,50	17,18	16,86	16,54	16,20	15,83	15,43	15,03	17,64	0
26/06/2020 02:35:00	17,66	18,07	17,97	17,74	17,51	17,28	16,96	16,66	16,36	16,04	15,69	15,31	14,93	17,59	0
26/06/2020 02:40:00	17,61	18,23	18,21	18,03	17,75	17,45	17,10	16,77	16,43	16,08	15,68	15,25	14,82	17,68	0
26/06/2020 02:45:00	17,71	18,22	18,13	17,85	17,57	17,27	16,96	16,64	16,32	16,00	15,64	15,27	14,89	17,81	0
26/06/2020 02:50:00	17,87	18,33	18,24	18,00	17,80	17,54	17,20	16,88	16,57	16,25	15,88	15,49	15,09	17,77	0
26/06/2020 02:55:00	17,81	18,28	18,19	17,96	17,69	17,39	17,06	16,74	16,42	16,08	15,70	15,30	14,89	17,75	0
26/06/2020 03:00:00	17,75	18,30	18,28	18,02	17,71	17,39	17,05	16,71	16,37	16,02	15,62	15,20	14,78	17,72	0
26/06/2020 03:05:00	17,61	18,26	18,25	18,06	17,79	17,49	17,16	16,83	16,50	16,15	15,75	15,33	14,90	17,86	0
26/06/2020 03:10:00	17,63	18,27	18,27	18,14	17,89	17,55	17,19	16,84	16,50	16,12	15,69	15,22	14,75	17,77	0
26/06/2020 03:15:00	17,54	18,24	18,25	18,06	17,78	17,47	17,14	16,81	16,47	16,11	15,71	15,28	14,85	17,69	0
26/06/2020 03:20:00	17,39	18,13	18,25	18,02	17,73	17,43	17,08	16,74	16,39	16,02	15,60	15,16	14,72	17,65	0
26/06/2020 03:25:00	17,02	18,09	18,32	18,15	17,97	17,64	17,25	16,87	16,50	16,10	15,64	15,16	14,68	17,55	0
26/06/2020 03:30:00	17,01	17,86	18,13	17,94	17,76	17,52	17,19	16,86	16,52	16,16	15,74	15,30	14,85	17,53	0
26/06/2020 03:35:00	16,65	17,74	18,18	18,09	17,94	17,65	17,32	16,97	16,60	16,20	15,73	15,23	14,73	17,17	0
26/06/2020 03:40:00	16,31	17,60	18,24	18,22	18,07	17,81	17,46	17,10	16,71	16,28	15,77	15,23	14,69	16,94	0
26/06/2020 03:45:00	16,15	17,57	18,27	18,26	18,10	17,84	17,48	17,11	16,71	16,26	15,73	15,17	14,62	16,69	0
26/06/2020 03:50:00	16,06	17,57	18,25	18,21	18,07	17,73	17,33	16,93	16,51	16,04	15,48	14,90	14,33	16,53	0
26/06/2020 03:55:00	16,09	17,44	18,17	18,15	17,99	17,64	17,27	16,87	16,45	15,97	15,40	14,80	14,21	16,69	0
26/06/2020 04:00:00	15,93	17,39	18,11	18,07	17,89	17,62	17,27	16,90	16,49	16,05	15,52	14,98	14,43	16,57	0
26/06/2020 04:05:00	16,22	17,73	18,40	18,38	18,19	17,89	17,51	17,12	16,70	16,24	15,70	15,14	14,58	16,48	0
26/06/2020 04:10:00	16,41	17,85	18,51	18,51	18,35	18,06	17,68	17,29	16,88	16,42	15,87	15,30	14,73	16,40	0
26/06/2020 04:15:00	16,34	17,74	18,46	18,43	18,26	17,99	17,64	17,27	16,86	16,42	15,88	15,32	14,76	16,39	0
26/06/2020 04:20:00	16,38	17,77	18,42	18,41	18,24	17,91	17,55	17,17	16,76	16,30	15,76	15,19	14,62	16,39	0
26/06/2020 04:25:00	16,47	17,73	18,36	18,30	18,10	17,81	17,46	17,09	16,68	16,24	15,70	15,15	14,60	16,36	0
26/06/2020 04:30:00	16,24	17,51	18,07	18,00	17,80	17,50	17,14	16,76	16,36	15,93	15,41	14,88	14,35	16,24	0
26/06/2020 04:35:00	16,22	17,49	18,04	17,98	17,78	17,50	17,15	16,78	16,40	15,97	15,47	14,94	14,42	16,21	0
26/06/2020 04:40:00	16,21	17,31	17,93	17,91	17,73	17,46	17,16	16,82	16,44	16,02	15,51	14,98	14,45	16,32	0
26/06/2020 04:45:00	16,30	17,30	17,93	17,91	17,76	17,52	17,17	16,81	16,42	15,99	15,46	14,91	14,35	16,55	0
26/06/2020 04:50:00	16,37	17,38	17,79	17,75	17,57	17,31	16,97	16,63	16,26	15,86	15,38	14,88	14,38	16,54	0
26/06/2020 04:55:00	16,53	17,62	18,00	17,91	17,69	17,44	17,11	16,76	16,40	16,00	15,55	15,07	14,60	16,54	0
26/06/2020 05:00:00	16,65	17,69	17,93	17,81	17,58	17,28	16,95	16,61	16,25	15,87	15,43	14,98	14,52	16,73	0
26/06/2020 05:05:00	16,62	17,62	17,82	17,72	17,49	17,17	16,83	16,48	16,12	15,74	15,30	14,83	14,37	16,52	0
26/06/2020 05:10:00	16,57	17,48	17,61	17,47	17,22	16,91	16,55	16,19	15,84	15,46	15,03	14,58	14,12	16,56	0
26/06/2020 05:15:00	16,71	17,50	17,53	17,39	17,16	16,89	16,58	16,26	15,94	15,61	15,23	14,83	14,43	16,62	0
26/06/2020 05:20:00	17,15	17,54	17,51	17,32	17,06	16,78	16,45	16,12	15,80	15,45	15,05	14,62	14,20	16,87	0
26/06/2020 05:25:00	17,26	17,61	17,47	17,26	17,02	16,75	16,40	16,08	15,77	15,44	15,06	14,66	14,26	17,07	0
26/06/2020 05:30:00	17,49	17,65	17,45	17,26	17,00	16,71	16,42	16,13	15,82	15,51	15,15	14,76	14,38	17,40	0
26/06/2020 05:35:00	17,59	17,75	17,52	17,25	17,01	16,74	16,41	16,10	15,80	15,49	15,13	14,76	14,38	17,60	0
26/06/2020 05:40:00	17,77	17,83	17,56	17,24	16,95	16,69	16,38	16,08	15,78	15,48	15,15	14,79	14,43	18,86	0
26/06/2020 05:45:00	17,79	17,94	17,61	17,33	17,02	16,72	16,39	16,08	15,78	15,46	15,12	14,75	14,38	18,46	0
26/06/2020 05:50:00	17,95	18,06	17,70	17,41	17,09	16,73	16,38	16,05	15,73	15,40	15,03	14,64	14,24	18,41	0
26/06/2020 05:55:00	18,04	18,24	17,85	17,49	17,16	16,79	16,39	16,04	15,71	15,37	14,99	14,60	14,20	18,71	0
26/06/2020 06:00:00	18,12	18,28	17,83	17,46	17,11	16,72	16,35	16,01	15,69	15,36	15,01	14,64	14,26	18,70	0
26/06/2020 06:05:00	18,13	18,32	17,87	17,54	17,15	16,76	16,38	16,02	15,69	15,36	14,99	14,60	14,21	18,84	0
26/06/2020 06:10:00	18,27	18,37	17,98	17,62	17,21	16,85	16,46	16,10	15,77	15,42	15,05	14,65	14,25	18,62	0
26/06/2020 06:15:00	18,41	18,52	17,98	17,56	17,12	16,73	16,33	15,96	15,63	15,30	14,95	14,58	14,21	18,61	0
26/06/2020 06:20:00	18,38	18,46	17,96	17,56	17,14	16,71	16,32	15,97	15,64	15,30	14,95	14,57	14,19	18,53	0
26/06/2020 06:25:00	18,56	18,54	17,94	17,54	17,09	16,67	16,30	15,97	15,65	15,33	15,00	14,64	14,28	18,92	0
26/06/2020 06:30:00	18,74	18,58	17,93	17,50	17,10	16,67	16,27	15,92	15,60	15,28	14,93	14,56	14,18	19,20	0
26/06/2020 06:35:00	18,96	18,56	17,88	17,42	16,97	16,55	16,17	15,84	15,53	15,22	14,89	14,54	14,18	19,41	0
26/06/2020 06:40:00	19,07	18,54	17,90	17,48	17,05	16,63	16,27	15,94	15,64	15,32	14,97	14,60	14,22	19,99	0
26/06/2020 06:45:00	19,13	18,63	17,91	17,40	16,96	16,55	16,16	15,82	15,52	15,22	14,90	14,55	14,20	19,48	0
26/06/2020 06:50:00	19,03	18,58	17,95	17,52	17,13	16,72	16,34	16,01	15,71	15,40	15,05	14,68	14,31	19,24	0
26/06/2020 06:55:00	19,09	18,69	17,98	17,57	17,17	16,77	16,37	16,03	15,73	15,43	15,09	14,72	14,35	19,44	0
26/06/2020 07:00:00	19,35	18,62	17,95	17,50	17,08	16,67	16,31	16,00	15,70	15,40	15,06	14,69	14,32	19,36	0
26/06/2020 07:05:00	19,29	18,67	18,03	17,58	17,16	16,77	16,41	16,09	15,80	15,49	15,16	14,79	14,43	18,78	0
26/06/2020 07:10:00	19,37	18,59	17,87	17,30	16,81	16,43	16,04	15,71	15,41	15,10	14,77	14,42	14,07	19,57	0
26/06/2020 07:15:00	19,14	18,35	17,76	17,42	17,00	16,56	16,18	15,85	15,54	15,19	14,79	14,36	13,93	18,57	0
26/06/2020 07:20:00	19,24	18,63	17,91	17,48	17,04	16,56	16,10	15,72	15,38	15,03	14,62	14,19	13,75	19,95	0
26/06/2020 07:25:00	19,18	18,59	17,87	17,40	16,94	16,53	16,19	15,89	15,60	15,32	15,01	14,69	14,36	20,41	0
26/06/2020 07:30:00	19,30	18,81	18,01	17,58	17,12	16,68	16,27	15,92	15,61	15,30	14,96	14,58	14,21	20,15	0
26/06/2020 07:35:00	19,41	18,81	18,15	17,69	17,23	16,79	16,38	16,03	15,71	15,38	15,01	14,61	14,21	20,03	0
26/06/2020 07:40:00	19,19	18,80	18,17	17,68	17,23	16,79	16,38	16,02	15,69	15,37	15,01	14,63	14,25	19,02	0
26/06/2020 07:45:00	18,91	18,83	18,37	17,90	17,45	17,03	16,56	16,15	15,79	15,42	15,00	14,56	14,12	18,90	0
26/06/2020 07:50:00	19,12	18,94	18,35	17,81	17,26	16,73	16,29	15,90	15,54	15,18	14,79	14,39	13,99	19,29	0
26/06/2020 07:55:00	18,39	18,64	18,37	17,97	17,55	17,15	16,75	16,38	16,02	15,66	15,27	14,85	14,43	18,96	0
26/06/2020 08:00:00	18,85	18,69	18,35	17,93	17,49	17,02	16,60	16,21	15,85	15,46	15,02	14,56	14,10	18,86	0
26/06/2020 08:05:00	18,38	18,64	18,42	18,02	17,64	17,19	16,73	16,31	15,93	15,53	15,08	14,61	14,14	18,66	0
26/06/2020 08:10:00	19,65	18,61	17,96	17,59	17,19	16,86	16,57	16,30	16,04	15,76	15,44	15,08	14,73	18,78	0
26/06/2020 08:15:00	20,18	18,88	18,11	17,61	17,19	16,87	16,52	16,22	15,96	15,67	15,33	14,97	14,60	19,31	0
26/06/2020 08:20:00	20,03	19,02	18,35	17,93	17,51	17,13	16,77	16,45	16,16	15,84	15,47	15,07	14,66	19,73	0
26/06/2020 08:25:00	20,37	19,08	18,27	17,78	17,43	17,07	16,73	16,45	16,19	15,92	15,60	15,25	14,90	20,63	0
26/06/2020 08:30:00	20,21	19,31	18,49	17,93	17,41	17,00	16,62	16,29	15,99	15,69	15,36	15,01	14,65	20,01	0
26/06/2020 08:35:00	20,64	19,23	18,11	17,45	17,02	16,70	16,38	16,12	15,90	15,70	15,49	15,25	15,01	20,25	0
26/06/2020 08:40:00	20,21	19,65	18,87	18,21	17,61	17,06	16,54	16,11	15,74	15,36	14,94	14,51	14,08	20,04	0
26/06/2020 08:45:00	20,26	19,41	18,58	18,04	17,52	17,05	16,65	16,31	16,00	15,69	15,34	14,97	14,59	19,81	0
26/06/2020 08:50:00	19,54	19,48	18,71	18,13	17,63	17,15	16,69	16,29	15,96	15,63	15,30	14,94	14,59	19,59	0
26/06/2020 08:55:00	19,25	19,35	18,94	18,47	18,01	17,55	17,09	16,68	16,31	15,93	15,51	15,07	14,62	19,77	0
26/06/2020 09:00:00	19,35	19,30	18,95	18,46	18,04	17,62	17,19	16,80	16,45	16,08	15,67	15,24	14,81	19,59	0
26/06/2020 09:05:00	20,34	19,47	18,70	18,17	17,71	17,27	16,87	16,53	16,22	15,90	15,55	15,16	14,78	19,94	0
26/06/2020 09:10:00	20,08	19,54	18,98	18,54	18,13	17,72	17,27	16,89	16,56	16,19	15,77	15,31	14,85	20,51	0
26/06/2020 09:15:00	19,28	19,59	19,34	18,91	18,45	17,93	17,46	17,02	16,63	16,21	15,73	15,24	14,75	20,14	0
26/06/2020 09:20:00	20,57	19,84	19,08	18,49	18,04	17,62	17,20	16,84	16,53	16,21	15,85	15,47	15,09	20,59	0
26/06/2020 09:25:00	20,78	20,13	19,08	18,47	17,93	17,43	17,01	16,66	16,35	16,06	15,75	15,43	15,10	20,62	0
26/06/2020 09:30:00	20,98	20,33	19,13	18,48	17,89	17,40	16,99	16,64	16,35	16,08	15,81	15,52	15,23	20,57	0
26/06/2020 09:35:00	21,51	20,01	18,96	18,39	17,92	17,51	17,15	16,86	16,60	16,32	16,01	15,67	15,33	21,06	0
26/06/2020 09:40:00	20,98	20,20	19,22	18,69	18,21	17,73	17,32	16,98	16,69	16,39	16,07	15,72	15,37	20,47	0
26/06/2020 09:45:00	21,24	20,25	19,29	18,77	18,21	17,75	17,32	16,97	16,65	16,32	15,95	15,55	15,14	20,62	0
26/06/2020 09:50:00	21,01	20,12	19,22	18,67	18,27	17,86	17,48	17,16	16,89	16,60	16,29	15,94	15,60	20,76	0
26/06/2020 09:55:00	21,13	20,46	19,64	19,16	18,60	18,01	17,53	17,12	16,76	16,38	15,93	15,46	14,99	20,91	0
26/06/2020 10:00:00	21,08	20,54	19,56	19,01	18,43	17,87	17,41	17,01	16,68	16,34	15,97	15,58	15,19	20,53	0
26/06/2020 10:05:00	21,62	20,58	19,48	18,87	18,30	17,77	17,33	16,96	16,65	16,33	15,98	15,60	15,22	20,96	0
26/06/2020 10:10:00	20,53	20,36	19,91	19,53	19,17	18,75	18,30	17,91	17,56	17,18	16,73	16,25	15,77	21,62	0
26/06/2020 10:15:00	21,77	20,82	19,82	19,20	18,53	17,95	17,50	17,12	16,78	16,44	16,07	15,67	15,28	21,91	0
26/06/2020 10:20:00	21,52	20,75	19,83	19,38	18,82	18,23	17,76	17,36	17,02	16,64	16,20	15,74	15,27	21,10	0
26/06/2020 10:25:00	21,87	20,70	19,70	19,16	18,71	18,26	17,88	17,56	17,29	17,00	16,68	16,32	15,96	21,40	0
26/06/2020 10:30:00	22,23	21,48	20,02	19,17	18,34	17,71	17,17	16,72	16,38	16,06	15,75	15,43	15,11	22,01	1
26/06/2020 10:35:00	21,95	21,22	20,05	19,45	18,79	18,16	17,61	17,17	16,81	16,43	16,01	15,56	15,12	21,65	0
26/06/2020 10:40:00	21,11	20,90	20,15	19,62	19,10	18,58	18,12	17,73	17,39	17,04	16,65	16,25	15,84	21,65	0
26/06/2020 10:45:00	22,57	21,28	20,03	19,46	18,94	18,52	18,10	17,77	17,49	17,21	16,88	16,52	16,16	22,21	0
26/06/2020 10:50:00	20,63	20,79	20,52	20,13	19,67	19,16	18,65	18,21	17,80	17,35	16,83	16,27	15,72	21,56	0
26/06/2020 10:55:00	22,19	20,89	19,80	19,31	18,83	18,45	18,15	17,89	17,65	17,41	17,15	16,84	16,54	21,69	0
26/06/2020 11:00:00	22,11	21,34	20,45	19,90	19,35	18,85	18,36	17,96	17,62	17,25	16,83	16,37	15,91	21,55	0
26/06/2020 11:05:00	22,41	21,39	20,17	19,47	18,84	18,31	17,89	17,54	17,25	16,97	16,67	16,36	16,04	22,05	0
26/06/2020 11:10:00	22,75	21,38	20,14	19,55	19,05	18,62	18,22	17,90	17,63	17,35	17,03	16,68	16,32	22,10	0
26/06/2020 11:15:00	22,85	21,50	20,23	19,63	19,03	18,52	18,10	17,76	17,48	17,19	16,87	16,52	16,16	22,26	0
26/06/2020 11:20:00	22,48	21,52	20,37	19,87	19,36	18,90	18,48	18,14	17,86	17,56	17,22	16,84	16,46	21,96	0
26/06/2020 11:25:00	23,11	21,70	20,47	19,88	19,40	18,86	18,40	18,04	17,74	17,43	17,05	16,64	16,22	22,55	0
26/06/2020 11:30:00	22,77	21,83	20,71	20,03	19,43	18,88	18,41	18,02	17,71	17,39	17,04	16,66	16,29	22,03	0
26/06/2020 11:35:00	21,88	21,56	20,96	20,42	19,88	19,44	19,04	18,67	18,33	17,97	17,58	17,15	16,73	22,45	0
26/06/2020 11:40:00	23,37	22,05	20,73	19,98	19,32	18,70	18,25	17,89	17,58	17,27	16,95	16,59	16,24	22,67	1
26/06/2020 11:45:00	22,72	22,05	20,81	20,16	19,64	19,15	18,67	18,28	17,98	17,67	17,33	16,96	16,60	22,98	0
26/06/2020 11:50:00	22,94	21,78	20,68	20,20	19,71	19,30	18,96	18,68	18,42	18,15	17,84	17,49	17,14	22,56	0
26/06/2020 11:55:00	23,05	22,15	21,17	20,49	19,70	19,14	18,63	18,20	17,84	17,47	17,05	16,62	16,19	23,12	0
26/06/2020 12:00:00	23,20	22,20	20,69	20,09	19,56	19,05	18,69	18,40	18,16	17,94	17,73	17,48	17,23	22,62	0
26/06/2020 12:05:00	23,79	22,24	20,91	20,32	19,80	19,28	18,84	18,49	18,22	17,91	17,56	17,17	16,78	23,16	0
26/06/2020 12:10:00	23,82	22,56	21,20	20,38	19,60	19,02	18,57	18,20	17,89	17,60	17,31	16,99	16,68	23,32	1
26/06/2020 12:15:00	23,75	22,19	20,79	20,21	19,61	19,13	18,71	18,38	18,11	17,83	17,50	17,13	16,76	23,86	1
26/06/2020 12:20:00	22,66	21,89	21,03	20,49	19,98	19,54	19,14	18,81	18,50	18,19	17,84	17,45	17,06	23,01	0
26/06/2020 12:25:00	23,43	22,36	21,08	20,47	19,90	19,42	18,99	18,64	18,37	18,09	17,78	17,44	17,10	22,69	0
26/06/2020 12:30:00	23,46	22,52	21,22	20,43	19,79	19,29	18,81	18,43	18,13	17,85	17,56	17,24	16,93	22,98	0
26/06/2020 12:35:00	23,40	22,16	21,13	20,49	20,00	19,50	19,08	18,74	18,45	18,13	17,77	17,38	16,98	23,48	0
26/06/2020 12:40:00	23,75	22,21	20,99	20,29	19,79	19,35	18,98	18,68	18,43	18,18	17,90	17,59	17,28	23,41	0
26/06/2020 12:45:00	24,04	21,83	21,10	20,52	20,08	19,75	19,48	19,24	19,00	18,72	18,36	17,96	17,55	23,63	0
26/06/2020 12:50:00	24,28	22,20	21,30	20,76	20,37	19,97	19,63	19,35	19,10	18,81	18,43	18,01	17,59	24,23	0
26/06/2020 12:55:00	22,36	22,24	21,98	21,56	21,14	20,67	20,19	19,77	19,39	18,95	18,42	17,87	17,31	23,27	0
26/06/2020 13:00:00	24,03	22,17	21,54	21,12	20,72	20,38	20,03	19,73	19,46	19,11	18,65	18,15	17,65	24,18	0
26/06/2020 13:05:00	22,88	22,45	22,04	21,58	21,15	20,68	20,17	19,74	19,35	18,91	18,38	17,80	17,23	23,61	0
26/06/2020 13:10:00	23,38	22,32	21,86	21,48	21,11	20,69	20,26	19,89	19,55	19,13	18,60	18,02	17,44	23,38	0
26/06/2020 13:15:00	23,35	22,54	21,96	21,49	21,08	20,64	20,22	19,85	19,51	19,12	18,65	18,13	17,62	24,09	0
26/06/2020 13:20:00	22,74	23,07	22,41	21,77	21,16	20,53	19,97	19,47	19,05	18,62	18,15	17,65	17,16	23,71	0
26/06/2020 13:25:00	22,40	22,81	22,11	21,66	21,07	20,52	20,03	19,60	19,23	18,85	18,43	17,99	17,54	23,65	0
26/06/2020 13:30:00	22,75	23,03	22,26	21,77	21,21	20,62	20,07	19,60	19,21	18,81	18,34	17,85	17,36	23,13	0
26/06/2020 13:35:00	23,51	22,58	21,65	21,13	20,65	20,22	19,84	19,53	19,25	18,95	18,60	18,21	17,83	23,34	0
26/06/2020 13:40:00	22,26	22,60	22,30	21,88	21,30	20,79	20,30	19,85	19,43	18,98	18,45	17,91	17,36	23,26	0
26/06/2020 13:45:00	22,99	22,64	21,91	21,51	21,10	20,63	20,20	19,83	19,51	19,16	18,74	18,28	17,83	23,23	0
26/06/2020 13:50:00	23,48	22,68	22,11	21,68	21,24	20,76	20,29	19,90	19,55	19,15	18,65	18,12	17,59	23,55	0
26/06/2020 13:55:00	23,47	23,05	22,11	21,48	20,93	20,42	19,93	19,53	19,20	18,85	18,47	18,06	17,65	23,83	0
26/06/2020 14:00:00	24,15	23,16	22,09	21,47	20,91	20,33	19,91	19,55	19,23	18,90	18,52	18,11	17,69	24,09	0
26/06/2020 14:05:00	23,89	23,00	22,15	21,56	20,99	20,53	20,10	19,74	19,42	19,07	18,67	18,24	17,81	23,99	0
26/06/2020 14:10:00	24,18	23,23	22,14	21,50	20,97	20,52	20,11	19,77	19,48	19,18	18,85	18,48	18,12	24,41	0
26/06/2020 14:15:00	24,12	23,57	22,42	21,79	21,22	20,67	20,19	19,79	19,47	19,14	18,78	18,38	17,99	24,18	0
26/06/2020 14:20:00	25,08	23,49	21,93	21,23	20,68	20,18	19,77	19,46	19,21	18,96	18,69	18,38	18,07	24,63	1
26/06/2020 14:25:00	24,99	23,62	22,46	21,96	21,45	20,88	20,42	20,05	19,74	19,38	18,95	18,47	17,99	24,86	0
26/06/2020 14:30:00	24,45	23,42	22,41	21,81	21,39	21,02	20,65	20,35	20,09	19,81	19,49	19,14	18,78	24,29	0
26/06/2020 14:35:00	24,54	23,70	22,67	22,11	21,50	20,94	20,44	20,03	19,68	19,30	18,85	18,36	17,88	24,41	0
26/06/2020 14:40:00	24,78	23,65	22,48	21,77	21,16	20,66	20,23	19,87	19,56	19,24	18,89	18,50	18,11	24,93	0
26/06/2020 14:45:00	25,14	23,62	22,38	21,79	21,24	20,76	20,39	20,08	19,82	19,54	19,20	18,83	18,46	25,09	0
26/06/2020 14:50:00	22,99	23,23	22,96	22,53	22,08	21,59	21,10	20,66	20,27	19,83	19,31	18,76	18,21	23,97	0
26/06/2020 14:55:00	24,61	23,60	22,56	21,95	21,38	20,94	20,54	20,21	19,93	19,63	19,29	18,92	18,55	24,78	0
26/06/2020 15:00:00	24,44	23,69	22,87	22,29	21,84	21,36	20,89	20,50	20,17	19,81	19,37	18,90	18,43	24,91	0
26/06/2020 15:05:00	24,76	23,68	22,73	22,25	21,85	21,44	21,04	20,71	20,41	20,08	19,66	19,20	18,73	24,68	0
26/06/2020 15:10:00	24,72	23,63	22,76	22,26	21,81	21,35	20,95	20,61	20,32	19,98	19,57	19,12	18,67	25,16	0
26/06/2020 15:15:00	24,89	24,01	23,01	22,36	21,75	21,25	20,81	20,44	20,11	19,77	19,37	18,93	18,50	25,15	0
26/06/2020 15:20:00	24,69	23,83	23,01	22,45	21,92	21,42	20,98	20,61	20,29	19,93	19,51	19,06	18,60	24,47	0
26/06/2020 15:25:00	25,04	23,84	22,98	22,55	22,07	21,55	21,13	20,78	20,45	20,07	19,60	19,08	18,57	24,99	0
26/06/2020 15:30:00	24,55	23,84	22,96	22,44	21,97	21,53	21,10	20,75	20,45	20,11	19,72	19,29	18,86	24,61	0
26/06/2020 15:35:00	25,01	24,06	23,18	22,67	22,12	21,58	21,09	20,68	20,34	19,94	19,46	18,94	18,42	25,31	0
26/06/2020 15:40:00	24,82	24,07	23,23	22,65	22,15	21,68	21,25	20,88	20,56	20,21	19,80	19,36	18,92	25,34	0
26/06/2020 15:45:00	24,82	24,06	23,13	22,69	22,25	21,79	21,35	20,99	20,68	20,34	19,93	19,48	19,02	24,63	0
26/06/2020 15:50:00	24,55	24,26	23,34	22,83	22,36	21,80	21,29	20,87	20,53	20,16	19,73	19,26	18,79	25,13	0
26/06/2020 15:55:00	24,64	24,13	23,31	22,82	22,35	21,82	21,36	20,97	20,64	20,27	19,82	19,34	18,86	25,11	0
26/06/2020 16:00:00	24,99	24,24	23,41	22,97	22,48	22,02	21,55	21,17	20,83	20,45	19,98	19,46	18,94	25,84	0
26/06/2020 16:05:00	24,92	24,37	23,45	22,88	22,38	21,89	21,45	21,08	20,76	20,42	20,02	19,59	19,16	25,81	0
26/06/2020 16:10:00	24,86	24,41	23,46	22,92	22,40	21,89	21,45	21,08	20,76	20,42	20,03	19,60	19,18	25,40	0
26/06/2020 16:15:00	24,91	24,48	23,74	23,23	22,75	22,28	21,79	21,38	21,03	20,64	20,16	19,65	19,13	25,96	0
26/06/2020 16:20:00	24,81	24,51	23,84	23,34	22,81	22,30	21,84	21,43	21,06	20,66	20,17	19,65	19,13	25,58	0
26/06/2020 16:25:00	25,27	24,65	23,67	23,07	22,56	22,06	21,57	21,17	20,83	20,46	20,02	19,55	19,08	25,78	0
26/06/2020 16:30:00	24,94	24,58	23,79	23,32	22,83	22,34	21,86	21,46	21,11	20,73	20,28	19,79	19,30	25,76	0
26/06/2020 16:35:00	24,75	24,45	23,80	23,32	22,86	22,32	21,81	21,38	21,01	20,59	20,08	19,54	18,99	25,60	0
26/06/2020 16:40:00	24,81	24,46	23,73	23,25	22,75	22,26	21,79	21,39	21,04	20,65	20,19	19,69	19,19	25,92	0
26/06/2020 16:45:00	24,77	24,51	23,97	23,53	23,04	22,55	22,12	21,73	21,38	20,98	20,51	20,00	19,48	25,52	0
26/06/2020 16:50:00	24,97	24,83	24,03	23,45	22,84	22,27	21,77	21,34	20,97	20,58	20,13	19,66	19,19	25,45	0
26/06/2020 16:55:00	24,83	24,68	24,07	23,53	23,01	22,50	22,01	21,58	21,21	20,79	20,30	19,78	19,26	25,51	0
26/06/2020 17:00:00	24,89	24,63	23,80	23,26	22,69	22,18	21,74	21,35	21,01	20,65	20,23	19,79	19,35	25,83	0
26/06/2020 17:05:00	24,81	24,45	23,83	23,36	22,95	22,55	22,12	21,75	21,42	21,06	20,61	20,13	19,64	25,75	0
26/06/2020 17:10:00	24,59	24,60	24,03	23,49	22,96	22,48	21,99	21,58	21,21	20,82	20,36	19,88	19,39	25,42	0
26/06/2020 17:15:00	24,74	24,67	24,15	23,65	23,12	22,58	22,07	21,63	21,24	20,81	20,29	19,74	19,20	25,83	0
26/06/2020 17:20:00	24,81	24,49	24,02	23,52	23,08	22,66	22,20	21,81	21,45	21,05	20,55	20,02	19,49	25,97	0
26/06/2020 17:25:00	24,70	24,57	24,03	23,59	23,17	22,73	22,25	21,85	21,49	21,09	20,60	20,07	19,54	25,44	0
26/06/2020 17:30:00	24,48	24,60	24,17	23,66	23,13	22,61	22,14	21,72	21,33	20,91	20,42	19,90	19,38	25,60	0
26/06/2020 17:35:00	24,61	24,65	24,19	23,73	23,25	22,76	22,26	21,82	21,44	21,01	20,50	19,95	19,40	25,77	0
26/06/2020 17:40:00	24,74	24,66	24,15	23,71	23,25	22,75	22,30	21,90	21,54	21,12	20,63	20,09	19,56	25,87	0
26/06/2020 17:45:00	24,75	24,82	24,32	23,86	23,38	22,84	22,33	21,88	21,49	21,05	20,52	19,96	19,40	26,11	0
26/06/2020 17:50:00	24,67	24,79	24,35	23,94	23,46	22,94	22,41	21,95	21,56	21,11	20,56	19,98	19,41	25,95	0
26/06/2020 17:55:00	24,85	24,74	24,27	23,86	23,42	22,93	22,45	22,04	21,67	21,25	20,73	20,17	19,62	26,54	0
26/06/2020 18:00:00	25,08	24,83	24,38	23,92	23,48	23,01	22,54	22,14	21,77	21,35	20,83	20,27	19,71	26,74	0
26/06/2020 18:05:00	24,78	24,77	24,36	23,95	23,48	23,01	22,56	22,15	21,78	21,35	20,84	20,29	19,74	26,10	0
26/06/2020 18:10:00	24,84	24,93	24,43	23,92	23,39	22,84	22,31	21,86	21,46	21,02	20,51	19,96	19,42	26,56	0
26/06/2020 18:15:00	24,58	24,74	24,36	23,96	23,52	23,01	22,54	22,13	21,75	21,32	20,80	20,25	19,70	25,87	0
26/06/2020 18:20:00	24,48	24,83	24,42	23,97	23,51	23,02	22,55	22,13	21,76	21,35	20,86	20,34	19,82	25,82	0
26/06/2020 18:25:00	24,40	24,69	24,39	23,96	23,51	23,02	22,55	22,12	21,73	21,30	20,78	20,23	19,67	25,86	0
26/06/2020 18:30:00	24,08	24,54	24,28	23,90	23,47	23,02	22,55	22,13	21,74	21,31	20,79	20,24	19,69	26,09	0
26/06/2020 18:35:00	24,23	24,58	24,41	24,00	23,54	23,04	22,56	22,12	21,71	21,25	20,70	20,11	19,52	25,82	0
26/06/2020 18:40:00	24,11	24,64	24,41	23,97	23,47	22,97	22,49	22,05	21,64	21,18	20,65	20,08	19,52	26,21	0
26/06/2020 18:45:00	24,06	24,74	24,46	24,08	23,62	23,07	22,57	22,12	21,70	21,25	20,71	20,14	19,57	26,31	0
26/06/2020 18:50:00	23,98	24,70	24,55	24,20	23,73	23,20	22,68	22,21	21,77	21,28	20,68	20,06	19,43	26,05	0
26/06/2020 18:55:00	23,86	24,60	24,54	24,18	23,71	23,21	22,71	22,25	21,82	21,34	20,77	20,16	19,55	25,81	0
26/06/2020 19:00:00	23,87	24,62	24,50	24,08	23,65	23,11	22,58	22,11	21,67	21,19	20,60	20,00	19,39	26,29	0
26/06/2020 19:05:00	23,81	24,66	24,55	24,20	23,79	23,29	22,75	22,27	21,83	21,35	20,75	20,13	19,50	25,98	0
26/06/2020 19:10:00	23,83	24,61	24,57	24,22	23,73	23,23	22,72	22,26	21,83	21,35	20,77	20,16	19,56	26,00	0
26/06/2020 19:15:00	23,75	24,61	24,59	24,25	23,79	23,29	22,77	22,29	21,85	21,35	20,74	20,10	19,46	26,14	0
26/06/2020 19:20:00	23,61	24,55	24,57	24,25	23,85	23,37	22,85	22,38	21,93	21,43	20,82	20,18	19,54	25,77	0
26/06/2020 19:25:00	23,71	24,55	24,53	24,23	23,83	23,40	22,94	22,51	22,10	21,64	21,09	20,50	19,92	26,37	0
26/06/2020 19:30:00	23,47	24,56	24,65	24,32	23,86	23,37	22,84	22,36	21,91	21,41	20,80	20,17	19,53	26,54	0
26/06/2020 19:35:00	23,24	24,44	24,75	24,52	24,12	23,63	23,10	22,60	22,13	21,58	20,90	20,19	19,49	25,79	0
26/06/2020 19:40:00	23,29	24,55	24,67	24,44	24,02	23,51	22,99	22,50	22,05	21,53	20,89	20,23	19,57	25,78	0
26/06/2020 19:45:00	23,23	24,43	24,75	24,54	24,14	23,63	23,11	22,62	22,15	21,60	20,92	20,21	19,50	25,96	0
26/06/2020 19:50:00	23,09	24,43	24,71	24,47	24,08	23,58	23,07	22,58	22,10	21,57	20,90	20,22	19,53	26,00	0
26/06/2020 19:55:00	22,94	24,37	24,74	24,57	24,18	23,65	23,14	22,64	22,16	21,60	20,91	20,20	19,48	26,06	0
26/06/2020 20:00:00	23,08	24,21	24,73	24,54	24,20	23,71	23,19	22,69	22,21	21,63	20,91	20,15	19,39	25,97	0
26/06/2020 20:05:00	22,82	24,19	24,70	24,49	24,16	23,67	23,17	22,68	22,20	21,65	20,95	20,24	19,52	25,61	0
26/06/2020 20:10:00	22,51	24,22	24,76	24,60	24,26	23,75	23,23	22,73	22,24	21,68	20,99	20,27	19,56	25,79	0
26/06/2020 20:15:00	22,38	24,22	24,71	24,52	24,17	23,69	23,16	22,65	22,16	21,62	20,95	20,25	19,56	25,18	0
26/06/2020 20:20:00	22,63	24,05	24,59	24,39	24,05	23,59	23,08	22,59	22,11	21,56	20,88	20,17	19,46	24,90	0
26/06/2020 20:25:00	22,29	23,99	24,60	24,47	24,16	23,70	23,18	22,67	22,19	21,62	20,92	20,18	19,45	24,71	0
26/06/2020 20:30:00	22,60	24,14	24,95	24,85	24,52	24,06	23,59	23,11	22,61	22,02	21,28	20,51	19,73	24,66	0
26/06/2020 20:35:00	22,47	24,35	24,89	24,72	24,38	23,89	23,39	22,91	22,42	21,88	21,22	20,53	19,85	24,48	0
26/06/2020 20:40:00	22,51	24,23	24,82	24,69	24,37	23,89	23,41	22,93	22,44	21,89	21,20	20,49	19,77	24,64	0
26/06/2020 20:45:00	22,55	24,62	25,27	25,07	24,70	24,20	23,65	23,12	22,61	22,03	21,32	20,59	19,86	24,55	0
26/06/2020 20:50:00	22,61	24,45	25,17	25,07	24,74	24,25	23,74	23,25	22,75	22,17	21,45	20,70	19,96	24,46	0
26/06/2020 20:55:00	23,03	24,68	25,36	25,24	24,95	24,51	24,01	23,53	23,04	22,47	21,76	21,01	20,26	24,34	0
26/06/2020 21:00:00	22,65	24,81	25,50	25,36	24,99	24,52	23,97	23,44	22,93	22,34	21,62	20,88	20,14	24,13	0
26/06/2020 21:05:00	23,04	24,88	25,68	25,58	25,27	24,82	24,31	23,81	23,31	22,73	21,98	21,22	20,45	24,14	0
26/06/2020 21:10:00	22,86	25,17	26,11	26,04	25,77	25,31	24,80	24,29	23,77	23,16	22,40	21,61	20,83	24,08	0
26/06/2020 21:15:00	23,31	25,26	26,28	26,27	26,02	25,61	25,14	24,67	24,17	23,57	22,80	22,01	21,21	23,99	0
26/06/2020 21:20:00	23,46	25,67	26,60	26,56	26,28	25,86	25,37	24,88	24,38	23,79	23,06	22,29	21,53	23,84	0
26/06/2020 21:25:00	23,90	25,85	26,70	26,67	26,41	26,02	25,57	25,11	24,64	24,07	23,35	22,60	21,84	23,78	0
26/06/2020 21:30:00	23,85	25,99	27,03	27,04	26,80	26,43	25,96	25,48	24,98	24,38	23,61	22,81	22,00	23,68	0
26/06/2020 21:35:00	23,63	25,83	26,83	26,84	26,65	26,29	25,84	25,37	24,90	24,33	23,60	22,85	22,09	23,51	0
26/06/2020 21:40:00	23,37	25,68	26,91	26,97	26,81	26,44	25,98	25,50	24,99	24,38	23,59	22,76	21,93	23,29	0
26/06/2020 21:45:00	23,18	25,65	26,85	26,98	26,83	26,45	26,00	25,52	25,02	24,42	23,63	22,82	22,00	23,06	0
26/06/2020 21:50:00	23,06	25,57	26,97	27,12	26,96	26,60	26,16	25,68	25,16	24,53	23,70	22,84	21,99	22,78	0
26/06/2020 21:55:00	23,11	25,53	26,88	26,97	26,84	26,51	26,06	25,59	25,08	24,47	23,68	22,85	22,03	22,98	0
26/06/2020 22:00:00	22,92	25,59	26,95	27,09	26,88	26,52	26,07	25,59	25,06	24,43	23,62	22,77	21,93	22,60	0
26/06/2020 22:05:00	23,05	25,38	26,74	26,91	26,81	26,49	26,07	25,61	25,12	24,50	23,69	22,84	21,99	22,69	0
26/06/2020 22:10:00	22,74	25,36	26,88	27,06	26,95	26,62	26,16	25,67	25,14	24,49	23,63	22,75	21,86	22,61	0
26/06/2020 22:15:00	22,82	25,39	26,77	26,95	26,80	26,48	26,04	25,57	25,07	24,45	23,65	22,82	21,99	22,48	0
26/06/2020 22:20:00	22,78	25,27	26,76	26,93	26,78	26,48	26,05	25,58	25,07	24,44	23,62	22,77	21,92	22,26	0
26/06/2020 22:25:00	22,57	25,19	26,77	26,97	26,83	26,50	26,09	25,63	25,11	24,47	23,64	22,78	21,92	22,44	0
26/06/2020 22:30:00	22,33	25,18	26,80	26,97	26,85	26,51	26,07	25,58	25,05	24,40	23,56	22,69	21,82	22,08	0
26/06/2020 22:35:00	22,47	25,16	26,70	26,85	26,73	26,41	25,96	25,47	24,95	24,31	23,48	22,61	21,75	21,77	0
26/06/2020 22:40:00	22,29	24,72	26,29	26,47	26,36	26,05	25,61	25,14	24,62	23,98	23,13	22,25	21,37	21,94	0
26/06/2020 22:45:00	22,20	24,73	26,19	26,37	26,28	25,96	25,56	25,11	24,61	24,00	23,21	22,38	21,55	21,97	0
26/06/2020 22:50:00	22,42	24,61	25,99	26,16	26,08	25,83	25,44	25,01	24,53	23,93	23,15	22,33	21,51	22,34	0
26/06/2020 22:55:00	22,25	24,68	25,98	26,03	25,89	25,61	25,20	24,76	24,27	23,69	22,96	22,19	21,43	22,16	0
26/06/2020 23:00:00	22,60	24,61	25,79	25,93	25,83	25,52	25,12	24,70	24,23	23,66	22,90	22,11	21,32	22,48	0
26/06/2020 23:05:00	22,76	24,39	25,43	25,56	25,50	25,28	24,97	24,61	24,20	23,69	23,02	22,31	21,60	22,60	0
26/06/2020 23:10:00	22,46	24,55	25,61	25,71	25,58	25,28	24,90	24,49	24,05	23,51	22,82	22,10	21,38	22,52	0
26/06/2020 23:15:00	22,37	24,63	25,71	25,80	25,67	25,38	25,00	24,59	24,14	23,61	22,93	22,22	21,51	22,53	0
26/06/2020 23:20:00	22,32	24,54	25,64	25,76	25,67	25,41	25,06	24,67	24,23	23,71	23,03	22,31	21,60	22,40	0
26/06/2020 23:25:00	22,28	24,48	25,57	25,71	25,60	25,38	25,03	24,65	24,23	23,72	23,07	22,38	21,70	22,31	0
26/06/2020 23:30:00	22,45	24,54	25,41	25,55	25,48	25,25	24,91	24,54	24,13	23,65	23,03	22,36	21,70	22,31	0
26/06/2020 23:35:00	22,56	24,32	25,22	25,41	25,38	25,21	24,93	24,61	24,24	23,78	23,17	22,52	21,87	22,17	0
26/06/2020 23:40:00	22,26	24,06	24,98	25,15	25,13	24,97	24,67	24,34	23,96	23,51	22,92	22,28	21,64	22,11	0
26/06/2020 23:45:00	22,04	24,08	24,85	24,93	24,82	24,63	24,32	23,98	23,60	23,17	22,62	22,04	21,46	21,97	0
26/06/2020 23:50:00	21,75	24,10	25,20	25,43	25,44	25,27	24,94	24,58	24,17	23,69	23,05	22,37	21,69	21,96	0
26/06/2020 23:55:00	21,86	23,92	24,91	25,12	25,08	24,90	24,61	24,27	23,88	23,40	22,78	22,12	21,47	21,99	0
