FileFormat:0002.2 file with temperature of atmosphere
200
local	GMT or Local
0	GMT-Local=[hours]
0	Height[m]
0	0	0	Longitude                [grd]               [min]               [sec]
0	0	0	Latitude                [grd]               [min]               [sec]
N	NS
59,40	Freq[GHz]
0,00	dTemostat[K]
0,150	MessErr[K]
0,248	//[grad/step]
version 14.0.20110218
MTP5H033F5940K-33.00D180214+A1.1
Commentary:
enter comment
End Of Commentary

SYSTEM\alaska.dat
data time	0	50	100	150	200	250	300	350	400	450	500	550	600	OutsideTemperature	Quality
03/03/2020 00:00:00	4,50	5,63	5,65	5,13	4,36	3,50	2,65	2,13	1,86	1,59	1,40	1,29	1,17	4,47	0
03/03/2020 00:05:00	4,35	5,58	5,71	5,22	4,54	3,59	2,76	2,22	1,92	1,62	1,41	1,28	1,15	4,40	0
03/03/2020 00:10:00	4,38	5,50	5,60	5,08	4,36	3,50	2,67	2,16	1,89	1,63	1,45	1,37	1,28	4,40	0
03/03/2020 00:15:00	4,32	5,54	5,64	5,20	4,43	3,42	2,52	1,92	1,58	1,26	1,03	0,89	0,75	4,31	0
03/03/2020 00:20:00	4,36	5,44	5,59	5,20	4,51	3,58	2,67	2,06	1,71	1,38	1,14	0,98	0,83	4,30	0
03/03/2020 00:25:00	4,23	5,45	5,54	4,98	4,23	3,30	2,45	1,92	1,63	1,36	1,17	1,08	0,99	4,21	0
03/03/2020 00:30:00	4,16	5,34	5,44	4,89	4,15	3,23	2,36	1,80	1,50	1,22	1,03	0,92	0,81	4,18	0
03/03/2020 00:35:00	4,17	5,25	5,24	4,70	3,90	3,00	2,20	1,70	1,43	1,17	1,00	0,91	0,82	4,12	0
03/03/2020 00:40:00	4,08	5,17	5,22	4,71	4,01	3,13	2,31	1,79	1,51	1,24	1,04	0,92	0,79	4,08	0
03/03/2020 00:45:00	4,07	5,17	5,22	4,69	3,91	3,04	2,23	1,72	1,45	1,19	1,02	0,94	0,86	4,09	0
03/03/2020 00:50:00	4,06	5,18	5,25	4,72	4,06	3,14	2,34	1,83	1,56	1,30	1,12	1,01	0,90	4,00	0
03/03/2020 00:55:00	4,05	5,19	5,35	4,97	4,25	3,35	2,45	1,84	1,49	1,17	0,93	0,77	0,61	4,14	0
03/03/2020 01:00:00	4,09	5,31	5,32	4,79	4,04	3,09	2,26	1,74	1,46	1,19	1,00	0,89	0,77	4,13	0
03/03/2020 01:05:00	4,14	5,19	5,29	4,78	4,06	3,18	2,30	1,75	1,46	1,19	1,02	0,93	0,84	4,18	0
03/03/2020 01:10:00	4,14	5,25	5,33	4,87	4,12	3,21	2,35	1,79	1,47	1,18	0,97	0,84	0,71	4,26	0
03/03/2020 01:15:00	4,29	5,40	5,49	5,05	4,24	3,27	2,37	1,77	1,44	1,13	0,92	0,80	0,69	4,30	0
03/03/2020 01:20:00	4,22	5,25	5,29	4,79	4,11	3,17	2,34	1,79	1,49	1,19	0,97	0,83	0,68	4,11	0
03/03/2020 01:25:00	4,09	5,22	5,29	4,80	4,06	3,10	2,21	1,62	1,30	1,00	0,79	0,65	0,52	4,05	0
03/03/2020 01:30:00	4,09	5,11	5,17	4,70	4,04	3,09	2,21	1,61	1,29	0,98	0,74	0,58	0,42	3,99	0
03/03/2020 01:35:00	3,95	5,03	5,08	4,57	3,82	2,94	2,10	1,57	1,29	1,01	0,82	0,72	0,61	3,89	0
03/03/2020 01:40:00	3,88	4,94	4,94	4,42	3,67	2,75	1,94	1,43	1,14	0,87	0,68	0,57	0,46	3,88	0
03/03/2020 01:45:00	3,92	4,97	4,99	4,41	3,64	2,76	1,88	1,33	1,05	0,80	0,62	0,53	0,45	3,89	0
03/03/2020 01:50:00	3,88	4,87	4,81	4,30	3,52	2,70	1,90	1,42	1,17	0,93	0,75	0,65	0,55	3,88	0
03/03/2020 01:55:00	3,89	4,79	4,77	4,23	3,46	2,59	1,89	1,45	1,21	0,98	0,84	0,79	0,75	3,85	0
03/03/2020 02:00:00	3,73	4,56	4,55	4,05	3,34	2,62	1,93	1,52	1,30	1,09	0,95	0,89	0,84	3,75	0
03/03/2020 02:05:00	3,65	4,29	4,29	3,87	3,31	2,68	2,11	1,78	1,61	1,42	1,29	1,24	1,18	3,60	0
03/03/2020 02:10:00	3,52	4,23	4,22	3,84	3,23	2,50	1,88	1,50	1,30	1,10	0,97	0,92	0,87	3,53	0
03/03/2020 02:15:00	3,36	3,97	4,06	3,70	3,15	2,44	1,83	1,44	1,21	0,99	0,85	0,79	0,73	3,38	0
03/03/2020 02:20:00	3,32	3,93	3,93	3,55	3,04	2,39	1,80	1,46	1,30	1,12	1,00	0,95	0,91	3,31	0
03/03/2020 02:25:00	3,26	3,82	3,76	3,29	2,77	2,12	1,67	1,42	1,30	1,15	1,07	1,07	1,06	3,28	0
03/03/2020 02:30:00	3,13	3,70	3,72	3,38	2,82	2,16	1,60	1,25	1,05	0,85	0,71	0,64	0,58	3,19	0
03/03/2020 02:35:00	3,16	3,65	3,61	3,24	2,64	2,03	1,47	1,14	0,98	0,80	0,70	0,67	0,65	3,12	0
03/03/2020 02:40:00	3,06	3,60	3,55	3,18	2,62	2,09	1,57	1,29	1,16	1,01	0,92	0,90	0,88	3,08	0
03/03/2020 02:45:00	3,01	3,47	3,45	3,06	2,52	1,98	1,47	1,17	1,04	0,88	0,79	0,78	0,76	3,06	0
03/03/2020 02:50:00	2,95	3,37	3,35	3,08	2,64	2,09	1,54	1,21	1,05	0,87	0,75	0,68	0,61	2,87	0
03/03/2020 02:55:00	2,83	3,17	3,17	2,92	2,48	1,93	1,43	1,11	0,95	0,76	0,63	0,56	0,50	2,89	0
03/03/2020 03:00:00	2,76	3,14	3,08	2,79	2,33	1,79	1,30	1,02	0,89	0,73	0,62	0,57	0,53	2,74	0
03/03/2020 03:05:00	2,73	3,03	3,02	2,76	2,38	1,82	1,32	1,00	0,84	0,66	0,52	0,45	0,37	2,70	0
03/03/2020 03:10:00	2,62	3,03	2,99	2,64	2,16	1,54	1,05	0,76	0,62	0,46	0,37	0,35	0,32	2,66	0
03/03/2020 03:15:00	2,62	2,94	2,84	2,54	2,08	1,58	1,09	0,83	0,73	0,59	0,50	0,47	0,43	2,61	0
03/03/2020 03:20:00	2,60	2,99	2,96	2,58	2,13	1,51	1,02	0,73	0,59	0,43	0,33	0,31	0,28	2,56	0
03/03/2020 03:25:00	2,58	2,94	2,90	2,57	2,17	1,60	1,08	0,77	0,61	0,43	0,30	0,22	0,15	2,58	0
03/03/2020 03:30:00	2,49	2,86	2,81	2,46	1,91	1,38	0,92	0,65	0,53	0,39	0,31	0,31	0,31	2,56	0
03/03/2020 03:35:00	2,55	2,86	2,83	2,49	2,03	1,43	0,87	0,52	0,35	0,17	0,05	-0,02	-0,08	2,57	0
03/03/2020 03:40:00	2,45	2,79	2,77	2,46	2,02	1,43	0,94	0,63	0,46	0,28	0,15	0,09	0,03	2,45	0
03/03/2020 03:45:00	2,35	2,71	2,61	2,25	1,78	1,20	0,72	0,44	0,32	0,17	0,08	0,04	0,01	2,38	0
03/03/2020 03:50:00	2,37	2,70	2,60	2,28	1,77	1,22	0,71	0,42	0,30	0,16	0,07	0,04	0,02	2,39	0
03/03/2020 03:55:00	2,36	2,63	2,54	2,20	1,78	1,28	0,81	0,54	0,44	0,31	0,22	0,19	0,16	2,35	0
03/03/2020 04:00:00	2,28	2,59	2,54	2,20	1,77	1,26	0,76	0,47	0,35	0,21	0,12	0,09	0,06	2,30	0
03/03/2020 04:05:00	2,28	2,69	2,62	2,18	1,71	1,23	0,79	0,57	0,50	0,40	0,35	0,36	0,38	2,31	0
03/03/2020 04:10:00	2,32	2,67	2,61	2,27	1,85	1,34	0,84	0,57	0,46	0,32	0,22	0,19	0,15	2,32	0
03/03/2020 04:15:00	2,33	2,61	2,64	2,31	1,88	1,29	0,83	0,52	0,35	0,17	0,05	0,01	-0,03	2,38	0
03/03/2020 04:20:00	2,32	2,59	2,52	2,25	1,82	1,32	0,89	0,64	0,53	0,38	0,28	0,23	0,19	2,37	0
03/03/2020 04:25:00	2,37	2,65	2,58	2,23	1,74	1,22	0,78	0,53	0,41	0,27	0,18	0,17	0,15	2,38	0
03/03/2020 04:30:00	2,26	2,54	2,50	2,18	1,77	1,22	0,66	0,32	0,18	0,02	-0,10	-0,15	-0,20	2,28	0
03/03/2020 04:35:00	2,28	2,55	2,43	2,01	1,61	1,06	0,64	0,42	0,33	0,21	0,14	0,13	0,12	2,34	0
03/03/2020 04:40:00	2,27	2,51	2,43	2,16	1,70	1,16	0,69	0,39	0,25	0,09	-0,03	-0,08	-0,14	2,29	0
03/03/2020 04:45:00	2,24	2,53	2,45	2,07	1,63	1,06	0,61	0,36	0,24	0,10	0,02	-0,01	-0,03	2,25	0
03/03/2020 04:50:00	2,27	2,50	2,38	1,99	1,62	1,06	0,59	0,34	0,24	0,11	0,02	-0,02	-0,05	2,23	0
03/03/2020 04:55:00	2,14	2,44	2,35	2,04	1,58	1,03	0,54	0,25	0,12	-0,04	-0,15	-0,20	-0,25	2,23	0
03/03/2020 05:00:00	2,17	2,50	2,41	2,08	1,63	1,09	0,57	0,26	0,13	-0,02	-0,13	-0,19	-0,25	2,21	0
03/03/2020 05:05:00	2,10	2,48	2,37	2,04	1,56	0,97	0,48	0,20	0,06	-0,09	-0,20	-0,25	-0,31	2,14	0
03/03/2020 05:10:00	2,13	2,53	2,47	2,13	1,64	1,02	0,47	0,13	-0,04	-0,21	-0,34	-0,40	-0,46	2,19	0
03/03/2020 05:15:00	2,17	2,61	2,55	2,13	1,62	0,98	0,43	0,11	-0,04	-0,20	-0,29	-0,32	-0,34	2,17	0
03/03/2020 05:20:00	2,26	2,63	2,59	2,24	1,81	1,19	0,63	0,27	0,09	-0,11	-0,25	-0,35	-0,45	2,23	0
03/03/2020 05:25:00	2,25	2,60	2,53	2,25	1,79	1,19	0,64	0,28	0,11	-0,09	-0,24	-0,34	-0,45	2,17	0
03/03/2020 05:30:00	2,15	2,60	2,50	2,10	1,56	0,95	0,43	0,12	-0,02	-0,18	-0,29	-0,34	-0,38	2,17	0
03/03/2020 05:35:00	2,20	2,64	2,57	2,12	1,63	0,93	0,31	-0,06	-0,23	-0,41	-0,52	-0,58	-0,63	2,20	0
03/03/2020 05:40:00	2,19	2,59	2,47	2,02	1,50	0,89	0,32	-0,02	-0,15	-0,30	-0,41	-0,45	-0,49	2,20	0
03/03/2020 05:45:00	2,19	2,66	2,55	2,16	1,53	0,86	0,26	-0,10	-0,28	-0,46	-0,59	-0,64	-0,69	2,25	0
03/03/2020 05:50:00	2,26	2,72	2,65	2,28	1,68	0,91	0,29	-0,13	-0,35	-0,57	-0,72	-0,80	-0,87	2,25	0
03/03/2020 05:55:00	2,32	2,74	2,59	2,13	1,59	0,96	0,32	-0,07	-0,23	-0,40	-0,54	-0,62	-0,71	2,27	0
03/03/2020 06:00:00	2,32	2,68	2,67	2,32	1,75	1,08	0,41	-0,05	-0,29	-0,51	-0,67	-0,76	-0,84	2,33	0
03/03/2020 06:05:00	2,33	2,71	2,61	2,17	1,61	0,95	0,33	-0,05	-0,23	-0,41	-0,53	-0,58	-0,63	2,30	0
03/03/2020 06:10:00	2,34	2,67	2,57	2,23	1,72	1,12	0,56	0,23	0,07	-0,10	-0,22	-0,27	-0,33	2,34	0
03/03/2020 06:15:00	2,31	2,65	2,53	2,23	1,76	1,16	0,62	0,29	0,13	-0,05	-0,18	-0,27	-0,36	2,33	0
03/03/2020 06:20:00	2,32	2,67	2,61	2,21	1,76	1,15	0,66	0,36	0,21	0,05	-0,06	-0,11	-0,16	2,31	0
03/03/2020 06:25:00	2,32	2,72	2,65	2,27	1,77	1,15	0,61	0,29	0,14	-0,02	-0,12	-0,16	-0,19	2,33	0
03/03/2020 06:30:00	2,37	2,69	2,59	2,24	1,77	1,16	0,68	0,39	0,24	0,08	-0,04	-0,09	-0,15	2,35	0
03/03/2020 06:35:00	2,39	2,74	2,65	2,30	1,78	1,18	0,68	0,37	0,23	0,07	-0,04	-0,07	-0,11	2,40	0
03/03/2020 06:40:00	2,43	2,85	2,80	2,45	1,86	1,28	0,75	0,43	0,27	0,11	0,01	-0,02	-0,04	2,41	0
03/03/2020 06:45:00	2,51	2,85	2,81	2,48	2,03	1,44	0,85	0,49	0,32	0,13	-0,01	-0,10	-0,18	2,50	0
03/03/2020 06:50:00	2,48	2,84	2,83	2,51	2,11	1,48	0,94	0,60	0,42	0,23	0,08	0,00	-0,09	2,46	0
03/03/2020 06:55:00	2,48	2,79	2,76	2,50	2,07	1,46	0,93	0,59	0,41	0,22	0,09	0,01	-0,07	2,48	0
03/03/2020 07:00:00	2,48	2,86	2,84	2,54	2,03	1,40	0,83	0,46	0,27	0,08	-0,05	-0,11	-0,17	2,51	0
03/03/2020 07:05:00	2,54	2,84	2,81	2,49	2,04	1,40	0,92	0,61	0,43	0,25	0,12	0,06	0,01	2,52	0
03/03/2020 07:10:00	2,48	2,77	2,69	2,40	2,01	1,44	0,98	0,70	0,57	0,41	0,29	0,22	0,16	2,50	0
03/03/2020 07:15:00	2,47	2,78	2,74	2,37	1,92	1,30	0,70	0,34	0,17	-0,01	-0,13	-0,19	-0,24	2,43	0
03/03/2020 07:20:00	2,43	2,78	2,68	2,36	1,85	1,29	0,85	0,60	0,47	0,33	0,24	0,21	0,19	2,41	0
03/03/2020 07:25:00	2,40	2,68	2,57	2,24	1,79	1,27	0,84	0,61	0,51	0,38	0,30	0,28	0,26	2,37	0
03/03/2020 07:30:00	2,32	2,57	2,55	2,20	1,78	1,22	0,72	0,41	0,26	0,09	-0,01	-0,05	-0,09	2,34	0
03/03/2020 07:35:00	2,40	2,65	2,56	2,19	1,76	1,21	0,78	0,55	0,44	0,31	0,24	0,23	0,22	2,39	0
03/03/2020 07:40:00	2,37	2,59	2,49	2,13	1,70	1,17	0,77	0,55	0,45	0,33	0,26	0,25	0,24	2,32	0
03/03/2020 07:45:00	2,35	2,53	2,42	2,05	1,71	1,22	0,79	0,56	0,48	0,35	0,26	0,22	0,18	2,31	0
03/03/2020 07:50:00	2,34	2,52	2,40	2,13	1,69	1,22	0,77	0,51	0,40	0,27	0,17	0,13	0,09	2,33	0
03/03/2020 07:55:00	2,24	2,44	2,33	2,07	1,60	1,11	0,59	0,28	0,14	-0,02	-0,14	-0,20	-0,27	2,30	0
03/03/2020 08:00:00	2,31	2,52	2,36	1,95	1,51	1,03	0,67	0,51	0,46	0,37	0,32	0,34	0,36	2,31	0
03/03/2020 08:05:00	2,30	2,54	2,38	1,94	1,43	0,89	0,40	0,14	0,04	-0,08	-0,15	-0,15	-0,16	2,31	0
03/03/2020 08:10:00	2,30	2,47	2,31	1,96	1,48	0,84	0,32	0,01	-0,14	-0,30	-0,40	-0,45	-0,50	2,27	0
03/03/2020 08:15:00	2,35	2,55	2,42	2,09	1,57	0,92	0,33	-0,06	-0,24	-0,43	-0,57	-0,65	-0,72	2,30	0
03/03/2020 08:20:00	2,30	2,51	2,36	1,98	1,48	0,85	0,24	-0,13	-0,29	-0,45	-0,57	-0,64	-0,70	2,32	0
03/03/2020 08:25:00	2,28	2,51	2,38	2,01	1,51	0,85	0,23	-0,17	-0,37	-0,56	-0,71	-0,81	-0,91	2,32	0
03/03/2020 08:30:00	2,38	2,65	2,46	2,05	1,53	0,87	0,27	-0,08	-0,23	-0,39	-0,50	-0,56	-0,61	2,39	0
03/03/2020 08:35:00	2,29	2,64	2,51	2,06	1,52	0,88	0,40	0,12	-0,01	-0,16	-0,26	-0,28	-0,31	2,25	0
03/03/2020 08:40:00	2,32	2,43	2,28	2,01	1,61	1,16	0,75	0,51	0,42	0,28	0,18	0,12	0,07	2,35	0
03/03/2020 08:45:00	2,31	2,41	2,24	1,89	1,51	0,99	0,56	0,32	0,22	0,09	0,00	-0,05	-0,09	2,29	0
03/03/2020 08:50:00	2,27	2,37	2,29	1,98	1,62	1,04	0,58	0,28	0,13	-0,05	-0,17	-0,25	-0,32	2,31	0
03/03/2020 08:55:00	2,33	2,46	2,28	1,99	1,48	1,00	0,53	0,27	0,16	0,02	-0,07	-0,12	-0,16	2,30	0
03/03/2020 09:00:00	2,33	2,48	2,29	1,97	1,48	0,94	0,46	0,18	0,06	-0,09	-0,19	-0,25	-0,31	2,35	0
03/03/2020 09:05:00	2,37	2,50	2,34	1,96	1,45	0,85	0,34	0,03	-0,12	-0,28	-0,38	-0,42	-0,46	2,34	0
03/03/2020 09:10:00	2,40	2,48	2,25	1,83	1,33	0,78	0,25	-0,04	-0,14	-0,27	-0,35	-0,37	-0,39	2,40	0
03/03/2020 09:15:00	2,43	2,46	2,29	1,93	1,53	0,97	0,43	0,10	-0,05	-0,22	-0,35	-0,44	-0,53	2,39	0
03/03/2020 09:20:00	2,42	2,39	2,23	1,94	1,49	0,92	0,41	0,08	-0,09	-0,26	-0,39	-0,47	-0,54	2,41	0
03/03/2020 09:25:00	2,44	2,46	2,26	1,83	1,34	0,82	0,36	0,11	0,01	-0,11	-0,17	-0,17	-0,17	2,41	0
03/03/2020 09:30:00	2,48	2,44	2,23	1,94	1,53	1,05	0,56	0,28	0,17	0,03	-0,08	-0,15	-0,21	2,50	0
03/03/2020 09:35:00	2,51	2,42	2,22	1,91	1,58	1,09	0,72	0,51	0,41	0,28	0,18	0,12	0,07	2,49	0
03/03/2020 09:40:00	2,50	2,38	2,17	1,85	1,51	1,08	0,73	0,54	0,48	0,38	0,30	0,28	0,25	2,43	0
03/03/2020 09:45:00	2,46	2,43	2,29	1,92	1,51	1,01	0,57	0,32	0,21	0,08	-0,01	-0,03	-0,05	2,49	0
03/03/2020 09:50:00	2,59	2,40	2,15	1,81	1,49	1,00	0,63	0,43	0,34	0,21	0,12	0,06	0,00	2,60	0
03/03/2020 09:55:00	2,61	2,20	1,88	1,63	1,25	0,85	0,50	0,30	0,22	0,10	0,01	-0,05	-0,11	2,56	0
03/03/2020 10:00:00	2,57	2,30	2,02	1,67	1,39	0,88	0,49	0,27	0,18	0,06	-0,04	-0,10	-0,16	2,63	0
03/03/2020 10:05:00	2,88	2,34	2,05	1,74	1,45	1,01	0,62	0,38	0,26	0,11	-0,01	-0,10	-0,19	2,63	0
03/03/2020 10:10:00	3,08	2,33	1,89	1,60	1,40	1,14	0,89	0,79	0,78	0,70	0,61	0,55	0,48	2,86	0
03/03/2020 10:15:00	3,25	2,41	1,99	1,84	1,63	1,35	1,05	0,87	0,80	0,65	0,51	0,37	0,23	3,01	0
03/03/2020 10:20:00	3,50	2,43	1,98	1,83	1,69	1,36	1,05	0,83	0,72	0,54	0,36	0,18	0,00	2,93	0
03/03/2020 10:25:00	3,83	2,60	2,01	1,78	1,62	1,35	1,08	0,93	0,88	0,76	0,63	0,49	0,35	3,27	0
03/03/2020 10:30:00	4,13	2,68	1,97	1,74	1,53	1,32	1,10	0,98	0,95	0,83	0,70	0,57	0,43	3,61	0
03/03/2020 10:35:00	4,13	2,71	2,02	1,84	1,69	1,46	1,19	1,02	0,96	0,81	0,63	0,43	0,23	3,56	0
03/03/2020 10:40:00	3,96	2,98	2,36	2,04	1,69	1,30	0,86	0,58	0,48	0,30	0,14	-0,04	-0,21	3,72	0
03/03/2020 10:45:00	3,72	3,05	2,50	2,12	1,74	1,17	0,68	0,37	0,23	0,04	-0,13	-0,29	-0,45	3,45	0
03/03/2020 10:50:00	3,59	2,85	2,30	1,87	1,47	0,92	0,52	0,27	0,16	0,00	-0,14	-0,26	-0,37	3,61	0
03/03/2020 10:55:00	3,77	2,79	2,27	2,13	1,82	1,37	0,87	0,49	0,29	0,05	-0,19	-0,45	-0,70	3,71	0
03/03/2020 11:00:00	3,90	2,79	2,24	2,00	1,65	1,12	0,64	0,27	0,06	-0,18	-0,40	-0,62	-0,84	3,63	0
03/03/2020 11:05:00	3,88	2,95	2,23	1,73	1,26	0,76	0,37	0,16	0,09	-0,03	-0,14	-0,23	-0,32	3,82	0
03/03/2020 11:10:00	3,68	2,86	2,17	1,71	1,26	0,93	0,48	0,25	0,21	0,09	-0,03	-0,15	-0,26	3,43	0
03/03/2020 11:15:00	3,95	2,78	2,04	1,62	1,29	0,91	0,57	0,39	0,33	0,20	0,07	-0,06	-0,19	3,79	0
03/03/2020 11:20:00	3,82	2,83	2,25	1,92	1,54	1,03	0,50	0,13	-0,04	-0,25	-0,46	-0,66	-0,85	3,51	0
03/03/2020 11:25:00	4,19	2,75	1,96	1,52	1,32	0,93	0,59	0,39	0,33	0,19	0,05	-0,12	-0,28	3,65	0
03/03/2020 11:30:00	4,43	2,88	2,12	1,78	1,44	0,95	0,46	0,09	-0,10	-0,33	-0,55	-0,78	-1,00	3,71	0
03/03/2020 11:35:00	4,27	2,89	2,00	1,52	1,21	1,02	0,72	0,62	0,67	0,61	0,54	0,45	0,36	3,59	0
03/03/2020 11:40:00	4,56	2,89	2,05	1,71	1,43	1,10	0,72	0,49	0,40	0,24	0,08	-0,10	-0,28	3,70	0
03/03/2020 11:45:00	4,65	3,11	2,26	1,71	1,34	0,87	0,42	0,14	0,04	-0,12	-0,27	-0,42	-0,57	4,07	0
03/03/2020 11:50:00	4,79	3,12	2,36	2,04	1,83	1,40	0,89	0,52	0,34	0,12	-0,12	-0,37	-0,63	4,08	0
03/03/2020 11:55:00	4,82	3,28	2,46	2,01	1,66	1,14	0,64	0,28	0,10	-0,12	-0,34	-0,56	-0,79	4,14	0
03/03/2020 12:00:00	4,38	3,51	2,85	2,34	1,82	1,20	0,56	0,13	-0,06	-0,27	-0,47	-0,64	-0,82	3,85	0
03/03/2020 12:05:00	3,93	3,43	2,92	2,38	1,90	1,26	0,66	0,26	0,07	-0,14	-0,33	-0,50	-0,67	3,80	0
03/03/2020 12:10:00	4,10	3,35	2,75	2,25	1,77	1,14	0,62	0,28	0,12	-0,07	-0,23	-0,36	-0,50	3,94	0
03/03/2020 12:15:00	3,98	3,28	2,64	2,04	1,57	1,02	0,58	0,34	0,26	0,14	0,03	-0,04	-0,12	3,70	0
03/03/2020 12:20:00	4,18	3,30	2,67	2,21	1,72	1,14	0,60	0,24	0,06	-0,14	-0,33	-0,50	-0,67	3,80	0
03/03/2020 12:25:00	4,07	3,36	2,79	2,33	1,88	1,27	0,73	0,37	0,20	-0,01	-0,20	-0,37	-0,54	3,90	0
03/03/2020 12:30:00	4,18	3,45	2,76	2,26	1,81	1,29	0,75	0,42	0,30	0,12	-0,05	-0,23	-0,40	3,87	0
03/03/2020 12:35:00	4,26	3,36	2,73	2,31	1,83	1,35	0,72	0,31	0,13	-0,08	-0,28	-0,47	-0,67	3,92	0
03/03/2020 12:40:00	3,80	3,26	2,75	2,24	1,76	1,11	0,50	0,11	-0,08	-0,29	-0,47	-0,63	-0,79	3,93	0
03/03/2020 12:45:00	3,80	3,26	2,71	2,24	1,74	1,11	0,52	0,14	-0,03	-0,23	-0,41	-0,57	-0,72	3,89	0
03/03/2020 12:50:00	3,62	3,28	2,78	2,22	1,68	1,00	0,44	0,09	-0,07	-0,25	-0,40	-0,52	-0,63	3,79	0
03/03/2020 12:55:00	3,81	3,44	3,05	2,57	2,04	1,36	0,65	0,17	-0,07	-0,31	-0,52	-0,69	-0,86	3,91	0
03/03/2020 13:00:00	3,59	3,59	3,25	2,70	2,10	1,31	0,60	0,13	-0,11	-0,35	-0,54	-0,68	-0,83	3,81	0
03/03/2020 13:05:00	3,51	3,58	3,29	2,82	2,17	1,34	0,57	0,04	-0,24	-0,51	-0,72	-0,89	-1,06	3,72	0
03/03/2020 13:10:00	3,51	3,52	3,26	2,85	2,23	1,46	0,69	0,14	-0,15	-0,43	-0,67	-0,86	-1,05	3,83	0
03/03/2020 13:15:00	3,82	3,88	3,58	3,14	2,52	1,69	0,98	0,48	0,21	-0,06	-0,28	-0,46	-0,63	3,89	0
03/03/2020 13:20:00	3,76	3,92	3,65	3,16	2,53	1,74	1,02	0,55	0,30	0,05	-0,15	-0,29	-0,44	3,85	0
03/03/2020 13:25:00	3,91	4,11	3,83	3,24	2,58	1,78	1,07	0,61	0,38	0,15	-0,02	-0,13	-0,24	3,90	0
03/03/2020 13:30:00	3,91	4,11	3,84	3,33	2,74	1,89	1,16	0,68	0,43	0,18	-0,02	-0,16	-0,30	3,95	0
03/03/2020 13:35:00	3,99	4,13	3,88	3,38	2,79	2,06	1,30	0,80	0,57	0,33	0,13	-0,01	-0,15	4,01	0
03/03/2020 13:40:00	3,99	4,11	3,78	3,28	2,71	1,93	1,27	0,85	0,63	0,39	0,20	0,06	-0,09	4,00	0
03/03/2020 13:45:00	4,26	4,08	3,76	3,28	2,76	2,04	1,37	0,91	0,67	0,42	0,20	0,03	-0,14	4,12	0
03/03/2020 13:50:00	4,22	4,03	3,70	3,23	2,66	1,93	1,22	0,73	0,47	0,20	-0,01	-0,19	-0,37	4,17	0
03/03/2020 13:55:00	4,17	4,05	3,72	3,26	2,66	1,88	1,14	0,63	0,36	0,09	-0,13	-0,31	-0,49	4,25	0
03/03/2020 14:00:00	4,15	4,06	3,68	3,21	2,60	1,90	1,16	0,68	0,46	0,21	0,01	-0,15	-0,31	4,29	0
03/03/2020 14:05:00	4,23	4,27	3,97	3,52	2,98	2,16	1,45	0,95	0,67	0,39	0,15	-0,05	-0,25	4,26	0
03/03/2020 14:10:00	4,39	4,28	3,97	3,48	2,85	2,15	1,43	0,95	0,69	0,43	0,22	0,06	-0,10	4,33	0
03/03/2020 14:15:00	4,41	4,25	3,88	3,45	2,86	2,16	1,52	1,07	0,83	0,57	0,36	0,18	0,01	4,37	0
03/03/2020 14:20:00	4,41	4,39	4,07	3,57	2,93	2,21	1,47	0,97	0,71	0,44	0,22	0,05	-0,12	4,48	0
03/03/2020 14:25:00	4,35	4,37	4,08	3,61	3,02	2,25	1,47	0,95	0,68	0,40	0,18	0,00	-0,18	4,44	0
03/03/2020 14:30:00	4,46	4,48	4,20	3,78	3,19	2,38	1,62	1,08	0,79	0,49	0,25	0,05	-0,15	4,43	0
03/03/2020 14:35:00	4,41	4,51	4,21	3,65	3,03	2,21	1,52	1,06	0,82	0,58	0,39	0,27	0,15	4,38	0
03/03/2020 14:40:00	4,39	4,49	4,28	3,83	3,24	2,40	1,67	1,15	0,86	0,57	0,34	0,17	0,00	4,41	0
03/03/2020 14:45:00	4,37	4,63	4,39	3,88	3,27	2,45	1,65	1,13	0,86	0,58	0,36	0,19	0,01	4,43	0
03/03/2020 14:50:00	4,40	4,76	4,54	4,06	3,43	2,60	1,79	1,24	0,95	0,65	0,41	0,21	0,01	4,50	0
03/03/2020 14:55:00	4,48	4,78	4,58	4,08	3,44	2,61	1,80	1,26	0,97	0,69	0,46	0,30	0,13	4,44	0
03/03/2020 15:00:00	4,57	4,84	4,64	4,18	3,46	2,61	1,79	1,22	0,91	0,61	0,39	0,23	0,06	4,52	0
03/03/2020 15:05:00	4,53	4,80	4,63	4,15	3,53	2,71	1,94	1,42	1,12	0,84	0,61	0,45	0,29	4,57	0
03/03/2020 15:10:00	4,59	4,77	4,51	4,01	3,31	2,49	1,79	1,32	1,05	0,79	0,59	0,45	0,31	4,63	0
03/03/2020 15:15:00	4,62	4,74	4,50	4,01	3,40	2,63	1,88	1,39	1,13	0,87	0,67	0,53	0,39	4,57	0
03/03/2020 15:20:00	4,58	4,75	4,45	3,96	3,35	2,63	1,90	1,43	1,19	0,93	0,71	0,53	0,36	4,54	0
03/03/2020 15:25:00	4,52	4,73	4,45	3,97	3,35	2,54	1,77	1,25	0,99	0,72	0,50	0,32	0,15	4,46	0
03/03/2020 15:30:00	4,48	4,66	4,39	3,90	3,33	2,55	1,80	1,31	1,06	0,80	0,58	0,41	0,23	4,43	0
03/03/2020 15:35:00	4,44	4,56	4,34	3,93	3,31	2,53	1,79	1,28	0,98	0,68	0,44	0,24	0,05	4,49	0
03/03/2020 15:40:00	4,43	4,57	4,34	3,96	3,41	2,62	1,88	1,36	1,07	0,76	0,51	0,29	0,07	4,41	0
03/03/2020 15:45:00	4,31	4,63	4,40	3,86	3,19	2,36	1,61	1,12	0,87	0,61	0,42	0,29	0,16	4,37	0
03/03/2020 15:50:00	4,37	4,74	4,56	4,02	3,37	2,51	1,72	1,19	0,90	0,62	0,41	0,25	0,10	4,42	0
03/03/2020 15:55:00	4,47	4,70	4,46	3,93	3,31	2,51	1,80	1,34	1,10	0,85	0,67	0,55	0,44	4,41	0
03/03/2020 16:00:00	4,47	4,76	4,61	4,09	3,42	2,49	1,67	1,09	0,76	0,46	0,23	0,06	-0,10	4,53	0
03/03/2020 16:05:00	4,32	4,65	4,45	3,95	3,29	2,46	1,75	1,27	1,00	0,73	0,53	0,38	0,24	4,32	0
03/03/2020 16:10:00	4,29	4,71	4,51	3,95	3,28	2,45	1,69	1,20	0,95	0,70	0,52	0,40	0,28	4,34	0
03/03/2020 16:15:00	4,43	4,75	4,55	4,09	3,44	2,66	1,83	1,29	1,02	0,74	0,53	0,36	0,20	4,41	0
03/03/2020 16:20:00	4,40	4,69	4,55	4,16	3,56	2,81	2,00	1,44	1,14	0,85	0,61	0,42	0,22	4,40	0
03/03/2020 16:25:00	4,44	4,85	4,70	4,28	3,59	2,75	1,93	1,36	1,05	0,75	0,52	0,35	0,18	4,44	0
03/03/2020 16:30:00	4,37	4,78	4,64	4,20	3,51	2,72	1,98	1,49	1,21	0,94	0,73	0,60	0,46	4,36	0
03/03/2020 16:35:00	4,28	4,75	4,64	4,22	3,58	2,74	1,97	1,44	1,15	0,86	0,65	0,49	0,33	4,30	0
03/03/2020 16:40:00	4,24	4,81	4,73	4,30	3,61	2,75	1,95	1,39	1,07	0,76	0,53	0,35	0,18	4,29	0
03/03/2020 16:45:00	4,19	4,72	4,59	4,07	3,43	2,66	1,92	1,46	1,22	0,97	0,79	0,67	0,55	4,20	0
03/03/2020 16:50:00	4,18	4,70	4,57	4,07	3,45	2,63	1,88	1,39	1,13	0,86	0,66	0,52	0,38	4,15	0
03/03/2020 16:55:00	4,07	4,68	4,62	4,11	3,46	2,61	1,80	1,25	0,96	0,68	0,47	0,33	0,19	4,13	0
03/03/2020 17:00:00	4,09	4,61	4,51	4,14	3,47	2,70	1,97	1,48	1,20	0,92	0,70	0,54	0,38	4,12	0
03/03/2020 17:05:00	4,17	4,75	4,69	4,27	3,65	2,82	2,02	1,47	1,18	0,88	0,65	0,48	0,31	4,17	0
03/03/2020 17:10:00	4,11	4,73	4,58	4,06	3,40	2,59	1,87	1,42	1,18	0,94	0,76	0,65	0,54	4,11	0
03/03/2020 17:15:00	4,16	4,76	4,64	4,19	3,53	2,64	1,86	1,34	1,04	0,76	0,54	0,38	0,22	4,16	0
03/03/2020 17:20:00	4,16	4,73	4,64	4,23	3,52	2,68	1,88	1,33	1,03	0,73	0,51	0,35	0,20	4,23	0
03/03/2020 17:25:00	4,20	4,76	4,68	4,21	3,51	2,64	1,83	1,28	0,97	0,67	0,45	0,30	0,15	4,23	0
03/03/2020 17:30:00	4,21	4,79	4,66	4,20	3,56	2,73	1,92	1,40	1,13	0,86	0,65	0,50	0,35	4,21	0
03/03/2020 17:35:00	4,16	4,70	4,58	4,16	3,50	2,71	1,97	1,47	1,19	0,90	0,68	0,51	0,34	4,16	0
03/03/2020 17:40:00	4,11	4,69	4,59	4,19	3,52	2,72	1,85	1,27	0,97	0,67	0,43	0,24	0,05	4,13	0
03/03/2020 17:45:00	4,02	4,65	4,51	4,05	3,33	2,48	1,76	1,29	1,03	0,77	0,58	0,46	0,33	4,00	0
03/03/2020 17:50:00	4,00	4,49	4,35	3,99	3,38	2,69	2,02	1,60	1,38	1,15	0,96	0,83	0,70	4,00	0
03/03/2020 17:55:00	4,01	4,47	4,42	4,00	3,44	2,71	2,03	1,60	1,36	1,12	0,95	0,85	0,75	3,95	0
03/03/2020 18:00:00	3,92	4,34	4,31	3,94	3,39	2,66	2,05	1,65	1,41	1,17	0,99	0,89	0,79	3,93	0
03/03/2020 18:05:00	3,90	4,27	4,28	3,98	3,46	2,70	2,02	1,54	1,26	0,98	0,78	0,64	0,51	3,90	0
03/03/2020 18:10:00	3,77	4,16	4,13	3,79	3,34	2,63	2,02	1,62	1,39	1,14	0,95	0,82	0,69	3,80	0
03/03/2020 18:15:00	3,73	4,14	4,09	3,74	3,14	2,51	1,92	1,54	1,32	1,09	0,93	0,84	0,75	3,71	0
03/03/2020 18:20:00	3,59	4,04	3,96	3,57	3,04	2,35	1,73	1,35	1,15	0,94	0,79	0,71	0,62	3,63	0
03/03/2020 18:25:00	3,60	4,07	4,01	3,66	3,06	2,39	1,74	1,32	1,10	0,88	0,72	0,63	0,54	3,63	0
03/03/2020 18:30:00	3,58	4,05	3,91	3,45	2,87	2,17	1,52	1,13	0,95	0,76	0,62	0,55	0,48	3,62	0
03/03/2020 18:35:00	3,42	3,88	3,84	3,50	2,90	2,16	1,48	1,01	0,75	0,49	0,30	0,17	0,05	3,49	0
03/03/2020 18:40:00	3,45	3,86	3,77	3,40	2,87	2,15	1,48	1,04	0,80	0,55	0,35	0,20	0,05	3,47	0
03/03/2020 18:45:00	3,50	4,01	3,88	3,41	2,79	2,01	1,37	0,96	0,74	0,52	0,36	0,26	0,16	3,50	0
03/03/2020 18:50:00	3,42	3,90	3,80	3,35	2,78	2,01	1,33	0,88	0,65	0,41	0,23	0,10	-0,02	3,42	0
03/03/2020 18:55:00	3,40	3,89	3,81	3,37	2,80	2,12	1,39	0,93	0,69	0,45	0,26	0,12	-0,01	3,44	0
03/03/2020 19:00:00	3,47	4,01	3,90	3,44	2,77	1,98	1,24	0,76	0,52	0,28	0,11	0,01	-0,09	3,46	0
03/03/2020 19:05:00	3,45	3,96	3,83	3,37	2,73	1,98	1,28	0,82	0,59	0,35	0,18	0,06	-0,05	3,43	0
03/03/2020 19:10:00	3,40	4,00	3,88	3,33	2,69	1,92	1,21	0,78	0,58	0,37	0,22	0,15	0,08	3,46	0
03/03/2020 19:15:00	3,44	4,06	3,95	3,38	2,72	1,89	1,21	0,77	0,54	0,32	0,16	0,09	0,01	3,45	0
03/03/2020 19:20:00	3,45	4,00	3,86	3,38	2,75	1,94	1,21	0,74	0,50	0,26	0,09	-0,03	-0,15	3,43	0
03/03/2020 19:25:00	3,49	3,99	3,84	3,32	2,69	1,92	1,20	0,75	0,52	0,29	0,12	0,01	-0,09	3,46	0
03/03/2020 19:30:00	3,42	3,92	3,76	3,32	2,61	1,88	1,16	0,70	0,48	0,26	0,10	0,01	-0,09	3,47	0
03/03/2020 19:35:00	3,42	3,95	3,80	3,30	2,68	1,93	1,25	0,83	0,61	0,39	0,22	0,11	0,00	3,47	0
03/03/2020 19:40:00	3,45	3,95	3,80	3,31	2,70	1,94	1,25	0,81	0,59	0,36	0,19	0,08	-0,04	3,45	0
03/03/2020 19:45:00	3,51	3,93	3,81	3,33	2,69	1,96	1,22	0,74	0,50	0,26	0,09	-0,02	-0,13	3,47	0
03/03/2020 19:50:00	3,44	3,98	3,82	3,31	2,68	1,89	1,20	0,76	0,54	0,31	0,14	0,02	-0,09	3,45	0
03/03/2020 19:55:00	3,43	3,86	3,72	3,31	2,66	1,92	1,19	0,72	0,48	0,24	0,06	-0,06	-0,18	3,41	0
03/03/2020 20:00:00	3,37	3,78	3,68	3,30	2,69	1,95	1,22	0,72	0,45	0,18	-0,04	-0,21	-0,37	3,32	0
03/03/2020 20:05:00	3,31	3,83	3,68	3,15	2,54	1,79	1,10	0,69	0,49	0,29	0,14	0,07	-0,01	3,35	0
03/03/2020 20:10:00	3,29	3,76	3,61	3,18	2,58	1,81	1,18	0,76	0,53	0,29	0,11	-0,02	-0,15	3,31	0
03/03/2020 20:15:00	3,36	3,74	3,60	3,10	2,54	1,82	1,13	0,70	0,50	0,29	0,13	0,04	-0,05	3,38	0
03/03/2020 20:20:00	3,35	3,84	3,69	3,25	2,60	1,85	1,17	0,73	0,51	0,28	0,11	0,01	-0,10	3,36	0
03/03/2020 20:25:00	3,46	3,82	3,66	3,20	2,57	1,89	1,26	0,87	0,67	0,46	0,31	0,23	0,14	3,35	0
03/03/2020 20:30:00	3,36	3,85	3,72	3,17	2,55	1,77	1,10	0,69	0,48	0,28	0,14	0,08	0,02	3,43	0
03/03/2020 20:35:00	3,44	3,80	3,65	3,21	2,63	1,86	1,23	0,81	0,58	0,35	0,17	0,06	-0,05	3,38	0
03/03/2020 20:40:00	3,38	3,80	3,64	3,20	2,61	1,87	1,20	0,77	0,55	0,32	0,15	0,03	-0,09	3,39	0
03/03/2020 20:45:00	3,39	3,81	3,66	3,22	2,58	1,85	1,20	0,78	0,58	0,36	0,21	0,12	0,03	3,36	0
03/03/2020 20:50:00	3,35	3,92	3,66	3,08	2,40	1,69	1,09	0,75	0,61	0,44	0,33	0,28	0,22	3,43	0
03/03/2020 20:55:00	3,45	3,90	3,75	3,18	2,57	1,79	1,12	0,71	0,50	0,30	0,16	0,10	0,03	3,38	0
03/03/2020 21:00:00	3,40	3,78	3,63	3,22	2,69	1,95	1,27	0,83	0,60	0,35	0,15	0,00	-0,16	3,38	0
03/03/2020 21:05:00	3,41	3,85	3,60	3,13	2,47	1,84	1,20	0,82	0,66	0,47	0,33	0,23	0,14	3,34	0
03/03/2020 21:10:00	3,40	3,76	3,62	3,18	2,57	1,80	1,17	0,75	0,52	0,29	0,12	0,02	-0,08	3,38	0
03/03/2020 21:15:00	3,32	3,74	3,57	3,04	2,45	1,73	1,09	0,69	0,50	0,29	0,14	0,04	-0,05	3,33	0
03/03/2020 21:20:00	3,37	3,75	3,57	3,12	2,56	1,85	1,19	0,77	0,58	0,37	0,20	0,09	-0,02	3,34	0
03/03/2020 21:25:00	3,27	3,75	3,58	3,08	2,48	1,80	1,07	0,63	0,45	0,26	0,12	0,04	-0,04	3,31	0
03/03/2020 21:30:00	3,34	3,67	3,45	3,01	2,41	1,73	1,19	0,86	0,69	0,49	0,34	0,24	0,15	3,30	0
03/03/2020 21:35:00	3,28	3,67	3,44	2,96	2,35	1,69	1,08	0,73	0,57	0,39	0,26	0,19	0,11	3,28	0
03/03/2020 21:40:00	3,32	3,66	3,47	3,01	2,44	1,72	1,11	0,74	0,55	0,35	0,21	0,12	0,04	3,25	0
03/03/2020 21:45:00	3,26	3,66	3,45	3,00	2,45	1,73	1,11	0,72	0,54	0,34	0,19	0,08	-0,03	3,28	0
03/03/2020 21:50:00	3,20	3,58	3,42	3,02	2,42	1,72	1,11	0,71	0,51	0,29	0,13	0,02	-0,08	3,23	0
03/03/2020 21:55:00	3,27	3,60	3,38	2,95	2,37	1,70	1,09	0,73	0,56	0,38	0,24	0,16	0,08	3,27	0
03/03/2020 22:00:00	3,25	3,64	3,40	2,95	2,31	1,64	1,02	0,66	0,50	0,32	0,19	0,11	0,04	3,27	0
03/03/2020 22:05:00	3,22	3,62	3,43	2,94	2,37	1,69	1,08	0,72	0,55	0,37	0,23	0,16	0,08	3,22	0
03/03/2020 22:10:00	3,22	3,56	3,36	2,95	2,35	1,71	1,11	0,75	0,58	0,39	0,25	0,17	0,08	3,22	0
03/03/2020 22:15:00	3,22	3,59	3,30	2,83	2,23	1,67	1,10	0,80	0,70	0,56	0,46	0,40	0,34	3,21	0
03/03/2020 22:20:00	3,14	3,48	3,28	2,81	2,31	1,65	1,09	0,76	0,61	0,43	0,29	0,20	0,11	3,18	0
03/03/2020 22:25:00	3,19	3,49	3,28	2,86	2,30	1,63	1,01	0,63	0,46	0,26	0,12	0,02	-0,07	3,21	0
03/03/2020 22:30:00	3,15	3,53	3,34	2,84	2,31	1,66	1,06	0,71	0,55	0,36	0,22	0,12	0,02	3,19	0
03/03/2020 22:35:00	3,15	3,45	3,27	2,79	2,29	1,64	1,08	0,74	0,58	0,40	0,27	0,19	0,11	3,20	0
03/03/2020 22:40:00	3,19	3,51	3,32	2,83	2,30	1,64	1,04	0,68	0,52	0,33	0,20	0,11	0,03	3,19	0
03/03/2020 22:45:00	3,17	3,43	3,27	2,95	2,35	1,71	1,12	0,73	0,53	0,32	0,16	0,06	-0,04	3,10	0
03/03/2020 22:50:00	3,11	3,48	3,26	2,81	2,21	1,62	1,00	0,65	0,51	0,34	0,21	0,14	0,07	3,18	0
03/03/2020 22:55:00	3,21	3,47	3,26	2,84	2,26	1,66	1,13	0,82	0,68	0,51	0,40	0,34	0,28	3,15	0
03/03/2020 23:00:00	3,17	3,43	3,21	2,82	2,31	1,74	1,17	0,84	0,70	0,53	0,40	0,31	0,22	3,15	0
03/03/2020 23:05:00	3,15	3,48	3,27	2,86	2,29	1,61	1,09	0,77	0,61	0,42	0,28	0,20	0,11	3,15	0
03/03/2020 23:10:00	3,18	3,36	3,10	2,69	2,20	1,64	1,15	0,88	0,77	0,61	0,50	0,42	0,35	3,14	0
03/03/2020 23:15:00	3,15	3,43	3,23	2,74	2,23	1,61	1,10	0,80	0,68	0,52	0,42	0,37	0,32	3,14	0
03/03/2020 23:20:00	3,11	3,38	3,21	2,77	2,30	1,67	1,12	0,79	0,64	0,47	0,34	0,26	0,19	3,12	0
03/03/2020 23:25:00	3,08	3,35	3,17	2,73	2,27	1,65	1,10	0,78	0,63	0,45	0,32	0,23	0,14	3,10	0
03/03/2020 23:30:00	3,10	3,28	3,03	2,69	2,20	1,65	1,20	0,92	0,79	0,61	0,47	0,35	0,24	3,12	0
03/03/2020 23:35:00	3,14	3,34	3,13	2,71	2,27	1,67	1,21	0,93	0,80	0,63	0,51	0,42	0,34	3,14	0
03/03/2020 23:40:00	3,17	3,34	3,13	2,75	2,29	1,74	1,23	0,92	0,79	0,61	0,47	0,37	0,27	3,11	0
03/03/2020 23:45:00	3,09	3,35	3,07	2,61	2,07	1,55	1,13	0,92	0,85	0,72	0,64	0,61	0,58	3,11	0
03/03/2020 23:50:00	3,11	3,26	3,10	2,79	2,30	1,76	1,29	1,00	0,86	0,68	0,55	0,46	0,38	3,10	0
03/03/2020 23:55:00	3,09	3,34	3,16	2,80	2,32	1,73	1,17	0,83	0,67	0,48	0,33	0,23	0,12	3,15	0
