FileFormat:0002.2 file with temperature of atmosphere
200
local	GMT or Local
0	GMT-Local=[hours]
0	Height[m]
0	0	0	Longitude                [grd]               [min]               [sec]
0	0	0	Latitude                [grd]               [min]               [sec]
N	NS
59,40	Freq[GHz]
0,00	dTemostat[K]
0,150	MessErr[K]
0,248	//[grad/step]
version 14.0.20110218
MTP5H033F5940K-33.00D180214+A1.1
Commentary:
enter comment
End Of Commentary

SYSTEM\summer.dat
data time	0	50	100	150	200	250	300	350	400	450	500	550	600	OutsideTemperature	Quality
14/04/2020 00:00:00	11,11	14,55	15,22	15,39	15,25	14,99	14,59	14,16	13,73	13,32	12,89	12,46	12,04	10,97	0
14/04/2020 00:05:00	11,20	14,48	15,20	15,33	15,23	15,01	14,64	14,25	13,84	13,44	13,04	12,63	12,22	11,01	0
14/04/2020 00:10:00	11,01	14,54	15,30	15,51	15,42	15,20	14,85	14,45	14,04	13,64	13,23	12,81	12,40	11,07	0
14/04/2020 00:15:00	11,58	14,45	15,15	15,32	15,27	15,05	14,70	14,32	13,93	13,54	13,11	12,68	12,24	11,02	0
14/04/2020 00:20:00	11,40	14,49	15,12	15,28	15,23	15,06	14,73	14,36	13,99	13,63	13,26	12,89	12,51	10,93	0
14/04/2020 00:25:00	11,11	14,55	15,27	15,43	15,37	15,19	14,81	14,41	14,01	13,64	13,25	12,86	12,47	11,03	0
14/04/2020 00:30:00	11,15	14,51	15,24	15,39	15,31	15,10	14,68	14,26	13,85	13,45	13,03	12,61	12,18	11,13	0
14/04/2020 00:35:00	11,15	14,44	15,13	15,23	15,16	14,92	14,60	14,22	13,82	13,44	13,05	12,66	12,28	10,75	0
14/04/2020 00:40:00	11,03	14,52	15,28	15,46	15,32	14,99	14,64	14,24	13,80	13,38	12,93	12,48	12,03	10,91	0
14/04/2020 00:45:00	10,98	14,50	15,36	15,55	15,51	15,19	14,84	14,43	13,99	13,57	13,11	12,65	12,18	10,88	0
14/04/2020 00:50:00	11,38	14,42	15,09	15,15	15,04	14,79	14,39	13,98	13,56	13,17	12,75	12,34	11,92	11,03	0
14/04/2020 00:55:00	11,14	14,42	15,15	15,21	15,10	14,90	14,46	14,01	13,59	13,18	12,76	12,33	11,91	10,95	0
14/04/2020 01:00:00	10,81	14,52	15,24	15,40	15,26	14,90	14,53	14,11	13,66	13,24	12,81	12,37	11,94	10,90	0
14/04/2020 01:05:00	10,73	14,56	15,30	15,44	15,32	14,97	14,53	14,07	13,61	13,18	12,73	12,28	11,83	10,93	0
14/04/2020 01:10:00	11,14	14,32	15,02	15,15	15,03	14,78	14,47	14,09	13,68	13,29	12,89	12,48	12,08	10,78	0
14/04/2020 01:15:00	10,77	14,39	15,14	15,28	15,16	14,85	14,43	13,98	13,53	13,10	12,64	12,19	11,74	10,77	0
14/04/2020 01:20:00	10,95	14,34	15,11	15,26	15,08	14,84	14,46	14,05	13,61	13,19	12,76	12,32	11,89	10,70	0
14/04/2020 01:25:00	10,70	14,35	15,12	15,22	15,13	14,92	14,50	14,06	13,63	13,23	12,82	12,41	12,01	10,57	0
14/04/2020 01:30:00	11,05	14,36	15,14	15,27	15,11	14,80	14,41	13,98	13,53	13,09	12,63	12,16	11,69	10,56	0
14/04/2020 01:35:00	10,88	14,44	15,20	15,33	15,22	14,94	14,50	14,05	13,61	13,19	12,74	12,30	11,85	10,82	0
14/04/2020 01:40:00	10,87	14,33	15,14	15,36	15,37	15,20	14,90	14,55	14,16	13,79	13,41	13,02	12,64	10,78	0
14/04/2020 01:45:00	10,94	14,39	15,26	15,35	15,35	15,07	14,72	14,32	13,89	13,48	13,05	12,62	12,19	10,81	0
14/04/2020 01:50:00	11,22	14,50	15,31	15,40	15,27	15,09	14,75	14,36	13,94	13,54	13,13	12,72	12,31	11,05	0
14/04/2020 01:55:00	11,04	14,69	15,68	15,98	15,84	15,48	15,08	14,63	14,15	13,66	13,11	12,56	12,01	10,98	0
14/04/2020 02:00:00	11,02	14,83	15,75	15,96	15,83	15,54	15,02	14,51	14,02	13,54	13,01	12,49	11,96	11,16	0
14/04/2020 02:05:00	11,35	14,67	15,46	15,63	15,57	15,34	14,99	14,59	14,18	13,78	13,35	12,92	12,49	11,40	0
14/04/2020 02:10:00	11,12	14,69	15,58	15,68	15,50	15,13	14,67	14,18	13,68	13,19	12,66	12,14	11,62	10,92	0
14/04/2020 02:15:00	11,63	14,82	15,47	15,48	15,28	14,95	14,50	14,04	13,58	13,14	12,68	12,22	11,76	11,23	0
14/04/2020 02:20:00	11,00	14,41	15,27	15,35	15,09	14,72	14,20	13,67	13,16	12,65	12,09	11,54	10,99	11,26	0
14/04/2020 02:25:00	11,06	14,40	15,20	15,25	15,01	14,65	14,23	13,76	13,28	12,81	12,31	11,81	11,32	10,94	0
14/04/2020 02:30:00	10,93	14,53	15,39	15,46	15,21	14,93	14,49	14,01	13,53	13,07	12,58	12,11	11,63	11,25	0
14/04/2020 02:35:00	10,79	14,66	15,57	15,73	15,49	15,06	14,54	14,01	13,48	12,96	12,39	11,82	11,25	11,10	0
14/04/2020 02:40:00	11,95	14,63	15,17	15,13	15,00	14,68	14,34	13,95	13,54	13,14	12,74	12,33	11,93	11,88	0
14/04/2020 02:45:00	11,72	14,84	15,47	15,40	15,10	14,69	14,25	13,77	13,29	12,83	12,34	11,87	11,40	12,02	0
14/04/2020 02:50:00	11,60	14,74	15,40	15,50	15,33	14,94	14,46	13,97	13,51	13,04	12,53	12,02	11,51	11,78	0
14/04/2020 02:55:00	11,56	14,83	15,41	15,37	14,98	14,58	14,09	13,59	13,09	12,61	12,12	11,64	11,15	11,99	0
14/04/2020 03:00:00	11,64	14,60	15,18	15,12	14,82	14,42	13,96	13,47	12,99	12,52	12,03	11,55	11,07	11,79	0
14/04/2020 03:05:00	11,88	14,61	15,12	15,03	14,71	14,28	13,82	13,35	12,87	12,41	11,92	11,44	10,96	11,77	0
14/04/2020 03:10:00	11,36	14,55	15,18	15,07	14,69	14,22	13,65	13,08	12,55	12,03	11,48	10,94	10,40	11,47	0
14/04/2020 03:15:00	11,20	14,39	15,02	14,96	14,63	14,27	13,75	13,23	12,74	12,27	11,77	11,29	10,81	11,38	0
14/04/2020 03:20:00	11,15	14,38	14,91	14,88	14,66	14,22	13,66	13,13	12,65	12,19	11,70	11,22	10,74	11,26	0
14/04/2020 03:25:00	11,58	14,25	14,75	14,71	14,46	14,13	13,69	13,24	12,80	12,38	11,93	11,49	11,05	11,67	0
14/04/2020 03:30:00	11,35	14,19	14,63	14,59	14,36	14,04	13,58	13,12	12,69	12,27	11,85	11,44	11,02	11,23	0
14/04/2020 03:35:00	11,49	14,10	14,62	14,52	14,29	13,92	13,54	13,12	12,68	12,26	11,82	11,40	10,97	11,28	0
14/04/2020 03:40:00	11,18	14,10	14,60	14,47	14,21	13,88	13,42	12,95	12,50	12,08	11,67	11,26	10,85	10,92	0
14/04/2020 03:45:00	11,37	14,00	14,44	14,37	14,14	13,80	13,43	13,03	12,61	12,21	11,82	11,42	11,03	11,27	0
14/04/2020 03:50:00	11,02	14,05	14,57	14,58	14,33	13,98	13,55	13,11	12,67	12,25	11,82	11,39	10,97	11,03	0
14/04/2020 03:55:00	11,12	14,18	14,69	14,64	14,38	14,06	13,60	13,14	12,69	12,27	11,85	11,43	11,02	10,70	0
14/04/2020 04:00:00	11,35	14,09	14,57	14,54	14,36	14,00	13,58	13,15	12,72	12,30	11,88	11,45	11,03	11,33	0
14/04/2020 04:05:00	11,56	14,08	14,53	14,47	14,27	14,01	13,57	13,14	12,73	12,35	11,95	11,55	11,15	11,41	0
14/04/2020 04:10:00	10,94	14,01	14,55	14,55	14,41	14,08	13,64	13,19	12,76	12,35	11,93	11,51	11,09	10,95	0
14/04/2020 04:15:00	10,96	13,93	14,50	14,44	14,21	13,82	13,29	12,77	12,30	11,84	11,35	10,88	10,40	10,60	0
14/04/2020 04:20:00	11,17	13,84	14,39	14,45	14,19	13,84	13,39	12,93	12,47	12,03	11,55	11,07	10,59	10,80	0
14/04/2020 04:25:00	10,82	13,99	14,57	14,54	14,21	13,77	13,24	12,71	12,21	11,72	11,21	10,70	10,20	10,66	0
14/04/2020 04:30:00	10,81	14,11	14,73	14,67	14,37	13,84	13,30	12,75	12,23	11,72	11,18	10,65	10,13	11,04	0
14/04/2020 04:35:00	11,25	14,00	14,43	14,33	14,09	13,71	13,28	12,84	12,40	11,99	11,57	11,16	10,75	10,82	0
14/04/2020 04:40:00	11,37	13,97	14,46	14,39	14,07	13,72	13,25	12,78	12,32	11,88	11,41	10,96	10,50	11,20	0
14/04/2020 04:45:00	11,49	13,94	14,39	14,33	14,03	13,68	13,21	12,74	12,29	11,86	11,40	10,94	10,48	11,35	0
14/04/2020 04:50:00	11,38	13,93	14,36	14,20	13,86	13,46	13,04	12,60	12,14	11,72	11,29	10,87	10,45	11,03	0
14/04/2020 04:55:00	11,53	13,94	14,26	14,14	13,83	13,36	12,90	12,42	11,97	11,52	11,07	10,61	10,16	11,04	0
14/04/2020 05:00:00	11,63	13,89	14,24	14,19	13,89	13,50	13,05	12,60	12,17	11,74	11,29	10,84	10,40	11,27	0
14/04/2020 05:05:00	11,70	13,74	13,97	13,88	13,64	13,32	12,94	12,55	12,16	11,80	11,43	11,06	10,69	11,08	0
14/04/2020 05:10:00	11,65	13,71	14,00	13,91	13,69	13,33	12,94	12,53	12,13	11,75	11,35	10,95	10,55	11,16	0
14/04/2020 05:15:00	11,34	13,41	13,71	13,62	13,32	12,98	12,58	12,17	11,75	11,36	10,95	10,55	10,15	11,13	0
14/04/2020 05:20:00	11,27	13,53	13,91	13,73	13,46	13,01	12,51	12,02	11,56	11,11	10,64	10,18	9,71	11,12	0
14/04/2020 05:25:00	11,42	13,39	13,69	13,53	13,26	12,95	12,50	12,07	11,66	11,26	10,86	10,46	10,06	11,03	0
14/04/2020 05:30:00	11,14	13,14	13,40	13,22	12,91	12,49	12,00	11,53	11,09	10,67	10,23	9,80	9,36	11,15	0
14/04/2020 05:35:00	11,27	13,11	13,33	13,14	12,82	12,41	11,96	11,52	11,09	10,68	10,26	9,84	9,42	11,17	0
14/04/2020 05:40:00	11,08	13,02	13,24	13,04	12,67	12,19	11,70	11,21	10,75	10,31	9,85	9,39	8,94	11,03	0
14/04/2020 05:45:00	11,12	12,90	13,12	12,97	12,64	12,36	11,97	11,57	11,18	10,81	10,44	10,08	9,71	11,13	0
14/04/2020 05:50:00	10,65	13,06	13,32	13,14	12,74	12,34	11,90	11,44	10,99	10,58	10,17	9,77	9,38	10,93	0
14/04/2020 05:55:00	10,86	12,96	13,20	13,04	12,71	12,34	11,87	11,41	10,99	10,58	10,18	9,78	9,38	10,93	0
14/04/2020 06:00:00	10,98	12,99	13,21	13,00	12,67	12,24	11,78	11,33	10,89	10,48	10,06	9,65	9,24	10,97	0
14/04/2020 06:05:00	11,03	12,91	13,11	12,97	12,74	12,39	12,00	11,60	11,21	10,84	10,47	10,10	9,73	10,79	0
14/04/2020 06:10:00	11,12	12,96	13,11	12,92	12,62	12,23	11,80	11,37	10,96	10,58	10,19	9,81	9,43	10,80	0
14/04/2020 06:15:00	11,32	12,93	13,09	12,87	12,46	12,08	11,59	11,12	10,69	10,27	9,84	9,42	8,99	10,98	0
14/04/2020 06:20:00	10,93	12,69	12,92	12,73	12,42	11,99	11,50	11,03	10,60	10,17	9,74	9,30	8,86	10,88	0
14/04/2020 06:25:00	10,96	12,69	12,82	12,63	12,30	11,83	11,31	10,83	10,39	9,96	9,51	9,07	8,63	10,94	0
14/04/2020 06:30:00	10,92	12,68	12,84	12,67	12,34	11,90	11,48	11,05	10,63	10,23	9,83	9,42	9,02	10,92	0
14/04/2020 06:35:00	10,87	12,70	12,83	12,63	12,27	11,80	11,33	10,87	10,43	10,01	9,59	9,18	8,76	10,89	0
14/04/2020 06:40:00	10,89	12,81	12,93	12,66	12,28	11,87	11,35	10,86	10,42	10,01	9,61	9,21	8,81	10,89	0
14/04/2020 06:45:00	10,80	12,55	12,70	12,49	12,09	11,66	11,11	10,61	10,16	9,72	9,27	8,83	8,39	10,96	0
14/04/2020 06:50:00	10,92	12,54	12,69	12,54	12,15	11,78	11,30	10,84	10,41	10,00	9,57	9,15	8,72	10,92	0
14/04/2020 06:55:00	10,78	12,64	12,74	12,45	12,13	11,63	11,08	10,57	10,12	9,69	9,25	8,82	8,40	10,87	0
14/04/2020 07:00:00	10,90	12,53	12,57	12,28	11,90	11,45	10,93	10,45	10,02	9,61	9,20	8,80	8,40	10,85	0
14/04/2020 07:05:00	10,80	12,55	12,70	12,48	12,10	11,60	11,01	10,48	10,02	9,56	9,08	8,60	8,13	10,90	0
14/04/2020 07:10:00	10,99	12,49	12,52	12,23	11,83	11,40	10,89	10,42	9,99	9,59	9,18	8,78	8,38	10,97	0
14/04/2020 07:15:00	11,01	12,56	12,51	12,23	11,76	11,23	10,74	10,27	9,82	9,39	8,97	8,55	8,14	10,98	0
14/04/2020 07:20:00	11,08	12,43	12,37	12,08	11,64	11,11	10,61	10,13	9,69	9,27	8,84	8,42	8,00	11,07	0
14/04/2020 07:25:00	11,01	12,37	12,30	11,98	11,53	11,01	10,47	9,97	9,52	9,09	8,67	8,24	7,82	11,07	0
14/04/2020 07:30:00	11,07	12,25	12,12	11,77	11,35	10,87	10,32	9,82	9,40	8,99	8,58	8,18	7,77	11,00	0
14/04/2020 07:35:00	11,01	12,24	12,13	11,77	11,29	10,79	10,26	9,76	9,32	8,90	8,49	8,07	7,66	11,04	0
14/04/2020 07:40:00	11,02	12,15	12,00	11,62	11,12	10,59	10,02	9,50	9,06	8,63	8,20	7,78	7,36	10,96	0
14/04/2020 07:45:00	10,87	12,13	12,05	11,66	11,16	10,63	10,06	9,54	9,08	8,65	8,21	7,78	7,35	10,92	0
14/04/2020 07:50:00	11,00	12,16	12,03	11,61	11,12	10,61	10,04	9,53	9,08	8,66	8,24	7,83	7,42	10,96	0
14/04/2020 07:55:00	11,02	12,16	11,96	11,57	11,03	10,47	9,93	9,43	8,97	8,55	8,12	7,71	7,29	11,00	0
14/04/2020 08:00:00	10,90	12,06	11,89	11,45	10,94	10,34	9,76	9,24	8,77	8,33	7,89	7,46	7,03	10,90	0
14/04/2020 08:05:00	10,80	12,02	11,90	11,48	10,91	10,24	9,60	9,02	8,52	8,03	7,53	7,04	6,56	10,83	0
14/04/2020 08:10:00	10,71	11,97	11,78	11,35	10,79	10,11	9,50	8,94	8,45	7,98	7,51	7,05	6,60	10,73	0
14/04/2020 08:15:00	10,64	11,89	11,73	11,30	10,73	10,09	9,47	8,91	8,42	7,95	7,48	7,02	6,57	10,60	0
14/04/2020 08:20:00	10,66	11,79	11,55	11,05	10,50	9,89	9,24	8,67	8,19	7,74	7,29	6,85	6,41	10,50	0
14/04/2020 08:25:00	10,35	11,44	11,22	10,81	10,27	9,65	9,10	8,59	8,13	7,70	7,28	6,86	6,45	10,21	0
14/04/2020 08:30:00	10,26	11,09	10,79	10,33	9,76	9,10	8,48	7,93	7,46	7,01	6,56	6,12	5,68	10,12	0
14/04/2020 08:35:00	10,20	10,65	10,26	9,75	9,08	8,50	7,91	7,39	6,94	6,51	6,10	5,70	5,30	10,15	0
14/04/2020 08:40:00	10,04	10,25	9,73	9,18	8,59	7,97	7,39	6,88	6,45	6,05	5,67	5,30	4,92	9,45	0
14/04/2020 08:45:00	9,83	9,82	9,18	8,63	8,08	7,51	7,04	6,61	6,24	5,90	5,60	5,31	5,01	9,40	0
14/04/2020 08:50:00	9,15	9,36	8,78	8,31	7,74	7,17	6,64	6,17	5,78	5,42	5,10	4,78	4,46	8,47	0
14/04/2020 08:55:00	8,92	9,10	8,53	7,98	7,44	6,83	6,34	5,90	5,50	5,15	4,83	4,53	4,22	8,17	0
14/04/2020 09:00:00	8,62	8,78	8,16	7,69	7,18	6,63	6,13	5,69	5,32	4,99	4,70	4,41	4,13	7,75	0
14/04/2020 09:05:00	8,41	8,53	8,03	7,49	6,94	6,38	5,91	5,48	5,10	4,75	4,45	4,16	3,86	7,42	0
14/04/2020 09:10:00	8,30	8,20	7,61	7,10	6,57	6,14	5,63	5,19	4,84	4,53	4,26	4,00	3,74	7,16	0
14/04/2020 09:15:00	8,06	7,86	7,24	6,72	6,27	5,83	5,39	5,00	4,67	4,39	4,17	3,95	3,72	6,76	0
14/04/2020 09:20:00	7,52	7,40	6,86	6,46	6,17	5,86	5,57	5,29	5,02	4,82	4,67	4,53	4,38	6,61	0
14/04/2020 09:25:00	7,08	7,02	6,65	6,43	6,13	5,80	5,50	5,20	4,92	4,67	4,45	4,23	4,01	6,54	0
14/04/2020 09:30:00	7,05	7,00	6,66	6,32	6,01	5,79	5,51	5,24	4,96	4,74	4,57	4,40	4,23	6,45	0
14/04/2020 09:35:00	6,71	6,60	6,25	5,89	5,63	5,27	4,96	4,66	4,37	4,11	3,91	3,70	3,49	6,44	0
14/04/2020 09:40:00	6,59	6,53	6,18	5,81	5,47	5,14	4,85	4,55	4,25	3,99	3,79	3,59	3,40	6,25	0
14/04/2020 09:45:00	6,35	6,48	6,21	5,88	5,46	5,17	4,87	4,56	4,24	3,97	3,76	3,54	3,33	6,11	0
14/04/2020 09:50:00	6,41	6,47	6,22	5,95	5,56	5,27	4,98	4,68	4,37	4,10	3,88	3,66	3,44	6,16	0
14/04/2020 09:55:00	6,17	6,22	5,90	5,64	5,23	4,96	4,72	4,45	4,15	3,91	3,71	3,53	3,34	6,20	0
14/04/2020 10:00:00	6,13	6,14	5,90	5,58	5,28	4,97	4,70	4,41	4,11	3,85	3,64	3,44	3,23	6,02	0
14/04/2020 10:05:00	5,97	5,91	5,67	5,43	5,11	4,93	4,72	4,49	4,22	4,00	3,83	3,66	3,49	5,99	0
14/04/2020 10:10:00	6,03	5,75	5,53	5,27	4,96	4,71	4,48	4,22	3,94	3,69	3,49	3,29	3,09	5,76	0
14/04/2020 10:15:00	5,92	5,63	5,30	5,00	4,71	4,46	4,19	3,92	3,65	3,43	3,26	3,08	2,90	5,56	0
14/04/2020 10:20:00	6,01	5,59	5,25	4,96	4,69	4,41	4,14	3,86	3,59	3,36	3,18	2,99	2,80	5,74	0
14/04/2020 10:25:00	6,07	5,36	4,93	4,60	4,45	4,16	3,95	3,73	3,50	3,32	3,18	3,04	2,89	5,45	0
14/04/2020 10:30:00	6,13	5,15	4,61	4,20	3,93	3,72	3,55	3,36	3,15	2,99	2,89	2,80	2,70	5,13	0
14/04/2020 10:35:00	5,91	5,08	4,63	4,38	4,08	3,83	3,64	3,43	3,19	2,99	2,84	2,68	2,52	5,17	0
14/04/2020 10:40:00	5,86	5,09	4,63	4,20	3,89	3,61	3,37	3,13	2,87	2,66	2,51	2,36	2,21	5,14	0
14/04/2020 10:45:00	5,74	5,02	4,54	4,15	3,80	3,41	3,16	2,90	2,61	2,37	2,18	1,99	1,81	5,32	0
14/04/2020 10:50:00	5,58	4,99	4,54	4,12	3,70	3,28	2,97	2,66	2,35	2,08	1,85	1,64	1,42	5,00	0
14/04/2020 10:55:00	5,51	4,94	4,46	3,98	3,57	3,16	2,77	2,42	2,11	1,84	1,62	1,41	1,20	5,05	0
14/04/2020 11:00:00	5,47	4,85	4,34	3,94	3,50	3,07	2,68	2,33	2,01	1,73	1,50	1,28	1,05	4,95	0
14/04/2020 11:05:00	5,35	4,81	4,32	3,88	3,53	3,18	2,79	2,45	2,15	1,90	1,71	1,51	1,32	4,88	0
14/04/2020 11:10:00	5,34	4,81	4,33	3,95	3,61	3,18	2,78	2,43	2,13	1,86	1,64	1,42	1,20	4,81	0
14/04/2020 11:15:00	5,03	4,55	4,01	3,53	3,14	2,74	2,36	2,02	1,71	1,46	1,28	1,11	0,93	4,85	0
14/04/2020 11:20:00	4,89	4,26	3,76	3,29	2,92	2,54	2,17	1,84	1,54	1,29	1,10	0,92	0,74	4,83	0
14/04/2020 11:25:00	4,90	4,35	3,85	3,44	3,09	2,67	2,36	2,05	1,76	1,51	1,32	1,14	0,96	4,75	0
14/04/2020 11:30:00	4,96	4,29	3,85	3,53	3,21	2,94	2,67	2,41	2,15	1,93	1,77	1,61	1,45	4,69	0
14/04/2020 11:35:00	5,01	4,36	3,92	3,57	3,31	2,95	2,66	2,38	2,10	1,87	1,69	1,51	1,33	4,93	0
14/04/2020 11:40:00	4,94	4,33	3,89	3,52	3,23	2,91	2,64	2,38	2,11	1,89	1,73	1,57	1,41	4,92	0
14/04/2020 11:45:00	5,07	4,35	3,86	3,49	3,16	2,95	2,67	2,42	2,17	1,98	1,85	1,73	1,60	4,95	0
14/04/2020 11:50:00	5,28	4,41	3,88	3,52	3,24	2,96	2,67	2,41	2,17	1,97	1,83	1,68	1,54	4,93	0
14/04/2020 11:55:00	5,82	4,48	3,78	3,37	3,09	2,77	2,45	2,18	1,95	1,76	1,62	1,48	1,34	5,05	0
14/04/2020 12:00:00	6,00	4,53	3,81	3,43	3,02	2,73	2,42	2,16	1,92	1,72	1,58	1,42	1,27	4,90	0
14/04/2020 12:05:00	6,13	4,53	3,69	3,25	2,92	2,59	2,29	2,04	1,82	1,64	1,53	1,40	1,27	5,06	0
14/04/2020 12:10:00	5,82	4,73	3,98	3,42	3,02	2,67	2,28	1,96	1,70	1,49	1,35	1,22	1,08	5,07	0
14/04/2020 12:15:00	6,26	4,73	3,87	3,36	2,96	2,56	2,20	1,91	1,66	1,45	1,31	1,15	1,00	5,25	0
14/04/2020 12:20:00	6,13	4,84	3,99	3,38	2,86	2,50	2,14	1,83	1,56	1,34	1,21	1,08	0,95	5,44	0
14/04/2020 12:25:00	5,93	4,85	4,08	3,59	3,20	2,79	2,37	2,04	1,76	1,53	1,37	1,20	1,03	5,52	0
14/04/2020 12:30:00	6,19	4,82	4,01	3,51	3,07	2,61	2,25	1,93	1,65	1,41	1,23	1,04	0,85	5,46	0
14/04/2020 12:35:00	6,35	4,95	4,07	3,52	3,01	2,59	2,10	1,71	1,43	1,18	0,99	0,79	0,60	5,35	0
14/04/2020 12:40:00	6,84	5,02	3,99	3,38	2,85	2,42	2,03	1,72	1,47	1,26	1,11	0,97	0,82	5,41	0
14/04/2020 12:45:00	6,38	5,12	4,27	3,70	3,23	2,73	2,27	1,90	1,60	1,34	1,14	0,93	0,73	5,46	0
14/04/2020 12:50:00	6,50	5,06	4,27	3,74	3,22	2,85	2,39	2,03	1,75	1,50	1,30	1,10	0,90	5,42	0
14/04/2020 12:55:00	6,45	5,13	4,34	3,85	3,42	2,97	2,51	2,15	1,86	1,61	1,41	1,20	0,99	5,40	0
14/04/2020 13:00:00	6,18	5,19	4,42	3,87	3,42	2,92	2,50	2,14	1,83	1,57	1,37	1,17	0,97	5,56	0
14/04/2020 13:05:00	6,44	5,34	4,56	4,06	3,53	2,93	2,45	2,04	1,71	1,40	1,13	0,87	0,61	5,66	0
14/04/2020 13:10:00	6,25	5,35	4,59	4,02	3,60	3,05	2,61	2,23	1,92	1,65	1,43	1,22	1,01	5,65	0
14/04/2020 13:15:00	6,39	5,27	4,55	4,05	3,60	3,14	2,82	2,51	2,22	1,97	1,78	1,59	1,40	5,85	0
14/04/2020 13:20:00	6,15	5,42	4,76	4,25	3,74	3,29	2,83	2,43	2,11	1,82	1,59	1,37	1,14	5,66	0
14/04/2020 13:25:00	6,49	5,25	4,56	4,09	3,65	3,21	2,83	2,50	2,21	1,95	1,74	1,52	1,30	5,79	0
14/04/2020 13:30:00	6,77	5,61	4,83	4,20	3,75	3,25	2,73	2,31	1,99	1,72	1,49	1,26	1,03	5,93	0
14/04/2020 13:35:00	6,51	5,46	4,79	4,26	3,91	3,44	2,98	2,61	2,31	2,04	1,82	1,60	1,37	6,27	0
14/04/2020 13:40:00	6,66	5,53	4,81	4,30	3,78	3,41	3,02	2,68	2,39	2,14	1,95	1,76	1,57	5,90	0
14/04/2020 13:45:00	6,85	5,52	4,68	4,20	3,68	3,27	2,85	2,51	2,22	1,98	1,78	1,58	1,39	5,96	0
14/04/2020 13:50:00	6,91	5,67	4,86	4,31	3,84	3,37	2,86	2,46	2,16	1,89	1,66	1,44	1,21	6,08	0
14/04/2020 13:55:00	7,14	5,64	4,78	4,22	3,72	3,27	2,87	2,53	2,24	2,00	1,80	1,60	1,40	6,16	0
14/04/2020 14:00:00	6,81	5,81	5,01	4,43	3,89	3,37	2,94	2,56	2,23	1,95	1,72	1,50	1,28	6,23	0
14/04/2020 14:05:00	6,88	5,90	5,14	4,62	4,11	3,60	3,07	2,64	2,31	2,02	1,76	1,51	1,26	6,21	0
14/04/2020 14:10:00	6,97	5,97	5,21	4,67	4,08	3,55	3,03	2,61	2,26	1,94	1,67	1,40	1,13	6,55	0
14/04/2020 14:15:00	6,71	5,88	5,20	4,71	4,20	3,61	3,14	2,73	2,39	2,07	1,79	1,51	1,23	6,16	0
14/04/2020 14:20:00	6,83	5,87	5,19	4,64	4,21	3,70	3,20	2,79	2,46	2,17	1,92	1,67	1,41	6,36	0
14/04/2020 14:25:00	6,66	5,88	5,25	4,76	4,28	3,69	3,18	2,75	2,39	2,06	1,76	1,46	1,16	6,30	0
14/04/2020 14:30:00	6,30	5,95	5,35	4,75	4,21	3,76	3,19	2,72	2,36	2,05	1,79	1,54	1,30	6,30	0
14/04/2020 14:35:00	6,41	5,80	5,18	4,67	4,18	3,69	3,22	2,81	2,47	2,17	1,92	1,68	1,43	6,16	0
14/04/2020 14:40:00	6,68	5,83	5,13	4,59	4,11	3,64	3,16	2,77	2,45	2,17	1,94	1,71	1,48	6,23	0
14/04/2020 14:45:00	6,18	5,66	5,01	4,47	3,96	3,59	3,17	2,80	2,48	2,23	2,04	1,86	1,68	6,21	0
14/04/2020 14:50:00	5,41	5,07	4,62	4,27	3,84	3,56	3,24	2,94	2,65	2,42	2,25	2,08	1,91	5,31	0
14/04/2020 14:55:00	5,16	4,87	4,52	4,11	3,68	3,30	2,96	2,62	2,29	2,01	1,78	1,55	1,33	5,00	0
14/04/2020 15:00:00	5,15	4,78	4,44	4,11	3,77	3,47	3,19	2,91	2,62	2,38	2,19	2,01	1,83	4,93	0
14/04/2020 15:05:00	4,84	4,72	4,45	4,10	3,75	3,38	3,06	2,74	2,42	2,14	1,92	1,70	1,48	4,80	0
14/04/2020 15:10:00	4,88	4,65	4,34	4,02	3,63	3,26	2,89	2,54	2,22	1,93	1,70	1,47	1,23	4,75	0
14/04/2020 15:15:00	5,01	4,57	4,22	3,89	3,52	3,21	2,89	2,58	2,29	2,04	1,84	1,64	1,44	4,73	0
14/04/2020 15:20:00	4,95	4,67	4,37	3,95	3,68	3,26	2,86	2,50	2,18	1,90	1,67	1,44	1,21	4,79	0
14/04/2020 15:25:00	5,12	4,66	4,27	3,91	3,55	3,22	2,90	2,59	2,29	2,04	1,85	1,66	1,46	5,05	0
14/04/2020 15:30:00	4,99	4,60	4,30	3,99	3,69	3,31	3,00	2,70	2,39	2,12	1,90	1,67	1,45	4,85	0
14/04/2020 15:35:00	4,88	4,58	4,27	3,93	3,64	3,26	2,98	2,69	2,38	2,13	1,92	1,71	1,51	4,92	0
14/04/2020 15:40:00	4,86	4,47	4,20	3,91	3,58	3,34	3,05	2,77	2,49	2,25	2,06	1,87	1,68	4,90	0
14/04/2020 15:45:00	4,90	4,50	4,24	3,89	3,59	3,26	2,93	2,62	2,32	2,06	1,84	1,62	1,41	4,82	0
14/04/2020 15:50:00	5,11	4,49	4,12	3,76	3,43	3,12	2,88	2,63	2,35	2,11	1,93	1,75	1,57	5,06	0
14/04/2020 15:55:00	5,12	4,57	4,20	3,83	3,46	3,12	2,74	2,40	2,10	1,83	1,61	1,39	1,16	5,11	0
14/04/2020 16:00:00	5,09	4,44	4,11	3,70	3,42	3,04	2,62	2,25	1,94	1,66	1,42	1,18	0,94	4,73	0
14/04/2020 16:05:00	5,21	4,48	4,07	3,63	3,25	2,77	2,37	2,01	1,68	1,38	1,12	0,86	0,60	4,83	0
14/04/2020 16:10:00	5,02	4,51	4,12	3,72	3,35	2,90	2,48	2,10	1,77	1,47	1,22	0,97	0,72	4,82	0
14/04/2020 16:15:00	4,93	4,52	4,16	3,83	3,40	3,07	2,71	2,37	2,06	1,78	1,56	1,35	1,14	4,96	0
14/04/2020 16:20:00	4,82	4,48	4,23	3,87	3,44	3,07	2,66	2,28	1,94	1,63	1,36	1,10	0,83	4,88	0
14/04/2020 16:25:00	4,54	4,46	4,29	3,96	3,52	3,03	2,63	2,24	1,86	1,51	1,20	0,89	0,58	4,68	0
14/04/2020 16:30:00	4,53	4,38	4,14	3,84	3,51	3,08	2,65	2,27	1,93	1,63	1,36	1,09	0,83	4,81	0
14/04/2020 16:35:00	4,59	4,40	4,21	3,90	3,56	3,14	2,68	2,28	1,93	1,61	1,31	1,03	0,74	4,81	0
14/04/2020 16:40:00	4,69	4,51	4,25	3,84	3,42	2,95	2,49	2,08	1,71	1,38	1,08	0,80	0,52	4,81	0
14/04/2020 16:45:00	5,02	4,52	4,19	3,78	3,35	2,84	2,36	1,93	1,57	1,23	0,92	0,62	0,31	4,71	0
14/04/2020 16:50:00	4,81	4,61	4,33	3,92	3,45	2,97	2,47	2,03	1,65	1,31	1,00	0,70	0,40	4,87	0
14/04/2020 16:55:00	4,83	4,68	4,43	4,08	3,66	3,19	2,70	2,27	1,90	1,56	1,25	0,94	0,64	4,88	0
14/04/2020 17:00:00	4,99	4,81	4,52	4,18	3,73	3,21	2,66	2,19	1,81	1,46	1,12	0,80	0,47	5,03	0
14/04/2020 17:05:00	5,10	4,90	4,57	4,18	3,66	3,10	2,58	2,12	1,72	1,35	1,01	0,68	0,35	5,21	0
14/04/2020 17:10:00	4,97	5,00	4,75	4,36	3,86	3,27	2,70	2,20	1,78	1,39	1,02	0,66	0,30	5,17	0
14/04/2020 17:15:00	4,87	5,08	4,88	4,47	3,96	3,34	2,77	2,26	1,83	1,42	1,03	0,67	0,30	5,19	0
14/04/2020 17:20:00	4,72	5,01	4,81	4,44	3,93	3,39	2,96	2,53	2,12	1,75	1,42	1,10	0,79	5,21	0
14/04/2020 17:25:00	4,45	4,68	4,48	4,08	3,68	3,25	2,95	2,61	2,25	1,94	1,69	1,46	1,22	4,93	0
14/04/2020 17:30:00	4,17	4,50	4,42	4,10	3,70	3,26	2,88	2,49	2,11	1,77	1,47	1,18	0,89	4,61	0
14/04/2020 17:35:00	4,30	4,63	4,63	4,29	3,90	3,35	2,80	2,32	1,89	1,48	1,10	0,72	0,35	4,74	0
14/04/2020 17:40:00	4,34	4,64	4,51	4,19	3,77	3,27	2,74	2,27	1,86	1,49	1,14	0,81	0,47	4,85	0
14/04/2020 17:45:00	4,29	4,68	4,59	4,31	3,81	3,24	2,69	2,19	1,76	1,35	0,96	0,58	0,20	4,61	0
14/04/2020 17:50:00	4,63	4,98	4,92	4,61	4,18	3,61	3,04	2,53	2,11	1,70	1,31	0,92	0,54	4,76	0
14/04/2020 17:55:00	4,75	5,11	5,01	4,61	4,17	3,58	3,02	2,51	2,08	1,67	1,29	0,93	0,56	4,71	0
14/04/2020 18:00:00	4,74	5,22	5,09	4,73	4,20	3,65	3,04	2,51	2,07	1,66	1,27	0,90	0,53	4,78	0
14/04/2020 18:05:00	4,82	5,17	5,02	4,66	4,19	3,60	3,06	2,57	2,14	1,73	1,36	0,99	0,63	4,86	0
14/04/2020 18:10:00	4,77	5,19	5,07	4,70	4,26	3,70	3,13	2,63	2,20	1,80	1,43	1,06	0,70	4,90	0
14/04/2020 18:15:00	4,83	5,25	5,14	4,85	4,37	3,86	3,36	2,90	2,49	2,10	1,75	1,41	1,06	4,84	0
14/04/2020 18:20:00	4,86	5,28	5,22	4,84	4,44	3,92	3,35	2,85	2,43	2,03	1,66	1,31	0,95	4,98	0
14/04/2020 18:25:00	4,95	5,51	5,41	4,98	4,49	3,88	3,29	2,77	2,31	1,89	1,49	1,11	0,73	4,96	0
14/04/2020 18:30:00	4,94	5,38	5,29	4,96	4,43	3,87	3,28	2,76	2,32	1,89	1,49	1,10	0,71	4,85	0
14/04/2020 18:35:00	4,94	5,61	5,52	5,15	4,58	3,98	3,38	2,84	2,37	1,93	1,51	1,11	0,71	5,03	0
14/04/2020 18:40:00	5,01	5,69	5,62	5,26	4,72	4,09	3,47	2,92	2,45	2,00	1,56	1,15	0,73	5,02	0
14/04/2020 18:45:00	5,06	5,73	5,65	5,29	4,71	4,10	3,46	2,90	2,42	1,97	1,53	1,12	0,70	4,97	0
14/04/2020 18:50:00	5,04	5,84	5,76	5,37	4,78	4,09	3,44	2,86	2,36	1,88	1,42	0,98	0,54	5,03	0
14/04/2020 18:55:00	5,08	5,80	5,66	5,33	4,77	4,10	3,44	2,87	2,40	1,94	1,50	1,07	0,65	5,07	0
14/04/2020 19:00:00	4,99	5,80	5,70	5,32	4,78	4,11	3,45	2,87	2,39	1,93	1,49	1,07	0,65	5,15	0
14/04/2020 19:05:00	5,20	6,05	5,95	5,54	4,95	4,26	3,63	3,06	2,56	2,09	1,65	1,23	0,80	5,16	0
14/04/2020 19:10:00	5,15	6,08	5,96	5,58	5,01	4,29	3,62	3,03	2,53	2,05	1,60	1,16	0,73	5,20	0
14/04/2020 19:15:00	5,20	6,21	6,10	5,69	5,17	4,44	3,74	3,13	2,63	2,15	1,69	1,26	0,82	5,21	0
14/04/2020 19:20:00	5,16	6,14	6,04	5,61	5,02	4,34	3,68	3,10	2,60	2,13	1,69	1,28	0,86	5,16	0
14/04/2020 19:25:00	5,19	6,18	6,11	5,67	5,10	4,41	3,66	3,02	2,51	2,02	1,55	1,10	0,65	5,16	0
14/04/2020 19:30:00	5,14	6,26	6,22	5,83	5,28	4,56	3,84	3,22	2,70	2,21	1,74	1,28	0,83	5,11	0
14/04/2020 19:35:00	5,24	6,32	6,21	5,74	5,21	4,49	3,81	3,21	2,71	2,24	1,80	1,38	0,96	5,18	0
14/04/2020 19:40:00	5,12	6,29	6,21	5,79	5,22	4,48	3,80	3,19	2,68	2,19	1,73	1,29	0,86	5,15	0
14/04/2020 19:45:00	5,18	6,38	6,28	5,90	5,33	4,60	3,90	3,29	2,79	2,30	1,85	1,41	0,97	5,13	0
14/04/2020 19:50:00	5,25	6,31	6,27	5,91	5,33	4,61	3,94	3,34	2,83	2,33	1,85	1,39	0,93	5,13	0
14/04/2020 19:55:00	5,02	6,47	6,48	6,04	5,43	4,67	4,00	3,39	2,85	2,35	1,86	1,41	0,96	5,10	0
14/04/2020 20:00:00	5,08	6,47	6,44	6,04	5,50	4,77	4,06	3,43	2,91	2,42	1,96	1,51	1,07	5,15	0
14/04/2020 20:05:00	4,98	6,42	6,39	6,08	5,44	4,74	4,01	3,37	2,84	2,35	1,86	1,41	0,95	5,11	0
14/04/2020 20:10:00	5,01	6,47	6,43	6,04	5,36	4,64	3,93	3,29	2,76	2,25	1,77	1,31	0,86	5,00	0
14/04/2020 20:15:00	5,05	6,41	6,38	6,02	5,38	4,68	3,97	3,34	2,81	2,32	1,84	1,38	0,93	4,96	0
14/04/2020 20:20:00	5,00	6,38	6,32	5,90	5,30	4,57	3,82	3,18	2,65	2,15	1,67	1,22	0,77	5,01	0
14/04/2020 20:25:00	5,04	6,52	6,44	6,06	5,45	4,74	3,96	3,30	2,77	2,28	1,81	1,36	0,91	5,00	0
14/04/2020 20:30:00	5,12	6,43	6,36	5,92	5,32	4,65	3,89	3,24	2,72	2,24	1,78	1,35	0,92	4,97	0
14/04/2020 20:35:00	5,18	6,36	6,28	5,87	5,30	4,55	3,88	3,28	2,77	2,28	1,81	1,37	0,93	4,88	0
14/04/2020 20:40:00	5,10	6,43	6,34	5,92	5,25	4,55	3,78	3,12	2,59	2,09	1,62	1,17	0,72	4,94	0
14/04/2020 20:45:00	4,92	6,31	6,25	5,85	5,23	4,44	3,73	3,09	2,55	2,04	1,55	1,09	0,62	4,96	0
14/04/2020 20:50:00	4,88	6,19	6,17	5,77	5,17	4,42	3,72	3,09	2,56	2,05	1,57	1,11	0,64	4,88	0
14/04/2020 20:55:00	4,78	6,31	6,28	5,86	5,27	4,50	3,77	3,13	2,59	2,08	1,60	1,14	0,69	4,91	0
14/04/2020 21:00:00	4,76	6,30	6,23	5,86	5,22	4,47	3,75	3,11	2,58	2,07	1,60	1,15	0,70	4,86	0
14/04/2020 21:05:00	4,93	6,28	6,20	5,81	5,23	4,50	3,82	3,21	2,70	2,22	1,77	1,34	0,91	4,83	0
14/04/2020 21:10:00	4,68	6,33	6,35	5,98	5,37	4,60	3,87	3,22	2,68	2,16	1,66	1,19	0,72	4,75	0
14/04/2020 21:15:00	4,71	6,31	6,30	5,93	5,33	4,60	3,85	3,19	2,65	2,15	1,67	1,22	0,76	4,63	0
14/04/2020 21:20:00	4,66	6,24	6,24	5,85	5,28	4,48	3,79	3,16	2,62	2,11	1,63	1,16	0,70	4,73	0
14/04/2020 21:25:00	4,59	6,16	6,13	5,70	5,12	4,32	3,60	2,96	2,41	1,90	1,42	0,96	0,50	4,63	0
14/04/2020 21:30:00	4,51	6,17	6,15	5,73	5,08	4,36	3,63	2,98	2,43	1,93	1,46	1,01	0,57	4,68	0
14/04/2020 21:35:00	4,59	6,12	6,07	5,69	5,06	4,32	3,59	2,95	2,41	1,92	1,45	1,00	0,56	4,65	0
14/04/2020 21:40:00	4,67	6,29	6,29	5,90	5,30	4,49	3,76	3,10	2,55	2,02	1,52	1,04	0,56	4,63	0
14/04/2020 21:45:00	4,54	6,20	6,19	5,76	5,20	4,47	3,71	3,05	2,51	2,02	1,55	1,11	0,67	4,56	0
14/04/2020 21:50:00	4,58	6,17	6,17	5,75	5,18	4,40	3,66	3,01	2,46	1,95	1,47	1,01	0,55	4,56	0
14/04/2020 21:55:00	4,66	6,22	6,18	5,70	5,17	4,38	3,70	3,08	2,55	2,06	1,60	1,17	0,75	4,51	0
14/04/2020 22:00:00	4,48	6,05	6,00	5,59	4,94	4,18	3,47	2,83	2,29	1,79	1,31	0,87	0,42	4,63	0
14/04/2020 22:05:00	4,56	5,91	5,86	5,45	4,89	4,17	3,47	2,84	2,33	1,85	1,39	0,96	0,53	4,51	0
14/04/2020 22:10:00	4,49	5,97	5,86	5,47	4,83	4,08	3,37	2,73	2,20	1,71	1,25	0,82	0,39	4,43	0
14/04/2020 22:15:00	4,49	5,84	5,77	5,31	4,70	4,03	3,27	2,62	2,10	1,63	1,18	0,76	0,34	4,47	0
14/04/2020 22:20:00	4,40	5,80	5,73	5,36	4,77	4,02	3,31	2,68	2,15	1,66	1,19	0,75	0,31	4,40	0
14/04/2020 22:25:00	4,32	5,89	5,91	5,49	4,98	4,20	3,41	2,73	2,19	1,69	1,20	0,74	0,29	4,31	0
14/04/2020 22:30:00	4,40	5,81	5,80	5,42	4,85	4,07	3,31	2,65	2,11	1,60	1,10	0,63	0,15	4,27	0
14/04/2020 22:35:00	4,32	5,87	5,84	5,35	4,75	4,04	3,29	2,64	2,10	1,61	1,15	0,73	0,31	4,29	0
14/04/2020 22:40:00	4,33	5,88	5,81	5,42	4,80	4,07	3,29	2,63	2,09	1,60	1,14	0,70	0,26	4,35	0
14/04/2020 22:45:00	4,13	5,98	6,02	5,59	5,01	4,23	3,51	2,86	2,30	1,79	1,31	0,86	0,41	4,35	0
14/04/2020 22:50:00	4,51	6,25	6,23	5,80	5,26	4,44	3,74	3,11	2,56	2,06	1,58	1,14	0,69	4,38	0
14/04/2020 22:55:00	4,37	6,25	6,25	5,84	5,17	4,37	3,64	2,97	2,40	1,87	1,38	0,91	0,45	4,33	0
14/04/2020 23:00:00	4,36	5,90	5,88	5,46	4,83	4,10	3,36	2,71	2,17	1,66	1,19	0,74	0,29	4,24	0
14/04/2020 23:05:00	4,27	6,06	6,04	5,66	5,05	4,29	3,52	2,85	2,31	1,80	1,32	0,87	0,41	4,23	0
14/04/2020 23:10:00	4,28	5,76	5,70	5,30	4,70	3,97	3,22	2,57	2,05	1,55	1,09	0,65	0,22	4,21	0
14/04/2020 23:15:00	4,01	5,88	5,91	5,58	4,92	4,15	3,40	2,73	2,17	1,64	1,14	0,67	0,20	4,19	0
14/04/2020 23:20:00	4,29	5,82	5,78	5,38	4,76	4,06	3,33	2,68	2,15	1,66	1,19	0,76	0,33	4,03	0
14/04/2020 23:25:00	4,14	5,56	5,44	5,04	4,43	3,71	2,95	2,30	1,78	1,30	0,86	0,44	0,02	4,05	0
14/04/2020 23:30:00	4,08	5,46	5,42	5,07	4,46	3,79	3,06	2,42	1,91	1,43	0,99	0,56	0,14	4,11	0
14/04/2020 23:35:00	4,21	5,70	5,63	5,27	4,67	3,95	3,20	2,56	2,04	1,55	1,10	0,67	0,24	4,11	0
14/04/2020 23:40:00	4,11	5,66	5,62	5,23	4,57	3,85	3,16	2,54	2,00	1,51	1,05	0,62	0,19	4,08	0
14/04/2020 23:45:00	4,01	5,64	5,60	5,19	4,63	3,91	3,13	2,46	1,94	1,45	1,00	0,58	0,15	4,02	0
14/04/2020 23:50:00	4,19	5,51	5,44	5,02	4,45	3,72	3,02	2,40	1,88	1,40	0,96	0,54	0,11	3,98	0
14/04/2020 23:55:00	3,98	5,52	5,50	5,09	4,50	3,80	3,08	2,45	1,92	1,44	0,99	0,56	0,14	3,92	0
