FileFormat:0002.2 file with temperature of atmosphere
200
local	GMT or Local
0	GMT-Local=[hours]
0	Height[m]
0	0	0	Longitude                [grd]               [min]               [sec]
0	0	0	Latitude                [grd]               [min]               [sec]
N	NS
59,40	Freq[GHz]
0,00	dTemostat[K]
0,150	MessErr[K]
0,248	//[grad/step]
version 14.0.20110218
MTP5H033F5940K-33.00D180214+A1.1
Commentary:
enter comment
End Of Commentary

SYSTEM\alaska.dat
data time	0	50	100	150	200	250	300	350	400	450	500	550	600	OutsideTemperature	Quality
16/02/2020 00:00:00	-0,23	0,90	1,50	1,49	1,10	0,21	-0,71	-1,42	-1,82	-2,14	-2,38	-2,53	-2,68	-0,38	0
16/02/2020 00:05:00	-0,38	0,77	1,31	1,38	0,96	0,10	-0,86	-1,59	-2,00	-2,33	-2,59	-2,78	-2,96	-0,46	0
16/02/2020 00:10:00	-0,38	0,71	1,34	1,48	1,06	0,18	-0,80	-1,57	-2,03	-2,40	-2,69	-2,90	-3,10	-0,35	0
16/02/2020 00:15:00	-0,32	0,84	1,43	1,41	0,93	-0,04	-1,07	-1,86	-2,30	-2,64	-2,90	-3,06	-3,22	-0,09	0
16/02/2020 00:20:00	-0,26	0,79	1,31	1,39	0,98	0,11	-0,78	-1,48	-1,89	-2,23	-2,49	-2,68	-2,87	-0,13	0
16/02/2020 00:25:00	-0,29	0,81	1,26	1,24	0,76	-0,09	-0,97	-1,64	-2,02	-2,32	-2,56	-2,73	-2,89	-0,03	0
16/02/2020 00:30:00	-0,24	0,75	1,06	1,00	0,44	-0,31	-1,08	-1,64	-1,93	-2,17	-2,35	-2,45	-2,55	-0,08	0
16/02/2020 00:35:00	-0,17	0,82	1,12	0,99	0,49	-0,31	-1,14	-1,70	-1,99	-2,22	-2,39	-2,48	-2,57	0,08	0
16/02/2020 00:40:00	0,12	1,04	1,31	1,18	0,70	-0,09	-0,88	-1,44	-1,73	-1,97	-2,16	-2,27	-2,38	0,20	0
16/02/2020 00:45:00	0,24	1,20	1,53	1,39	0,86	0,00	-0,80	-1,40	-1,74	-2,02	-2,23	-2,36	-2,48	0,16	0
16/02/2020 00:50:00	0,29	1,11	1,44	1,39	1,01	0,22	-0,57	-1,15	-1,48	-1,77	-2,00	-2,17	-2,34	0,14	0
16/02/2020 00:55:00	0,26	1,15	1,48	1,39	0,96	0,19	-0,60	-1,18	-1,50	-1,77	-1,99	-2,14	-2,29	0,19	0
16/02/2020 01:00:00	0,33	1,11	1,39	1,33	0,89	0,15	-0,60	-1,15	-1,44	-1,70	-1,90	-2,03	-2,16	0,29	0
16/02/2020 01:05:00	0,27	1,21	1,65	1,64	1,18	0,37	-0,51	-1,18	-1,56	-1,86	-2,11	-2,27	-2,44	0,22	0
16/02/2020 01:10:00	0,31	1,27	1,61	1,46	0,93	0,16	-0,65	-1,23	-1,54	-1,79	-1,98	-2,08	-2,18	0,43	0
16/02/2020 01:15:00	0,35	1,33	1,71	1,55	1,12	0,26	-0,60	-1,23	-1,57	-1,86	-2,09	-2,23	-2,38	0,42	0
16/02/2020 01:20:00	0,42	1,39	1,80	1,68	1,26	0,40	-0,57	-1,27	-1,65	-1,96	-2,21	-2,38	-2,56	0,41	0
16/02/2020 01:25:00	0,37	1,39	1,77	1,67	1,15	0,27	-0,68	-1,38	-1,77	-2,09	-2,34	-2,51	-2,69	0,48	0
16/02/2020 01:30:00	0,34	1,31	1,63	1,52	1,04	0,20	-0,59	-1,17	-1,49	-1,77	-1,98	-2,11	-2,24	0,32	0
16/02/2020 01:35:00	0,43	1,33	1,61	1,40	0,93	0,12	-0,63	-1,17	-1,47	-1,72	-1,90	-2,01	-2,11	0,34	0
16/02/2020 01:40:00	0,48	1,30	1,57	1,44	0,96	0,15	-0,63	-1,20	-1,52	-1,79	-2,00	-2,13	-2,27	0,47	0
16/02/2020 01:45:00	0,46	1,28	1,55	1,39	0,95	0,16	-0,69	-1,30	-1,63	-1,91	-2,13	-2,31	-2,48	0,34	0
16/02/2020 01:50:00	0,49	1,26	1,44	1,31	0,87	0,16	-0,55	-1,04	-1,29	-1,53	-1,71	-1,84	-1,97	0,44	0
16/02/2020 01:55:00	0,40	1,16	1,32	1,17	0,76	-0,01	-0,68	-1,15	-1,40	-1,63	-1,82	-1,95	-2,08	0,34	0
16/02/2020 02:00:00	0,40	1,05	1,24	1,15	0,74	0,08	-0,61	-1,09	-1,33	-1,55	-1,73	-1,85	-1,97	0,39	0
16/02/2020 02:05:00	0,37	1,05	1,13	0,94	0,53	-0,17	-0,80	-1,21	-1,40	-1,59	-1,72	-1,81	-1,89	0,27	0
16/02/2020 02:10:00	0,24	1,13	1,26	0,95	0,46	-0,29	-0,96	-1,39	-1,59	-1,77	-1,91	-1,97	-2,04	0,30	0
16/02/2020 02:15:00	0,36	1,12	1,20	0,92	0,46	-0,21	-0,83	-1,20	-1,36	-1,51	-1,61	-1,65	-1,69	0,29	0
16/02/2020 02:20:00	0,28	1,02	1,27	1,06	0,62	-0,06	-0,77	-1,23	-1,45	-1,63	-1,75	-1,78	-1,82	0,29	0
16/02/2020 02:25:00	0,30	1,08	1,27	1,06	0,63	-0,07	-0,68	-1,09	-1,30	-1,49	-1,62	-1,69	-1,75	0,27	0
16/02/2020 02:30:00	0,29	1,11	1,38	1,23	0,88	0,11	-0,66	-1,21	-1,50	-1,76	-1,98	-2,14	-2,31	0,31	0
16/02/2020 02:35:00	0,20	1,00	1,35	1,23	0,84	0,05	-0,70	-1,24	-1,55	-1,79	-1,98	-2,08	-2,18	0,12	0
16/02/2020 02:40:00	0,10	1,00	1,35	1,21	0,79	0,00	-0,77	-1,32	-1,62	-1,86	-2,05	-2,15	-2,25	0,18	0
16/02/2020 02:45:00	0,32	1,20	1,45	1,20	0,63	-0,21	-1,02	-1,58	-1,87	-2,10	-2,25	-2,31	-2,37	0,26	0
16/02/2020 02:50:00	0,33	1,15	1,45	1,33	0,88	0,08	-0,72	-1,31	-1,63	-1,89	-2,09	-2,22	-2,35	0,37	0
16/02/2020 02:55:00	0,48	1,28	1,44	1,22	0,66	-0,15	-0,85	-1,34	-1,60	-1,82	-1,98	-2,05	-2,13	0,48	0
16/02/2020 03:00:00	0,48	1,22	1,38	1,24	0,71	0,05	-0,64	-1,11	-1,34	-1,55	-1,71	-1,80	-1,88	0,48	0
16/02/2020 03:05:00	0,44	1,16	1,32	1,10	0,71	0,09	-0,49	-0,86	-1,03	-1,21	-1,33	-1,40	-1,46	0,28	0
16/02/2020 03:10:00	0,40	1,13	1,36	1,21	0,72	-0,05	-0,74	-1,25	-1,54	-1,79	-1,98	-2,09	-2,21	0,29	0
16/02/2020 03:15:00	0,32	1,01	1,17	0,98	0,54	-0,22	-0,92	-1,41	-1,67	-1,90	-2,08	-2,19	-2,31	0,31	0
16/02/2020 03:20:00	0,39	1,09	1,32	1,25	0,82	0,08	-0,71	-1,28	-1,58	-1,85	-2,07	-2,24	-2,40	0,36	0
16/02/2020 03:25:00	0,26	1,10	1,32	1,19	0,74	0,07	-0,69	-1,20	-1,43	-1,65	-1,81	-1,92	-2,02	0,23	0
16/02/2020 03:30:00	0,30	1,04	1,27	1,18	0,79	0,02	-0,72	-1,25	-1,53	-1,78	-1,98	-2,12	-2,26	0,16	0
16/02/2020 03:35:00	0,33	1,07	1,24	1,02	0,54	-0,18	-0,88	-1,35	-1,57	-1,76	-1,90	-1,96	-2,01	0,39	0
16/02/2020 03:40:00	0,26	1,11	1,42	1,34	0,96	0,21	-0,57	-1,13	-1,43	-1,69	-1,89	-2,04	-2,19	0,41	0
16/02/2020 03:45:00	0,26	1,07	1,25	1,02	0,61	-0,09	-0,78	-1,24	-1,45	-1,65	-1,80	-1,89	-1,98	0,28	0
16/02/2020 03:50:00	0,30	0,97	1,22	1,19	0,81	0,16	-0,45	-0,90	-1,15	-1,39	-1,57	-1,69	-1,81	0,33	0
16/02/2020 03:55:00	0,34	1,13	1,32	1,06	0,63	-0,08	-0,75	-1,20	-1,42	-1,62	-1,77	-1,84	-1,92	0,36	0
16/02/2020 04:00:00	0,33	1,01	1,20	1,12	0,80	0,14	-0,41	-0,80	-1,01	-1,21	-1,37	-1,48	-1,59	0,31	0
16/02/2020 04:05:00	0,30	1,03	1,26	1,20	0,77	0,13	-0,57	-1,05	-1,29	-1,51	-1,69	-1,80	-1,91	0,08	0
16/02/2020 04:10:00	0,15	0,83	1,07	1,01	0,61	-0,10	-0,80	-1,30	-1,57	-1,80	-1,98	-2,10	-2,21	0,17	0
16/02/2020 04:15:00	0,04	0,82	0,98	0,92	0,54	-0,09	-0,73	-1,14	-1,33	-1,52	-1,66	-1,76	-1,85	0,01	0
16/02/2020 04:20:00	0,04	0,75	0,89	0,68	0,32	-0,30	-0,91	-1,29	-1,45	-1,61	-1,73	-1,79	-1,85	0,12	0
16/02/2020 04:25:00	-0,01	0,62	0,89	0,84	0,49	-0,13	-0,77	-1,23	-1,46	-1,67	-1,83	-1,93	-2,04	-0,01	0
16/02/2020 04:30:00	-0,06	0,64	0,91	0,80	0,45	-0,17	-0,78	-1,20	-1,41	-1,60	-1,73	-1,80	-1,87	-0,17	0
16/02/2020 04:35:00	0,05	0,66	0,84	0,71	0,32	-0,27	-0,85	-1,24	-1,43	-1,61	-1,74	-1,82	-1,89	0,03	0
16/02/2020 04:40:00	-0,07	0,59	0,65	0,49	0,08	-0,40	-0,92	-1,23	-1,33	-1,46	-1,55	-1,60	-1,65	-0,07	0
16/02/2020 04:45:00	-0,09	0,54	0,68	0,44	0,12	-0,43	-0,96	-1,28	-1,41	-1,54	-1,63	-1,67	-1,70	-0,02	0
16/02/2020 04:50:00	-0,07	0,51	0,64	0,46	0,09	-0,45	-0,96	-1,27	-1,41	-1,55	-1,66	-1,70	-1,74	-0,06	0
16/02/2020 04:55:00	-0,20	0,51	0,67	0,47	0,15	-0,38	-0,91	-1,22	-1,34	-1,47	-1,57	-1,61	-1,65	-0,17	0
16/02/2020 05:00:00	-0,06	0,50	0,58	0,36	0,02	-0,50	-0,97	-1,24	-1,34	-1,45	-1,52	-1,53	-1,55	0,04	0
16/02/2020 05:05:00	-0,01	0,56	0,75	0,69	0,35	-0,14	-0,66	-1,02	-1,19	-1,37	-1,52	-1,62	-1,72	-0,01	0
16/02/2020 05:10:00	-0,02	0,53	0,69	0,64	0,32	-0,20	-0,75	-1,11	-1,29	-1,47	-1,61	-1,71	-1,81	-0,02	0
16/02/2020 05:15:00	0,04	0,59	0,73	0,60	0,24	-0,32	-0,85	-1,19	-1,34	-1,50	-1,61	-1,66	-1,71	0,04	0
16/02/2020 05:20:00	-0,01	0,59	0,71	0,50	0,14	-0,38	-0,92	-1,24	-1,38	-1,52	-1,62	-1,68	-1,74	0,01	0
16/02/2020 05:25:00	0,00	0,66	0,81	0,64	0,35	-0,25	-0,83	-1,20	-1,36	-1,52	-1,65	-1,73	-1,81	-0,06	0
16/02/2020 05:30:00	-0,01	0,57	0,59	0,42	0,07	-0,48	-0,94	-1,19	-1,28	-1,39	-1,47	-1,50	-1,53	-0,01	0
16/02/2020 05:35:00	-0,07	0,44	0,59	0,49	0,17	-0,35	-0,89	-1,24	-1,39	-1,55	-1,68	-1,75	-1,82	-0,04	0
16/02/2020 05:40:00	-0,11	0,60	0,73	0,52	0,10	-0,50	-1,04	-1,37	-1,52	-1,67	-1,77	-1,81	-1,84	-0,11	0
16/02/2020 05:45:00	0,04	0,53	0,69	0,65	0,34	-0,19	-0,68	-1,02	-1,19	-1,37	-1,51	-1,61	-1,70	0,03	0
16/02/2020 05:50:00	-0,02	0,58	0,68	0,49	0,14	-0,40	-0,95	-1,27	-1,40	-1,52	-1,61	-1,64	-1,68	-0,04	0
16/02/2020 05:55:00	-0,02	0,56	0,58	0,35	0,06	-0,45	-0,87	-1,08	-1,14	-1,23	-1,29	-1,30	-1,31	-0,03	0
16/02/2020 06:00:00	-0,03	0,51	0,55	0,46	0,22	-0,19	-0,65	-0,90	-0,96	-1,07	-1,16	-1,23	-1,30	-0,08	0
16/02/2020 06:05:00	-0,06	0,46	0,47	0,35	0,00	-0,43	-0,84	-1,06	-1,12	-1,21	-1,28	-1,31	-1,33	-0,04	0
16/02/2020 06:10:00	-0,06	0,38	0,46	0,33	0,06	-0,41	-0,92	-1,22	-1,33	-1,46	-1,56	-1,61	-1,67	-0,09	0
16/02/2020 06:15:00	-0,11	0,36	0,47	0,40	0,11	-0,36	-0,78	-1,05	-1,19	-1,34	-1,47	-1,56	-1,65	-0,08	0
16/02/2020 06:20:00	-0,13	0,35	0,44	0,36	0,09	-0,34	-0,76	-1,02	-1,12	-1,25	-1,35	-1,41	-1,48	-0,09	0
16/02/2020 06:25:00	-0,08	0,42	0,48	0,34	-0,03	-0,54	-1,00	-1,28	-1,40	-1,53	-1,62	-1,66	-1,70	-0,12	0
16/02/2020 06:30:00	-0,10	0,36	0,48	0,37	0,07	-0,45	-0,94	-1,28	-1,44	-1,61	-1,75	-1,85	-1,94	-0,16	0
16/02/2020 06:35:00	-0,14	0,48	0,53	0,34	-0,08	-0,68	-1,14	-1,42	-1,54	-1,67	-1,75	-1,77	-1,78	-0,14	0
16/02/2020 06:40:00	-0,04	0,46	0,52	0,40	0,11	-0,38	-0,83	-1,09	-1,18	-1,30	-1,39	-1,44	-1,49	-0,01	0
16/02/2020 06:45:00	-0,05	0,52	0,50	0,22	-0,17	-0,63	-1,02	-1,19	-1,22	-1,28	-1,30	-1,27	-1,24	-0,14	0
16/02/2020 06:50:00	-0,09	0,41	0,45	0,31	-0,07	-0,61	-1,10	-1,40	-1,52	-1,66	-1,76	-1,81	-1,85	-0,09	0
16/02/2020 06:55:00	-0,03	0,40	0,47	0,39	0,06	-0,44	-0,92	-1,23	-1,37	-1,52	-1,65	-1,73	-1,81	-0,05	0
16/02/2020 07:00:00	-0,09	0,36	0,46	0,43	0,11	-0,34	-0,75	-1,02	-1,15	-1,29	-1,41	-1,48	-1,55	-0,13	0
16/02/2020 07:05:00	-0,10	0,37	0,49	0,40	0,13	-0,39	-0,90	-1,22	-1,37	-1,51	-1,63	-1,71	-1,78	-0,04	0
16/02/2020 07:10:00	-0,12	0,43	0,50	0,38	0,02	-0,52	-1,01	-1,31	-1,44	-1,57	-1,67	-1,72	-1,78	-0,11	0
16/02/2020 07:15:00	-0,14	0,35	0,48	0,40	0,14	-0,36	-0,86	-1,18	-1,32	-1,47	-1,58	-1,66	-1,74	-0,12	0
16/02/2020 07:20:00	-0,19	0,30	0,38	0,31	0,12	-0,27	-0,68	-0,90	-0,96	-1,07	-1,16	-1,22	-1,28	-0,17	0
16/02/2020 07:25:00	-0,19	0,33	0,41	0,29	0,05	-0,36	-0,78	-1,01	-1,07	-1,18	-1,26	-1,31	-1,36	-0,19	0
16/02/2020 07:30:00	-0,13	0,41	0,54	0,31	-0,07	-0,55	-1,00	-1,26	-1,37	-1,47	-1,54	-1,54	-1,53	-0,17	0
16/02/2020 07:35:00	-0,13	0,32	0,51	0,52	0,26	-0,19	-0,74	-1,10	-1,26	-1,43	-1,57	-1,67	-1,78	-0,12	0
16/02/2020 07:40:00	-0,23	0,36	0,42	0,25	-0,15	-0,63	-1,05	-1,30	-1,39	-1,50	-1,57	-1,59	-1,61	-0,25	0
16/02/2020 07:45:00	-0,14	0,21	0,25	0,15	-0,16	-0,65	-1,12	-1,42	-1,55	-1,68	-1,79	-1,86	-1,92	-0,15	0
16/02/2020 07:50:00	-0,15	0,30	0,27	0,10	-0,34	-0,77	-1,12	-1,30	-1,36	-1,44	-1,49	-1,48	-1,47	-0,17	0
16/02/2020 07:55:00	-0,22	0,30	0,30	0,07	-0,24	-0,75	-1,21	-1,46	-1,53	-1,62	-1,69	-1,71	-1,73	-0,21	0
16/02/2020 08:00:00	-0,21	0,29	0,30	0,09	-0,30	-0,81	-1,31	-1,60	-1,70	-1,82	-1,90	-1,94	-1,97	-0,19	0
16/02/2020 08:05:00	-0,19	0,24	0,19	-0,15	-0,51	-0,98	-1,40	-1,59	-1,62	-1,67	-1,68	-1,65	-1,61	-0,24	0
16/02/2020 08:10:00	-0,31	0,20	0,17	-0,15	-0,46	-0,93	-1,37	-1,58	-1,61	-1,67	-1,71	-1,70	-1,69	-0,22	0
16/02/2020 08:15:00	-0,26	0,14	0,09	-0,11	-0,48	-0,96	-1,30	-1,49	-1,56	-1,66	-1,73	-1,75	-1,78	-0,29	0
16/02/2020 08:20:00	-0,31	0,07	0,06	-0,10	-0,50	-0,96	-1,39	-1,64	-1,74	-1,85	-1,93	-1,95	-1,98	-0,36	0
16/02/2020 08:25:00	-0,45	0,08	0,01	-0,24	-0,67	-1,24	-1,70	-1,97	-2,06	-2,16	-2,23	-2,26	-2,28	-0,39	0
16/02/2020 08:30:00	-0,36	0,06	-0,04	-0,42	-0,79	-1,30	-1,71	-1,91	-1,94	-2,00	-2,04	-2,02	-2,01	-0,38	0
16/02/2020 08:35:00	-0,42	0,05	-0,07	-0,47	-0,92	-1,39	-1,77	-1,94	-1,96	-2,00	-2,01	-1,96	-1,92	-0,45	0
16/02/2020 08:40:00	-0,45	-0,06	-0,28	-0,65	-0,98	-1,37	-1,66	-1,73	-1,68	-1,69	-1,69	-1,67	-1,64	-0,49	0
16/02/2020 08:45:00	-0,44	-0,15	-0,32	-0,60	-0,96	-1,42	-1,82	-2,01	-2,04	-2,10	-2,14	-2,15	-2,16	-0,51	0
16/02/2020 08:50:00	-0,52	-0,18	-0,31	-0,61	-0,99	-1,52	-1,99	-2,25	-2,32	-2,40	-2,47	-2,49	-2,52	-0,51	0
16/02/2020 08:55:00	-0,51	-0,18	-0,35	-0,70	-1,00	-1,37	-1,69	-1,79	-1,75	-1,76	-1,76	-1,73	-1,71	-0,51	0
16/02/2020 09:00:00	-0,51	-0,07	-0,37	-0,83	-1,28	-1,64	-1,84	-1,84	-1,74	-1,70	-1,65	-1,56	-1,48	-0,52	0
16/02/2020 09:05:00	-0,47	-0,19	-0,37	-0,55	-0,83	-1,21	-1,50	-1,63	-1,63	-1,68	-1,74	-1,78	-1,82	-0,44	0
16/02/2020 09:10:00	-0,47	-0,07	-0,37	-0,86	-1,33	-1,78	-2,09	-2,17	-2,11	-2,10	-2,07	-1,99	-1,91	-0,47	0
16/02/2020 09:15:00	-0,46	-0,22	-0,46	-0,73	-1,08	-1,45	-1,75	-1,85	-1,82	-1,85	-1,87	-1,86	-1,85	-0,45	0
16/02/2020 09:20:00	-0,45	-0,06	-0,30	-0,81	-1,32	-1,80	-2,11	-2,21	-2,18	-2,18	-2,15	-2,06	-1,96	-0,47	0
16/02/2020 09:25:00	-0,47	-0,14	-0,38	-0,84	-1,24	-1,74	-2,15	-2,32	-2,32	-2,35	-2,36	-2,34	-2,31	-0,47	0
16/02/2020 09:30:00	-0,47	-0,10	-0,44	-0,98	-1,57	-2,09	-2,48	-2,62	-2,59	-2,59	-2,56	-2,46	-2,37	-0,45	0
16/02/2020 09:35:00	-0,55	-0,08	-0,42	-0,95	-1,49	-1,99	-2,38	-2,50	-2,44	-2,42	-2,38	-2,30	-2,21	-0,53	0
16/02/2020 09:40:00	-0,49	-0,24	-0,53	-1,01	-1,49	-1,91	-2,30	-2,44	-2,40	-2,40	-2,39	-2,33	-2,27	-0,52	0
16/02/2020 09:45:00	-0,52	-0,16	-0,53	-1,10	-1,57	-1,98	-2,23	-2,25	-2,15	-2,10	-2,04	-1,94	-1,84	-0,50	0
16/02/2020 09:50:00	-0,51	-0,20	-0,57	-1,13	-1,72	-2,16	-2,48	-2,56	-2,50	-2,48	-2,43	-2,32	-2,21	-0,49	0
16/02/2020 09:55:00	-0,49	-0,18	-0,58	-1,21	-1,67	-2,08	-2,37	-2,39	-2,27	-2,21	-2,13	-2,01	-1,90	-0,49	0
16/02/2020 10:00:00	-0,44	-0,15	-0,58	-1,09	-1,62	-2,09	-2,46	-2,57	-2,52	-2,51	-2,50	-2,44	-2,39	-0,46	0
16/02/2020 10:05:00	-0,53	-0,15	-0,49	-1,08	-1,65	-2,17	-2,51	-2,62	-2,58	-2,56	-2,53	-2,43	-2,34	-0,54	0
16/02/2020 10:10:00	-0,48	-0,17	-0,48	-1,03	-1,65	-2,20	-2,69	-2,92	-2,94	-2,97	-2,97	-2,90	-2,84	-0,49	0
16/02/2020 10:15:00	-0,55	-0,26	-0,49	-1,03	-1,54	-2,20	-2,74	-3,05	-3,15	-3,24	-3,31	-3,32	-3,34	-0,56	0
16/02/2020 10:20:00	-0,51	-0,24	-0,63	-1,17	-1,66	-2,15	-2,48	-2,57	-2,53	-2,52	-2,50	-2,44	-2,38	-0,49	0
16/02/2020 10:25:00	-0,52	-0,23	-0,68	-1,30	-1,79	-2,23	-2,50	-2,52	-2,40	-2,35	-2,29	-2,19	-2,09	-0,52	0
16/02/2020 10:30:00	-0,50	-0,30	-0,71	-1,25	-1,71	-2,06	-2,33	-2,35	-2,24	-2,19	-2,13	-2,04	-1,94	-0,52	0
16/02/2020 10:35:00	-0,52	-0,18	-0,50	-1,11	-1,69	-2,28	-2,69	-2,88	-2,91	-2,95	-2,96	-2,92	-2,88	-0,49	0
16/02/2020 10:40:00	-0,43	-0,11	-0,50	-1,12	-1,70	-2,21	-2,67	-2,85	-2,82	-2,83	-2,81	-2,75	-2,70	-0,41	0
16/02/2020 10:45:00	-0,28	-0,11	-0,56	-1,20	-1,75	-2,26	-2,58	-2,66	-2,60	-2,57	-2,53	-2,43	-2,34	-0,37	0
16/02/2020 10:50:00	-0,30	-0,02	-0,44	-1,13	-1,78	-2,39	-2,83	-3,01	-3,01	-3,02	-3,01	-2,93	-2,85	-0,30	0
16/02/2020 10:55:00	-0,39	-0,10	-0,52	-1,08	-1,66	-2,16	-2,56	-2,70	-2,67	-2,67	-2,65	-2,60	-2,54	-0,34	0
16/02/2020 11:00:00	-0,37	-0,02	-0,44	-1,13	-1,77	-2,32	-2,79	-2,95	-2,91	-2,89	-2,84	-2,74	-2,63	-0,35	0
16/02/2020 11:05:00	-0,30	0,03	-0,45	-1,18	-1,82	-2,29	-2,59	-2,63	-2,53	-2,47	-2,39	-2,25	-2,12	-0,26	0
16/02/2020 11:10:00	-0,32	-0,07	-0,50	-1,06	-1,57	-2,04	-2,32	-2,39	-2,33	-2,33	-2,32	-2,27	-2,22	-0,31	0
16/02/2020 11:15:00	-0,25	0,03	-0,37	-0,99	-1,55	-2,03	-2,41	-2,54	-2,50	-2,49	-2,47	-2,41	-2,35	-0,27	0
16/02/2020 11:20:00	-0,19	0,06	-0,36	-0,94	-1,57	-2,12	-2,52	-2,67	-2,66	-2,67	-2,65	-2,58	-2,51	-0,26	0
16/02/2020 11:25:00	-0,20	0,12	-0,32	-0,95	-1,60	-2,17	-2,53	-2,66	-2,64	-2,66	-2,65	-2,59	-2,53	-0,07	0
16/02/2020 11:30:00	-0,10	0,28	-0,11	-0,81	-1,45	-2,01	-2,43	-2,58	-2,57	-2,57	-2,55	-2,47	-2,39	-0,07	0
16/02/2020 11:35:00	-0,11	0,32	-0,16	-0,89	-1,60	-2,15	-2,46	-2,52	-2,45	-2,41	-2,34	-2,20	-2,07	-0,04	0
16/02/2020 11:40:00	-0,03	0,30	-0,10	-0,79	-1,39	-1,97	-2,38	-2,54	-2,54	-2,56	-2,55	-2,49	-2,44	-0,01	0
16/02/2020 11:45:00	-0,01	0,34	-0,02	-0,66	-1,37	-2,02	-2,55	-2,83	-2,90	-2,97	-3,00	-2,97	-2,94	-0,08	0
16/02/2020 11:50:00	-0,04	0,30	-0,18	-0,85	-1,55	-2,19	-2,68	-2,90	-2,91	-2,93	-2,94	-2,89	-2,85	0,01	0
16/02/2020 11:55:00	0,08	0,42	0,03	-0,59	-1,35	-2,11	-2,68	-2,99	-3,11	-3,20	-3,25	-3,24	-3,23	0,06	0
16/02/2020 12:00:00	0,08	0,43	-0,04	-0,82	-1,47	-2,13	-2,66	-2,89	-2,89	-2,91	-2,90	-2,85	-2,80	-0,01	0
16/02/2020 12:05:00	0,08	0,36	-0,14	-0,83	-1,52	-2,14	-2,57	-2,74	-2,74	-2,76	-2,76	-2,71	-2,65	0,04	0
16/02/2020 12:10:00	0,09	0,43	-0,06	-0,87	-1,58	-2,20	-2,69	-2,88	-2,88	-2,89	-2,88	-2,81	-2,74	0,08	0
16/02/2020 12:15:00	0,16	0,39	-0,19	-0,98	-1,76	-2,35	-2,72	-2,82	-2,77	-2,75	-2,70	-2,59	-2,48	0,12	0
16/02/2020 12:20:00	0,09	0,56	0,05	-0,81	-1,58	-2,23	-2,73	-2,92	-2,89	-2,88	-2,83	-2,73	-2,62	0,06	0
16/02/2020 12:25:00	0,20	0,52	-0,03	-0,78	-1,50	-2,09	-2,48	-2,59	-2,54	-2,52	-2,48	-2,38	-2,28	0,23	0
16/02/2020 12:30:00	0,24	0,57	0,00	-0,84	-1,66	-2,33	-2,77	-2,95	-2,96	-2,97	-2,96	-2,89	-2,83	0,28	0
16/02/2020 12:35:00	0,33	0,62	0,06	-0,73	-1,54	-2,23	-2,71	-2,91	-2,93	-2,96	-2,95	-2,88	-2,81	0,31	0
16/02/2020 12:40:00	0,36	0,75	0,19	-0,68	-1,54	-2,22	-2,64	-2,79	-2,78	-2,78	-2,74	-2,63	-2,52	0,32	0
16/02/2020 12:45:00	0,41	0,78	0,29	-0,46	-1,24	-1,94	-2,49	-2,75	-2,81	-2,87	-2,90	-2,87	-2,85	0,43	0
16/02/2020 12:50:00	0,51	0,87	0,36	-0,43	-1,24	-1,92	-2,47	-2,71	-2,74	-2,78	-2,78	-2,73	-2,67	0,47	0
16/02/2020 12:55:00	0,54	1,01	0,49	-0,36	-1,23	-2,01	-2,56	-2,83	-2,91	-2,98	-3,01	-2,99	-2,96	0,56	0
16/02/2020 13:00:00	0,55	1,04	0,54	-0,30	-1,16	-1,95	-2,57	-2,87	-2,93	-2,99	-3,01	-2,96	-2,91	0,57	0
16/02/2020 13:05:00	0,55	0,87	0,40	-0,37	-1,17	-1,91	-2,50	-2,81	-2,88	-2,96	-2,99	-2,96	-2,92	0,49	0
16/02/2020 13:10:00	0,43	0,82	0,44	-0,29	-1,11	-1,81	-2,49	-2,85	-2,96	-3,05	-3,10	-3,08	-3,06	0,36	0
16/02/2020 13:15:00	0,37	0,71	0,30	-0,46	-1,28	-1,96	-2,54	-2,83	-2,90	-2,95	-2,97	-2,90	-2,84	0,30	0
16/02/2020 13:20:00	0,37	0,81	0,41	-0,29	-1,08	-1,90	-2,61	-3,03	-3,19	-3,32	-3,43	-3,47	-3,52	0,44	0
16/02/2020 13:25:00	0,38	0,75	0,34	-0,38	-1,15	-1,91	-2,50	-2,82	-2,93	-3,02	-3,08	-3,08	-3,07	0,41	0
16/02/2020 13:30:00	0,39	0,74	0,24	-0,55	-1,39	-2,12	-2,67	-2,93	-2,98	-3,03	-3,04	-2,98	-2,92	0,48	0
16/02/2020 13:35:00	0,37	0,73	0,31	-0,57	-1,35	-2,09	-2,65	-2,92	-2,98	-3,03	-3,04	-2,97	-2,90	0,38	0
16/02/2020 13:40:00	0,35	0,72	0,23	-0,67	-1,53	-2,30	-2,89	-3,16	-3,21	-3,24	-3,22	-3,12	-3,02	0,34	0
16/02/2020 13:45:00	0,35	0,58	0,12	-0,62	-1,36	-2,10	-2,59	-2,84	-2,91	-2,97	-2,99	-2,95	-2,90	0,23	0
16/02/2020 13:50:00	0,31	0,56	0,18	-0,50	-1,15	-1,85	-2,45	-2,77	-2,87	-2,95	-3,01	-3,01	-3,02	0,25	0
16/02/2020 13:55:00	0,28	0,52	0,11	-0,58	-1,25	-1,97	-2,51	-2,81	-2,89	-2,97	-3,02	-3,01	-3,00	0,21	0
16/02/2020 14:00:00	0,34	0,67	0,23	-0,52	-1,28	-2,05	-2,61	-2,91	-3,00	-3,08	-3,12	-3,09	-3,06	0,35	0
16/02/2020 14:05:00	0,38	0,80	0,35	-0,40	-1,22	-1,93	-2,54	-2,85	-2,92	-2,99	-3,02	-2,99	-2,95	0,42	0
16/02/2020 14:10:00	0,42	0,75	0,31	-0,43	-1,19	-1,97	-2,58	-2,91	-3,01	-3,10	-3,14	-3,12	-3,11	0,50	0
16/02/2020 14:15:00	0,29	0,73	0,27	-0,54	-1,31	-2,06	-2,69	-3,00	-3,05	-3,11	-3,13	-3,09	-3,05	0,26	0
16/02/2020 14:20:00	0,33	0,60	0,21	-0,42	-1,19	-1,95	-2,54	-2,89	-3,02	-3,14	-3,21	-3,22	-3,23	0,33	0
16/02/2020 14:25:00	0,34	0,58	0,20	-0,44	-1,15	-1,90	-2,55	-2,93	-3,07	-3,18	-3,26	-3,29	-3,31	0,34	0
16/02/2020 14:30:00	0,24	0,42	0,04	-0,57	-1,22	-1,95	-2,52	-2,86	-2,97	-3,08	-3,15	-3,17	-3,18	0,19	0
16/02/2020 14:35:00	0,22	0,50	0,17	-0,48	-1,17	-1,92	-2,57	-2,95	-3,09	-3,20	-3,28	-3,29	-3,31	0,24	0
16/02/2020 14:40:00	0,21	0,55	0,18	-0,45	-1,18	-1,95	-2,55	-2,90	-3,02	-3,13	-3,20	-3,20	-3,20	0,28	0
16/02/2020 14:45:00	0,27	0,57	0,20	-0,47	-1,14	-1,86	-2,46	-2,78	-2,88	-2,97	-3,03	-3,03	-3,03	0,34	0
16/02/2020 14:50:00	0,29	0,68	0,30	-0,38	-1,16	-1,91	-2,53	-2,89	-3,01	-3,11	-3,17	-3,16	-3,16	0,34	0
16/02/2020 14:55:00	0,37	0,79	0,39	-0,36	-1,19	-1,94	-2,48	-2,77	-2,85	-2,92	-2,95	-2,89	-2,84	0,44	0
16/02/2020 15:00:00	0,49	0,87	0,55	-0,13	-0,86	-1,65	-2,27	-2,63	-2,77	-2,89	-2,97	-2,97	-2,97	0,47	0
16/02/2020 15:05:00	0,43	0,75	0,40	-0,26	-0,91	-1,65	-2,25	-2,59	-2,69	-2,79	-2,86	-2,86	-2,86	0,43	0
16/02/2020 15:10:00	0,45	0,86	0,57	-0,12	-0,85	-1,65	-2,28	-2,65	-2,80	-2,91	-2,98	-2,97	-2,97	0,45	0
16/02/2020 15:15:00	0,45	0,87	0,59	0,00	-0,74	-1,52	-2,19	-2,61	-2,78	-2,93	-3,03	-3,07	-3,11	0,46	0
16/02/2020 15:20:00	0,47	0,88	0,66	0,07	-0,58	-1,36	-2,04	-2,45	-2,62	-2,76	-2,86	-2,89	-2,92	0,48	0
16/02/2020 15:25:00	0,56	0,97	0,68	0,08	-0,72	-1,54	-2,13	-2,49	-2,66	-2,79	-2,86	-2,85	-2,84	0,60	0
16/02/2020 15:30:00	0,56	0,97	0,72	0,03	-0,70	-1,45	-2,12	-2,50	-2,63	-2,74	-2,79	-2,77	-2,74	0,59	0
16/02/2020 15:35:00	0,51	1,06	0,77	0,10	-0,68	-1,48	-2,06	-2,39	-2,52	-2,63	-2,68	-2,65	-2,63	0,58	0
16/02/2020 15:40:00	0,55	1,01	0,72	0,04	-0,65	-1,40	-1,94	-2,22	-2,31	-2,38	-2,41	-2,36	-2,30	0,59	0
16/02/2020 15:45:00	0,61	1,04	0,79	0,23	-0,47	-1,21	-1,84	-2,21	-2,34	-2,45	-2,52	-2,51	-2,50	0,58	0
16/02/2020 15:50:00	0,65	1,08	0,78	0,15	-0,57	-1,30	-1,87	-2,18	-2,28	-2,38	-2,42	-2,40	-2,37	0,69	0
16/02/2020 15:55:00	0,62	1,12	0,82	0,15	-0,59	-1,33	-1,87	-2,15	-2,23	-2,31	-2,33	-2,27	-2,21	0,64	0
16/02/2020 16:00:00	0,63	0,98	0,67	0,11	-0,51	-1,11	-1,58	-1,81	-1,85	-1,91	-1,94	-1,91	-1,87	0,63	0
16/02/2020 16:05:00	0,63	1,11	0,75	0,07	-0,59	-1,19	-1,57	-1,70	-1,68	-1,70	-1,67	-1,57	-1,47	0,62	0
16/02/2020 16:10:00	0,67	1,13	0,88	0,23	-0,46	-1,20	-1,73	-2,02	-2,11	-2,20	-2,23	-2,17	-2,12	0,68	0
16/02/2020 16:15:00	0,73	1,26	1,07	0,42	-0,30	-1,11	-1,80	-2,22	-2,40	-2,54	-2,63	-2,63	-2,63	0,75	0
16/02/2020 16:20:00	0,75	1,23	1,05	0,45	-0,31	-1,12	-1,82	-2,26	-2,45	-2,61	-2,71	-2,72	-2,73	0,71	0
16/02/2020 16:25:00	0,74	1,22	1,02	0,43	-0,29	-1,03	-1,66	-2,03	-2,17	-2,28	-2,34	-2,32	-2,30	0,75	0
16/02/2020 16:30:00	0,80	1,30	1,05	0,45	-0,27	-1,02	-1,59	-1,90	-2,01	-2,11	-2,15	-2,11	-2,07	0,78	0
16/02/2020 16:35:00	0,76	1,32	1,12	0,57	-0,13	-0,89	-1,58	-1,98	-2,14	-2,27	-2,36	-2,38	-2,39	0,77	0
16/02/2020 16:40:00	0,84	1,35	1,15	0,49	-0,23	-1,00	-1,57	-1,89	-2,02	-2,13	-2,18	-2,14	-2,10	0,86	0
16/02/2020 16:45:00	0,88	1,41	1,18	0,51	-0,13	-0,87	-1,39	-1,66	-1,75	-1,83	-1,86	-1,82	-1,77	0,88	0
16/02/2020 16:50:00	0,83	1,44	1,26	0,70	-0,04	-0,88	-1,50	-1,89	-2,08	-2,23	-2,33	-2,35	-2,37	0,83	0
16/02/2020 16:55:00	0,89	1,41	1,22	0,61	-0,13	-0,90	-1,50	-1,85	-2,00	-2,12	-2,17	-2,14	-2,11	0,87	0
16/02/2020 17:00:00	0,88	1,47	1,29	0,62	-0,12	-0,86	-1,52	-1,87	-1,99	-2,08	-2,11	-2,04	-1,97	0,85	0
16/02/2020 17:05:00	0,89	1,53	1,30	0,71	-0,04	-0,80	-1,42	-1,76	-1,88	-1,99	-2,05	-2,02	-1,99	0,90	0
16/02/2020 17:10:00	0,94	1,49	1,34	0,79	0,08	-0,76	-1,39	-1,79	-1,99	-2,15	-2,25	-2,27	-2,29	0,90	0
16/02/2020 17:15:00	0,92	1,52	1,44	0,84	0,09	-0,77	-1,54	-2,04	-2,27	-2,45	-2,56	-2,58	-2,60	0,93	0
16/02/2020 17:20:00	0,86	1,56	1,44	0,88	0,09	-0,78	-1,54	-2,03	-2,25	-2,43	-2,54	-2,57	-2,59	0,92	0
16/02/2020 17:25:00	0,97	1,54	1,45	0,93	0,20	-0,59	-1,37	-1,87	-2,10	-2,29	-2,41	-2,45	-2,49	0,95	0
16/02/2020 17:30:00	0,94	1,53	1,40	0,80	0,11	-0,74	-1,45	-1,90	-2,10	-2,27	-2,38	-2,40	-2,43	0,87	0
16/02/2020 17:35:00	0,89	1,50	1,37	0,85	0,10	-0,73	-1,45	-1,90	-2,11	-2,28	-2,38	-2,40	-2,42	0,89	0
16/02/2020 17:40:00	0,90	1,51	1,36	0,84	0,09	-0,66	-1,32	-1,71	-1,87	-2,01	-2,08	-2,08	-2,07	0,90	0
16/02/2020 17:45:00	0,85	1,55	1,43	0,81	0,14	-0,68	-1,35	-1,73	-1,88	-2,01	-2,08	-2,05	-2,03	0,89	0
16/02/2020 17:50:00	0,88	1,51	1,41	0,94	0,18	-0,63	-1,28	-1,69	-1,90	-2,07	-2,17	-2,19	-2,20	0,88	0
16/02/2020 17:55:00	0,88	1,55	1,47	0,95	0,24	-0,57	-1,26	-1,70	-1,90	-2,08	-2,19	-2,21	-2,24	0,91	0
16/02/2020 18:00:00	0,97	1,65	1,50	0,87	0,13	-0,59	-1,27	-1,64	-1,75	-1,85	-1,89	-1,83	-1,78	0,98	0
16/02/2020 18:05:00	0,99	1,59	1,53	1,00	0,31	-0,52	-1,21	-1,64	-1,85	-2,01	-2,11	-2,11	-2,11	0,98	0
16/02/2020 18:10:00	1,04	1,71	1,60	1,07	0,35	-0,48	-1,15	-1,56	-1,75	-1,90	-1,99	-1,98	-1,98	1,02	0
16/02/2020 18:15:00	1,02	1,68	1,54	0,96	0,18	-0,57	-1,17	-1,51	-1,65	-1,76	-1,81	-1,76	-1,71	1,07	0
16/02/2020 18:20:00	1,00	1,69	1,51	0,94	0,21	-0,46	-0,99	-1,24	-1,31	-1,38	-1,39	-1,31	-1,22	0,98	0
16/02/2020 18:25:00	0,97	1,65	1,46	0,77	0,05	-0,63	-1,12	-1,34	-1,39	-1,44	-1,42	-1,31	-1,19	0,98	0
16/02/2020 18:30:00	0,96	1,59	1,50	0,90	0,23	-0,50	-1,11	-1,44	-1,57	-1,68	-1,72	-1,67	-1,61	0,95	0
16/02/2020 18:35:00	1,03	1,65	1,56	1,00	0,37	-0,26	-0,78	-1,04	-1,12	-1,19	-1,20	-1,12	-1,04	0,94	0
16/02/2020 18:40:00	0,96	1,55	1,40	0,88	0,22	-0,41	-0,90	-1,14	-1,21	-1,29	-1,30	-1,23	-1,16	0,98	0
16/02/2020 18:45:00	0,97	1,63	1,47	0,87	0,24	-0,42	-0,92	-1,16	-1,21	-1,28	-1,28	-1,21	-1,13	0,98	0
16/02/2020 18:50:00	0,95	1,64	1,45	0,82	0,17	-0,43	-0,86	-1,02	-1,03	-1,05	-1,02	-0,90	-0,79	0,99	0
16/02/2020 18:55:00	1,00	1,66	1,50	0,87	0,19	-0,48	-0,91	-1,10	-1,14	-1,18	-1,16	-1,03	-0,90	1,03	0
16/02/2020 19:00:00	1,01	1,65	1,58	1,11	0,55	-0,18	-0,78	-1,12	-1,27	-1,40	-1,49	-1,49	-1,50	1,01	0
16/02/2020 19:05:00	1,04	1,65	1,56	1,01	0,36	-0,34	-0,84	-1,11	-1,21	-1,30	-1,32	-1,24	-1,16	0,99	0
16/02/2020 19:10:00	1,02	1,62	1,49	0,99	0,32	-0,33	-0,81	-1,04	-1,13	-1,21	-1,22	-1,15	-1,07	1,03	0
16/02/2020 19:15:00	1,02	1,65	1,59	1,07	0,47	-0,22	-0,83	-1,17	-1,30	-1,42	-1,48	-1,46	-1,43	1,02	0
16/02/2020 19:20:00	1,06	1,63	1,53	1,08	0,49	-0,15	-0,66	-0,93	-1,02	-1,11	-1,15	-1,11	-1,07	1,03	0
16/02/2020 19:25:00	1,09	1,72	1,60	1,01	0,33	-0,29	-0,83	-1,07	-1,12	-1,17	-1,15	-1,03	-0,92	1,06	0
16/02/2020 19:30:00	1,05	1,80	1,66	1,11	0,44	-0,30	-0,83	-1,11	-1,22	-1,32	-1,36	-1,31	-1,27	1,11	0
16/02/2020 19:35:00	1,10	1,82	1,70	1,11	0,45	-0,25	-0,81	-1,09	-1,18	-1,26	-1,29	-1,22	-1,16	1,13	0
16/02/2020 19:40:00	1,14	1,77	1,72	1,25	0,66	-0,07	-0,69	-1,06	-1,23	-1,38	-1,48	-1,49	-1,51	1,13	0
16/02/2020 19:45:00	1,07	1,84	1,78	1,23	0,52	-0,21	-0,81	-1,15	-1,29	-1,41	-1,47	-1,43	-1,39	1,16	0
16/02/2020 19:50:00	1,21	1,87	1,85	1,36	0,66	-0,04	-0,66	-1,03	-1,19	-1,32	-1,39	-1,35	-1,32	1,19	0
16/02/2020 19:55:00	1,15	1,93	1,78	1,12	0,36	-0,32	-0,84	-1,07	-1,13	-1,18	-1,16	-1,04	-0,92	1,17	0
16/02/2020 20:00:00	1,20	1,96	1,86	1,22	0,50	-0,24	-0,80	-1,09	-1,18	-1,27	-1,28	-1,19	-1,09	1,19	0
16/02/2020 20:05:00	1,21	1,96	1,80	1,23	0,50	-0,17	-0,62	-0,82	-0,89	-0,96	-0,96	-0,87	-0,78	1,19	0
16/02/2020 20:10:00	1,22	2,01	1,88	1,23	0,51	-0,17	-0,65	-0,85	-0,90	-0,95	-0,92	-0,79	-0,67	1,20	0
16/02/2020 20:15:00	1,24	1,96	1,82	1,25	0,59	-0,06	-0,52	-0,72	-0,76	-0,80	-0,78	-0,67	-0,55	1,24	0
16/02/2020 20:20:00	1,23	1,99	1,89	1,27	0,64	-0,03	-0,52	-0,73	-0,78	-0,84	-0,84	-0,74	-0,64	1,25	0
16/02/2020 20:25:00	1,20	2,00	1,93	1,36	0,72	0,04	-0,47	-0,71	-0,78	-0,86	-0,87	-0,79	-0,71	1,23	0
16/02/2020 20:30:00	1,27	1,97	1,88	1,32	0,69	0,04	-0,38	-0,58	-0,64	-0,71	-0,72	-0,63	-0,54	1,28	0
16/02/2020 20:35:00	1,23	2,00	1,99	1,40	0,78	0,07	-0,52	-0,84	-0,97	-1,08	-1,11	-1,05	-0,99	1,27	0
16/02/2020 20:40:00	1,29	2,09	2,02	1,46	0,73	0,04	-0,52	-0,82	-0,92	-1,02	-1,04	-0,97	-0,89	1,30	0
16/02/2020 20:45:00	1,33	2,03	1,97	1,39	0,80	0,12	-0,44	-0,73	-0,83	-0,94	-0,98	-0,94	-0,90	1,34	0
16/02/2020 20:50:00	1,28	2,10	2,04	1,46	0,78	0,08	-0,45	-0,71	-0,80	-0,89	-0,90	-0,82	-0,74	1,24	0
16/02/2020 20:55:00	1,32	2,13	2,10	1,58	0,82	0,06	-0,59	-0,97	-1,14	-1,28	-1,35	-1,32	-1,29	1,33	0
16/02/2020 21:00:00	1,35	2,10	2,06	1,50	0,80	0,08	-0,42	-0,69	-0,81	-0,92	-0,95	-0,88	-0,81	1,35	0
16/02/2020 21:05:00	1,37	2,14	2,14	1,66	0,96	0,20	-0,42	-0,79	-0,97	-1,13	-1,21	-1,19	-1,17	1,34	0
16/02/2020 21:10:00	1,41	2,29	2,22	1,57	0,82	0,06	-0,57	-0,91	-1,03	-1,13	-1,16	-1,09	-1,01	1,39	0
16/02/2020 21:15:00	1,45	2,29	2,22	1,59	0,84	0,07	-0,53	-0,85	-0,97	-1,09	-1,12	-1,05	-0,99	1,41	0
16/02/2020 21:20:00	1,40	2,21	2,17	1,66	0,94	0,25	-0,37	-0,72	-0,86	-0,99	-1,04	-1,01	-0,98	1,44	0
16/02/2020 21:25:00	1,39	2,24	2,18	1,57	0,85	0,06	-0,60	-0,98	-1,13	-1,27	-1,33	-1,31	-1,29	1,44	0
16/02/2020 21:30:00	1,45	2,30	2,29	1,80	1,05	0,24	-0,46	-0,89	-1,10	-1,27	-1,37	-1,38	-1,39	1,44	0
16/02/2020 21:35:00	1,46	2,38	2,36	1,76	0,98	0,16	-0,42	-0,76	-0,91	-1,05	-1,09	-1,03	-0,96	1,44	0
16/02/2020 21:40:00	1,42	2,26	2,23	1,77	1,05	0,31	-0,25	-0,58	-0,73	-0,87	-0,94	-0,92	-0,89	1,49	0
16/02/2020 21:45:00	1,51	2,38	2,40	1,80	1,06	0,26	-0,43	-0,83	-1,01	-1,16	-1,23	-1,18	-1,14	1,48	0
16/02/2020 21:50:00	1,53	2,40	2,39	1,76	1,03	0,17	-0,40	-0,74	-0,91	-1,04	-1,10	-1,04	-0,98	1,48	0
16/02/2020 21:55:00	1,56	2,25	2,30	1,90	1,25	0,50	-0,19	-0,64	-0,87	-1,07	-1,20	-1,25	-1,29	1,54	0
16/02/2020 22:00:00	1,52	2,42	2,33	1,65	0,93	0,18	-0,34	-0,58	-0,66	-0,73	-0,73	-0,62	-0,51	1,51	0
16/02/2020 22:05:00	1,47	2,40	2,36	1,87	1,18	0,43	-0,22	-0,60	-0,75	-0,90	-0,99	-0,99	-1,00	1,49	0
16/02/2020 22:10:00	1,55	2,49	2,43	1,79	1,05	0,28	-0,33	-0,65	-0,76	-0,87	-0,89	-0,82	-0,74	1,56	0
16/02/2020 22:15:00	1,50	2,46	2,41	1,84	1,11	0,33	-0,23	-0,53	-0,66	-0,78	-0,82	-0,76	-0,71	1,55	0
16/02/2020 22:20:00	1,61	2,45	2,40	1,80	1,13	0,37	-0,17	-0,44	-0,54	-0,64	-0,67	-0,59	-0,52	1,60	0
16/02/2020 22:25:00	1,54	2,43	2,49	1,96	1,23	0,46	-0,25	-0,67	-0,86	-1,02	-1,10	-1,08	-1,05	1,53	0
16/02/2020 22:30:00	1,58	2,42	2,42	1,94	1,29	0,56	0,00	-0,32	-0,47	-0,61	-0,67	-0,65	-0,63	1,59	0
16/02/2020 22:35:00	1,59	2,47	2,53	2,05	1,35	0,52	-0,18	-0,61	-0,83	-1,01	-1,11	-1,11	-1,12	1,54	0
16/02/2020 22:40:00	1,54	2,49	2,48	1,91	1,21	0,48	-0,13	-0,45	-0,58	-0,70	-0,74	-0,68	-0,62	1,58	0
16/02/2020 22:45:00	1,58	2,48	2,50	2,02	1,34	0,59	0,02	-0,30	-0,46	-0,60	-0,67	-0,63	-0,60	1,59	0
16/02/2020 22:50:00	1,64	2,55	2,46	1,85	1,11	0,41	-0,10	-0,32	-0,39	-0,47	-0,47	-0,36	-0,26	1,65	0
16/02/2020 22:55:00	1,64	2,52	2,53	1,92	1,26	0,58	0,05	-0,21	-0,31	-0,41	-0,44	-0,36	-0,29	1,65	0
16/02/2020 23:00:00	1,61	2,55	2,51	1,90	1,21	0,53	-0,04	-0,31	-0,39	-0,48	-0,50	-0,42	-0,34	1,61	0
16/02/2020 23:05:00	1,64	2,41	2,39	1,89	1,25	0,59	0,08	-0,19	-0,30	-0,41	-0,46	-0,41	-0,36	1,60	0
16/02/2020 23:10:00	1,60	2,49	2,49	1,88	1,12	0,42	-0,14	-0,42	-0,52	-0,61	-0,61	-0,48	-0,36	1,65	0
16/02/2020 23:15:00	1,58	2,51	2,50	1,86	1,21	0,48	-0,13	-0,43	-0,53	-0,62	-0,64	-0,56	-0,48	1,58	0
16/02/2020 23:20:00	1,68	2,56	2,52	1,96	1,21	0,46	-0,14	-0,47	-0,61	-0,73	-0,78	-0,72	-0,67	1,61	0
16/02/2020 23:25:00	1,63	2,54	2,49	1,86	1,19	0,47	-0,05	-0,29	-0,37	-0,45	-0,46	-0,36	-0,27	1,60	0
16/02/2020 23:30:00	1,56	2,56	2,58	2,01	1,25	0,43	-0,26	-0,65	-0,82	-0,97	-1,03	-0,98	-0,94	1,58	0
16/02/2020 23:35:00	1,60	2,46	2,48	1,89	1,20	0,46	-0,11	-0,42	-0,55	-0,66	-0,69	-0,61	-0,53	1,59	0
16/02/2020 23:40:00	1,56	2,55	2,49	1,84	1,20	0,45	-0,11	-0,38	-0,45	-0,54	-0,55	-0,48	-0,41	1,61	0
16/02/2020 23:45:00	1,62	2,56	2,54	2,01	1,28	0,50	-0,12	-0,47	-0,62	-0,75	-0,80	-0,75	-0,70	1,62	0
16/02/2020 23:50:00	1,55	2,44	2,35	1,80	1,09	0,39	-0,16	-0,41	-0,49	-0,56	-0,56	-0,46	-0,36	1,58	0
16/02/2020 23:55:00	1,57	2,48	2,41	1,84	1,10	0,38	-0,11	-0,35	-0,44	-0,53	-0,54	-0,45	-0,37	1,58	0
