FileFormat:0002.2 file with temperature of atmosphere
200
local	GMT or Local
0	GMT-Local=[hours]
0	Height[m]
0	0	0	Longitude                [grd]               [min]               [sec]
0	0	0	Latitude                [grd]               [min]               [sec]
N	NS
59,40	Freq[GHz]
0,00	dTemostat[K]
0,150	MessErr[K]
0,248	//[grad/step]
version 14.0.20110218
MTP5H033F5940K-33.00D180214+A1.1
Commentary:
enter comment
End Of Commentary

SYSTEM\summer.dat
data time	0	50	100	150	200	250	300	350	400	450	500	550	600	OutsideTemperature	Quality
24/08/2020 00:00:00	20,11	20,32	20,38	20,30	20,17	20,01	19,76	19,51	19,24	18,93	18,54	18,11	17,68	19,96	0
24/08/2020 00:05:00	20,04	20,26	20,30	20,27	20,14	19,97	19,74	19,51	19,25	18,95	18,57	18,15	17,73	20,00	0
24/08/2020 00:10:00	19,80	20,34	20,50	20,45	20,30	20,10	19,85	19,59	19,29	18,96	18,55	18,10	17,65	19,94	0
24/08/2020 00:15:00	19,84	20,24	20,36	20,27	20,16	20,00	19,76	19,51	19,24	18,93	18,55	18,13	17,71	19,81	0
24/08/2020 00:20:00	19,80	20,15	20,28	20,21	20,10	19,93	19,68	19,43	19,15	18,83	18,43	17,99	17,55	19,86	0
24/08/2020 00:25:00	19,82	20,15	20,22	20,17	20,06	19,88	19,65	19,41	19,13	18,83	18,44	18,02	17,59	19,77	0
24/08/2020 00:30:00	19,79	20,21	20,27	20,16	20,01	19,84	19,59	19,34	19,06	18,75	18,38	17,97	17,56	19,74	0
24/08/2020 00:35:00	19,78	20,11	20,25	20,21	20,10	19,96	19,74	19,50	19,23	18,93	18,54	18,12	17,69	19,85	0
24/08/2020 00:40:00	19,83	20,06	20,10	20,04	19,93	19,80	19,61	19,40	19,15	18,87	18,53	18,14	17,76	19,76	0
24/08/2020 00:45:00	19,62	20,09	20,18	20,17	20,07	19,91	19,66	19,41	19,14	18,82	18,43	18,00	17,57	19,72	0
24/08/2020 00:50:00	19,80	20,17	20,34	20,28	20,14	20,00	19,76	19,51	19,23	18,92	18,52	18,09	17,66	19,59	0
24/08/2020 00:55:00	19,54	20,02	20,14	20,16	20,07	19,93	19,69	19,45	19,17	18,86	18,47	18,04	17,61	19,68	0
24/08/2020 01:00:00	19,60	20,10	20,15	20,06	19,91	19,74	19,52	19,28	19,01	18,72	18,38	18,00	17,62	19,76	0
24/08/2020 01:05:00	19,68	19,96	20,06	20,02	19,92	19,76	19,56	19,34	19,09	18,80	18,44	18,04	17,64	19,65	0
24/08/2020 01:10:00	19,51	20,04	20,19	20,12	19,95	19,73	19,47	19,19	18,89	18,56	18,15	17,70	17,25	19,61	0
24/08/2020 01:15:00	19,57	20,01	20,14	20,10	20,00	19,84	19,61	19,37	19,10	18,79	18,40	17,98	17,55	19,54	0
24/08/2020 01:20:00	19,36	19,99	20,17	20,11	19,95	19,75	19,52	19,27	18,97	18,65	18,26	17,84	17,41	19,32	0
24/08/2020 01:25:00	19,16	19,93	20,18	20,16	20,01	19,81	19,55	19,27	18,97	18,62	18,20	17,74	17,29	19,19	0
24/08/2020 01:30:00	19,21	19,71	19,90	19,85	19,74	19,58	19,32	19,05	18,76	18,43	18,02	17,57	17,13	19,11	0
24/08/2020 01:35:00	19,17	19,74	19,91	19,79	19,61	19,42	19,17	18,90	18,60	18,28	17,89	17,48	17,06	19,14	0
24/08/2020 01:40:00	19,12	19,91	20,14	20,09	20,01	19,85	19,57	19,30	19,00	18,67	18,27	17,83	17,39	19,11	0
24/08/2020 01:45:00	19,15	19,64	19,75	19,69	19,57	19,42	19,17	18,91	18,64	18,33	17,95	17,53	17,12	19,13	0
24/08/2020 01:50:00	19,07	19,71	19,88	19,84	19,70	19,53	19,31	19,07	18,79	18,48	18,10	17,69	17,29	19,09	0
24/08/2020 01:55:00	18,93	19,70	19,94	19,94	19,87	19,70	19,46	19,21	18,92	18,60	18,21	17,78	17,35	18,86	0
24/08/2020 02:00:00	18,84	19,69	20,00	20,04	19,96	19,77	19,54	19,29	18,99	18,66	18,25	17,80	17,35	18,82	0
24/08/2020 02:05:00	18,87	19,71	19,95	19,97	19,87	19,72	19,47	19,20	18,91	18,58	18,18	17,74	17,29	18,82	0
24/08/2020 02:10:00	18,77	19,57	19,71	19,72	19,63	19,49	19,26	19,01	18,74	18,44	18,08	17,68	17,28	18,84	0
24/08/2020 02:15:00	18,74	19,46	19,67	19,60	19,52	19,41	19,19	18,95	18,68	18,39	18,04	17,66	17,28	18,78	0
24/08/2020 02:20:00	18,62	19,46	19,72	19,67	19,57	19,45	19,23	18,99	18,71	18,40	18,04	17,65	17,25	18,69	0
24/08/2020 02:25:00	18,82	19,46	19,65	19,65	19,56	19,40	19,16	18,90	18,61	18,30	17,90	17,47	17,04	18,96	0
24/08/2020 02:30:00	18,99	19,59	19,80	19,81	19,75	19,61	19,42	19,20	18,94	18,64	18,28	17,87	17,47	18,94	0
24/08/2020 02:35:00	18,75	19,49	19,82	19,85	19,78	19,68	19,47	19,23	18,95	18,64	18,24	17,82	17,39	18,90	0
24/08/2020 02:40:00	18,75	19,47	19,72	19,77	19,76	19,68	19,49	19,28	19,03	18,74	18,39	18,00	17,61	18,71	0
24/08/2020 02:45:00	18,80	19,56	19,79	19,76	19,71	19,58	19,35	19,11	18,83	18,53	18,16	17,76	17,35	18,72	0
24/08/2020 02:50:00	18,65	19,21	19,46	19,54	19,53	19,43	19,26	19,06	18,81	18,53	18,17	17,77	17,36	18,65	0
24/08/2020 02:55:00	18,97	19,31	19,53	19,54	19,48	19,42	19,26	19,08	18,84	18,57	18,23	17,85	17,47	18,80	0
24/08/2020 03:00:00	18,68	19,36	19,57	19,61	19,57	19,50	19,31	19,10	18,86	18,58	18,24	17,86	17,48	18,76	0
24/08/2020 03:05:00	18,66	19,43	19,76	19,84	19,78	19,64	19,45	19,23	18,96	18,65	18,27	17,85	17,42	18,76	0
24/08/2020 03:10:00	18,63	19,21	19,53	19,62	19,57	19,49	19,30	19,09	18,83	18,52	18,14	17,71	17,28	18,69	0
24/08/2020 03:15:00	18,48	19,13	19,47	19,59	19,59	19,52	19,35	19,15	18,89	18,60	18,22	17,80	17,38	18,44	0
24/08/2020 03:20:00	18,26	19,08	19,45	19,48	19,44	19,36	19,16	18,93	18,65	18,34	17,97	17,55	17,14	18,16	0
24/08/2020 03:25:00	17,97	18,88	19,28	19,36	19,34	19,26	19,10	18,89	18,63	18,33	17,97	17,57	17,18	18,03	0
24/08/2020 03:30:00	17,95	18,80	19,18	19,29	19,30	19,25	19,06	18,85	18,59	18,29	17,92	17,51	17,10	17,94	0
24/08/2020 03:35:00	17,74	18,74	19,16	19,28	19,27	19,22	19,08	18,89	18,64	18,36	18,02	17,64	17,26	17,85	0
24/08/2020 03:40:00	17,84	18,78	19,24	19,39	19,39	19,31	19,15	18,95	18,68	18,38	18,00	17,58	17,16	17,85	0
24/08/2020 03:45:00	17,74	18,79	19,28	19,37	19,38	19,32	19,13	18,90	18,62	18,31	17,93	17,51	17,09	17,72	0
24/08/2020 03:50:00	17,89	18,51	18,96	19,02	19,02	18,98	18,81	18,61	18,35	18,05	17,68	17,27	16,86	17,64	0
24/08/2020 03:55:00	17,62	18,65	19,12	19,25	19,27	19,18	19,02	18,80	18,53	18,23	17,85	17,44	17,02	17,69	0
24/08/2020 04:00:00	17,67	18,55	19,00	19,17	19,25	19,23	19,08	18,90	18,65	18,37	18,01	17,61	17,21	17,77	0
24/08/2020 04:05:00	17,80	18,88	19,34	19,46	19,49	19,43	19,25	19,03	18,76	18,47	18,10	17,69	17,28	17,82	0
24/08/2020 04:10:00	17,86	18,90	19,40	19,56	19,57	19,51	19,36	19,16	18,89	18,59	18,21	17,80	17,38	17,79	0
24/08/2020 04:15:00	18,01	18,82	19,33	19,51	19,55	19,50	19,33	19,13	18,86	18,55	18,15	17,70	17,26	17,72	0
24/08/2020 04:20:00	17,79	18,90	19,45	19,62	19,69	19,64	19,45	19,23	18,96	18,65	18,26	17,82	17,38	17,69	0
24/08/2020 04:25:00	17,46	18,43	19,07	19,23	19,24	19,19	19,02	18,81	18,52	18,19	17,77	17,32	16,86	17,47	0
24/08/2020 04:30:00	17,30	18,54	19,09	19,20	19,19	19,12	18,90	18,65	18,35	18,02	17,61	17,17	16,73	17,48	0
24/08/2020 04:35:00	17,60	18,32	18,90	19,03	19,11	19,09	18,96	18,78	18,53	18,23	17,86	17,44	17,02	17,66	0
24/08/2020 04:40:00	17,24	18,40	19,00	19,09	19,08	19,04	18,85	18,61	18,32	18,00	17,61	17,18	16,76	17,12	0
24/08/2020 04:45:00	17,38	18,39	18,96	19,11	19,11	19,03	18,91	18,71	18,44	18,13	17,74	17,33	16,91	16,90	0
24/08/2020 04:50:00	17,14	18,34	18,98	19,10	19,09	19,05	18,87	18,64	18,35	18,03	17,63	17,20	16,77	16,76	0
24/08/2020 04:55:00	16,72	17,99	18,70	18,87	18,88	18,82	18,64	18,40	18,10	17,77	17,34	16,89	16,43	16,54	0
24/08/2020 05:00:00	16,67	17,99	18,75	18,98	19,05	19,02	18,86	18,64	18,36	18,03	17,62	17,17	16,72	16,27	0
24/08/2020 05:05:00	16,89	17,89	18,60	18,81	18,89	18,84	18,67	18,45	18,17	17,83	17,40	16,93	16,46	16,09	0
24/08/2020 05:10:00	16,44	17,95	18,72	18,89	18,93	18,83	18,64	18,39	18,08	17,72	17,29	16,82	16,35	15,74	0
24/08/2020 05:15:00	15,96	17,51	18,48	18,74	18,82	18,76	18,54	18,28	17,95	17,56	17,06	16,54	16,01	15,62	0
24/08/2020 05:20:00	15,67	17,20	18,06	18,31	18,44	18,39	18,19	17,95	17,64	17,29	16,85	16,37	15,89	15,69	0
24/08/2020 05:25:00	15,53	17,14	17,96	18,13	18,14	18,06	17,85	17,59	17,26	16,89	16,45	15,98	15,51	15,54	0
24/08/2020 05:30:00	15,42	17,14	18,06	18,33	18,43	18,37	18,14	17,87	17,54	17,16	16,69	16,19	15,68	15,53	0
24/08/2020 05:35:00	15,51	17,01	17,91	18,24	18,37	18,37	18,23	18,03	17,74	17,41	16,98	16,52	16,05	15,18	0
24/08/2020 05:40:00	15,38	16,88	17,77	18,07	18,17	18,18	18,00	17,78	17,48	17,14	16,71	16,24	15,77	15,37	0
24/08/2020 05:45:00	15,48	16,63	17,29	17,56	17,72	17,72	17,58	17,38	17,13	16,83	16,46	16,05	15,63	15,22	0
24/08/2020 05:50:00	15,54	16,30	16,79	17,06	17,20	17,26	17,16	17,01	16,79	16,54	16,22	15,86	15,49	15,25	0
24/08/2020 05:55:00	15,29	15,91	16,42	16,68	16,86	16,91	16,82	16,68	16,47	16,22	15,91	15,54	15,18	15,34	0
24/08/2020 06:00:00	15,33	15,97	16,45	16,69	16,85	16,90	16,80	16,65	16,44	16,19	15,88	15,52	15,16	15,51	0
24/08/2020 06:05:00	15,66	16,01	16,33	16,57	16,77	16,89	16,81	16,69	16,52	16,32	16,06	15,75	15,44	15,59	0
24/08/2020 06:10:00	15,71	16,07	16,20	16,41	16,56	16,64	16,61	16,53	16,38	16,22	16,02	15,77	15,53	15,99	0
24/08/2020 06:15:00	15,69	15,98	16,19	16,36	16,49	16,56	16,53	16,45	16,28	16,11	15,89	15,63	15,37	16,28	0
24/08/2020 06:20:00	15,66	16,14	16,28	16,37	16,40	16,41	16,33	16,20	16,01	15,81	15,58	15,31	15,05	16,66	0
24/08/2020 06:25:00	15,89	16,15	16,29	16,51	16,66	16,73	16,69	16,61	16,45	16,28	16,07	15,80	15,53	17,00	0
24/08/2020 06:30:00	15,97	16,07	16,23	16,42	16,56	16,68	16,68	16,62	16,48	16,33	16,14	15,90	15,66	17,16	0
24/08/2020 06:35:00	16,15	16,19	16,23	16,41	16,59	16,68	16,64	16,57	16,43	16,28	16,09	15,84	15,60	17,14	0
24/08/2020 06:40:00	16,48	16,49	16,45	16,61	16,73	16,82	16,82	16,76	16,64	16,50	16,34	16,12	15,91	17,26	0
24/08/2020 06:45:00	16,83	16,78	16,73	16,87	17,01	17,17	17,16	17,10	16,99	16,88	16,73	16,53	16,33	17,41	0
24/08/2020 06:50:00	17,13	17,08	16,81	16,89	16,96	17,07	17,05	17,00	16,90	16,80	16,69	16,52	16,36	17,79	0
24/08/2020 06:55:00	17,22	17,11	16,94	17,02	17,11	17,22	17,22	17,18	17,07	16,96	16,83	16,66	16,48	17,97	0
24/08/2020 07:00:00	17,43	17,28	17,00	17,05	17,14	17,27	17,24	17,19	17,09	16,99	16,88	16,72	16,55	18,17	0
24/08/2020 07:05:00	17,39	17,23	17,00	17,04	17,05	17,11	17,07	17,00	16,87	16,74	16,59	16,40	16,20	18,43	0
24/08/2020 07:10:00	17,22	17,16	16,99	16,98	17,09	17,24	17,23	17,18	17,08	16,98	16,88	16,73	16,58	18,30	0
24/08/2020 07:15:00	17,54	17,43	17,32	17,28	17,33	17,37	17,33	17,24	17,10	16,96	16,79	16,59	16,38	18,22	0
24/08/2020 07:20:00	17,70	17,70	17,63	17,54	17,51	17,47	17,39	17,26	17,08	16,90	16,69	16,44	16,19	18,08	0
24/08/2020 07:25:00	18,07	17,99	17,98	17,96	17,93	17,89	17,75	17,59	17,38	17,15	16,87	16,54	16,22	18,03	0
24/08/2020 07:30:00	18,10	18,18	18,16	18,08	18,04	17,99	17,87	17,72	17,52	17,31	17,06	16,78	16,50	18,07	0
24/08/2020 07:35:00	18,15	18,24	18,23	18,13	18,07	18,06	17,97	17,84	17,65	17,45	17,23	16,98	16,72	18,13	0
24/08/2020 07:40:00	18,25	18,21	18,16	18,06	18,04	18,03	17,92	17,78	17,60	17,41	17,18	16,91	16,65	18,00	0
24/08/2020 07:45:00	18,30	18,27	18,21	18,18	18,17	18,15	18,09	17,99	17,82	17,64	17,44	17,19	16,94	18,28	0
24/08/2020 07:50:00	19,18	18,57	17,95	17,86	17,89	17,93	17,92	17,89	17,81	17,75	17,69	17,58	17,46	18,73	0
24/08/2020 07:55:00	19,49	18,67	17,95	17,68	17,58	17,60	17,57	17,52	17,43	17,38	17,34	17,26	17,18	19,14	0
24/08/2020 08:00:00	19,14	18,32	17,68	17,46	17,38	17,37	17,31	17,25	17,14	17,05	16,96	16,82	16,69	19,14	0
24/08/2020 08:05:00	19,48	18,64	17,86	17,61	17,45	17,36	17,26	17,16	17,04	16,93	16,82	16,67	16,52	19,19	0
24/08/2020 08:10:00	19,19	18,30	17,67	17,45	17,36	17,39	17,34	17,28	17,17	17,08	16,99	16,85	16,72	19,46	0
24/08/2020 08:15:00	18,66	18,31	17,94	17,73	17,65	17,56	17,39	17,22	17,04	16,85	16,64	16,38	16,13	18,97	0
24/08/2020 08:20:00	18,50	18,06	17,74	17,66	17,62	17,60	17,54	17,45	17,31	17,17	17,00	16,79	16,58	18,68	0
24/08/2020 08:25:00	18,56	18,13	17,73	17,57	17,50	17,44	17,36	17,25	17,10	16,95	16,80	16,59	16,39	18,64	0
24/08/2020 08:30:00	18,78	18,11	17,65	17,52	17,53	17,61	17,58	17,52	17,42	17,33	17,23	17,07	16,92	18,66	0
24/08/2020 08:35:00	19,24	18,37	17,59	17,39	17,32	17,32	17,27	17,21	17,12	17,05	16,99	16,88	16,76	19,01	0
24/08/2020 08:40:00	19,16	18,50	17,95	17,64	17,45	17,35	17,23	17,09	16,93	16,78	16,62	16,43	16,24	19,45	0
24/08/2020 08:45:00	19,20	18,58	18,08	17,85	17,73	17,67	17,57	17,45	17,31	17,17	17,02	16,83	16,64	19,39	0
24/08/2020 08:50:00	19,85	19,01	18,22	17,91	17,72	17,61	17,46	17,32	17,18	17,05	16,91	16,74	16,56	19,77	0
24/08/2020 08:55:00	19,90	19,11	18,47	18,25	18,10	17,99	17,84	17,70	17,54	17,38	17,20	16,97	16,74	20,04	0
24/08/2020 09:00:00	20,27	19,29	18,47	18,15	17,96	17,87	17,72	17,58	17,44	17,32	17,18	17,00	16,82	20,41	0
24/08/2020 09:05:00	19,49	19,05	18,70	18,59	18,52	18,48	18,38	18,26	18,10	17,93	17,73	17,48	17,24	20,14	0
24/08/2020 09:10:00	19,31	19,05	18,83	18,73	18,71	18,63	18,46	18,30	18,11	17,89	17,63	17,32	17,01	19,77	0
24/08/2020 09:15:00	19,84	19,43	19,08	18,98	18,91	18,83	18,71	18,58	18,41	18,23	18,01	17,74	17,48	19,93	0
24/08/2020 09:20:00	20,06	19,48	19,12	18,92	18,82	18,75	18,61	18,47	18,30	18,12	17,91	17,65	17,39	20,07	0
24/08/2020 09:25:00	20,36	19,70	19,17	18,91	18,72	18,65	18,54	18,41	18,25	18,09	17,92	17,70	17,49	20,07	0
24/08/2020 09:30:00	20,39	19,89	19,35	19,15	19,01	18,94	18,81	18,68	18,53	18,38	18,21	17,99	17,77	20,33	0
24/08/2020 09:35:00	21,21	20,10	19,35	19,00	18,81	18,68	18,52	18,37	18,21	18,04	17,85	17,61	17,38	20,86	0
24/08/2020 09:40:00	20,71	20,14	19,75	19,52	19,26	19,09	18,91	18,72	18,50	18,26	17,99	17,66	17,34	20,87	0
24/08/2020 09:45:00	20,65	20,23	19,90	19,73	19,58	19,44	19,26	19,07	18,87	18,64	18,36	18,04	17,72	21,02	0
24/08/2020 09:50:00	20,87	20,62	20,35	20,20	20,13	20,07	19,92	19,77	19,59	19,39	19,14	18,84	18,55	20,99	0
24/08/2020 09:55:00	21,22	20,82	20,53	20,32	20,13	19,93	19,74	19,54	19,31	19,06	18,75	18,40	18,05	21,14	0
24/08/2020 10:00:00	21,49	21,13	20,55	20,25	20,05	19,91	19,72	19,55	19,36	19,17	18,96	18,71	18,46	21,41	0
24/08/2020 10:05:00	21,85	21,09	20,47	20,15	20,02	19,92	19,74	19,59	19,43	19,26	19,07	18,82	18,58	21,81	0
24/08/2020 10:10:00	21,92	21,21	20,57	20,26	20,07	19,95	19,78	19,63	19,46	19,29	19,09	18,85	18,60	21,86	0
24/08/2020 10:15:00	21,71	21,24	20,71	20,37	20,11	19,93	19,72	19,53	19,32	19,10	18,86	18,58	18,29	21,80	0
24/08/2020 10:20:00	21,88	21,26	20,79	20,51	20,30	20,07	19,84	19,63	19,41	19,17	18,87	18,53	18,19	21,84	0
24/08/2020 10:25:00	21,64	21,17	20,81	20,54	20,34	20,17	19,94	19,72	19,50	19,26	18,96	18,62	18,29	21,67	0
24/08/2020 10:30:00	21,62	21,47	21,06	20,81	20,60	20,41	20,19	19,98	19,76	19,52	19,25	18,94	18,62	21,54	0
24/08/2020 10:35:00	22,32	21,51	21,05	20,70	20,43	20,22	20,00	19,79	19,56	19,31	19,01	18,67	18,33	22,09	0
24/08/2020 10:40:00	22,98	21,77	21,09	20,69	20,43	20,20	20,00	19,82	19,63	19,41	19,15	18,85	18,54	22,34	0
24/08/2020 10:45:00	22,75	21,90	21,26	20,84	20,53	20,25	20,02	19,81	19,58	19,34	19,06	18,74	18,42	22,64	0
24/08/2020 10:50:00	22,98	22,10	21,50	21,10	20,80	20,53	20,28	20,05	19,82	19,57	19,26	18,91	18,57	22,69	0
24/08/2020 10:55:00	22,35	21,91	21,50	21,14	20,81	20,52	20,21	19,92	19,64	19,33	18,95	18,54	18,12	22,40	0
24/08/2020 11:00:00	22,51	21,94	21,38	20,95	20,64	20,31	20,02	19,76	19,50	19,23	18,91	18,55	18,20	22,40	0
24/08/2020 11:05:00	22,16	21,89	21,51	21,12	20,79	20,47	20,13	19,82	19,52	19,19	18,80	18,37	17,95	22,06	0
24/08/2020 11:10:00	22,04	21,88	21,61	21,31	20,98	20,65	20,33	20,04	19,74	19,41	19,01	18,57	18,14	22,13	0
24/08/2020 11:15:00	22,12	21,89	21,53	21,17	20,88	20,60	20,28	19,99	19,70	19,39	19,02	18,61	18,20	22,18	0
24/08/2020 11:20:00	22,06	21,86	21,54	21,27	20,95	20,61	20,27	19,96	19,65	19,31	18,89	18,43	17,98	22,01	0
24/08/2020 11:25:00	22,37	21,93	21,47	21,15	20,80	20,50	20,23	19,97	19,71	19,43	19,09	18,71	18,34	22,24	0
24/08/2020 11:30:00	22,54	22,08	21,57	21,15	20,84	20,52	20,21	19,92	19,65	19,36	19,02	18,64	18,26	22,51	0
24/08/2020 11:35:00	22,59	22,16	21,62	21,19	20,82	20,48	20,15	19,85	19,57	19,28	18,93	18,56	18,18	22,61	0
24/08/2020 11:40:00	22,58	22,17	21,75	21,39	21,02	20,61	20,25	19,92	19,61	19,26	18,83	18,37	17,91	22,56	0
24/08/2020 11:45:00	22,56	22,10	21,62	21,19	20,80	20,41	20,05	19,74	19,44	19,12	18,74	18,33	17,92	22,25	0
24/08/2020 11:50:00	22,65	22,11	21,60	21,19	20,83	20,46	20,11	19,80	19,51	19,19	18,80	18,38	17,96	22,40	0
24/08/2020 11:55:00	22,53	22,11	21,63	21,21	20,89	20,55	20,20	19,89	19,60	19,29	18,91	18,49	18,08	22,54	0
24/08/2020 12:00:00	22,52	22,02	21,49	20,97	20,56	20,18	19,80	19,47	19,17	18,85	18,48	18,07	17,67	22,28	0
24/08/2020 12:05:00	22,54	21,72	21,04	20,53	20,09	19,74	19,43	19,14	18,87	18,59	18,27	17,92	17,57	22,52	0
24/08/2020 12:10:00	22,20	21,68	21,13	20,70	20,30	19,93	19,59	19,29	19,00	18,68	18,31	17,91	17,51	21,74	0
24/08/2020 12:15:00	21,95	21,32	20,70	20,26	19,85	19,51	19,17	18,87	18,60	18,30	17,96	17,58	17,21	21,94	0
24/08/2020 12:20:00	21,63	21,27	20,72	20,25	19,81	19,44	19,10	18,79	18,49	18,18	17,84	17,46	17,09	21,65	0
24/08/2020 12:25:00	21,53	21,11	20,65	20,20	19,82	19,47	19,12	18,80	18,50	18,18	17,81	17,41	17,01	21,56	0
24/08/2020 12:30:00	21,55	21,23	20,81	20,43	20,05	19,70	19,35	19,03	18,73	18,40	18,01	17,59	17,16	21,48	0
24/08/2020 12:35:00	21,45	21,06	20,66	20,31	19,93	19,54	19,21	18,91	18,60	18,27	17,87	17,44	17,01	21,44	0
24/08/2020 12:40:00	21,36	21,02	20,66	20,24	19,86	19,47	19,11	18,77	18,45	18,10	17,69	17,25	16,81	21,26	0
24/08/2020 12:45:00	21,35	21,03	20,64	20,22	19,84	19,44	19,06	18,72	18,40	18,05	17,63	17,19	16,74	21,29	0
24/08/2020 12:50:00	21,21	20,80	20,33	19,92	19,52	19,16	18,81	18,50	18,20	17,88	17,51	17,10	16,70	21,19	0
24/08/2020 12:55:00	21,21	20,71	20,24	19,81	19,41	19,00	18,65	18,33	18,02	17,69	17,31	16,90	16,48	21,04	0
24/08/2020 13:00:00	20,96	20,51	20,08	19,66	19,29	18,97	18,65	18,36	18,07	17,77	17,42	17,04	16,66	20,88	0
24/08/2020 13:05:00	20,89	20,55	20,09	19,68	19,27	18,89	18,52	18,19	17,88	17,54	17,15	16,73	16,32	20,86	0
24/08/2020 13:10:00	21,12	20,39	19,82	19,36	18,98	18,63	18,33	18,05	17,78	17,49	17,16	16,80	16,45	21,14	0
24/08/2020 13:15:00	21,12	20,42	19,84	19,40	18,98	18,60	18,27	17,97	17,69	17,38	17,03	16,65	16,27	21,11	0
24/08/2020 13:20:00	21,41	20,42	19,67	19,10	18,64	18,23	17,88	17,57	17,29	17,00	16,68	16,33	15,98	21,31	0
24/08/2020 13:25:00	21,11	20,31	19,69	19,23	18,84	18,51	18,19	17,91	17,64	17,36	17,04	16,68	16,33	21,23	0
24/08/2020 13:30:00	21,12	20,40	19,74	19,27	18,86	18,48	18,15	17,85	17,57	17,28	16,94	16,58	16,22	20,72	0
24/08/2020 13:35:00	21,03	20,41	19,75	19,25	18,83	18,49	18,16	17,87	17,59	17,32	17,01	16,68	16,35	20,84	0
24/08/2020 13:40:00	21,00	20,29	19,61	19,15	18,72	18,39	18,09	17,82	17,56	17,29	16,99	16,67	16,34	20,83	0
24/08/2020 13:45:00	21,22	20,39	19,61	19,10	18,65	18,31	18,00	17,73	17,48	17,23	16,96	16,66	16,35	20,86	0
24/08/2020 13:50:00	21,81	20,42	19,61	19,17	18,79	18,41	18,08	17,80	17,54	17,25	16,90	16,50	16,11	21,07	0
24/08/2020 13:55:00	21,16	20,38	19,68	19,16	18,74	18,37	18,01	17,70	17,41	17,11	16,78	16,41	16,04	21,12	0
24/08/2020 14:00:00	20,94	20,26	19,66	19,21	18,81	18,47	18,15	17,86	17,58	17,30	16,97	16,61	16,24	21,08	0
24/08/2020 14:05:00	20,96	20,25	19,67	19,22	18,84	18,49	18,16	17,86	17,58	17,28	16,94	16,57	16,20	20,91	0
24/08/2020 14:10:00	21,10	20,35	19,71	19,28	18,89	18,50	18,15	17,85	17,56	17,25	16,90	16,51	16,12	20,89	0
24/08/2020 14:15:00	20,73	20,07	19,47	19,02	18,60	18,22	17,88	17,57	17,28	16,98	16,63	16,25	15,87	21,06	0
24/08/2020 14:20:00	20,51	19,95	19,40	18,96	18,64	18,29	17,96	17,68	17,40	17,12	16,80	16,44	16,09	20,79	0
24/08/2020 14:25:00	21,15	20,27	19,53	19,02	18,63	18,28	17,94	17,65	17,39	17,11	16,80	16,46	16,11	21,13	0
24/08/2020 14:30:00	20,93	20,13	19,46	19,01	18,54	18,15	17,81	17,50	17,22	16,92	16,57	16,20	15,82	21,19	0
24/08/2020 14:35:00	20,83	20,24	19,63	19,16	18,73	18,29	17,88	17,53	17,21	16,86	16,47	16,05	15,62	21,09	0
24/08/2020 14:40:00	20,93	20,15	19,55	19,09	18,70	18,34	18,01	17,71	17,43	17,13	16,79	16,42	16,04	20,94	0
24/08/2020 14:45:00	21,23	20,27	19,43	18,87	18,33	17,85	17,50	17,18	16,88	16,58	16,25	15,89	15,53	21,36	0
24/08/2020 14:50:00	20,75	20,00	19,44	18,97	18,55	18,14	17,78	17,46	17,16	16,83	16,46	16,06	15,66	20,79	0
24/08/2020 14:55:00	20,61	19,98	19,48	19,04	18,64	18,25	17,91	17,60	17,30	16,98	16,61	16,22	15,82	20,61	0
24/08/2020 15:00:00	20,65	20,06	19,52	19,08	18,66	18,28	17,94	17,64	17,35	17,04	16,69	16,31	15,93	20,73	0
24/08/2020 15:05:00	20,78	20,00	19,40	18,92	18,51	18,15	17,83	17,54	17,26	16,97	16,64	16,28	15,92	20,91	0
24/08/2020 15:10:00	20,67	20,00	19,45	19,05	18,70	18,35	18,04	17,76	17,49	17,20	16,86	16,50	16,13	20,79	0
24/08/2020 15:15:00	20,77	19,97	19,40	18,98	18,58	18,25	17,92	17,63	17,35	17,05	16,71	16,32	15,94	20,96	0
24/08/2020 15:20:00	20,70	19,99	19,36	18,93	18,58	18,28	17,93	17,64	17,37	17,08	16,75	16,38	16,01	21,00	0
24/08/2020 15:25:00	20,81	20,02	19,44	19,00	18,59	18,18	17,84	17,53	17,23	16,91	16,55	16,14	15,74	20,83	0
24/08/2020 15:30:00	21,15	20,08	19,41	18,84	18,45	18,11	17,76	17,47	17,19	16,91	16,59	16,23	15,88	21,05	0
24/08/2020 15:35:00	21,29	20,12	19,46	19,03	18,66	18,36	18,05	17,79	17,53	17,25	16,92	16,55	16,18	21,17	0
24/08/2020 15:40:00	21,51	20,40	19,61	19,11	18,70	18,31	17,96	17,67	17,40	17,11	16,78	16,41	16,04	21,48	0
24/08/2020 15:45:00	20,99	20,19	19,64	19,20	18,83	18,49	18,17	17,88	17,61	17,31	16,97	16,60	16,23	21,12	0
24/08/2020 15:50:00	21,03	20,35	19,79	19,29	18,90	18,53	18,18	17,86	17,57	17,26	16,91	16,52	16,14	21,27	0
24/08/2020 15:55:00	21,01	20,43	19,84	19,40	19,01	18,65	18,32	18,03	17,75	17,46	17,13	16,77	16,41	21,20	0
24/08/2020 16:00:00	21,24	20,50	19,86	19,44	19,03	18,62	18,28	17,98	17,70	17,39	17,04	16,66	16,27	21,69	0
24/08/2020 16:05:00	21,15	20,54	19,96	19,52	19,10	18,66	18,28	17,95	17,63	17,29	16,90	16,48	16,05	22,06	0
24/08/2020 16:10:00	21,14	20,44	19,89	19,53	19,13	18,72	18,36	18,04	17,74	17,41	17,01	16,58	16,15	21,48	0
24/08/2020 16:15:00	21,39	20,66	20,01	19,46	18,99	18,57	18,17	17,83	17,51	17,19	16,81	16,41	16,01	21,70	0
24/08/2020 16:20:00	21,27	20,62	20,08	19,64	19,24	18,81	18,41	18,07	17,75	17,39	16,98	16,53	16,08	21,71	0
24/08/2020 16:25:00	21,18	20,67	20,24	19,80	19,39	18,98	18,61	18,27	17,94	17,59	17,18	16,73	16,29	21,69	0
24/08/2020 16:30:00	21,14	20,60	20,08	19,66	19,28	18,89	18,52	18,19	17,88	17,55	17,16	16,74	16,32	21,58	0
24/08/2020 16:35:00	21,04	20,59	20,11	19,67	19,25	18,86	18,50	18,17	17,85	17,52	17,14	16,72	16,31	21,62	0
24/08/2020 16:40:00	20,90	20,59	20,23	19,84	19,45	19,04	18,65	18,29	17,96	17,60	17,17	16,71	16,25	21,36	0
24/08/2020 16:45:00	21,17	20,90	20,45	20,03	19,64	19,25	18,89	18,55	18,24	17,90	17,52	17,10	16,68	21,36	0
24/08/2020 16:50:00	21,39	21,14	20,80	20,42	20,03	19,63	19,23	18,88	18,54	18,18	17,74	17,27	16,81	21,29	0
24/08/2020 16:55:00	21,32	21,10	20,74	20,40	20,01	19,58	19,18	18,82	18,48	18,10	17,64	17,15	16,66	21,24	0
24/08/2020 17:00:00	21,30	20,98	20,57	20,14	19,71	19,29	18,88	18,52	18,19	17,82	17,40	16,94	16,49	21,32	0
24/08/2020 17:05:00	21,39	20,96	20,49	20,15	19,77	19,40	19,04	18,73	18,42	18,09	17,69	17,26	16,83	21,35	0
24/08/2020 17:10:00	21,61	21,31	20,65	20,25	19,82	19,41	19,01	18,67	18,36	18,03	17,65	17,24	16,83	21,44	0
24/08/2020 17:15:00	22,33	21,38	20,53	20,06	19,61	19,22	18,89	18,60	18,34	18,06	17,75	17,39	17,04	22,19	0
24/08/2020 17:20:00	21,92	21,38	20,81	20,34	19,91	19,46	19,06	18,71	18,39	18,04	17,64	17,20	16,77	22,33	0
24/08/2020 17:25:00	21,64	21,20	20,66	20,27	19,92	19,58	19,23	18,92	18,64	18,33	17,98	17,58	17,19	21,79	0
24/08/2020 17:30:00	21,39	21,09	20,73	20,35	19,99	19,62	19,26	18,93	18,61	18,27	17,86	17,42	16,97	21,58	0
24/08/2020 17:35:00	21,53	21,22	20,76	20,38	19,98	19,58	19,21	18,87	18,55	18,20	17,79	17,35	16,91	21,78	0
24/08/2020 17:40:00	21,39	21,17	20,76	20,36	20,02	19,66	19,30	18,98	18,68	18,35	17,96	17,54	17,11	21,61	0
24/08/2020 17:45:00	21,54	21,29	20,92	20,54	20,16	19,80	19,43	19,10	18,78	18,43	18,02	17,57	17,13	21,49	0
24/08/2020 17:50:00	21,37	21,29	20,95	20,60	20,22	19,81	19,43	19,09	18,76	18,40	17,97	17,51	17,06	21,54	0
24/08/2020 17:55:00	21,39	21,33	21,10	20,80	20,44	20,05	19,65	19,29	18,94	18,54	18,06	17,55	17,03	21,34	0
24/08/2020 18:00:00	21,41	21,24	20,94	20,60	20,20	19,80	19,43	19,09	18,75	18,38	17,94	17,46	16,99	21,44	0
24/08/2020 18:05:00	21,32	21,20	20,89	20,56	20,22	19,85	19,47	19,12	18,79	18,43	18,00	17,53	17,06	21,31	0
24/08/2020 18:10:00	21,20	21,18	20,91	20,55	20,16	19,76	19,34	18,97	18,61	18,22	17,76	17,26	16,77	21,23	0
24/08/2020 18:15:00	21,13	21,18	20,95	20,61	20,22	19,80	19,41	19,05	18,71	18,32	17,87	17,39	16,91	21,18	0
24/08/2020 18:20:00	21,21	21,20	20,97	20,63	20,29	19,92	19,55	19,21	18,88	18,52	18,09	17,63	17,17	21,24	0
24/08/2020 18:25:00	21,29	21,25	20,92	20,54	20,15	19,77	19,40	19,06	18,73	18,38	17,97	17,52	17,08	21,30	0
24/08/2020 18:30:00	21,25	21,13	20,82	20,46	20,09	19,70	19,33	18,99	18,66	18,31	17,89	17,44	16,99	21,31	0
24/08/2020 18:35:00	21,17	21,11	20,82	20,46	20,05	19,67	19,33	19,00	18,67	18,31	17,90	17,46	17,02	21,14	0
24/08/2020 18:40:00	21,04	20,96	20,73	20,39	20,00	19,65	19,30	18,97	18,64	18,29	17,87	17,42	16,97	21,04	0
24/08/2020 18:45:00	20,97	20,98	20,71	20,32	19,96	19,59	19,19	18,83	18,49	18,13	17,70	17,25	16,79	20,99	0
24/08/2020 18:50:00	20,96	20,83	20,56	20,27	19,93	19,60	19,24	18,92	18,60	18,25	17,84	17,38	16,93	20,92	0
24/08/2020 18:55:00	20,91	20,90	20,65	20,34	19,98	19,59	19,20	18,84	18,50	18,13	17,68	17,20	16,72	20,89	0
24/08/2020 19:00:00	20,92	20,84	20,57	20,28	19,97	19,61	19,26	18,94	18,62	18,28	17,86	17,41	16,96	20,84	0
24/08/2020 19:05:00	20,82	20,92	20,71	20,38	19,99	19,59	19,20	18,84	18,49	18,10	17,65	17,17	16,69	20,85	0
24/08/2020 19:10:00	20,78	20,70	20,47	20,14	19,84	19,49	19,13	18,81	18,49	18,14	17,73	17,28	16,83	20,72	0
24/08/2020 19:15:00	20,64	20,73	20,56	20,22	19,88	19,49	19,10	18,74	18,39	18,01	17,56	17,08	16,59	20,72	0
24/08/2020 19:20:00	20,79	20,75	20,48	20,17	19,84	19,51	19,17	18,85	18,54	18,20	17,79	17,36	16,93	20,67	0
24/08/2020 19:25:00	20,71	20,76	20,52	20,21	19,85	19,50	19,16	18,84	18,51	18,17	17,76	17,32	16,88	20,65	0
24/08/2020 19:30:00	20,62	20,74	20,56	20,24	19,89	19,52	19,15	18,81	18,47	18,10	17,67	17,21	16,75	20,59	0
24/08/2020 19:35:00	20,53	20,65	20,49	20,18	19,84	19,50	19,15	18,82	18,50	18,14	17,72	17,27	16,83	20,54	0
24/08/2020 19:40:00	20,50	20,62	20,43	20,13	19,86	19,51	19,17	18,84	18,53	18,18	17,78	17,34	16,90	20,45	0
24/08/2020 19:45:00	20,40	20,47	20,22	19,93	19,62	19,25	18,90	18,57	18,24	17,90	17,49	17,05	16,61	20,46	0
24/08/2020 19:50:00	20,37	20,47	20,29	20,01	19,73	19,40	19,06	18,74	18,42	18,07	17,66	17,22	16,77	20,41	0
24/08/2020 19:55:00	20,18	20,45	20,26	19,98	19,61	19,26	18,91	18,58	18,25	17,90	17,49	17,05	16,62	20,37	0
24/08/2020 20:00:00	20,27	20,42	20,29	20,03	19,73	19,38	19,01	18,67	18,34	17,96	17,52	17,04	16,56	20,25	0
24/08/2020 20:05:00	20,11	20,33	20,17	19,83	19,49	19,11	18,76	18,42	18,08	17,73	17,32	16,88	16,44	20,19	0
24/08/2020 20:10:00	20,17	20,24	20,04	19,73	19,40	19,06	18,72	18,40	18,08	17,74	17,34	16,91	16,48	20,11	0
24/08/2020 20:15:00	20,05	20,21	20,05	19,73	19,37	19,03	18,72	18,41	18,09	17,76	17,38	16,97	16,56	20,06	0
24/08/2020 20:20:00	19,95	20,16	20,00	19,65	19,34	18,99	18,62	18,28	17,95	17,60	17,20	16,76	16,33	19,97	0
24/08/2020 20:25:00	19,83	20,04	19,93	19,66	19,33	18,99	18,66	18,33	18,01	17,65	17,24	16,79	16,35	19,96	0
24/08/2020 20:30:00	19,91	19,93	19,75	19,44	19,14	18,83	18,51	18,20	17,89	17,56	17,17	16,76	16,34	19,90	0
24/08/2020 20:35:00	19,87	19,87	19,64	19,33	19,02	18,71	18,38	18,07	17,77	17,44	17,06	16,65	16,24	19,84	0
24/08/2020 20:40:00	19,80	19,83	19,64	19,37	19,09	18,81	18,51	18,22	17,92	17,60	17,23	16,83	16,43	19,75	0
24/08/2020 20:45:00	19,70	19,68	19,52	19,25	18,96	18,68	18,39	18,10	17,80	17,49	17,12	16,71	16,31	19,67	0
24/08/2020 20:50:00	19,65	19,60	19,39	19,13	18,88	18,61	18,34	18,08	17,80	17,50	17,15	16,77	16,40	19,62	0
24/08/2020 20:55:00	19,60	19,60	19,39	19,10	18,81	18,55	18,25	17,96	17,67	17,37	17,01	16,63	16,24	19,62	0
24/08/2020 21:00:00	19,62	19,59	19,38	19,14	18,86	18,57	18,31	18,05	17,77	17,47	17,12	16,74	16,36	19,57	0
24/08/2020 21:05:00	19,52	19,62	19,41	19,14	18,87	18,61	18,33	18,05	17,77	17,47	17,12	16,75	16,37	19,63	0
24/08/2020 21:10:00	19,56	19,57	19,31	19,04	18,75	18,47	18,19	17,92	17,63	17,34	16,99	16,62	16,25	19,57	0
24/08/2020 21:15:00	19,50	19,51	19,35	19,13	18,83	18,56	18,30	18,04	17,75	17,44	17,09	16,70	16,31	19,54	0
24/08/2020 21:20:00	19,57	19,49	19,31	19,08	18,89	18,67	18,40	18,13	17,86	17,57	17,22	16,83	16,45	19,53	0
24/08/2020 21:25:00	19,51	19,56	19,37	19,12	18,91	18,67	18,36	18,07	17,79	17,48	17,12	16,73	16,33	19,49	0
24/08/2020 21:30:00	19,56	19,55	19,38	19,13	18,92	18,71	18,47	18,23	17,97	17,70	17,38	17,03	16,68	19,54	0
24/08/2020 21:35:00	19,47	19,44	19,25	19,02	18,77	18,57	18,33	18,09	17,82	17,55	17,23	16,87	16,52	19,51	0
24/08/2020 21:40:00	19,48	19,52	19,39	19,18	18,99	18,81	18,54	18,28	18,02	17,73	17,39	17,02	16,64	19,48	0
24/08/2020 21:45:00	19,50	19,59	19,47	19,30	19,09	18,84	18,58	18,33	18,05	17,75	17,39	17,00	16,61	19,52	0
24/08/2020 21:50:00	19,59	19,60	19,43	19,15	18,89	18,65	18,35	18,07	17,78	17,48	17,12	16,73	16,34	19,57	0
24/08/2020 21:55:00	19,54	19,56	19,31	19,02	18,76	18,55	18,28	18,02	17,75	17,47	17,15	16,81	16,46	19,60	0
24/08/2020 22:00:00	19,53	19,50	19,21	18,94	18,67	18,37	18,10	17,84	17,56	17,27	16,94	16,58	16,22	19,54	0
24/08/2020 22:05:00	19,58	19,44	19,13	18,86	18,62	18,38	18,14	17,90	17,64	17,38	17,07	16,73	16,40	19,51	0
24/08/2020 22:10:00	19,48	19,50	19,28	19,03	18,77	18,56	18,29	18,03	17,76	17,47	17,14	16,77	16,41	19,45	0
24/08/2020 22:15:00	19,40	19,35	19,10	18,89	18,70	18,50	18,26	18,02	17,77	17,51	17,20	16,85	16,51	19,41	0
24/08/2020 22:20:00	19,33	19,27	19,00	18,77	18,60	18,39	18,15	17,92	17,68	17,42	17,13	16,79	16,46	19,26	0
24/08/2020 22:25:00	19,25	19,23	19,03	18,81	18,61	18,38	18,14	17,90	17,64	17,37	17,06	16,71	16,36	19,21	0
24/08/2020 22:30:00	19,25	19,16	18,96	18,71	18,49	18,30	18,09	17,87	17,62	17,36	17,07	16,75	16,42	19,12	0
24/08/2020 22:35:00	19,12	19,05	18,87	18,66	18,52	18,35	18,13	17,90	17,66	17,40	17,10	16,76	16,42	19,11	0
24/08/2020 22:40:00	19,03	19,16	19,00	18,79	18,55	18,31	18,08	17,83	17,56	17,28	16,96	16,61	16,25	19,07	0
24/08/2020 22:45:00	19,07	19,01	18,82	18,69	18,54	18,35	18,13	17,91	17,66	17,39	17,07	16,71	16,35	19,02	0
24/08/2020 22:50:00	18,98	18,93	18,76	18,59	18,42	18,26	18,03	17,79	17,55	17,28	16,96	16,61	16,26	18,99	0
24/08/2020 22:55:00	19,01	19,00	18,82	18,64	18,44	18,26	18,06	17,84	17,59	17,33	17,04	16,70	16,37	19,01	0
24/08/2020 23:00:00	18,89	18,95	18,77	18,56	18,37	18,16	17,91	17,66	17,40	17,12	16,80	16,45	16,09	18,96	0
24/08/2020 23:05:00	18,87	18,88	18,73	18,58	18,38	18,20	17,99	17,76	17,51	17,24	16,93	16,58	16,23	18,93	0
24/08/2020 23:10:00	18,92	18,91	18,75	18,55	18,37	18,18	17,94	17,69	17,44	17,17	16,85	16,49	16,14	18,91	0
24/08/2020 23:15:00	18,89	18,80	18,57	18,40	18,25	18,10	17,90	17,69	17,47	17,23	16,95	16,63	16,32	18,86	0
24/08/2020 23:20:00	18,83	18,83	18,64	18,42	18,24	18,06	17,86	17,65	17,41	17,16	16,88	16,57	16,25	18,84	0
24/08/2020 23:25:00	18,83	18,86	18,70	18,55	18,37	18,18	17,96	17,73	17,48	17,21	16,89	16,53	16,18	18,81	0
24/08/2020 23:30:00	18,73	18,86	18,70	18,50	18,33	18,16	17,89	17,64	17,37	17,10	16,78	16,42	16,06	18,78	0
24/08/2020 23:35:00	18,75	18,74	18,59	18,38	18,20	18,04	17,83	17,61	17,37	17,12	16,83	16,50	16,18	18,69	0
24/08/2020 23:40:00	18,58	18,68	18,57	18,39	18,19	18,02	17,81	17,58	17,32	17,05	16,74	16,40	16,06	18,59	0
24/08/2020 23:45:00	18,65	18,67	18,49	18,37	18,26	18,12	17,93	17,73	17,50	17,26	16,97	16,65	16,33	18,57	0
24/08/2020 23:50:00	18,47	18,63	18,50	18,38	18,31	18,17	18,02	17,85	17,64	17,43	17,18	16,89	16,61	18,49	0
24/08/2020 23:55:00	18,45	18,66	18,62	18,52	18,38	18,22	17,99	17,76	17,51	17,23	16,90	16,53	16,17	18,44	0
