FileFormat:0002.2 file with temperature of atmosphere
200
local	GMT or Local
0	GMT-Local=[hours]
0	Height[m]
0	0	0	Longitude                [grd]               [min]               [sec]
0	0	0	Latitude                [grd]               [min]               [sec]
N	NS
59,40	Freq[GHz]
0,00	dTemostat[K]
0,150	MessErr[K]
0,248	//[grad/step]
version 14.0.20110218
MTP5H033F5940K-33.00D180214+A1.1
Commentary:
enter comment
End Of Commentary

SYSTEM\alaska.dat
data time	0	50	100	150	200	250	300	350	400	450	500	550	600	OutsideTemperature	Quality
09/12/2020 00:00:00	-10,35	-9,64	-8,45	-7,06	-5,95	-5,04	-4,30	-3,79	-3,50	-3,33	-3,23	-3,17	-3,11	-10,36	0
09/12/2020 00:05:00	-10,28	-9,54	-8,27	-7,01	-6,00	-5,15	-4,47	-4,04	-3,79	-3,65	-3,56	-3,49	-3,41	-10,35	0
09/12/2020 00:10:00	-10,37	-9,63	-8,21	-6,82	-5,73	-4,98	-4,44	-4,13	-3,97	-3,89	-3,86	-3,84	-3,81	-10,36	0
09/12/2020 00:15:00	-10,30	-9,67	-8,25	-6,78	-5,61	-4,72	-4,04	-3,65	-3,45	-3,36	-3,34	-3,33	-3,33	-10,33	0
09/12/2020 00:20:00	-10,43	-9,76	-8,46	-6,94	-5,75	-4,84	-4,12	-3,65	-3,40	-3,26	-3,20	-3,16	-3,13	-10,50	0
09/12/2020 00:25:00	-10,55	-10,02	-8,37	-6,88	-5,61	-4,72	-4,09	-3,78	-3,66	-3,61	-3,63	-3,66	-3,69	-10,53	0
09/12/2020 00:30:00	-10,58	-9,90	-8,35	-6,81	-5,50	-4,63	-4,04	-3,70	-3,51	-3,42	-3,40	-3,40	-3,41	-10,56	0
09/12/2020 00:35:00	-10,58	-9,86	-8,23	-6,57	-5,27	-4,45	-3,93	-3,68	-3,58	-3,57	-3,62	-3,71	-3,79	-10,58	0
09/12/2020 00:40:00	-10,61	-9,87	-8,26	-6,68	-5,54	-4,72	-4,15	-3,90	-3,83	-3,82	-3,85	-3,89	-3,93	-10,61	0
09/12/2020 00:45:00	-10,64	-9,91	-8,37	-6,85	-5,56	-4,81	-4,29	-3,99	-3,82	-3,74	-3,72	-3,72	-3,72	-10,65	0
09/12/2020 00:50:00	-10,72	-9,97	-8,40	-6,76	-5,45	-4,70	-4,22	-3,98	-3,84	-3,79	-3,81	-3,86	-3,91	-10,70	0
09/12/2020 00:55:00	-10,75	-10,06	-8,46	-6,75	-5,39	-4,56	-4,01	-3,73	-3,61	-3,57	-3,61	-3,69	-3,78	-10,71	0
09/12/2020 01:00:00	-10,71	-9,92	-8,41	-6,82	-5,59	-4,84	-4,33	-4,05	-3,91	-3,84	-3,83	-3,83	-3,83	-10,67	0
09/12/2020 01:05:00	-10,68	-10,01	-8,41	-6,75	-5,55	-4,72	-4,17	-3,93	-3,86	-3,86	-3,91	-3,97	-4,04	-10,74	0
09/12/2020 01:10:00	-10,70	-10,07	-8,56	-6,92	-5,66	-4,78	-4,14	-3,79	-3,64	-3,58	-3,58	-3,62	-3,66	-10,74	0
09/12/2020 01:15:00	-10,75	-10,12	-8,68	-7,08	-5,84	-4,90	-4,21	-3,79	-3,58	-3,46	-3,41	-3,37	-3,34	-10,80	0
09/12/2020 01:20:00	-10,85	-10,13	-8,62	-6,97	-5,69	-4,81	-4,15	-3,78	-3,61	-3,54	-3,54	-3,57	-3,61	-10,80	0
09/12/2020 01:25:00	-10,81	-10,25	-8,78	-7,12	-5,80	-4,79	-4,01	-3,55	-3,33	-3,22	-3,19	-3,19	-3,19	-10,80	0
09/12/2020 01:30:00	-10,86	-10,25	-8,77	-7,27	-5,99	-5,08	-4,40	-3,98	-3,75	-3,63	-3,57	-3,53	-3,50	-10,81	0
09/12/2020 01:35:00	-10,83	-10,23	-8,84	-7,30	-6,04	-5,09	-4,36	-3,91	-3,67	-3,55	-3,51	-3,50	-3,49	-10,87	0
09/12/2020 01:40:00	-10,86	-10,27	-8,96	-7,31	-6,04	-5,07	-4,32	-3,84	-3,58	-3,45	-3,40	-3,38	-3,37	-10,84	0
09/12/2020 01:45:00	-10,85	-10,39	-8,94	-7,24	-5,91	-4,86	-4,06	-3,60	-3,39	-3,29	-3,26	-3,28	-3,30	-10,90	0
09/12/2020 01:50:00	-10,84	-10,38	-8,79	-7,07	-5,70	-4,79	-4,13	-3,80	-3,67	-3,61	-3,62	-3,66	-3,70	-10,87	0
09/12/2020 01:55:00	-10,87	-10,25	-8,65	-7,02	-5,76	-4,82	-4,16	-3,83	-3,70	-3,65	-3,66	-3,69	-3,72	-10,88	0
09/12/2020 02:00:00	-10,97	-10,58	-8,86	-6,97	-5,47	-4,52	-3,92	-3,67	-3,58	-3,59	-3,69	-3,84	-3,99	-10,96	0
09/12/2020 02:05:00	-10,98	-10,31	-8,81	-7,29	-5,98	-5,04	-4,32	-3,87	-3,62	-3,49	-3,42	-3,38	-3,33	-10,96	0
09/12/2020 02:10:00	-10,91	-10,42	-8,86	-7,25	-5,91	-4,96	-4,26	-3,87	-3,69	-3,60	-3,58	-3,59	-3,60	-11,00	0
09/12/2020 02:15:00	-10,94	-10,49	-8,88	-7,25	-5,88	-4,94	-4,28	-3,94	-3,80	-3,74	-3,76	-3,82	-3,87	-10,95	0
09/12/2020 02:20:00	-11,03	-10,43	-8,85	-7,20	-5,82	-4,91	-4,26	-3,89	-3,70	-3,61	-3,59	-3,60	-3,62	-11,06	0
09/12/2020 02:25:00	-11,14	-10,57	-8,79	-6,90	-5,49	-4,56	-3,97	-3,74	-3,68	-3,70	-3,78	-3,89	-4,00	-11,15	0
09/12/2020 02:30:00	-11,17	-10,58	-8,75	-6,84	-5,33	-4,43	-3,86	-3,63	-3,56	-3,58	-3,67	-3,80	-3,94	-11,17	0
09/12/2020 02:35:00	-11,11	-10,60	-8,86	-7,10	-5,66	-4,74	-4,14	-3,85	-3,74	-3,71	-3,74	-3,80	-3,86	-11,11	0
09/12/2020 02:40:00	-11,15	-10,46	-8,85	-7,15	-5,80	-4,82	-4,11	-3,72	-3,53	-3,45	-3,44	-3,46	-3,48	-11,19	0
09/12/2020 02:45:00	-11,15	-10,47	-8,76	-6,92	-5,50	-4,53	-3,86	-3,52	-3,38	-3,32	-3,34	-3,38	-3,41	-11,13	0
09/12/2020 02:50:00	-11,18	-10,56	-8,67	-6,69	-5,13	-4,20	-3,62	-3,39	-3,32	-3,33	-3,40	-3,52	-3,63	-11,23	0
09/12/2020 02:55:00	-11,20	-10,46	-8,45	-6,41	-4,87	-4,01	-3,53	-3,39	-3,40	-3,46	-3,58	-3,72	-3,86	-11,23	0
09/12/2020 03:00:00	-11,28	-10,52	-8,53	-6,59	-5,08	-4,23	-3,72	-3,54	-3,52	-3,55	-3,63	-3,73	-3,83	-11,28	0
09/12/2020 03:05:00	-11,32	-10,62	-8,49	-6,32	-4,75	-3,78	-3,24	-3,12	-3,19	-3,31	-3,50	-3,72	-3,95	-11,31	0
09/12/2020 03:10:00	-11,28	-10,82	-8,72	-6,61	-4,95	-3,89	-3,26	-3,07	-3,09	-3,18	-3,35	-3,58	-3,81	-11,33	0
09/12/2020 03:15:00	-11,37	-10,66	-8,56	-6,41	-4,83	-3,81	-3,19	-3,01	-3,04	-3,15	-3,33	-3,56	-3,79	-11,33	0
09/12/2020 03:20:00	-11,37	-10,69	-8,51	-6,28	-4,63	-3,69	-3,22	-3,14	-3,21	-3,33	-3,52	-3,75	-3,98	-11,39	0
09/12/2020 03:25:00	-11,37	-10,52	-8,45	-6,24	-4,67	-3,81	-3,35	-3,25	-3,29	-3,38	-3,52	-3,69	-3,85	-11,43	0
09/12/2020 03:30:00	-11,45	-10,70	-8,53	-6,21	-4,57	-3,64	-3,15	-3,06	-3,14	-3,26	-3,45	-3,67	-3,89	-11,46	0
09/12/2020 03:35:00	-11,48	-10,49	-8,20	-6,04	-4,42	-3,72	-3,42	-3,45	-3,56	-3,69	-3,87	-4,06	-4,25	-11,45	0
09/12/2020 03:40:00	-11,44	-10,37	-8,36	-6,30	-4,77	-3,96	-3,50	-3,34	-3,32	-3,36	-3,46	-3,59	-3,72	-11,41	0
09/12/2020 03:45:00	-11,27	-10,17	-8,09	-6,10	-4,68	-3,94	-3,55	-3,48	-3,53	-3,61	-3,73	-3,86	-3,99	-11,21	0
09/12/2020 03:50:00	-11,07	-10,10	-7,91	-6,04	-4,55	-3,81	-3,44	-3,39	-3,45	-3,54	-3,68	-3,82	-3,97	-10,68	0
09/12/2020 03:55:00	-11,24	-9,93	-7,77	-5,97	-4,63	-3,94	-3,59	-3,53	-3,58	-3,65	-3,75	-3,82	-3,89	-10,45	0
09/12/2020 04:00:00	-11,24	-10,08	-7,87	-6,08	-4,69	-3,99	-3,67	-3,63	-3,70	-3,77	-3,88	-3,96	-4,05	-10,93	0
09/12/2020 04:05:00	-11,07	-9,91	-8,03	-6,34	-5,05	-4,33	-3,90	-3,72	-3,67	-3,67	-3,72	-3,76	-3,81	-10,85	0
09/12/2020 04:10:00	-10,76	-9,86	-7,93	-6,02	-4,55	-3,77	-3,31	-3,15	-3,11	-3,15	-3,24	-3,36	-3,48	-10,76	0
09/12/2020 04:15:00	-10,65	-9,66	-7,88	-6,10	-4,73	-3,93	-3,42	-3,19	-3,10	-3,09	-3,14	-3,22	-3,29	-10,48	0
09/12/2020 04:20:00	-10,56	-9,63	-7,84	-6,22	-4,90	-4,09	-3,56	-3,31	-3,21	-3,19	-3,22	-3,27	-3,31	-10,15	0
09/12/2020 04:25:00	-10,58	-9,53	-7,81	-6,10	-4,86	-4,01	-3,44	-3,17	-3,08	-3,07	-3,12	-3,19	-3,25	-10,05	0
09/12/2020 04:30:00	-10,32	-9,32	-7,46	-5,77	-4,42	-3,63	-3,14	-2,92	-2,85	-2,84	-2,88	-2,93	-2,97	-9,98	0
09/12/2020 04:35:00	-9,82	-8,95	-7,19	-5,50	-4,20	-3,40	-2,88	-2,65	-2,58	-2,58	-2,64	-2,70	-2,77	-9,80	0
09/12/2020 04:40:00	-9,88	-9,03	-7,35	-5,67	-4,31	-3,52	-2,98	-2,70	-2,57	-2,53	-2,55	-2,60	-2,64	-9,94	0
09/12/2020 04:45:00	-10,11	-9,01	-7,30	-5,64	-4,34	-3,55	-2,99	-2,69	-2,55	-2,51	-2,52	-2,55	-2,58	-10,36	0
09/12/2020 04:50:00	-10,17	-9,22	-7,41	-5,65	-4,29	-3,46	-2,90	-2,64	-2,55	-2,55	-2,60	-2,66	-2,73	-10,25	0
09/12/2020 04:55:00	-10,23	-9,16	-7,31	-5,61	-4,30	-3,50	-2,97	-2,72	-2,64	-2,63	-2,65	-2,67	-2,69	-10,61	0
09/12/2020 05:00:00	-10,27	-8,96	-7,00	-5,40	-4,22	-3,57	-3,19	-3,08	-3,09	-3,13	-3,20	-3,25	-3,31	-10,90	0
09/12/2020 05:05:00	-10,17	-9,12	-7,30	-5,57	-4,22	-3,48	-3,02	-2,82	-2,75	-2,76	-2,83	-2,92	-3,01	-10,18	0
09/12/2020 05:10:00	-10,21	-9,08	-7,27	-5,59	-4,40	-3,58	-3,01	-2,77	-2,73	-2,76	-2,83	-2,90	-2,97	-10,37	0
09/12/2020 05:15:00	-10,43	-9,21	-7,34	-5,85	-4,67	-3,94	-3,48	-3,27	-3,20	-3,18	-3,19	-3,18	-3,17	-10,41	0
09/12/2020 05:20:00	-10,44	-9,37	-7,45	-5,66	-4,34	-3,50	-2,96	-2,76	-2,74	-2,80	-2,90	-3,03	-3,16	-10,43	0
09/12/2020 05:25:00	-10,58	-9,73	-7,95	-6,04	-4,62	-3,65	-2,99	-2,66	-2,54	-2,51	-2,55	-2,61	-2,67	-10,40	0
09/12/2020 05:30:00	-10,78	-10,01	-7,93	-6,00	-4,51	-3,52	-2,92	-2,72	-2,72	-2,79	-2,91	-3,05	-3,19	-11,26	0
09/12/2020 05:35:00	-10,80	-10,04	-7,96	-5,92	-4,38	-3,40	-2,81	-2,62	-2,62	-2,70	-2,83	-3,00	-3,17	-11,45	0
09/12/2020 05:40:00	-11,06	-10,32	-8,34	-6,28	-4,71	-3,67	-2,99	-2,69	-2,62	-2,64	-2,72	-2,83	-2,94	-11,58	0
09/12/2020 05:45:00	-11,13	-10,28	-8,31	-6,28	-4,62	-3,65	-3,01	-2,70	-2,58	-2,56	-2,61	-2,71	-2,80	-11,48	0
09/12/2020 05:50:00	-11,12	-10,41	-8,44	-6,27	-4,77	-3,68	-2,96	-2,69	-2,67	-2,73	-2,85	-3,00	-3,15	-11,60	0
09/12/2020 05:55:00	-11,48	-10,68	-8,65	-6,64	-5,12	-4,16	-3,57	-3,36	-3,35	-3,40	-3,52	-3,67	-3,82	-11,61	0
09/12/2020 06:00:00	-11,68	-10,91	-9,07	-7,11	-5,56	-4,52	-3,80	-3,43	-3,28	-3,24	-3,27	-3,36	-3,44	-11,73	0
09/12/2020 06:05:00	-11,78	-11,15	-9,28	-7,25	-5,68	-4,60	-3,86	-3,51	-3,39	-3,37	-3,42	-3,52	-3,62	-11,68	0
09/12/2020 06:10:00	-11,68	-10,94	-9,13	-7,24	-5,76	-4,70	-3,94	-3,56	-3,42	-3,36	-3,38	-3,43	-3,47	-11,64	0
09/12/2020 06:15:00	-11,70	-11,14	-9,24	-7,09	-5,46	-4,36	-3,63	-3,31	-3,22	-3,23	-3,32	-3,47	-3,62	-11,65	0
09/12/2020 06:20:00	-11,65	-11,06	-9,17	-7,12	-5,47	-4,41	-3,68	-3,33	-3,20	-3,17	-3,22	-3,32	-3,42	-11,75	0
09/12/2020 06:25:00	-11,74	-11,23	-9,33	-7,24	-5,61	-4,44	-3,63	-3,25	-3,13	-3,11	-3,18	-3,30	-3,41	-11,73	0
09/12/2020 06:30:00	-11,70	-11,18	-9,24	-7,10	-5,40	-4,27	-3,53	-3,20	-3,09	-3,09	-3,19	-3,34	-3,50	-11,68	0
09/12/2020 06:35:00	-11,73	-11,25	-9,45	-7,45	-5,81	-4,59	-3,71	-3,23	-3,03	-2,95	-2,97	-3,04	-3,11	-11,76	0
09/12/2020 06:40:00	-11,61	-11,15	-9,38	-7,56	-5,97	-4,80	-3,94	-3,46	-3,24	-3,13	-3,11	-3,14	-3,16	-11,60	0
09/12/2020 06:45:00	-11,58	-11,16	-9,54	-7,68	-6,04	-4,87	-4,01	-3,49	-3,20	-3,06	-3,02	-3,05	-3,07	-11,57	0
09/12/2020 06:50:00	-11,55	-11,19	-9,53	-7,63	-5,96	-4,73	-3,81	-3,27	-2,98	-2,85	-2,81	-2,84	-2,87	-11,56	0
09/12/2020 06:55:00	-11,62	-11,10	-9,46	-7,60	-6,08	-4,87	-3,98	-3,46	-3,22	-3,11	-3,10	-3,14	-3,17	-11,57	0
09/12/2020 07:00:00	-11,48	-11,01	-9,37	-7,48	-5,94	-4,71	-3,76	-3,20	-2,95	-2,83	-2,79	-2,79	-2,79	-11,48	0
09/12/2020 07:05:00	-11,50	-11,08	-9,34	-7,35	-5,70	-4,44	-3,49	-2,96	-2,72	-2,62	-2,63	-2,69	-2,75	-11,25	0
09/12/2020 07:10:00	-11,52	-10,96	-9,14	-7,08	-5,50	-4,39	-3,64	-3,29	-3,17	-3,15	-3,22	-3,34	-3,45	-11,08	0
09/12/2020 07:15:00	-11,54	-11,20	-9,49	-7,53	-5,88	-4,67	-3,78	-3,29	-3,06	-2,97	-2,97	-3,03	-3,10	-11,51	0
09/12/2020 07:20:00	-11,58	-11,30	-9,64	-7,74	-6,19	-4,91	-3,94	-3,41	-3,20	-3,12	-3,14	-3,23	-3,31	-11,50	0
09/12/2020 07:25:00	-11,37	-11,12	-9,44	-7,59	-5,97	-4,74	-3,83	-3,32	-3,08	-2,99	-2,99	-3,04	-3,10	-11,39	0
09/12/2020 07:30:00	-11,38	-11,12	-9,56	-7,75	-6,17	-4,83	-3,76	-3,11	-2,79	-2,63	-2,57	-2,56	-2,55	-11,35	0
09/12/2020 07:35:00	-11,35	-10,99	-9,42	-7,68	-6,16	-4,86	-3,82	-3,18	-2,88	-2,73	-2,68	-2,68	-2,68	-11,26	0
09/12/2020 07:40:00	-11,28	-11,12	-9,57	-7,58	-5,84	-4,56	-3,58	-2,99	-2,68	-2,55	-2,53	-2,60	-2,66	-11,16	0
09/12/2020 07:45:00	-11,30	-11,03	-9,54	-7,78	-6,16	-4,84	-3,78	-3,10	-2,73	-2,53	-2,44	-2,42	-2,39	-11,21	0
09/12/2020 07:50:00	-11,23	-10,84	-9,36	-7,41	-5,76	-4,59	-3,68	-3,10	-2,78	-2,62	-2,58	-2,60	-2,63	-11,21	0
09/12/2020 07:55:00	-11,30	-11,04	-9,41	-7,54	-5,92	-4,59	-3,58	-2,98	-2,70	-2,58	-2,56	-2,61	-2,66	-11,33	0
09/12/2020 08:00:00	-11,33	-11,02	-9,47	-7,63	-5,99	-4,60	-3,47	-2,75	-2,39	-2,20	-2,12	-2,11	-2,10	-11,33	0
09/12/2020 08:05:00	-11,38	-11,21	-9,76	-7,67	-5,99	-4,51	-3,30	-2,57	-2,22	-2,06	-2,03	-2,10	-2,17	-11,42	0
09/12/2020 08:10:00	-11,48	-11,22	-9,77	-8,03	-6,36	-4,98	-3,84	-3,07	-2,62	-2,37	-2,23	-2,17	-2,10	-11,38	0
09/12/2020 08:15:00	-11,43	-11,27	-9,78	-7,89	-6,10	-4,85	-3,87	-3,23	-2,84	-2,65	-2,58	-2,60	-2,63	-11,43	0
09/12/2020 08:20:00	-11,41	-11,19	-9,72	-7,64	-5,90	-4,60	-3,60	-2,99	-2,66	-2,52	-2,52	-2,62	-2,72	-11,36	0
09/12/2020 08:25:00	-11,39	-11,16	-9,56	-7,70	-6,13	-4,79	-3,77	-3,18	-2,91	-2,79	-2,77	-2,81	-2,84	-11,41	0
09/12/2020 08:30:00	-11,48	-11,22	-9,68	-7,89	-6,30	-5,02	-4,02	-3,40	-3,07	-2,90	-2,82	-2,79	-2,76	-11,48	0
09/12/2020 08:35:00	-11,47	-11,11	-9,57	-7,79	-6,35	-5,11	-4,17	-3,63	-3,39	-3,28	-3,26	-3,28	-3,31	-11,41	0
09/12/2020 08:40:00	-11,55	-11,16	-9,68	-7,92	-6,38	-5,03	-3,90	-3,17	-2,80	-2,59	-2,49	-2,44	-2,39	-11,50	0
09/12/2020 08:45:00	-11,57	-11,19	-9,64	-7,75	-6,13	-4,86	-3,86	-3,25	-2,93	-2,78	-2,74	-2,78	-2,82	-11,50	0
09/12/2020 08:50:00	-11,54	-11,11	-9,61	-7,72	-6,09	-4,87	-3,91	-3,30	-2,96	-2,79	-2,74	-2,76	-2,78	-11,56	0
09/12/2020 08:55:00	-11,44	-11,02	-9,46	-7,60	-6,13	-4,87	-3,87	-3,29	-3,04	-2,93	-2,91	-2,94	-2,97	-11,50	0
09/12/2020 09:00:00	-11,38	-10,68	-9,11	-7,35	-5,89	-4,74	-3,82	-3,25	-2,95	-2,79	-2,71	-2,67	-2,63	-11,33	0
09/12/2020 09:05:00	-11,12	-10,53	-9,14	-7,42	-6,17	-4,90	-3,85	-3,21	-2,93	-2,78	-2,72	-2,70	-2,67	-10,37	0
09/12/2020 09:10:00	-10,69	-10,30	-9,25	-7,76	-6,30	-5,08	-4,01	-3,19	-2,65	-2,33	-2,14	-2,02	-1,90	-9,63	0
09/12/2020 09:15:00	-10,16	-10,05	-9,08	-7,60	-6,28	-5,09	-4,04	-3,32	-2,90	-2,67	-2,56	-2,53	-2,51	-9,46	0
09/12/2020 09:20:00	-9,82	-9,70	-8,66	-7,38	-6,21	-4,99	-3,92	-3,20	-2,82	-2,60	-2,48	-2,41	-2,34	-9,43	0
09/12/2020 09:25:00	-9,47	-9,35	-8,55	-7,34	-6,06	-4,87	-3,78	-2,93	-2,38	-2,06	-1,85	-1,73	-1,60	-9,41	0
09/12/2020 09:30:00	-9,32	-9,36	-8,62	-7,46	-6,24	-5,01	-3,86	-2,98	-2,43	-2,10	-1,87	-1,71	-1,55	-9,41	0
09/12/2020 09:35:00	-9,34	-9,40	-8,61	-7,35	-6,06	-4,74	-3,53	-2,63	-2,08	-1,76	-1,56	-1,45	-1,33	-9,33	0
09/12/2020 09:40:00	-9,26	-9,32	-8,39	-7,05	-5,72	-4,49	-3,42	-2,66	-2,21	-1,96	-1,84	-1,79	-1,74	-9,31	0
09/12/2020 09:45:00	-9,14	-9,22	-8,29	-6,97	-5,64	-4,39	-3,31	-2,54	-2,08	-1,84	-1,71	-1,66	-1,61	-9,15	0
09/12/2020 09:50:00	-9,05	-9,14	-8,51	-7,30	-6,06	-4,79	-3,63	-2,73	-2,14	-1,80	-1,58	-1,44	-1,31	-9,02	0
09/12/2020 09:55:00	-8,94	-9,12	-8,48	-7,30	-6,10	-4,80	-3,62	-2,72	-2,15	-1,82	-1,60	-1,45	-1,30	-8,96	0
09/12/2020 10:00:00	-8,84	-9,21	-8,48	-7,28	-5,94	-4,64	-3,48	-2,63	-2,10	-1,82	-1,67	-1,61	-1,56	-8,84	0
09/12/2020 10:05:00	-8,77	-9,09	-8,54	-7,32	-6,15	-4,89	-3,72	-2,88	-2,36	-2,09	-1,94	-1,88	-1,83	-8,72	0
09/12/2020 10:10:00	-8,63	-9,12	-8,42	-7,37	-6,17	-4,86	-3,69	-2,85	-2,34	-2,06	-1,89	-1,79	-1,69	-8,69	0
09/12/2020 10:15:00	-8,55	-9,04	-8,64	-7,63	-6,41	-5,09	-3,82	-2,82	-2,17	-1,78	-1,53	-1,38	-1,22	-8,63	0
09/12/2020 10:20:00	-8,55	-9,01	-8,69	-7,67	-6,55	-5,13	-3,75	-2,67	-1,99	-1,58	-1,30	-1,11	-0,93	-8,56	0
09/12/2020 10:25:00	-8,37	-8,82	-8,41	-7,46	-6,36	-5,10	-3,94	-3,03	-2,45	-2,12	-1,91	-1,79	-1,68	-8,38	0
09/12/2020 10:30:00	-8,27	-8,74	-8,41	-7,51	-6,40	-5,19	-4,01	-3,09	-2,49	-2,14	-1,92	-1,80	-1,69	-8,29	0
09/12/2020 10:35:00	-8,17	-8,79	-8,62	-7,75	-6,71	-5,35	-4,02	-2,98	-2,30	-1,90	-1,64	-1,48	-1,31	-8,16	0
09/12/2020 10:40:00	-8,07	-8,65	-8,48	-7,51	-6,48	-5,10	-3,78	-2,74	-2,09	-1,71	-1,48	-1,35	-1,22	-8,04	0
09/12/2020 10:45:00	-7,95	-8,49	-8,37	-7,46	-6,37	-4,97	-3,55	-2,42	-1,71	-1,30	-1,04	-0,89	-0,75	-7,90	0
09/12/2020 10:50:00	-7,84	-8,37	-8,43	-7,55	-6,51	-5,11	-3,64	-2,45	-1,67	-1,22	-0,92	-0,74	-0,56	-7,68	0
09/12/2020 10:55:00	-7,57	-8,00	-7,99	-7,22	-6,21	-4,93	-3,64	-2,56	-1,83	-1,40	-1,12	-0,96	-0,79	-7,55	0
09/12/2020 11:00:00	-7,49	-7,87	-7,81	-6,99	-6,00	-4,89	-3,74	-2,79	-2,15	-1,78	-1,56	-1,44	-1,32	-7,31	0
09/12/2020 11:05:00	-7,27	-7,67	-7,67	-6,98	-5,99	-4,71	-3,40	-2,28	-1,53	-1,08	-0,79	-0,60	-0,41	-7,28	0
09/12/2020 11:10:00	-7,16	-7,51	-7,63	-7,01	-6,17	-5,02	-3,81	-2,75	-2,02	-1,57	-1,26	-1,05	-0,83	-7,15	0
09/12/2020 11:15:00	-7,11	-7,43	-7,54	-7,03	-6,22	-5,00	-3,69	-2,55	-1,78	-1,30	-0,96	-0,70	-0,44	-7,01	0
09/12/2020 11:20:00	-6,97	-7,39	-7,44	-6,65	-5,67	-4,62	-3,58	-2,69	-2,05	-1,69	-1,50	-1,43	-1,36	-6,89	0
09/12/2020 11:25:00	-6,98	-7,18	-7,12	-6,49	-5,72	-4,70	-3,63	-2,75	-2,16	-1,81	-1,59	-1,46	-1,32	-6,75	0
09/12/2020 11:30:00	-6,81	-7,12	-7,04	-6,33	-5,54	-4,59	-3,67	-2,91	-2,39	-2,10	-1,94	-1,87	-1,80	-6,54	0
09/12/2020 11:35:00	-6,72	-6,99	-6,96	-6,29	-5,58	-4,69	-3,80	-3,07	-2,57	-2,30	-2,15	-2,09	-2,03	-6,16	0
09/12/2020 11:40:00	-6,66	-6,87	-6,94	-6,34	-5,53	-4,66	-3,80	-3,01	-2,41	-2,07	-1,87	-1,78	-1,70	-6,21	0
09/12/2020 11:45:00	-6,56	-6,62	-6,75	-6,46	-5,85	-4,98	-3,99	-3,07	-2,40	-1,99	-1,68	-1,44	-1,20	-6,16	0
09/12/2020 11:50:00	-6,44	-6,54	-6,55	-6,32	-5,77	-5,01	-4,18	-3,41	-2,83	-2,47	-2,20	-1,97	-1,74	-5,97	0
09/12/2020 11:55:00	-6,02	-6,08	-6,24	-5,95	-5,41	-4,61	-3,68	-2,83	-2,23	-1,87	-1,61	-1,42	-1,23	-5,88	0
09/12/2020 12:00:00	-5,81	-5,91	-6,05	-5,76	-5,26	-4,40	-3,43	-2,56	-1,95	-1,58	-1,31	-1,10	-0,89	-5,81	0
09/12/2020 12:05:00	-5,62	-5,65	-5,70	-5,46	-4,99	-4,30	-3,53	-2,81	-2,27	-1,95	-1,70	-1,50	-1,30	-5,69	0
09/12/2020 12:10:00	-5,58	-5,57	-5,73	-5,74	-5,43	-4,62	-3,65	-2,73	-2,09	-1,66	-1,30	-0,95	-0,60	-5,44	0
09/12/2020 12:15:00	-5,31	-5,43	-5,67	-5,42	-4,93	-4,12	-3,17	-2,28	-1,65	-1,28	-1,00	-0,79	-0,59	-5,43	0
09/12/2020 12:20:00	-5,27	-5,35	-5,68	-5,42	-5,00	-4,21	-3,24	-2,34	-1,70	-1,31	-1,02	-0,80	-0,57	-5,26	0
09/12/2020 12:25:00	-5,25	-5,41	-5,74	-5,73	-5,28	-4,54	-3,58	-2,65	-1,96	-1,52	-1,17	-0,86	-0,55	-5,29	0
09/12/2020 12:30:00	-5,17	-5,25	-5,54	-5,50	-5,11	-4,46	-3,74	-2,98	-2,36	-1,97	-1,67	-1,42	-1,16	-5,14	0
09/12/2020 12:35:00	-4,95	-5,17	-5,51	-5,38	-4,95	-4,11	-3,15	-2,21	-1,52	-1,08	-0,74	-0,45	-0,16	-4,98	0
09/12/2020 12:40:00	-4,89	-4,98	-5,31	-5,43	-5,09	-4,40	-3,55	-2,67	-2,01	-1,58	-1,23	-0,92	-0,60	-4,94	0
09/12/2020 12:45:00	-4,75	-4,92	-5,26	-5,42	-5,10	-4,37	-3,46	-2,55	-1,88	-1,45	-1,09	-0,76	-0,43	-4,68	0
09/12/2020 12:50:00	-4,60	-4,78	-5,24	-5,40	-5,10	-4,34	-3,35	-2,35	-1,62	-1,14	-0,73	-0,36	0,02	-4,63	0
09/12/2020 12:55:00	-4,48	-4,79	-5,18	-5,12	-4,71	-4,06	-3,25	-2,46	-1,87	-1,52	-1,26	-1,06	-0,86	-4,54	0
09/12/2020 13:00:00	-4,49	-4,78	-5,19	-5,30	-5,15	-4,54	-3,73	-2,93	-2,35	-1,96	-1,64	-1,32	-1,00	-4,54	0
09/12/2020 13:05:00	-4,53	-4,83	-5,15	-5,12	-4,82	-4,23	-3,56	-2,87	-2,34	-2,01	-1,75	-1,54	-1,32	-4,53	0
09/12/2020 13:10:00	-4,50	-4,82	-5,18	-5,17	-4,85	-4,24	-3,49	-2,75	-2,19	-1,85	-1,59	-1,38	-1,16	-4,64	0
09/12/2020 13:15:00	-4,49	-4,81	-5,12	-5,06	-4,64	-4,09	-3,51	-2,87	-2,34	-2,02	-1,79	-1,61	-1,43	-4,51	0
09/12/2020 13:20:00	-4,38	-4,75	-5,14	-5,21	-4,93	-4,26	-3,42	-2,60	-2,01	-1,63	-1,33	-1,06	-0,80	-4,42	0
09/12/2020 13:25:00	-4,46	-4,81	-5,21	-5,29	-5,01	-4,35	-3,52	-2,71	-2,11	-1,72	-1,41	-1,14	-0,86	-4,46	0
09/12/2020 13:30:00	-4,43	-4,75	-5,18	-5,32	-5,03	-4,49	-3,82	-3,09	-2,51	-2,13	-1,83	-1,58	-1,32	-4,54	0
09/12/2020 13:35:00	-4,44	-4,71	-5,20	-5,45	-5,27	-4,57	-3,68	-2,77	-2,08	-1,62	-1,23	-0,84	-0,46	-4,44	0
09/12/2020 13:40:00	-4,42	-4,70	-5,17	-5,24	-4,98	-4,42	-3,76	-3,04	-2,45	-2,08	-1,79	-1,54	-1,29	-4,39	0
09/12/2020 13:45:00	-4,31	-4,57	-4,98	-5,00	-4,70	-4,11	-3,41	-2,67	-2,09	-1,73	-1,45	-1,22	-0,99	-4,31	0
09/12/2020 13:50:00	-4,35	-4,55	-4,84	-4,69	-4,35	-3,78	-3,07	-2,38	-1,88	-1,58	-1,37	-1,21	-1,05	-4,30	0
09/12/2020 13:55:00	-4,28	-4,45	-4,95	-5,12	-4,87	-4,21	-3,34	-2,44	-1,76	-1,32	-0,96	-0,63	-0,30	-4,24	0
09/12/2020 14:00:00	-4,26	-4,46	-4,72	-4,52	-4,15	-3,63	-3,09	-2,53	-2,07	-1,81	-1,64	-1,52	-1,41	-4,11	0
09/12/2020 14:05:00	-4,13	-4,15	-4,34	-4,40	-4,14	-3,65	-3,08	-2,46	-1,97	-1,65	-1,41	-1,18	-0,95	-4,09	0
09/12/2020 14:10:00	-4,04	-4,05	-4,38	-4,51	-4,37	-3,84	-3,16	-2,43	-1,87	-1,51	-1,20	-0,90	-0,61	-4,06	0
09/12/2020 14:15:00	-4,00	-4,07	-4,43	-4,55	-4,36	-3,85	-3,15	-2,42	-1,85	-1,49	-1,20	-0,92	-0,63	-3,99	0
09/12/2020 14:20:00	-3,99	-3,92	-4,24	-4,34	-4,20	-3,69	-3,08	-2,40	-1,85	-1,51	-1,22	-0,95	-0,68	-4,00	0
09/12/2020 14:25:00	-4,00	-3,93	-4,27	-4,48	-4,35	-3,82	-3,12	-2,37	-1,80	-1,42	-1,11	-0,81	-0,51	-3,81	0
09/12/2020 14:30:00	-3,80	-3,64	-3,94	-4,15	-4,10	-3,64	-3,02	-2,33	-1,79	-1,45	-1,14	-0,83	-0,52	-3,79	0
09/12/2020 14:35:00	-3,75	-3,55	-3,80	-4,00	-3,90	-3,48	-2,90	-2,25	-1,74	-1,41	-1,13	-0,86	-0,58	-3,69	0
09/12/2020 14:40:00	-3,75	-3,48	-3,85	-4,17	-4,24	-3,82	-3,19	-2,48	-1,92	-1,55	-1,22	-0,87	-0,52	-3,78	0
09/12/2020 14:45:00	-3,64	-3,44	-3,70	-3,72	-3,61	-3,11	-2,48	-1,82	-1,31	-1,00	-0,75	-0,51	-0,27	-3,64	0
09/12/2020 14:50:00	-3,65	-3,40	-3,57	-3,74	-3,58	-3,20	-2,75	-2,19	-1,72	-1,43	-1,19	-0,96	-0,73	-3,69	0
09/12/2020 14:55:00	-3,63	-3,30	-3,49	-3,65	-3,57	-3,20	-2,69	-2,08	-1,58	-1,26	-0,98	-0,69	-0,40	-3,64	0
09/12/2020 15:00:00	-3,65	-3,37	-3,54	-3,73	-3,67	-3,25	-2,62	-1,95	-1,47	-1,16	-0,88	-0,58	-0,29	-3,66	0
09/12/2020 15:05:00	-3,50	-3,24	-3,47	-3,58	-3,46	-2,96	-2,31	-1,60	-1,06	-0,71	-0,41	-0,11	0,19	-3,66	0
09/12/2020 15:10:00	-3,70	-3,39	-3,61	-3,81	-3,70	-3,22	-2,52	-1,77	-1,22	-0,86	-0,55	-0,22	0,10	-3,75	0
09/12/2020 15:15:00	-3,71	-3,49	-3,60	-3,62	-3,37	-2,88	-2,27	-1,61	-1,10	-0,78	-0,51	-0,24	0,03	-3,74	0
09/12/2020 15:20:00	-3,79	-3,39	-3,46	-3,57	-3,40	-2,97	-2,39	-1,74	-1,25	-0,94	-0,66	-0,37	-0,09	-3,79	0
09/12/2020 15:25:00	-3,79	-3,32	-3,40	-3,33	-3,19	-2,78	-2,31	-1,76	-1,32	-1,05	-0,84	-0,63	-0,42	-3,84	0
09/12/2020 15:30:00	-3,75	-3,41	-3,43	-3,33	-3,15	-2,84	-2,43	-1,98	-1,62	-1,41	-1,25	-1,09	-0,94	-3,74	0
09/12/2020 15:35:00	-3,82	-3,51	-3,42	-3,34	-3,07	-2,73	-2,29	-1,83	-1,47	-1,26	-1,09	-0,92	-0,75	-3,84	0
09/12/2020 15:40:00	-3,82	-3,56	-3,54	-3,39	-3,13	-2,73	-2,26	-1,76	-1,37	-1,15	-0,98	-0,82	-0,66	-3,88	0
09/12/2020 15:45:00	-3,87	-3,49	-3,58	-3,47	-3,23	-2,87	-2,40	-1,85	-1,41	-1,15	-0,94	-0,74	-0,54	-3,93	0
09/12/2020 15:50:00	-3,93	-3,52	-3,65	-3,63	-3,45	-3,01	-2,40	-1,75	-1,25	-0,94	-0,67	-0,41	-0,15	-3,91	0
09/12/2020 15:55:00	-3,80	-3,49	-3,57	-3,54	-3,34	-2,91	-2,34	-1,73	-1,27	-0,98	-0,75	-0,51	-0,28	-3,93	0
09/12/2020 16:00:00	-3,95	-3,48	-3,45	-3,50	-3,36	-3,03	-2,53	-1,98	-1,57	-1,30	-1,06	-0,80	-0,54	-4,01	0
09/12/2020 16:05:00	-4,10	-3,67	-3,67	-3,53	-3,22	-2,78	-2,27	-1,70	-1,25	-0,99	-0,79	-0,61	-0,44	-4,08	0
09/12/2020 16:10:00	-4,07	-3,55	-3,54	-3,56	-3,45	-3,00	-2,46	-1,85	-1,37	-1,06	-0,77	-0,46	-0,15	-4,01	0
09/12/2020 16:15:00	-4,17	-3,54	-3,57	-3,60	-3,48	-3,12	-2,72	-2,20	-1,74	-1,46	-1,22	-0,98	-0,74	-4,12	0
09/12/2020 16:20:00	-4,26	-3,69	-3,75	-3,85	-3,77	-3,46	-2,96	-2,40	-1,96	-1,68	-1,43	-1,16	-0,90	-4,23	0
09/12/2020 16:25:00	-4,19	-3,81	-3,85	-3,81	-3,64	-3,26	-2,80	-2,27	-1,85	-1,59	-1,37	-1,15	-0,94	-4,24	0
09/12/2020 16:30:00	-4,26	-3,84	-3,90	-3,90	-3,68	-3,27	-2,77	-2,19	-1,71	-1,41	-1,17	-0,93	-0,68	-4,27	0
09/12/2020 16:35:00	-4,28	-3,83	-3,87	-3,86	-3,67	-3,29	-2,82	-2,27	-1,81	-1,53	-1,29	-1,05	-0,82	-4,13	0
09/12/2020 16:40:00	-4,33	-3,93	-3,97	-4,03	-3,86	-3,44	-2,89	-2,28	-1,80	-1,49	-1,21	-0,93	-0,65	-4,22	0
09/12/2020 16:45:00	-4,18	-3,74	-3,80	-3,80	-3,66	-3,28	-2,71	-2,10	-1,65	-1,36	-1,10	-0,84	-0,58	-4,17	0
09/12/2020 16:50:00	-4,15	-3,74	-3,76	-3,83	-3,65	-3,27	-2,71	-2,11	-1,65	-1,36	-1,10	-0,83	-0,56	-4,38	0
09/12/2020 16:55:00	-4,35	-3,86	-3,94	-3,94	-3,81	-3,40	-2,85	-2,23	-1,74	-1,43	-1,16	-0,88	-0,59	-4,33	0
09/12/2020 17:00:00	-4,36	-3,99	-4,03	-4,00	-3,81	-3,42	-2,90	-2,33	-1,88	-1,60	-1,36	-1,11	-0,87	-4,46	0
09/12/2020 17:05:00	-4,45	-3,93	-3,92	-4,01	-3,86	-3,51	-2,99	-2,40	-1,93	-1,62	-1,33	-1,02	-0,71	-4,48	0
09/12/2020 17:10:00	-4,49	-4,07	-4,01	-3,96	-3,76	-3,42	-2,96	-2,47	-2,08	-1,84	-1,64	-1,44	-1,23	-4,51	0
09/12/2020 17:15:00	-4,52	-4,13	-4,13	-4,08	-3,89	-3,49	-2,96	-2,38	-1,94	-1,65	-1,41	-1,15	-0,89	-4,58	0
09/12/2020 17:20:00	-4,49	-4,04	-4,11	-4,18	-4,00	-3,58	-3,03	-2,40	-1,88	-1,55	-1,25	-0,94	-0,63	-4,47	0
09/12/2020 17:25:00	-4,50	-4,11	-4,05	-4,05	-3,81	-3,43	-2,90	-2,34	-1,92	-1,65	-1,41	-1,17	-0,92	-4,47	0
09/12/2020 17:30:00	-4,53	-4,05	-4,07	-4,04	-3,89	-3,50	-2,92	-2,32	-1,87	-1,59	-1,34	-1,08	-0,82	-4,54	0
09/12/2020 17:35:00	-4,64	-4,05	-4,17	-4,34	-4,31	-3,90	-3,29	-2,62	-2,11	-1,76	-1,45	-1,12	-0,79	-4,64	0
09/12/2020 17:40:00	-4,67	-4,11	-4,09	-4,11	-3,93	-3,56	-3,05	-2,48	-2,03	-1,75	-1,50	-1,25	-0,99	-4,63	0
09/12/2020 17:45:00	-4,62	-4,20	-4,26	-4,35	-4,23	-3,85	-3,27	-2,64	-2,16	-1,83	-1,53	-1,21	-0,89	-4,77	0
09/12/2020 17:50:00	-4,71	-4,32	-4,34	-4,34	-4,16	-3,75	-3,21	-2,62	-2,15	-1,84	-1,56	-1,28	-0,99	-4,74	0
09/12/2020 17:55:00	-4,83	-4,37	-4,51	-4,65	-4,44	-4,00	-3,40	-2,69	-2,11	-1,73	-1,39	-1,04	-0,70	-4,78	0
09/12/2020 18:00:00	-4,80	-4,45	-4,66	-4,58	-4,50	-4,01	-3,32	-2,61	-2,09	-1,74	-1,43	-1,12	-0,80	-4,86	0
09/12/2020 18:05:00	-4,90	-4,60	-4,70	-4,72	-4,51	-4,05	-3,44	-2,77	-2,25	-1,89	-1,58	-1,25	-0,93	-4,91	0
09/12/2020 18:10:00	-4,98	-4,60	-4,62	-4,67	-4,43	-3,94	-3,32	-2,65	-2,12	-1,77	-1,46	-1,13	-0,81	-4,95	0
09/12/2020 18:15:00	-5,02	-4,66	-4,78	-4,84	-4,64	-4,13	-3,43	-2,68	-2,12	-1,74	-1,41	-1,07	-0,72	-5,02	0
09/12/2020 18:20:00	-5,05	-4,69	-4,79	-4,83	-4,58	-4,09	-3,39	-2,65	-2,10	-1,73	-1,40	-1,07	-0,74	-5,02	0
09/12/2020 18:25:00	-5,03	-4,70	-4,76	-4,80	-4,53	-4,04	-3,38	-2,68	-2,14	-1,78	-1,47	-1,15	-0,84	-5,01	0
09/12/2020 18:30:00	-5,03	-4,73	-4,78	-4,69	-4,46	-3,90	-3,20	-2,50	-1,99	-1,66	-1,38	-1,10	-0,83	-5,08	0
09/12/2020 18:35:00	-5,20	-4,81	-4,86	-4,81	-4,52	-4,01	-3,38	-2,70	-2,17	-1,82	-1,53	-1,24	-0,96	-5,19	0
09/12/2020 18:40:00	-5,14	-4,97	-4,91	-4,77	-4,38	-3,82	-3,15	-2,49	-1,99	-1,67	-1,41	-1,15	-0,88	-5,21	0
09/12/2020 18:45:00	-5,28	-4,97	-4,92	-4,79	-4,52	-4,01	-3,35	-2,71	-2,24	-1,93	-1,67	-1,40	-1,13	-5,31	0
09/12/2020 18:50:00	-5,36	-5,01	-4,94	-4,81	-4,52	-3,90	-3,16	-2,44	-1,92	-1,58	-1,29	-0,99	-0,70	-5,51	0
09/12/2020 18:55:00	-5,53	-5,19	-5,18	-5,23	-4,89	-4,31	-3,58	-2,81	-2,23	-1,84	-1,49	-1,14	-0,79	-5,58	0
09/12/2020 19:00:00	-5,57	-5,25	-5,24	-5,08	-4,73	-4,18	-3,51	-2,83	-2,32	-2,00	-1,73	-1,48	-1,23	-5,61	0
09/12/2020 19:05:00	-5,75	-5,28	-5,24	-5,20	-4,90	-4,38	-3,75	-3,05	-2,50	-2,12	-1,79	-1,44	-1,09	-5,68	0
09/12/2020 19:10:00	-5,75	-5,29	-5,28	-5,29	-4,91	-4,35	-3,64	-2,89	-2,30	-1,90	-1,57	-1,24	-0,92	-5,68	0
09/12/2020 19:15:00	-5,70	-5,41	-5,44	-5,39	-5,07	-4,48	-3,76	-3,02	-2,45	-2,07	-1,74	-1,42	-1,09	-5,78	0
09/12/2020 19:20:00	-5,80	-5,29	-5,35	-5,42	-5,19	-4,65	-3,93	-3,16	-2,57	-2,16	-1,81	-1,44	-1,07	-5,70	0
09/12/2020 19:25:00	-5,71	-5,42	-5,44	-5,43	-5,17	-4,56	-3,77	-2,98	-2,42	-2,04	-1,70	-1,35	-1,00	-5,80	0
09/12/2020 19:30:00	-5,80	-5,43	-5,44	-5,25	-4,89	-4,29	-3,60	-2,88	-2,32	-1,96	-1,66	-1,37	-1,09	-5,71	0
09/12/2020 19:35:00	-5,90	-5,45	-5,43	-5,22	-4,82	-4,28	-3,62	-2,93	-2,40	-2,05	-1,77	-1,51	-1,25	-5,85	0
09/12/2020 19:40:00	-5,92	-5,58	-5,53	-5,31	-4,92	-4,22	-3,37	-2,55	-1,97	-1,59	-1,27	-0,95	-0,62	-5,91	0
09/12/2020 19:45:00	-5,92	-5,59	-5,43	-5,15	-4,73	-4,11	-3,42	-2,75	-2,25	-1,94	-1,68	-1,43	-1,17	-6,19	0
09/12/2020 19:50:00	-6,38	-5,96	-5,82	-5,59	-5,12	-4,45	-3,71	-2,95	-2,37	-1,97	-1,65	-1,32	-1,00	-6,36	0
09/12/2020 19:55:00	-6,90	-6,19	-5,72	-5,25	-4,77	-4,11	-3,36	-2,70	-2,26	-1,98	-1,74	-1,49	-1,24	-7,27	0
09/12/2020 20:00:00	-7,00	-6,09	-5,60	-5,17	-4,75	-4,20	-3,59	-3,01	-2,61	-2,34	-2,12	-1,89	-1,67	-7,70	0
09/12/2020 20:05:00	-7,31	-6,50	-6,02	-5,56	-5,09	-4,59	-4,03	-3,48	-3,08	-2,82	-2,59	-2,35	-2,12	-7,75	0
09/12/2020 20:10:00	-7,76	-7,08	-6,45	-5,68	-4,97	-4,40	-3,86	-3,38	-3,02	-2,80	-2,65	-2,51	-2,37	-7,89	0
09/12/2020 20:15:00	-7,87	-7,07	-6,45	-5,88	-5,31	-4,65	-3,96	-3,34	-2,91	-2,62	-2,38	-2,12	-1,87	-7,83	0
09/12/2020 20:20:00	-7,79	-7,17	-6,39	-5,62	-4,85	-4,26	-3,72	-3,25	-2,91	-2,70	-2,54	-2,38	-2,22	-7,76	0
09/12/2020 20:25:00	-7,85	-7,07	-6,46	-5,76	-5,17	-4,49	-3,78	-3,17	-2,77	-2,51	-2,29	-2,07	-1,85	-7,84	0
09/12/2020 20:30:00	-7,71	-6,92	-6,38	-5,85	-5,33	-4,67	-3,97	-3,34	-2,90	-2,60	-2,35	-2,08	-1,82	-7,67	0
09/12/2020 20:35:00	-7,58	-7,03	-6,53	-5,94	-5,29	-4,62	-3,90	-3,26	-2,81	-2,51	-2,28	-2,06	-1,83	-7,49	0
09/12/2020 20:40:00	-7,51	-6,87	-6,38	-5,86	-5,25	-4,50	-3,72	-2,99	-2,48	-2,14	-1,85	-1,56	-1,27	-7,51	0
09/12/2020 20:45:00	-7,48	-6,89	-6,34	-5,79	-5,18	-4,50	-3,80	-3,18	-2,76	-2,48	-2,26	-2,05	-1,83	-7,57	0
09/12/2020 20:50:00	-7,46	-6,91	-6,42	-5,89	-5,31	-4,62	-3,88	-3,23	-2,79	-2,49	-2,25	-2,00	-1,76	-7,38	0
09/12/2020 20:55:00	-7,50	-6,95	-6,47	-5,99	-5,33	-4,62	-3,91	-3,23	-2,73	-2,40	-2,14	-1,89	-1,63	-7,28	0
09/12/2020 21:00:00	-7,58	-6,95	-6,55	-6,06	-5,34	-4,63	-3,88	-3,13	-2,56	-2,18	-1,87	-1,59	-1,30	-7,42	0
09/12/2020 21:05:00	-7,80	-7,25	-6,66	-5,92	-5,07	-4,25	-3,45	-2,74	-2,23	-1,91	-1,67	-1,46	-1,25	-7,71	0
09/12/2020 21:10:00	-7,81	-6,98	-6,43	-5,90	-5,33	-4,66	-3,93	-3,27	-2,82	-2,52	-2,27	-2,03	-1,78	-7,88	0
09/12/2020 21:15:00	-7,97	-7,09	-6,42	-5,70	-5,03	-4,35	-3,69	-3,10	-2,67	-2,39	-2,18	-1,96	-1,75	-8,09	0
09/12/2020 21:20:00	-7,97	-7,20	-6,58	-5,95	-5,30	-4,58	-3,84	-3,18	-2,73	-2,44	-2,21	-1,97	-1,74	-8,26	0
09/12/2020 21:25:00	-8,01	-7,17	-6,50	-5,78	-5,11	-4,45	-3,80	-3,23	-2,82	-2,57	-2,38	-2,20	-2,02	-8,32	0
09/12/2020 21:30:00	-7,81	-7,15	-6,75	-6,36	-5,74	-4,98	-4,12	-3,29	-2,70	-2,29	-1,93	-1,56	-1,20	-7,93	0
09/12/2020 21:35:00	-8,07	-7,49	-7,04	-6,53	-5,75	-5,00	-4,19	-3,42	-2,85	-2,47	-2,17	-1,90	-1,62	-8,05	0
09/12/2020 21:40:00	-7,89	-7,50	-7,14	-6,64	-5,89	-5,15	-4,39	-3,65	-3,08	-2,71	-2,41	-2,15	-1,89	-7,71	0
09/12/2020 21:45:00	-8,04	-7,55	-7,08	-6,44	-5,71	-5,00	-4,29	-3,63	-3,13	-2,81	-2,55	-2,32	-2,09	-8,11	0
09/12/2020 21:50:00	-8,12	-7,70	-7,24	-6,60	-5,84	-5,09	-4,34	-3,66	-3,15	-2,82	-2,57	-2,34	-2,12	-8,19	0
09/12/2020 21:55:00	-8,29	-7,72	-7,15	-6,58	-5,87	-5,15	-4,40	-3,73	-3,24	-2,92	-2,65	-2,39	-2,12	-8,41	0
09/12/2020 22:00:00	-8,24	-7,76	-7,31	-6,54	-5,82	-5,12	-4,41	-3,76	-3,29	-2,98	-2,75	-2,53	-2,31	-8,24	0
09/12/2020 22:05:00	-8,21	-7,69	-7,37	-6,90	-6,27	-5,56	-4,78	-4,03	-3,45	-3,06	-2,73	-2,40	-2,08	-8,24	0
09/12/2020 22:10:00	-8,20	-7,79	-7,33	-6,83	-6,17	-5,30	-4,37	-3,56	-3,01	-2,64	-2,33	-2,03	-1,73	-8,25	0
09/12/2020 22:15:00	-8,31	-7,79	-7,40	-6,84	-6,10	-5,31	-4,50	-3,72	-3,13	-2,74	-2,43	-2,14	-1,84	-8,30	0
09/12/2020 22:20:00	-8,29	-7,75	-7,27	-6,80	-6,10	-5,37	-4,58	-3,85	-3,31	-2,95	-2,65	-2,35	-2,06	-8,28	0
09/12/2020 22:25:00	-8,39	-7,79	-7,34	-6,72	-5,98	-5,18	-4,36	-3,59	-3,01	-2,63	-2,31	-2,01	-1,71	-8,25	0
09/12/2020 22:30:00	-8,32	-7,72	-7,05	-6,40	-5,74	-5,09	-4,46	-3,92	-3,54	-3,28	-3,07	-2,86	-2,65	-8,33	0
09/12/2020 22:35:00	-8,30	-7,72	-7,31	-6,69	-5,95	-5,21	-4,40	-3,62	-3,05	-2,66	-2,35	-2,05	-1,75	-8,30	0
09/12/2020 22:40:00	-8,54	-7,92	-7,31	-6,61	-5,94	-5,24	-4,54	-3,92	-3,49	-3,20	-2,96	-2,72	-2,48	-8,50	0
09/12/2020 22:45:00	-8,72	-7,66	-7,04	-6,55	-5,98	-5,44	-4,84	-4,24	-3,78	-3,46	-3,18	-2,88	-2,59	-8,92	0
09/12/2020 22:50:00	-8,63	-8,06	-7,50	-6,85	-6,16	-5,38	-4,61	-3,92	-3,42	-3,08	-2,81	-2,53	-2,25	-8,76	0
09/12/2020 22:55:00	-8,87	-8,10	-7,47	-6,77	-6,08	-5,40	-4,71	-4,10	-3,66	-3,38	-3,15	-2,94	-2,73	-8,90	0
09/12/2020 23:00:00	-8,67	-8,05	-7,71	-7,26	-6,60	-5,81	-4,92	-4,07	-3,44	-3,00	-2,63	-2,27	-1,92	-8,60	0
09/12/2020 23:05:00	-8,75	-7,95	-7,57	-7,11	-6,46	-5,68	-4,81	-3,97	-3,35	-2,93	-2,57	-2,21	-1,86	-8,75	0
09/12/2020 23:10:00	-8,49	-7,98	-7,59	-7,01	-6,26	-5,49	-4,69	-3,94	-3,37	-3,00	-2,72	-2,47	-2,23	-8,53	0
09/12/2020 23:15:00	-8,46	-8,02	-7,46	-6,85	-6,21	-5,36	-4,51	-3,81	-3,36	-3,07	-2,84	-2,61	-2,39	-8,33	0
09/12/2020 23:20:00	-8,42	-8,15	-7,70	-6,99	-6,23	-5,41	-4,58	-3,89	-3,41	-3,10	-2,89	-2,70	-2,52	-8,45	0
09/12/2020 23:25:00	-8,52	-8,07	-7,61	-7,01	-6,33	-5,58	-4,84	-4,17	-3,68	-3,35	-3,10	-2,87	-2,64	-8,58	0
09/12/2020 23:30:00	-8,64	-8,17	-7,77	-7,20	-6,50	-5,66	-4,76	-3,96	-3,39	-3,02	-2,72	-2,44	-2,17	-8,63	0
09/12/2020 23:35:00	-8,74	-8,33	-7,75	-7,09	-6,37	-5,51	-4,68	-3,96	-3,48	-3,15	-2,90	-2,65	-2,40	-8,77	0
09/12/2020 23:40:00	-8,82	-8,44	-8,00	-7,35	-6,61	-5,77	-4,87	-4,10	-3,58	-3,24	-2,97	-2,74	-2,50	-8,84	0
09/12/2020 23:45:00	-8,92	-8,57	-8,19	-7,59	-6,88	-5,90	-4,90	-4,03	-3,43	-3,03	-2,71	-2,41	-2,11	-8,82	0
09/12/2020 23:50:00	-8,90	-8,62	-8,22	-7,58	-6,74	-5,77	-4,78	-3,91	-3,29	-2,88	-2,56	-2,27	-1,98	-8,83	0
09/12/2020 23:55:00	-8,79	-8,63	-8,19	-7,36	-6,39	-5,41	-4,44	-3,62	-3,04	-2,68	-2,43	-2,24	-2,04	-8,83	0
