FileFormat:0002.2 file with temperature of atmosphere
200
local	GMT or Local
0	GMT-Local=[hours]
0	Height[m]
0	0	0	Longitude                [grd]               [min]               [sec]
0	0	0	Latitude                [grd]               [min]               [sec]
N	NS
59,40	Freq[GHz]
0,00	dTemostat[K]
0,150	MessErr[K]
0,248	//[grad/step]
version 14.0.20110218
MTP5H033F5940K-33.00D180214+A1.1
Commentary:
enter comment
End Of Commentary

SYSTEM\summer.dat
data time	0	50	100	150	200	250	300	350	400	450	500	550	600	OutsideTemperature	Quality
19/07/2020 00:00:00	16,22	16,38	16,40	16,17	15,96	15,70	15,37	15,06	14,74	14,41	14,02	13,61	13,20	16,22	0
19/07/2020 00:05:00	16,18	16,33	16,30	16,09	15,89	15,68	15,40	15,12	14,83	14,53	14,19	13,83	13,47	16,19	0
19/07/2020 00:10:00	16,17	16,31	16,29	16,11	15,91	15,68	15,36	15,06	14,76	14,43	14,06	13,66	13,26	16,13	0
19/07/2020 00:15:00	16,08	16,26	16,34	16,12	15,87	15,62	15,33	15,03	14,72	14,38	14,01	13,60	13,20	16,09	0
19/07/2020 00:20:00	16,07	16,29	16,27	16,01	15,76	15,46	15,15	14,84	14,52	14,19	13,82	13,43	13,04	16,08	0
19/07/2020 00:25:00	16,14	16,31	16,28	16,10	15,86	15,60	15,31	15,02	14,71	14,39	14,02	13,63	13,24	16,35	0
19/07/2020 00:30:00	16,40	16,59	16,61	16,37	16,17	15,92	15,61	15,30	15,00	14,67	14,30	13,91	13,51	16,43	0
19/07/2020 00:35:00	16,41	16,54	16,61	16,43	16,23	15,97	15,67	15,37	15,06	14,72	14,33	13,91	13,48	16,68	0
19/07/2020 00:40:00	16,30	16,53	16,65	16,51	16,32	16,03	15,72	15,41	15,09	14,73	14,31	13,87	13,42	16,49	0
19/07/2020 00:45:00	16,39	16,62	16,70	16,56	16,32	16,06	15,79	15,50	15,19	14,85	14,46	14,05	13,63	16,44	0
19/07/2020 00:50:00	16,42	16,59	16,65	16,46	16,30	16,06	15,76	15,46	15,16	14,83	14,46	14,05	13,64	16,57	0
19/07/2020 00:55:00	16,64	16,89	16,98	16,80	16,60	16,35	16,04	15,74	15,42	15,08	14,68	14,26	13,83	16,67	0
19/07/2020 01:00:00	16,65	16,84	16,95	16,75	16,57	16,35	16,05	15,75	15,44	15,11	14,72	14,31	13,89	16,62	0
19/07/2020 01:05:00	16,60	16,82	16,88	16,69	16,51	16,31	16,00	15,70	15,39	15,07	14,69	14,29	13,89	16,62	0
19/07/2020 01:10:00	16,52	16,66	16,73	16,55	16,42	16,17	15,91	15,63	15,34	15,02	14,66	14,26	13,86	16,49	0
19/07/2020 01:15:00	16,43	16,62	16,65	16,44	16,24	16,01	15,70	15,40	15,10	14,77	14,40	14,00	13,60	16,29	0
19/07/2020 01:20:00	16,24	16,40	16,53	16,38	16,21	15,99	15,68	15,38	15,07	14,73	14,33	13,90	13,47	16,20	0
19/07/2020 01:25:00	16,17	16,41	16,47	16,31	16,14	15,90	15,58	15,27	14,96	14,62	14,24	13,82	13,40	16,07	0
19/07/2020 01:30:00	16,04	16,27	16,41	16,25	16,08	15,87	15,58	15,29	14,98	14,65	14,27	13,86	13,44	16,08	0
19/07/2020 01:35:00	16,06	16,28	16,44	16,37	16,22	15,99	15,71	15,42	15,12	14,78	14,37	13,94	13,50	16,04	0
19/07/2020 01:40:00	15,93	16,14	16,28	16,17	16,02	15,79	15,49	15,19	14,88	14,54	14,14	13,71	13,27	15,89	0
19/07/2020 01:45:00	15,87	16,12	16,24	16,11	15,99	15,73	15,44	15,15	14,84	14,50	14,11	13,69	13,27	15,86	0
19/07/2020 01:50:00	15,89	16,11	16,22	16,08	15,90	15,66	15,36	15,07	14,76	14,43	14,04	13,62	13,21	15,89	0
19/07/2020 01:55:00	15,90	16,14	16,22	16,05	15,85	15,58	15,28	14,97	14,66	14,32	13,93	13,51	13,10	15,91	0
19/07/2020 02:00:00	15,97	16,10	16,19	16,04	15,85	15,64	15,36	15,08	14,78	14,46	14,09	13,69	13,29	15,96	0
19/07/2020 02:05:00	15,92	16,13	16,24	16,05	15,85	15,69	15,40	15,11	14,81	14,50	14,14	13,76	13,37	15,94	0
19/07/2020 02:10:00	15,99	16,15	16,19	16,06	15,95	15,80	15,52	15,25	14,97	14,67	14,33	13,95	13,58	16,00	0
19/07/2020 02:15:00	15,93	16,12	16,17	16,04	15,95	15,72	15,43	15,15	14,86	14,54	14,17	13,78	13,38	15,92	0
19/07/2020 02:20:00	16,01	16,16	16,20	16,08	15,96	15,71	15,44	15,16	14,87	14,55	14,18	13,78	13,38	15,95	0
19/07/2020 02:25:00	16,01	16,22	16,23	16,04	15,88	15,62	15,33	15,04	14,74	14,42	14,06	13,67	13,28	16,29	0
19/07/2020 02:30:00	16,29	16,49	16,56	16,41	16,24	16,02	15,73	15,45	15,15	14,83	14,45	14,05	13,65	16,37	0
19/07/2020 02:35:00	16,39	16,56	16,58	16,42	16,24	16,00	15,69	15,40	15,10	14,77	14,39	13,99	13,58	16,49	0
19/07/2020 02:40:00	16,46	16,62	16,67	16,53	16,37	16,17	15,86	15,57	15,28	14,95	14,57	14,16	13,75	16,43	0
19/07/2020 02:45:00	16,41	16,61	16,68	16,54	16,39	16,17	15,86	15,57	15,26	14,93	14,55	14,13	13,71	16,40	0
19/07/2020 02:50:00	16,31	16,52	16,62	16,51	16,31	16,06	15,77	15,47	15,16	14,81	14,41	13,97	13,54	16,40	0
19/07/2020 02:55:00	16,36	16,64	16,66	16,48	16,28	16,00	15,67	15,36	15,04	14,69	14,30	13,87	13,45	16,39	0
19/07/2020 03:00:00	16,34	16,58	16,60	16,39	16,21	15,95	15,65	15,36	15,05	14,73	14,36	13,96	13,56	16,49	0
19/07/2020 03:05:00	16,27	16,45	16,53	16,37	16,22	15,99	15,68	15,38	15,08	14,75	14,36	13,95	13,53	16,31	0
19/07/2020 03:10:00	16,19	16,39	16,42	16,24	16,05	15,80	15,50	15,20	14,89	14,56	14,19	13,78	13,38	16,17	0
19/07/2020 03:15:00	16,14	16,38	16,48	16,33	16,15	15,92	15,60	15,29	14,97	14,63	14,23	13,80	13,37	16,20	0
19/07/2020 03:20:00	16,13	16,40	16,50	16,36	16,22	16,00	15,70	15,40	15,10	14,77	14,38	13,96	13,55	16,19	0
19/07/2020 03:25:00	16,14	16,28	16,39	16,32	16,18	15,97	15,69	15,41	15,11	14,78	14,39	13,96	13,53	16,15	0
19/07/2020 03:30:00	16,05	16,20	16,26	16,10	15,96	15,75	15,48	15,21	14,92	14,61	14,26	13,87	13,48	15,99	0
19/07/2020 03:35:00	15,98	16,09	16,17	16,03	15,87	15,68	15,41	15,14	14,85	14,54	14,18	13,80	13,41	16,03	0
19/07/2020 03:40:00	16,02	16,14	16,22	16,05	15,87	15,67	15,35	15,05	14,75	14,42	14,03	13,62	13,21	15,98	0
19/07/2020 03:45:00	15,99	16,21	16,29	16,14	15,97	15,72	15,43	15,13	14,83	14,50	14,11	13,70	13,29	15,92	0
19/07/2020 03:50:00	15,95	16,07	16,20	16,07	15,91	15,69	15,44	15,17	14,87	14,55	14,17	13,76	13,36	15,93	0
19/07/2020 03:55:00	15,91	16,06	16,21	16,13	15,99	15,77	15,48	15,19	14,89	14,55	14,14	13,71	13,27	15,95	0
19/07/2020 04:00:00	15,96	16,07	16,20	16,09	15,96	15,77	15,46	15,17	14,87	14,54	14,14	13,72	13,29	15,81	0
19/07/2020 04:05:00	15,89	16,04	16,16	16,02	15,90	15,69	15,44	15,18	14,89	14,58	14,22	13,83	13,44	15,88	0
19/07/2020 04:10:00	15,83	15,92	15,99	15,92	15,79	15,59	15,37	15,14	14,86	14,56	14,22	13,84	13,46	15,80	0
19/07/2020 04:15:00	15,82	15,95	16,04	15,92	15,77	15,50	15,22	14,93	14,63	14,29	13,89	13,47	13,05	15,80	0
19/07/2020 04:20:00	15,84	16,01	16,19	16,11	15,96	15,75	15,45	15,15	14,85	14,50	14,09	13,65	13,21	15,85	0
19/07/2020 04:25:00	15,82	16,01	16,13	16,00	15,86	15,69	15,40	15,12	14,83	14,51	14,14	13,74	13,34	15,81	0
19/07/2020 04:30:00	15,82	15,96	16,09	16,02	15,94	15,76	15,46	15,17	14,88	14,55	14,16	13,74	13,31	15,79	0
19/07/2020 04:35:00	15,77	15,90	16,03	15,94	15,85	15,65	15,37	15,10	14,81	14,49	14,11	13,70	13,29	15,80	0
19/07/2020 04:40:00	15,83	15,92	15,99	15,91	15,79	15,60	15,35	15,10	14,82	14,52	14,17	13,78	13,39	15,75	0
19/07/2020 04:45:00	15,79	15,94	15,99	15,92	15,81	15,59	15,35	15,09	14,82	14,51	14,16	13,77	13,38	15,82	0
19/07/2020 04:50:00	15,88	15,99	16,07	15,99	15,86	15,61	15,33	15,05	14,76	14,43	14,04	13,62	13,19	15,86	0
19/07/2020 04:55:00	15,98	16,04	16,06	15,94	15,85	15,66	15,40	15,15	14,88	14,58	14,24	13,86	13,49	15,95	0
19/07/2020 05:00:00	15,90	15,91	15,87	15,72	15,56	15,36	15,11	14,86	14,58	14,29	13,96	13,60	13,23	15,93	0
19/07/2020 05:05:00	15,92	16,05	16,00	15,79	15,60	15,35	15,06	14,77	14,48	14,17	13,83	13,46	13,09	15,95	0
19/07/2020 05:10:00	16,04	16,11	16,01	15,77	15,56	15,32	15,06	14,80	14,51	14,23	13,91	13,56	13,22	16,01	0
19/07/2020 05:15:00	16,09	16,19	16,09	15,85	15,64	15,40	15,12	14,84	14,55	14,25	13,92	13,57	13,22	16,32	0
19/07/2020 05:20:00	16,42	16,57	16,46	16,23	16,01	15,78	15,50	15,22	14,94	14,64	14,31	13,96	13,61	16,42	0
19/07/2020 05:25:00	16,51	16,49	16,33	16,07	15,91	15,72	15,45	15,19	14,92	14,65	14,35	14,03	13,70	16,65	0
19/07/2020 05:30:00	16,63	16,64	16,44	16,17	15,91	15,69	15,39	15,10	14,82	14,52	14,20	13,86	13,51	16,64	0
19/07/2020 05:35:00	16,60	16,62	16,40	16,15	15,93	15,69	15,42	15,15	14,87	14,60	14,29	13,96	13,62	16,59	0
19/07/2020 05:40:00	16,60	16,53	16,25	15,99	15,82	15,63	15,37	15,13	14,88	14,63	14,37	14,07	13,78	16,59	0
19/07/2020 05:45:00	16,61	16,59	16,37	16,08	15,85	15,65	15,37	15,10	14,84	14,57	14,28	13,96	13,65	16,60	0
19/07/2020 05:50:00	16,64	16,53	16,30	16,02	15,82	15,65	15,41	15,18	14,93	14,68	14,42	14,13	13,85	16,51	0
19/07/2020 05:55:00	16,58	16,51	16,26	15,98	15,75	15,56	15,33	15,10	14,85	14,61	14,35	14,07	13,79	16,69	0
19/07/2020 06:00:00	16,64	16,48	16,22	15,97	15,79	15,60	15,38	15,15	14,91	14,67	14,41	14,11	13,82	16,71	0
19/07/2020 06:05:00	16,58	16,48	16,22	15,99	15,81	15,59	15,33	15,08	14,83	14,57	14,28	13,96	13,65	16,57	0
19/07/2020 06:10:00	16,57	16,47	16,15	15,86	15,64	15,41	15,17	14,93	14,68	14,44	14,18	13,90	13,61	16,59	0
19/07/2020 06:15:00	16,45	16,37	16,09	15,77	15,53	15,32	15,06	14,81	14,55	14,29	14,03	13,74	13,45	16,56	0
19/07/2020 06:20:00	16,56	16,29	16,01	15,76	15,60	15,41	15,20	14,99	14,76	14,52	14,27	13,99	13,71	16,53	0
19/07/2020 06:25:00	16,39	16,23	15,99	15,76	15,58	15,37	15,11	14,86	14,60	14,34	14,05	13,73	13,41	16,36	0
19/07/2020 06:30:00	16,31	16,23	15,97	15,73	15,57	15,44	15,21	14,99	14,76	14,53	14,29	14,02	13,75	16,20	0
19/07/2020 06:35:00	16,37	16,39	16,15	15,84	15,64	15,38	15,10	14,83	14,56	14,28	13,99	13,68	13,36	16,20	0
19/07/2020 06:40:00	16,43	16,25	15,95	15,71	15,61	15,47	15,27	15,08	14,87	14,66	14,44	14,19	13,94	16,26	0
19/07/2020 06:45:00	16,60	16,44	16,06	15,76	15,61	15,46	15,23	15,02	14,80	14,59	14,38	14,14	13,90	16,31	0
19/07/2020 06:50:00	16,48	16,31	15,94	15,61	15,38	15,14	14,89	14,65	14,40	14,15	13,90	13,63	13,35	16,39	0
19/07/2020 06:55:00	16,58	16,36	15,87	15,54	15,35	15,14	14,87	14,63	14,39	14,17	13,94	13,69	13,43	16,71	0
19/07/2020 07:00:00	16,93	16,61	16,04	15,72	15,49	15,22	14,97	14,73	14,50	14,28	14,05	13,79	13,53	16,90	0
19/07/2020 07:05:00	17,31	16,77	15,85	15,42	15,08	14,78	14,55	14,34	14,13	13,96	13,80	13,63	13,46	17,01	0
19/07/2020 07:10:00	17,43	17,37	15,99	15,38	14,93	14,56	14,23	13,95	13,74	13,60	13,53	13,44	13,35	17,22	0
19/07/2020 07:15:00	17,09	16,84	16,14	15,65	15,30	15,01	14,75	14,50	14,26	14,05	13,86	13,66	13,45	17,21	0
19/07/2020 07:20:00	17,28	16,90	16,13	15,64	15,30	14,99	14,71	14,45	14,21	14,00	13,81	13,59	13,38	17,44	0
19/07/2020 07:25:00	17,46	17,43	16,20	15,59	15,14	14,76	14,43	14,15	13,91	13,75	13,65	13,53	13,41	17,84	0
19/07/2020 07:30:00	17,47	17,14	16,27	15,78	15,40	15,06	14,77	14,50	14,25	14,04	13,85	13,64	13,43	17,91	0
19/07/2020 07:35:00	17,77	17,41	16,25	15,66	15,32	14,99	14,65	14,38	14,16	14,00	13,87	13,73	13,58	18,04	0
19/07/2020 07:40:00	17,85	17,86	16,44	15,70	15,20	14,78	14,40	14,09	13,85	13,69	13,61	13,52	13,43	17,82	0
19/07/2020 07:45:00	18,41	17,85	16,39	15,67	15,16	14,72	14,37	14,08	13,85	13,68	13,57	13,45	13,33	18,39	0
19/07/2020 07:50:00	18,61	17,96	16,44	15,66	15,12	14,67	14,32	14,04	13,81	13,66	13,57	13,47	13,37	18,49	0
19/07/2020 07:55:00	18,64	17,88	16,77	16,06	15,49	14,99	14,63	14,31	14,02	13,78	13,56	13,32	13,09	18,89	0
19/07/2020 08:00:00	19,01	18,46	16,62	15,70	15,06	14,55	14,19	13,90	13,69	13,57	13,56	13,54	13,52	19,22	0
19/07/2020 08:05:00	19,04	18,49	16,78	15,95	15,32	14,80	14,35	14,00	13,74	13,55	13,43	13,29	13,16	19,23	0
19/07/2020 08:10:00	18,29	17,87	16,93	16,29	15,84	15,40	15,00	14,67	14,38	14,12	13,87	13,60	13,34	19,47	0
19/07/2020 08:15:00	18,33	17,92	16,92	16,28	15,82	15,38	15,02	14,70	14,42	14,19	13,97	13,74	13,51	19,32	0
19/07/2020 08:20:00	18,62	18,33	16,98	16,25	15,71	15,24	14,84	14,51	14,24	14,04	13,89	13,73	13,57	19,12	0
19/07/2020 08:25:00	18,80	18,60	17,18	16,43	15,88	15,35	14,89	14,52	14,24	14,02	13,84	13,66	13,47	19,94	0
19/07/2020 08:30:00	18,66	18,20	17,20	16,52	16,04	15,58	15,18	14,83	14,54	14,28	14,04	13,79	13,53	19,27	0
19/07/2020 08:35:00	19,01	18,62	17,17	16,32	15,78	15,31	14,89	14,54	14,28	14,09	13,95	13,81	13,67	18,85	0
19/07/2020 08:40:00	19,44	19,01	17,20	16,33	15,68	15,11	14,69	14,35	14,10	13,93	13,85	13,76	13,66	19,29	0
19/07/2020 08:45:00	19,40	19,08	17,36	16,56	15,94	15,39	14,91	14,53	14,26	14,06	13,91	13,75	13,59	20,05	0
19/07/2020 08:50:00	19,69	19,07	17,45	16,59	15,87	15,32	14,90	14,55	14,28	14,07	13,93	13,78	13,63	20,58	0
19/07/2020 08:55:00	19,67	19,06	17,37	16,50	15,86	15,34	14,92	14,59	14,33	14,15	14,04	13,92	13,80	20,50	0
19/07/2020 09:00:00	19,60	18,95	17,41	16,60	15,99	15,50	15,09	14,75	14,50	14,30	14,16	14,01	13,85	19,95	0
19/07/2020 09:05:00	19,34	18,75	17,56	16,78	16,22	15,67	15,25	14,89	14,59	14,33	14,10	13,86	13,62	20,16	0
19/07/2020 09:10:00	18,69	18,78	17,65	16,96	16,39	15,85	15,38	14,98	14,66	14,38	14,13	13,87	13,61	19,09	0
19/07/2020 09:15:00	19,60	19,25	17,48	16,60	15,92	15,36	14,91	14,54	14,28	14,09	13,98	13,86	13,74	19,12	0
19/07/2020 09:20:00	19,61	18,85	17,53	16,80	16,20	15,62	15,18	14,82	14,52	14,25	14,00	13,74	13,48	20,77	0
19/07/2020 09:25:00	19,62	19,05	17,64	16,79	16,20	15,68	15,23	14,86	14,58	14,35	14,17	13,97	13,77	21,82	0
19/07/2020 09:30:00	18,51	18,06	17,20	16,42	15,78	15,29	14,84	14,44	14,10	13,79	13,49	13,18	12,88	21,40	0
19/07/2020 09:35:00	18,43	18,21	17,49	16,84	16,36	15,85	15,36	14,95	14,59	14,25	13,90	13,53	13,16	20,95	0
19/07/2020 09:40:00	18,37	18,15	17,28	16,58	16,07	15,56	15,11	14,73	14,40	14,10	13,81	13,52	13,22	21,55	0
19/07/2020 09:45:00	18,96	18,20	16,79	15,97	15,42	14,95	14,51	14,16	13,90	13,68	13,51	13,32	13,13	20,47	0
19/07/2020 09:50:00	17,63	17,59	17,10	16,46	15,91	15,36	14,87	14,42	14,03	13,64	13,23	12,82	12,41	20,61	0
19/07/2020 09:55:00	18,67	17,98	16,57	15,97	15,50	15,03	14,68	14,39	14,15	13,96	13,80	13,61	13,43	20,37	0
19/07/2020 10:00:00	19,11	18,60	16,89	16,07	15,46	14,99	14,54	14,19	13,94	13,76	13,64	13,51	13,38	21,24	0
19/07/2020 10:05:00	19,24	18,56	17,13	16,33	15,67	15,16	14,76	14,43	14,16	13,94	13,77	13,60	13,42	22,32	0
19/07/2020 10:10:00	19,38	18,89	17,28	16,41	15,74	15,12	14,59	14,18	13,87	13,61	13,40	13,19	12,97	22,67	0
19/07/2020 10:15:00	18,59	18,27	17,52	16,87	16,30	15,78	15,35	14,97	14,63	14,30	13,98	13,64	13,30	21,89	0
19/07/2020 10:20:00	19,49	19,04	17,53	16,64	15,96	15,38	14,90	14,51	14,21	13,97	13,78	13,59	13,39	22,37	0
19/07/2020 10:25:00	19,81	19,04	17,51	16,57	15,93	15,38	14,91	14,54	14,25	14,02	13,85	13,66	13,48	23,60	0
19/07/2020 10:30:00	19,95	19,44	17,72	16,86	16,11	15,39	14,90	14,50	14,19	13,94	13,74	13,54	13,33	24,33	1
19/07/2020 10:35:00	18,92	18,63	17,84	17,12	16,58	16,05	15,56	15,14	14,79	14,45	14,11	13,75	13,40	22,86	0
19/07/2020 10:40:00	18,71	18,55	17,78	17,23	16,90	16,46	16,03	15,67	15,36	15,07	14,77	14,44	14,12	22,46	0
19/07/2020 10:45:00	18,65	18,74	17,84	17,11	16,48	15,90	15,43	15,02	14,66	14,33	14,03	13,73	13,42	21,49	0
19/07/2020 10:50:00	19,74	18,92	17,60	16,80	16,18	15,67	15,24	14,89	14,60	14,35	14,13	13,90	13,67	22,58	0
19/07/2020 10:55:00	19,99	19,44	17,78	16,93	16,24	15,60	15,11	14,71	14,41	14,16	13,96	13,76	13,55	22,87	0
19/07/2020 11:00:00	20,02	19,36	17,92	17,19	16,60	16,01	15,53	15,15	14,85	14,59	14,34	14,08	13,82	21,71	0
19/07/2020 11:05:00	19,82	19,25	18,15	17,37	16,75	16,17	15,65	15,22	14,87	14,54	14,21	13,87	13,52	21,82	0
19/07/2020 11:10:00	19,19	18,93	18,26	17,53	17,01	16,45	15,94	15,49	15,12	14,74	14,35	13,95	13,55	21,82	0
19/07/2020 11:15:00	18,99	18,87	18,15	17,51	16,99	16,51	16,07	15,68	15,34	15,01	14,69	14,34	14,00	21,80	0
19/07/2020 11:20:00	19,76	19,01	18,03	17,24	16,64	16,14	15,75	15,41	15,10	14,83	14,57	14,31	14,04	23,13	0
19/07/2020 11:25:00	20,12	19,54	18,06	17,17	16,56	16,18	15,81	15,50	15,26	15,09	14,99	14,87	14,76	21,74	0
19/07/2020 11:30:00	20,33	19,51	18,28	17,48	16,95	16,40	15,98	15,63	15,34	15,09	14,86	14,61	14,36	23,89	0
19/07/2020 11:35:00	20,68	19,91	18,39	17,52	16,90	16,32	15,91	15,57	15,29	15,08	14,91	14,72	14,54	25,44	0
19/07/2020 11:40:00	20,68	19,54	18,27	17,42	16,89	16,39	16,00	15,68	15,42	15,19	14,98	14,76	14,54	23,86	0
19/07/2020 11:45:00	19,78	19,30	18,53	17,76	17,18	16,65	16,18	15,78	15,42	15,08	14,74	14,38	14,03	22,33	0
19/07/2020 11:50:00	19,86	19,25	18,39	17,75	17,20	16,67	16,21	15,82	15,48	15,15	14,79	14,41	14,04	21,56	0
19/07/2020 11:55:00	19,08	18,80	18,07	17,47	16,98	16,51	16,09	15,72	15,40	15,08	14,76	14,42	14,08	21,70	0
19/07/2020 12:00:00	19,14	18,82	18,04	17,41	16,89	16,39	15,92	15,51	15,17	14,84	14,49	14,12	13,76	21,82	0
19/07/2020 12:05:00	19,15	18,89	18,01	17,37	16,85	16,32	15,87	15,48	15,15	14,83	14,51	14,17	13,84	21,82	0
19/07/2020 12:10:00	19,17	18,80	17,92	17,29	16,78	16,31	15,90	15,54	15,23	14,94	14,66	14,35	14,05	21,96	0
19/07/2020 12:15:00	19,32	18,81	17,77	17,11	16,66	16,23	15,82	15,47	15,19	14,93	14,68	14,41	14,14	21,75	0
19/07/2020 12:20:00	19,49	19,05	18,08	17,40	16,87	16,34	15,89	15,51	15,18	14,87	14,57	14,24	13,92	22,51	0
19/07/2020 12:25:00	20,01	19,39	18,40	17,75	17,21	16,60	16,10	15,69	15,34	14,99	14,62	14,23	13,84	22,25	0
19/07/2020 12:30:00	20,10	19,48	18,34	17,60	17,09	16,61	16,15	15,78	15,48	15,21	14,94	14,65	14,37	23,21	0
19/07/2020 12:35:00	19,81	19,09	18,15	17,40	16,76	16,18	15,71	15,31	14,96	14,63	14,29	13,94	13,59	23,36	0
19/07/2020 12:40:00	19,53	18,91	17,92	17,19	16,65	16,12	15,70	15,33	15,02	14,73	14,45	14,15	13,86	23,14	0
19/07/2020 12:45:00	19,77	18,92	17,66	16,82	16,31	15,85	15,46	15,14	14,88	14,67	14,49	14,29	14,10	23,29	0
19/07/2020 12:50:00	19,89	18,89	17,57	16,80	16,24	15,77	15,41	15,12	14,86	14,66	14,48	14,29	14,09	24,09	0
19/07/2020 12:55:00	19,19	18,52	17,39	16,71	16,22	15,86	15,52	15,23	14,99	14,79	14,61	14,42	14,23	21,30	0
19/07/2020 13:00:00	19,16	18,44	17,43	16,85	16,44	16,07	15,79	15,53	15,30	15,10	14,92	14,71	14,51	21,74	0
19/07/2020 13:05:00	20,12	19,07	17,57	16,83	16,38	16,02	15,67	15,41	15,21	15,06	14,95	14,82	14,68	24,08	0
19/07/2020 13:10:00	20,14	19,08	17,91	17,18	16,69	16,28	15,95	15,67	15,43	15,22	15,03	14,82	14,62	25,03	0
19/07/2020 13:15:00	20,10	19,17	17,85	17,05	16,54	16,09	15,73	15,44	15,21	15,02	14,87	14,70	14,54	23,11	0
19/07/2020 13:20:00	20,19	19,20	18,01	17,31	16,78	16,30	15,91	15,59	15,31	15,06	14,81	14,54	14,27	22,31	0
19/07/2020 13:25:00	20,09	19,27	18,21	17,43	16,88	16,37	15,95	15,59	15,29	15,01	14,75	14,46	14,18	22,23	0
19/07/2020 13:30:00	20,24	19,16	17,97	17,22	16,80	16,45	16,12	15,85	15,62	15,44	15,27	15,09	14,90	23,64	0
19/07/2020 13:35:00	19,82	19,30	18,39	17,75	17,26	16,77	16,34	15,97	15,65	15,35	15,04	14,71	14,38	21,89	0
19/07/2020 13:40:00	19,64	19,31	18,51	17,79	17,29	16,80	16,36	15,99	15,66	15,35	15,04	14,72	14,39	22,67	0
19/07/2020 13:45:00	19,72	19,21	18,54	17,92	17,45	17,00	16,59	16,23	15,91	15,59	15,25	14,89	14,54	21,59	0
19/07/2020 13:50:00	20,03	19,56	18,61	17,83	17,24	16,74	16,34	15,98	15,67	15,39	15,13	14,86	14,59	21,63	0
19/07/2020 13:55:00	20,20	19,65	18,63	17,93	17,40	17,03	16,74	16,46	16,21	16,01	15,84	15,65	15,46	22,53	0
19/07/2020 14:00:00	20,42	19,74	18,77	18,06	17,47	16,95	16,51	16,14	15,81	15,50	15,18	14,85	14,51	25,13	0
19/07/2020 14:05:00	20,80	19,83	18,68	17,95	17,43	16,98	16,63	16,33	16,07	15,84	15,62	15,38	15,14	23,52	0
19/07/2020 14:10:00	20,89	20,09	18,93	18,17	17,65	17,15	16,75	16,42	16,14	15,90	15,66	15,42	15,17	22,58	0
19/07/2020 14:15:00	21,39	20,45	19,35	18,47	17,87	17,28	16,84	16,46	16,15	15,86	15,58	15,28	14,99	23,50	0
19/07/2020 14:20:00	21,33	20,30	19,26	18,52	18,01	17,51	17,10	16,76	16,46	16,18	15,88	15,56	15,24	24,90	0
19/07/2020 14:25:00	20,80	20,31	19,39	18,66	18,08	17,63	17,21	16,86	16,55	16,26	15,98	15,68	15,38	23,22	0
19/07/2020 14:30:00	21,02	20,38	19,63	18,90	18,31	17,71	17,07	16,54	16,12	15,66	15,13	14,59	14,04	26,09	0
19/07/2020 14:35:00	19,93	19,21	18,31	17,74	17,37	17,05	16,78	16,55	16,33	16,13	15,94	15,73	15,52	25,34	0
19/07/2020 14:40:00	19,39	18,67	17,93	17,45	17,21	17,08	16,97	16,84	16,69	16,58	16,49	16,37	16,26	22,04	0
19/07/2020 14:45:00	19,22	18,68	18,01	17,44	17,03	16,70	16,41	16,13	15,87	15,63	15,39	15,13	14,87	20,75	0
19/07/2020 14:50:00	18,80	18,25	17,62	17,18	16,96	16,79	16,66	16,52	16,34	16,20	16,07	15,92	15,77	20,11	0
19/07/2020 14:55:00	19,18	18,50	17,85	17,37	17,12	16,90	16,65	16,43	16,21	16,01	15,81	15,58	15,34	19,89	0
19/07/2020 15:00:00	18,96	18,51	17,80	17,36	17,07	16,81	16,55	16,32	16,09	15,89	15,68	15,44	15,20	20,54	0
19/07/2020 15:05:00	18,86	18,32	17,73	17,30	17,01	16,77	16,51	16,26	16,03	15,80	15,56	15,29	15,01	20,40	0
19/07/2020 15:10:00	18,87	18,45	17,76	17,27	16,89	16,56	16,26	15,98	15,72	15,47	15,22	14,95	14,68	20,74	0
19/07/2020 15:15:00	19,02	18,66	17,99	17,45	17,03	16,64	16,30	16,00	15,71	15,44	15,16	14,86	14,56	21,20	0
19/07/2020 15:20:00	19,17	18,77	18,20	17,69	17,27	16,90	16,54	16,21	15,91	15,61	15,29	14,95	14,61	21,86	0
19/07/2020 15:25:00	19,46	19,02	18,32	17,78	17,36	16,98	16,59	16,26	15,97	15,67	15,36	15,03	14,70	22,37	0
19/07/2020 15:30:00	20,02	19,24	18,54	17,92	17,46	17,02	16,61	16,26	15,94	15,62	15,27	14,90	14,52	24,72	0
19/07/2020 15:35:00	19,80	19,37	18,56	17,88	17,34	16,87	16,45	16,08	15,76	15,46	15,15	14,82	14,50	23,92	0
19/07/2020 15:40:00	19,67	19,20	18,49	17,81	17,25	16,74	16,32	15,94	15,60	15,26	14,92	14,56	14,21	23,33	0
19/07/2020 15:45:00	19,51	19,02	18,38	17,79	17,32	16,89	16,49	16,14	15,82	15,50	15,16	14,80	14,45	22,78	0
19/07/2020 15:50:00	19,99	19,20	18,19	17,52	17,04	16,59	16,20	15,86	15,58	15,31	15,05	14,76	14,46	23,71	0
19/07/2020 15:55:00	20,15	19,16	18,07	17,27	16,71	16,16	15,77	15,44	15,14	14,87	14,62	14,35	14,08	23,75	0
19/07/2020 16:00:00	20,10	19,09	18,14	17,37	16,85	16,45	16,03	15,68	15,39	15,11	14,84	14,54	14,24	24,83	0
19/07/2020 16:05:00	19,93	19,05	17,98	17,15	16,64	16,14	15,77	15,46	15,18	14,95	14,73	14,51	14,28	24,78	0
19/07/2020 16:10:00	19,49	19,00	18,27	17,66	17,17	16,81	16,40	16,05	15,75	15,45	15,14	14,81	14,48	22,96	0
19/07/2020 16:15:00	19,59	18,75	17,77	17,07	16,57	16,15	15,85	15,58	15,33	15,11	14,91	14,70	14,48	22,67	0
19/07/2020 16:20:00	19,67	18,83	17,63	16,76	16,18	15,70	15,25	14,88	14,59	14,34	14,11	13,87	13,63	24,07	0
19/07/2020 16:25:00	19,23	18,41	17,45	16,85	16,54	16,21	15,93	15,68	15,47	15,28	15,10	14,90	14,70	23,94	0
19/07/2020 16:30:00	19,11	18,47	17,62	16,96	16,51	16,18	15,85	15,56	15,30	15,07	14,85	14,62	14,38	22,82	0
19/07/2020 16:35:00	19,02	18,53	17,71	17,03	16,61	16,16	15,79	15,47	15,18	14,92	14,66	14,39	14,12	20,67	0
19/07/2020 16:40:00	19,14	18,56	17,68	17,01	16,61	16,26	15,94	15,67	15,42	15,21	15,02	14,81	14,59	21,28	0
19/07/2020 16:45:00	19,28	18,60	17,70	17,00	16,54	16,14	15,79	15,48	15,21	14,97	14,74	14,49	14,25	21,79	0
19/07/2020 16:50:00	19,10	18,39	17,52	16,84	16,44	16,10	15,78	15,49	15,24	15,03	14,82	14,60	14,38	22,85	0
19/07/2020 16:55:00	18,81	18,35	17,64	17,05	16,56	16,19	15,87	15,57	15,29	15,03	14,78	14,51	14,24	20,95	0
19/07/2020 17:00:00	18,80	18,30	17,66	17,12	16,70	16,33	15,96	15,63	15,34	15,05	14,74	14,41	14,08	21,09	0
19/07/2020 17:05:00	18,61	18,26	17,61	17,03	16,69	16,36	16,00	15,68	15,40	15,14	14,88	14,59	14,30	19,81	0
19/07/2020 17:10:00	18,60	18,24	17,58	17,08	16,78	16,46	16,15	15,87	15,62	15,38	15,13	14,87	14,60	19,67	0
19/07/2020 17:15:00	18,69	18,32	17,58	17,09	16,77	16,41	16,08	15,79	15,53	15,28	15,03	14,76	14,48	20,54	0
19/07/2020 17:20:00	18,80	18,32	17,44	16,80	16,41	16,09	15,77	15,49	15,24	15,03	14,84	14,63	14,42	20,53	0
19/07/2020 17:25:00	18,85	18,41	17,54	16,95	16,58	16,23	15,88	15,59	15,33	15,10	14,88	14,64	14,40	20,75	0
19/07/2020 17:30:00	19,40	18,69	17,63	17,04	16,61	16,21	15,85	15,55	15,30	15,07	14,84	14,59	14,35	22,14	0
19/07/2020 17:35:00	19,36	18,80	17,82	17,10	16,67	16,24	15,85	15,52	15,25	15,00	14,78	14,53	14,29	22,24	0
19/07/2020 17:40:00	19,34	18,68	17,84	17,28	16,84	16,48	16,17	15,90	15,64	15,40	15,17	14,92	14,66	21,64	0
19/07/2020 17:45:00	19,39	18,78	17,99	17,40	17,00	16,67	16,32	16,02	15,75	15,50	15,24	14,96	14,68	22,10	0
19/07/2020 17:50:00	19,34	18,97	18,20	17,59	17,14	16,67	16,29	15,95	15,64	15,35	15,06	14,75	14,44	21,18	0
19/07/2020 17:55:00	19,17	18,80	18,20	17,58	17,15	16,74	16,35	16,01	15,69	15,39	15,07	14,74	14,41	20,96	0
19/07/2020 18:00:00	19,04	18,77	18,16	17,60	17,21	16,81	16,44	16,11	15,81	15,52	15,21	14,89	14,57	20,40	0
19/07/2020 18:05:00	19,04	18,77	18,20	17,65	17,20	16,74	16,33	15,97	15,63	15,30	14,95	14,57	14,20	20,38	0
19/07/2020 18:10:00	18,91	18,65	17,99	17,42	16,97	16,55	16,14	15,78	15,46	15,15	14,83	14,49	14,15	20,57	0
19/07/2020 18:15:00	18,85	18,61	17,93	17,33	16,92	16,50	16,13	15,80	15,50	15,23	14,95	14,65	14,36	20,03	0
19/07/2020 18:20:00	18,83	18,64	17,99	17,42	16,95	16,54	16,15	15,81	15,49	15,19	14,89	14,57	14,24	20,24	0
19/07/2020 18:25:00	18,71	18,53	17,91	17,37	16,88	16,43	16,07	15,74	15,42	15,12	14,81	14,48	14,16	20,06	0
19/07/2020 18:30:00	18,70	18,43	17,82	17,32	16,89	16,49	16,14	15,83	15,52	15,23	14,93	14,61	14,28	19,94	0
19/07/2020 18:35:00	18,65	18,44	17,82	17,24	16,83	16,45	16,05	15,71	15,40	15,10	14,79	14,47	14,15	20,06	0
19/07/2020 18:40:00	18,65	18,40	17,79	17,25	16,81	16,40	16,04	15,72	15,41	15,12	14,82	14,50	14,18	19,96	0
19/07/2020 18:45:00	18,53	18,34	17,75	17,20	16,77	16,41	16,08	15,77	15,47	15,20	14,92	14,63	14,34	19,81	0
19/07/2020 18:50:00	18,51	18,35	17,75	17,21	16,79	16,42	16,06	15,73	15,43	15,15	14,86	14,55	14,25	19,89	0
19/07/2020 18:55:00	18,74	18,40	17,59	17,04	16,65	16,25	15,89	15,58	15,30	15,04	14,79	14,51	14,24	20,79	0
19/07/2020 19:00:00	18,55	18,31	17,73	17,21	16,82	16,41	16,07	15,75	15,46	15,17	14,87	14,56	14,24	21,25	0
19/07/2020 19:05:00	18,47	18,23	17,71	17,25	16,83	16,46	16,11	15,79	15,49	15,19	14,87	14,54	14,20	21,20	0
19/07/2020 19:10:00	18,41	18,23	17,68	17,16	16,83	16,53	16,17	15,86	15,57	15,30	15,02	14,72	14,42	20,57	0
19/07/2020 19:15:00	18,33	18,14	17,60	17,11	16,75	16,43	16,11	15,81	15,53	15,27	15,00	14,71	14,41	19,56	0
19/07/2020 19:20:00	18,34	18,10	17,60	17,09	16,71	16,36	16,08	15,80	15,52	15,27	15,00	14,73	14,45	19,36	0
19/07/2020 19:25:00	18,62	18,36	17,90	17,47	17,16	16,83	16,50	16,19	15,91	15,62	15,30	14,97	14,63	19,33	0
19/07/2020 19:30:00	18,56	18,38	17,88	17,38	17,06	16,76	16,41	16,09	15,81	15,53	15,23	14,92	14,60	19,17	0
19/07/2020 19:35:00	18,59	18,34	17,81	17,30	16,95	16,66	16,34	16,05	15,78	15,52	15,26	14,97	14,69	19,41	0
19/07/2020 19:40:00	18,48	18,37	17,86	17,40	17,03	16,67	16,33	16,03	15,73	15,44	15,15	14,83	14,51	19,40	0
19/07/2020 19:45:00	18,45	18,28	17,86	17,36	16,99	16,64	16,29	15,97	15,66	15,36	15,04	14,70	14,36	19,44	0
19/07/2020 19:50:00	18,41	18,30	17,82	17,33	16,97	16,62	16,26	15,93	15,62	15,33	15,01	14,68	14,34	19,31	0
19/07/2020 19:55:00	18,44	18,27	17,81	17,31	16,93	16,56	16,18	15,83	15,51	15,19	14,85	14,49	14,13	19,08	0
19/07/2020 20:00:00	18,35	18,18	17,72	17,27	16,91	16,55	16,20	15,89	15,58	15,28	14,96	14,61	14,27	19,27	0
19/07/2020 20:05:00	18,59	18,48	18,01	17,52	17,12	16,77	16,46	16,16	15,86	15,58	15,29	14,98	14,68	19,16	0
19/07/2020 20:10:00	18,51	18,44	18,02	17,57	17,24	16,91	16,58	16,27	15,97	15,68	15,37	15,04	14,71	19,12	0
19/07/2020 20:15:00	18,90	18,74	18,28	17,82	17,46	17,12	16,80	16,49	16,20	15,91	15,60	15,28	14,95	19,12	0
19/07/2020 20:20:00	18,88	18,80	18,29	17,82	17,45	17,10	16,76	16,45	16,16	15,87	15,57	15,25	14,92	19,07	0
19/07/2020 20:25:00	18,87	18,71	18,20	17,76	17,46	17,19	16,90	16,62	16,36	16,11	15,85	15,56	15,27	18,97	0
19/07/2020 20:30:00	18,83	18,64	18,18	17,78	17,51	17,28	17,02	16,78	16,53	16,29	16,04	15,77	15,50	18,84	0
19/07/2020 20:35:00	18,84	18,65	18,24	17,88	17,62	17,40	17,14	16,90	16,65	16,41	16,15	15,86	15,57	18,80	0
19/07/2020 20:40:00	18,75	18,66	18,24	17,87	17,62	17,37	17,11	16,87	16,62	16,37	16,11	15,83	15,54	18,61	0
19/07/2020 20:45:00	18,68	18,52	18,16	17,82	17,58	17,33	17,09	16,85	16,60	16,35	16,08	15,78	15,48	18,26	0
19/07/2020 20:50:00	18,29	18,15	17,78	17,41	17,22	16,99	16,74	16,49	16,25	16,01	15,75	15,47	15,18	18,14	0
19/07/2020 20:55:00	18,29	18,18	17,80	17,43	17,23	17,04	16,80	16,58	16,34	16,12	15,89	15,63	15,37	18,01	0
19/07/2020 21:00:00	18,03	17,96	17,56	17,20	16,96	16,72	16,46	16,20	15,95	15,71	15,45	15,16	14,88	18,03	0
19/07/2020 21:05:00	18,04	17,93	17,58	17,26	16,99	16,74	16,47	16,22	15,95	15,69	15,40	15,09	14,78	17,93	0
19/07/2020 21:10:00	17,93	17,83	17,53	17,18	16,89	16,65	16,41	16,17	15,91	15,65	15,38	15,09	14,79	17,97	0
19/07/2020 21:15:00	17,87	17,79	17,46	17,11	16,90	16,67	16,42	16,18	15,93	15,68	15,42	15,14	14,86	17,92	0
19/07/2020 21:20:00	17,82	17,76	17,43	17,10	16,86	16,65	16,39	16,14	15,89	15,64	15,37	15,08	14,79	17,74	0
19/07/2020 21:25:00	17,79	17,76	17,39	17,01	16,76	16,48	16,20	15,93	15,66	15,40	15,12	14,82	14,52	17,75	0
19/07/2020 21:30:00	17,77	17,68	17,30	16,91	16,67	16,42	16,18	15,93	15,68	15,44	15,20	14,93	14,67	17,76	0
19/07/2020 21:35:00	17,61	17,58	17,22	16,88	16,62	16,35	16,03	15,75	15,47	15,19	14,90	14,57	14,25	17,70	0
19/07/2020 21:40:00	17,57	17,50	17,15	16,78	16,50	16,27	16,01	15,75	15,49	15,24	14,98	14,70	14,42	17,69	0
19/07/2020 21:45:00	17,55	17,46	17,18	16,88	16,64	16,39	16,14	15,89	15,63	15,37	15,08	14,77	14,46	17,61	0
19/07/2020 21:50:00	17,70	17,63	17,32	16,99	16,76	16,52	16,29	16,05	15,79	15,55	15,29	15,00	14,71	17,61	0
19/07/2020 21:55:00	17,55	17,54	17,23	16,93	16,70	16,47	16,20	15,93	15,67	15,41	15,13	14,82	14,51	17,58	0
19/07/2020 22:00:00	17,54	17,48	17,24	16,92	16,66	16,40	16,14	15,87	15,60	15,32	15,02	14,70	14,37	17,52	0
19/07/2020 22:05:00	17,42	17,32	17,11	16,78	16,58	16,34	16,06	15,79	15,51	15,24	14,93	14,60	14,26	17,44	0
19/07/2020 22:10:00	17,39	17,45	17,26	16,95	16,71	16,45	16,18	15,91	15,63	15,34	15,03	14,69	14,36	17,36	0
19/07/2020 22:15:00	17,26	17,38	17,23	16,95	16,72	16,47	16,18	15,90	15,61	15,32	14,99	14,63	14,28	17,24	0
19/07/2020 22:20:00	17,23	17,33	17,19	16,95	16,81	16,66	16,41	16,16	15,91	15,66	15,37	15,05	14,74	17,24	0
19/07/2020 22:25:00	17,05	17,18	17,14	16,90	16,71	16,51	16,27	16,01	15,74	15,46	15,15	14,82	14,48	17,07	0
19/07/2020 22:30:00	17,09	17,19	17,13	16,91	16,76	16,53	16,29	16,03	15,76	15,48	15,16	14,81	14,46	16,91	0
19/07/2020 22:35:00	16,92	16,96	16,86	16,63	16,47	16,31	16,06	15,81	15,55	15,29	14,99	14,66	14,33	16,85	0
19/07/2020 22:40:00	16,88	16,84	16,72	16,47	16,30	16,14	15,91	15,68	15,43	15,18	14,90	14,59	14,28	16,89	0
19/07/2020 22:45:00	16,70	16,60	16,47	16,25	16,14	15,95	15,72	15,49	15,24	14,98	14,69	14,37	14,05	16,70	0
19/07/2020 22:50:00	16,66	16,66	16,58	16,40	16,26	16,13	15,91	15,69	15,44	15,19	14,90	14,59	14,27	16,69	0
19/07/2020 22:55:00	16,68	16,70	16,64	16,41	16,23	15,99	15,74	15,48	15,20	14,91	14,58	14,22	13,87	16,67	0
19/07/2020 23:00:00	16,68	16,74	16,65	16,38	16,21	16,05	15,81	15,57	15,32	15,06	14,78	14,47	14,16	16,73	0
19/07/2020 23:05:00	16,64	16,63	16,58	16,39	16,24	16,07	15,84	15,60	15,34	15,07	14,76	14,42	14,08	16,65	0
19/07/2020 23:10:00	16,57	16,64	16,67	16,55	16,46	16,30	16,09	15,87	15,61	15,34	15,02	14,67	14,32	16,55	0
19/07/2020 23:15:00	16,51	16,70	16,72	16,51	16,40	16,23	16,00	15,76	15,50	15,23	14,93	14,60	14,27	16,28	0
19/07/2020 23:20:00	16,24	16,41	16,46	16,33	16,23	16,07	15,82	15,56	15,29	15,01	14,67	14,30	13,94	16,17	0
19/07/2020 23:25:00	16,27	16,46	16,49	16,31	16,18	15,98	15,76	15,52	15,25	14,97	14,65	14,30	13,96	16,34	0
19/07/2020 23:30:00	16,27	16,43	16,45	16,33	16,22	16,06	15,84	15,61	15,35	15,08	14,76	14,42	14,07	16,22	0
19/07/2020 23:35:00	16,16	16,40	16,49	16,30	16,17	15,99	15,75	15,49	15,21	14,92	14,59	14,23	13,87	16,07	0
19/07/2020 23:40:00	16,29	16,49	16,49	16,25	16,11	15,95	15,72	15,48	15,21	14,95	14,66	14,34	14,03	16,29	0
19/07/2020 23:45:00	16,22	16,53	16,61	16,41	16,22	16,09	15,83	15,56	15,28	14,99	14,67	14,32	13,97	16,21	0
19/07/2020 23:50:00	16,25	16,53	16,61	16,43	16,29	16,11	15,86	15,60	15,32	15,03	14,70	14,34	13,98	16,14	0
19/07/2020 23:55:00	16,32	16,47	16,50	16,35	16,25	16,12	15,91	15,69	15,43	15,17	14,87	14,54	14,21	16,01	0
