FileFormat:0002.2 file with temperature of atmosphere
200
local	GMT or Local
0	GMT-Local=[hours]
0	Height[m]
0	0	0	Longitude                [grd]               [min]               [sec]
0	0	0	Latitude                [grd]               [min]               [sec]
N	NS
59,40	Freq[GHz]
0,00	dTemostat[K]
0,150	MessErr[K]
0,248	//[grad/step]
version 14.0.20110218
MTP5H033F5940K-33.00D180214+A1.1
Commentary:
enter comment
End Of Commentary

SYSTEM\alaska.dat
data time	0	50	100	150	200	250	300	350	400	450	500	550	600	OutsideTemperature	Quality
12/11/2020 00:00:00	-0,78	-0,42	-0,54	-1,05	-1,61	-2,33	-2,92	-3,29	-3,45	-3,56	-3,63	-3,63	-3,63	-0,81	0
12/11/2020 00:05:00	-0,83	-0,59	-0,74	-1,14	-1,65	-2,29	-2,88	-3,26	-3,41	-3,54	-3,64	-3,69	-3,74	-0,84	0
12/11/2020 00:10:00	-0,76	-0,49	-0,70	-1,23	-1,83	-2,53	-3,07	-3,40	-3,53	-3,62	-3,67	-3,65	-3,63	-0,76	0
12/11/2020 00:15:00	-0,70	-0,55	-0,78	-1,26	-1,82	-2,49	-3,06	-3,40	-3,53	-3,63	-3,69	-3,69	-3,69	-0,79	0
12/11/2020 00:20:00	-0,70	-0,57	-0,82	-1,26	-1,80	-2,48	-3,13	-3,52	-3,65	-3,76	-3,83	-3,86	-3,88	-0,75	0
12/11/2020 00:25:00	-0,66	-0,55	-0,87	-1,43	-2,07	-2,72	-3,24	-3,54	-3,64	-3,73	-3,77	-3,75	-3,74	-0,66	0
12/11/2020 00:30:00	-0,71	-0,75	-1,02	-1,56	-2,11	-2,75	-3,25	-3,56	-3,68	-3,77	-3,83	-3,83	-3,83	-0,67	0
12/11/2020 00:35:00	-0,68	-0,74	-1,11	-1,62	-2,23	-2,85	-3,37	-3,68	-3,77	-3,84	-3,89	-3,87	-3,86	-0,66	0
12/11/2020 00:40:00	-0,62	-0,76	-1,12	-1,63	-2,19	-2,80	-3,33	-3,63	-3,72	-3,80	-3,84	-3,83	-3,83	-0,64	0
12/11/2020 00:45:00	-0,61	-0,71	-1,07	-1,66	-2,25	-2,91	-3,43	-3,73	-3,83	-3,90	-3,93	-3,90	-3,87	-0,68	0
12/11/2020 00:50:00	-0,67	-0,76	-1,13	-1,67	-2,28	-2,85	-3,37	-3,66	-3,73	-3,79	-3,81	-3,78	-3,75	-0,77	0
12/11/2020 00:55:00	-0,77	-0,92	-1,31	-1,85	-2,46	-3,07	-3,54	-3,83	-3,93	-4,00	-4,05	-4,03	-4,02	-0,79	0
12/11/2020 01:00:00	-0,77	-0,92	-1,39	-1,94	-2,49	-3,10	-3,57	-3,81	-3,86	-3,90	-3,93	-3,90	-3,87	-0,74	0
12/11/2020 01:05:00	-0,79	-0,99	-1,31	-1,77	-2,30	-2,87	-3,39	-3,71	-3,82	-3,90	-3,96	-3,97	-3,98	-0,76	0
12/11/2020 01:10:00	-0,77	-0,89	-1,18	-1,68	-2,25	-2,89	-3,42	-3,75	-3,88	-3,97	-4,03	-4,03	-4,02	-0,76	0
12/11/2020 01:15:00	-0,84	-0,81	-1,07	-1,47	-1,99	-2,60	-3,13	-3,45	-3,57	-3,67	-3,74	-3,76	-3,79	-0,78	0
12/11/2020 01:20:00	-0,83	-0,67	-0,76	-1,12	-1,66	-2,38	-3,01	-3,46	-3,67	-3,83	-3,95	-4,00	-4,05	-0,81	0
12/11/2020 01:25:00	-0,83	-0,57	-0,65	-1,03	-1,52	-2,19	-2,80	-3,21	-3,39	-3,54	-3,65	-3,71	-3,76	-0,84	0
12/11/2020 01:30:00	-0,85	-0,58	-0,76	-1,17	-1,75	-2,35	-2,89	-3,20	-3,32	-3,41	-3,46	-3,45	-3,44	-0,83	0
12/11/2020 01:35:00	-0,74	-0,60	-0,76	-1,11	-1,58	-2,24	-2,79	-3,15	-3,30	-3,42	-3,52	-3,55	-3,59	-0,71	0
12/11/2020 01:40:00	-0,79	-0,47	-0,70	-1,25	-1,85	-2,48	-2,99	-3,26	-3,34	-3,41	-3,43	-3,38	-3,33	-0,81	0
12/11/2020 01:45:00	-0,86	-0,53	-0,74	-1,12	-1,72	-2,42	-2,96	-3,30	-3,44	-3,56	-3,64	-3,65	-3,67	-0,81	0
12/11/2020 01:50:00	-0,78	-0,45	-0,58	-1,02	-1,61	-2,25	-2,79	-3,13	-3,26	-3,37	-3,44	-3,43	-3,43	-0,81	0
12/11/2020 01:55:00	-0,87	-0,50	-0,64	-1,15	-1,63	-2,31	-2,88	-3,21	-3,31	-3,39	-3,44	-3,42	-3,41	-0,86	0
12/11/2020 02:00:00	-0,79	-0,51	-0,63	-1,03	-1,52	-2,17	-2,76	-3,13	-3,28	-3,40	-3,49	-3,52	-3,56	-0,85	0
12/11/2020 02:05:00	-0,81	-0,54	-0,70	-1,15	-1,65	-2,26	-2,80	-3,10	-3,20	-3,28	-3,32	-3,31	-3,30	-0,92	0
12/11/2020 02:10:00	-0,90	-0,64	-0,82	-1,20	-1,72	-2,32	-2,80	-3,08	-3,18	-3,27	-3,33	-3,33	-3,33	-0,96	0
12/11/2020 02:15:00	-1,07	-0,76	-0,92	-1,29	-1,83	-2,40	-2,87	-3,14	-3,24	-3,31	-3,36	-3,34	-3,32	-1,05	0
12/11/2020 02:20:00	-1,20	-0,94	-1,05	-1,47	-1,93	-2,53	-2,98	-3,24	-3,34	-3,42	-3,46	-3,44	-3,42	-1,24	0
12/11/2020 02:25:00	-1,17	-0,71	-0,90	-1,39	-1,94	-2,51	-2,95	-3,17	-3,21	-3,25	-3,26	-3,21	-3,15	-1,11	0
12/11/2020 02:30:00	-1,25	-0,89	-1,01	-1,41	-1,90	-2,48	-2,99	-3,28	-3,37	-3,45	-3,49	-3,47	-3,46	-1,23	0
12/11/2020 02:35:00	-1,40	-0,91	-0,95	-1,34	-1,91	-2,56	-3,13	-3,49	-3,63	-3,74	-3,80	-3,79	-3,77	-1,22	0
12/11/2020 02:40:00	-1,20	-0,66	-0,85	-1,34	-1,88	-2,47	-2,87	-3,06	-3,09	-3,12	-3,13	-3,07	-3,01	-1,19	0
12/11/2020 02:45:00	-1,20	-0,78	-0,91	-1,28	-1,75	-2,26	-2,67	-2,88	-2,93	-2,99	-3,01	-2,99	-2,96	-1,24	0
12/11/2020 02:50:00	-1,36	-0,90	-0,95	-1,30	-1,71	-2,17	-2,59	-2,79	-2,82	-2,86	-2,88	-2,84	-2,80	-1,34	0
12/11/2020 02:55:00	-1,40	-0,92	-0,87	-1,23	-1,65	-2,22	-2,73	-3,03	-3,13	-3,22	-3,26	-3,24	-3,21	-1,49	0
12/11/2020 03:00:00	-1,50	-1,02	-1,11	-1,51	-1,94	-2,49	-2,89	-3,10	-3,15	-3,21	-3,24	-3,22	-3,20	-1,54	0
12/11/2020 03:05:00	-1,68	-1,26	-1,33	-1,71	-2,19	-2,71	-3,14	-3,38	-3,45	-3,50	-3,53	-3,49	-3,45	-1,63	0
12/11/2020 03:10:00	-1,67	-1,33	-1,45	-1,77	-2,15	-2,64	-3,00	-3,19	-3,22	-3,27	-3,29	-3,26	-3,24	-1,71	0
12/11/2020 03:15:00	-1,80	-1,34	-1,42	-1,81	-2,33	-2,86	-3,30	-3,54	-3,60	-3,64	-3,65	-3,60	-3,54	-1,80	0
12/11/2020 03:20:00	-1,79	-1,38	-1,50	-1,83	-2,28	-2,80	-3,22	-3,45	-3,51	-3,56	-3,59	-3,56	-3,54	-1,67	0
12/11/2020 03:25:00	-1,80	-1,40	-1,51	-1,88	-2,34	-2,83	-3,21	-3,40	-3,44	-3,48	-3,49	-3,44	-3,39	-1,73	0
12/11/2020 03:30:00	-1,81	-1,40	-1,49	-1,91	-2,32	-2,79	-3,17	-3,35	-3,36	-3,38	-3,38	-3,31	-3,25	-1,92	0
12/11/2020 03:35:00	-1,80	-1,58	-1,65	-1,94	-2,35	-2,81	-3,20	-3,42	-3,48	-3,54	-3,56	-3,53	-3,49	-1,77	0
12/11/2020 03:40:00	-1,81	-1,59	-1,70	-2,02	-2,42	-2,86	-3,22	-3,41	-3,44	-3,47	-3,48	-3,43	-3,39	-1,62	0
12/11/2020 03:45:00	-1,64	-1,40	-1,57	-1,84	-2,20	-2,62	-2,91	-3,04	-3,05	-3,07	-3,09	-3,07	-3,04	-1,67	0
12/11/2020 03:50:00	-1,66	-1,52	-1,59	-1,90	-2,27	-2,68	-3,00	-3,17	-3,20	-3,24	-3,24	-3,19	-3,13	-1,64	0
12/11/2020 03:55:00	-1,68	-1,44	-1,59	-1,90	-2,25	-2,69	-2,98	-3,11	-3,11	-3,13	-3,13	-3,08	-3,03	-1,72	0
12/11/2020 04:00:00	-1,76	-1,51	-1,63	-2,00	-2,38	-2,79	-3,08	-3,21	-3,21	-3,22	-3,21	-3,14	-3,08	-1,77	0
12/11/2020 04:05:00	-1,84	-1,59	-1,73	-2,06	-2,53	-2,88	-3,18	-3,30	-3,29	-3,28	-3,26	-3,17	-3,08	-1,79	0
12/11/2020 04:10:00	-1,80	-1,66	-1,90	-2,25	-2,59	-2,90	-3,14	-3,19	-3,10	-3,06	-3,01	-2,91	-2,82	-1,82	0
12/11/2020 04:15:00	-1,86	-1,76	-2,01	-2,32	-2,69	-3,12	-3,40	-3,51	-3,50	-3,50	-3,49	-3,44	-3,39	-1,89	0
12/11/2020 04:20:00	-1,90	-1,82	-1,95	-2,30	-2,62	-3,00	-3,29	-3,42	-3,42	-3,43	-3,42	-3,37	-3,32	-1,86	0
12/11/2020 04:25:00	-1,94	-1,83	-1,97	-2,22	-2,53	-2,86	-3,15	-3,29	-3,29	-3,31	-3,33	-3,32	-3,30	-1,89	0
12/11/2020 04:30:00	-1,95	-1,80	-1,95	-2,22	-2,45	-2,72	-2,95	-3,02	-2,95	-2,93	-2,91	-2,86	-2,81	-1,86	0
12/11/2020 04:35:00	-2,08	-1,87	-2,02	-2,28	-2,57	-2,90	-3,12	-3,19	-3,16	-3,16	-3,15	-3,10	-3,06	-2,00	0
12/11/2020 04:40:00	-2,07	-1,87	-2,03	-2,37	-2,66	-3,02	-3,32	-3,44	-3,41	-3,41	-3,40	-3,36	-3,33	-2,09	0
12/11/2020 04:45:00	-2,07	-1,96	-2,17	-2,37	-2,65	-3,03	-3,33	-3,48	-3,48	-3,51	-3,55	-3,56	-3,58	-2,08	0
12/11/2020 04:50:00	-2,09	-2,17	-2,38	-2,64	-2,91	-3,20	-3,41	-3,47	-3,43	-3,41	-3,39	-3,33	-3,27	-2,09	0
12/11/2020 04:55:00	-2,09	-2,13	-2,48	-2,90	-3,24	-3,47	-3,55	-3,45	-3,27	-3,15	-3,01	-2,83	-2,64	-2,11	0
12/11/2020 05:00:00	-2,15	-2,27	-2,51	-2,76	-3,01	-3,27	-3,42	-3,45	-3,39	-3,37	-3,35	-3,30	-3,25	-2,12	0
12/11/2020 05:05:00	-2,10	-2,31	-2,58	-2,86	-3,21	-3,49	-3,65	-3,69	-3,65	-3,63	-3,61	-3,54	-3,46	-2,17	0
12/11/2020 05:10:00	-2,21	-2,54	-2,89	-3,14	-3,42	-3,65	-3,83	-3,86	-3,79	-3,76	-3,74	-3,69	-3,65	-2,27	0
12/11/2020 05:15:00	-2,36	-2,74	-3,01	-3,44	-3,65	-3,84	-3,95	-3,93	-3,82	-3,76	-3,70	-3,60	-3,50	-2,32	0
12/11/2020 05:20:00	-2,37	-2,71	-3,14	-3,43	-3,66	-3,83	-3,84	-3,74	-3,59	-3,50	-3,43	-3,34	-3,25	-2,39	0
12/11/2020 05:25:00	-2,35	-2,80	-3,27	-3,58	-3,81	-3,96	-3,96	-3,85	-3,69	-3,60	-3,52	-3,43	-3,34	-2,37	0
12/11/2020 05:30:00	-2,29	-2,77	-3,16	-3,39	-3,53	-3,67	-3,73	-3,68	-3,54	-3,47	-3,42	-3,35	-3,29	-2,32	0
12/11/2020 05:35:00	-2,33	-2,78	-3,24	-3,61	-3,86	-3,98	-3,97	-3,85	-3,67	-3,56	-3,46	-3,35	-3,23	-2,36	0
12/11/2020 05:40:00	-2,35	-2,82	-3,24	-3,55	-3,81	-4,05	-4,05	-3,99	-3,89	-3,84	-3,79	-3,71	-3,62	-2,39	0
12/11/2020 05:45:00	-2,37	-2,83	-3,37	-3,73	-4,04	-4,17	-4,14	-3,99	-3,80	-3,68	-3,57	-3,44	-3,31	-2,37	0
12/11/2020 05:50:00	-2,40	-2,88	-3,35	-3,62	-3,80	-4,01	-4,12	-4,09	-3,95	-3,88	-3,84	-3,78	-3,73	-2,44	0
12/11/2020 05:55:00	-2,41	-2,93	-3,38	-3,72	-3,96	-4,11	-4,17	-4,09	-3,93	-3,83	-3,73	-3,62	-3,50	-2,47	0
12/11/2020 06:00:00	-2,47	-2,99	-3,39	-3,65	-3,82	-4,03	-4,11	-4,09	-3,99	-3,94	-3,91	-3,87	-3,82	-2,44	0
12/11/2020 06:05:00	-2,44	-3,00	-3,46	-3,85	-4,08	-4,27	-4,23	-4,11	-3,96	-3,85	-3,76	-3,64	-3,51	-2,46	0
12/11/2020 06:10:00	-2,55	-3,05	-3,45	-3,80	-4,04	-4,22	-4,24	-4,16	-4,03	-3,94	-3,86	-3,75	-3,64	-2,53	0
12/11/2020 06:15:00	-2,50	-3,00	-3,46	-3,77	-4,01	-4,20	-4,32	-4,30	-4,16	-4,07	-4,01	-3,92	-3,83	-2,45	0
12/11/2020 06:20:00	-2,48	-2,94	-3,47	-3,91	-4,13	-4,33	-4,39	-4,29	-4,09	-3,96	-3,85	-3,72	-3,60	-2,46	0
12/11/2020 06:25:00	-2,36	-2,85	-3,28	-3,54	-3,87	-4,04	-4,16	-4,14	-4,03	-3,96	-3,90	-3,81	-3,72	-2,32	0
12/11/2020 06:30:00	-2,35	-2,87	-3,31	-3,55	-3,75	-3,91	-4,01	-3,97	-3,83	-3,75	-3,69	-3,62	-3,55	-2,35	0
12/11/2020 06:35:00	-2,39	-2,85	-3,31	-3,66	-3,95	-4,13	-4,20	-4,13	-3,99	-3,90	-3,82	-3,71	-3,61	-2,41	0
12/11/2020 06:40:00	-2,38	-2,89	-3,40	-3,81	-4,11	-4,27	-4,23	-4,09	-3,91	-3,79	-3,67	-3,52	-3,37	-2,43	0
12/11/2020 06:45:00	-2,39	-2,90	-3,41	-3,78	-3,97	-4,16	-4,22	-4,13	-3,96	-3,85	-3,77	-3,67	-3,57	-2,36	0
12/11/2020 06:50:00	-2,32	-2,82	-3,25	-3,67	-3,97	-4,20	-4,35	-4,34	-4,21	-4,12	-4,03	-3,90	-3,77	-2,24	0
12/11/2020 06:55:00	-2,31	-2,84	-3,29	-3,82	-4,14	-4,30	-4,34	-4,22	-4,03	-3,89	-3,75	-3,55	-3,36	-2,44	0
12/11/2020 07:00:00	-2,38	-2,93	-3,46	-3,79	-4,04	-4,16	-4,16	-4,05	-3,88	-3,79	-3,72	-3,64	-3,56	-2,51	0
12/11/2020 07:05:00	-2,40	-2,86	-3,35	-3,81	-4,13	-4,30	-4,36	-4,27	-4,10	-3,98	-3,87	-3,72	-3,58	-2,41	0
12/11/2020 07:10:00	-2,34	-2,82	-3,36	-3,77	-4,04	-4,21	-4,22	-4,09	-3,89	-3,76	-3,64	-3,50	-3,36	-2,46	0
12/11/2020 07:15:00	-2,34	-2,84	-3,33	-3,77	-4,01	-4,19	-4,23	-4,12	-3,94	-3,81	-3,70	-3,57	-3,43	-2,37	0
12/11/2020 07:20:00	-2,26	-2,79	-3,29	-3,71	-4,03	-4,16	-4,13	-3,97	-3,78	-3,64	-3,51	-3,34	-3,16	-2,22	0
12/11/2020 07:25:00	-2,25	-2,74	-3,18	-3,59	-3,89	-4,10	-4,11	-4,02	-3,87	-3,77	-3,67	-3,53	-3,39	-2,33	0
12/11/2020 07:30:00	-2,34	-2,82	-3,28	-3,73	-4,06	-4,24	-4,27	-4,16	-3,99	-3,86	-3,73	-3,56	-3,38	-2,34	0
12/11/2020 07:35:00	-2,31	-2,72	-3,10	-3,39	-3,65	-3,90	-4,06	-4,09	-4,01	-3,98	-3,95	-3,91	-3,86	-2,10	0
12/11/2020 07:40:00	-2,24	-2,70	-3,04	-3,37	-3,69	-3,95	-4,05	-4,05	-3,98	-3,93	-3,87	-3,77	-3,66	-2,14	0
12/11/2020 07:45:00	-2,20	-2,63	-2,96	-3,19	-3,48	-3,72	-3,86	-3,89	-3,84	-3,82	-3,79	-3,73	-3,68	-2,06	0
12/11/2020 07:50:00	-1,89	-2,32	-2,74	-3,04	-3,32	-3,49	-3,58	-3,51	-3,36	-3,26	-3,17	-3,04	-2,92	-1,93	0
12/11/2020 07:55:00	-1,92	-2,37	-2,75	-3,02	-3,27	-3,47	-3,61	-3,63	-3,55	-3,52	-3,51	-3,47	-3,44	-1,93	0
12/11/2020 08:00:00	-1,85	-2,24	-2,58	-2,88	-3,10	-3,38	-3,53	-3,55	-3,48	-3,44	-3,40	-3,34	-3,28	-1,83	0
12/11/2020 08:05:00	-1,89	-2,18	-2,55	-3,02	-3,24	-3,45	-3,51	-3,42	-3,27	-3,17	-3,07	-2,95	-2,82	-1,81	0
12/11/2020 08:10:00	-1,77	-2,04	-2,43	-2,83	-3,07	-3,34	-3,50	-3,49	-3,37	-3,30	-3,24	-3,15	-3,06	-1,77	0
12/11/2020 08:15:00	-1,69	-1,98	-2,41	-2,85	-3,20	-3,43	-3,44	-3,32	-3,17	-3,07	-2,96	-2,80	-2,64	-1,67	0
12/11/2020 08:20:00	-1,55	-1,96	-2,30	-2,53	-2,81	-3,04	-3,17	-3,19	-3,12	-3,09	-3,06	-3,00	-2,94	-1,59	0
12/11/2020 08:25:00	-1,53	-1,85	-2,18	-2,54	-2,84	-3,07	-3,21	-3,20	-3,10	-3,03	-2,96	-2,84	-2,72	-1,48	0
12/11/2020 08:30:00	-1,36	-1,74	-2,13	-2,42	-2,76	-2,94	-3,05	-3,02	-2,91	-2,85	-2,78	-2,68	-2,58	-1,46	0
12/11/2020 08:35:00	-1,44	-1,69	-2,04	-2,46	-2,75	-2,93	-2,99	-2,92	-2,77	-2,69	-2,60	-2,47	-2,35	-1,36	0
12/11/2020 08:40:00	-1,30	-1,65	-2,04	-2,34	-2,57	-2,75	-2,83	-2,78	-2,65	-2,59	-2,55	-2,48	-2,41	-1,28	0
12/11/2020 08:45:00	-1,24	-1,56	-1,88	-2,13	-2,37	-2,60	-2,75	-2,76	-2,70	-2,68	-2,66	-2,62	-2,58	-1,32	0
12/11/2020 08:50:00	-1,20	-1,50	-1,81	-2,08	-2,38	-2,61	-2,74	-2,76	-2,71	-2,70	-2,69	-2,65	-2,61	-1,22	0
12/11/2020 08:55:00	-1,16	-1,46	-1,78	-2,07	-2,33	-2,56	-2,70	-2,71	-2,64	-2,61	-2,59	-2,53	-2,47	-1,14	0
12/11/2020 09:00:00	-1,12	-1,41	-1,79	-2,24	-2,52	-2,71	-2,80	-2,74	-2,60	-2,53	-2,46	-2,35	-2,25	-1,11	0
12/11/2020 09:05:00	-1,05	-1,34	-1,69	-2,03	-2,33	-2,58	-2,76	-2,79	-2,72	-2,69	-2,66	-2,60	-2,55	-0,99	0
12/11/2020 09:10:00	-0,98	-1,29	-1,66	-2,04	-2,35	-2,59	-2,75	-2,76	-2,67	-2,64	-2,60	-2,53	-2,47	-0,85	0
12/11/2020 09:15:00	-0,84	-1,12	-1,54	-1,85	-2,17	-2,45	-2,58	-2,57	-2,49	-2,46	-2,43	-2,37	-2,31	-0,86	0
12/11/2020 09:20:00	-0,81	-1,17	-1,53	-1,86	-2,10	-2,30	-2,46	-2,46	-2,35	-2,31	-2,28	-2,22	-2,16	-0,78	0
12/11/2020 09:25:00	-0,77	-1,04	-1,44	-1,84	-2,17	-2,38	-2,49	-2,44	-2,32	-2,25	-2,19	-2,09	-1,99	-0,79	0
12/11/2020 09:30:00	-0,71	-1,10	-1,49	-1,74	-1,92	-2,04	-2,12	-2,07	-1,95	-1,91	-1,89	-1,87	-1,84	-0,69	0
12/11/2020 09:35:00	-0,61	-0,92	-1,20	-1,46	-1,68	-1,95	-2,12	-2,18	-2,15	-2,17	-2,19	-2,18	-2,18	-0,56	0
12/11/2020 09:40:00	-0,61	-0,95	-1,37	-1,70	-1,97	-2,26	-2,44	-2,48	-2,41	-2,40	-2,40	-2,38	-2,36	-0,66	0
12/11/2020 09:45:00	-0,59	-1,02	-1,44	-1,84	-2,12	-2,32	-2,46	-2,43	-2,30	-2,24	-2,18	-2,08	-1,99	-0,61	0
12/11/2020 09:50:00	-0,65	-1,07	-1,48	-1,89	-2,19	-2,46	-2,65	-2,67	-2,59	-2,56	-2,53	-2,47	-2,41	-0,70	0
12/11/2020 09:55:00	-0,64	-1,04	-1,59	-2,10	-2,49	-2,68	-2,71	-2,57	-2,39	-2,27	-2,15	-1,99	-1,83	-0,68	0
12/11/2020 10:00:00	-0,61	-1,18	-1,67	-2,00	-2,27	-2,42	-2,46	-2,39	-2,26	-2,20	-2,15	-2,09	-2,02	-0,69	0
12/11/2020 10:05:00	-0,58	-1,07	-1,56	-1,92	-2,21	-2,43	-2,48	-2,42	-2,29	-2,23	-2,18	-2,10	-2,02	-0,57	0
12/11/2020 10:10:00	-0,54	-1,03	-1,49	-1,85	-2,12	-2,37	-2,50	-2,48	-2,39	-2,35	-2,31	-2,25	-2,18	-0,52	0
12/11/2020 10:15:00	-0,57	-0,96	-1,36	-1,72	-1,99	-2,18	-2,28	-2,23	-2,12	-2,07	-2,02	-1,94	-1,85	-0,50	0
12/11/2020 10:20:00	-0,40	-0,86	-1,36	-1,81	-2,14	-2,30	-2,38	-2,29	-2,12	-2,02	-1,92	-1,78	-1,64	-0,43	0
12/11/2020 10:25:00	-0,31	-0,87	-1,31	-1,55	-1,73	-1,93	-2,07	-2,08	-1,99	-1,97	-1,97	-1,95	-1,94	-0,39	0
12/11/2020 10:30:00	-0,21	-0,85	-1,38	-1,73	-1,99	-2,13	-2,16	-2,07	-1,93	-1,87	-1,82	-1,76	-1,69	-0,30	0
12/11/2020 10:35:00	-0,18	-0,78	-1,26	-1,56	-1,77	-1,95	-2,02	-1,98	-1,88	-1,85	-1,83	-1,81	-1,78	-0,07	0
12/11/2020 10:40:00	-0,07	-0,67	-1,14	-1,49	-1,70	-1,84	-1,97	-1,94	-1,82	-1,78	-1,74	-1,70	-1,65	0,00	0
12/11/2020 10:45:00	0,00	-0,52	-0,99	-1,31	-1,62	-1,90	-2,04	-2,06	-2,01	-2,02	-2,02	-2,00	-1,98	0,06	0
12/11/2020 10:50:00	-0,04	-0,55	-1,06	-1,52	-1,78	-2,00	-2,11	-2,06	-1,93	-1,87	-1,82	-1,75	-1,68	-0,06	0
12/11/2020 10:55:00	0,17	-0,52	-0,94	-1,19	-1,49	-1,73	-1,95	-2,05	-2,04	-2,08	-2,11	-2,12	-2,13	0,09	0
12/11/2020 11:00:00	0,14	-0,44	-1,00	-1,44	-1,76	-1,99	-2,13	-2,10	-1,98	-1,92	-1,87	-1,79	-1,72	0,13	0
12/11/2020 11:05:00	0,18	-0,46	-0,96	-1,30	-1,52	-1,77	-1,92	-1,94	-1,89	-1,90	-1,92	-1,94	-1,96	0,06	0
12/11/2020 11:10:00	0,22	-0,46	-0,91	-1,21	-1,48	-1,70	-1,80	-1,80	-1,74	-1,74	-1,74	-1,71	-1,68	0,24	0
12/11/2020 11:15:00	0,31	-0,31	-0,79	-1,16	-1,54	-1,82	-2,00	-2,05	-2,01	-2,02	-2,02	-1,99	-1,96	0,45	0
12/11/2020 11:20:00	0,34	-0,30	-0,82	-1,26	-1,55	-1,83	-1,94	-1,92	-1,84	-1,81	-1,78	-1,72	-1,66	0,44	0
12/11/2020 11:25:00	0,36	-0,20	-0,65	-0,94	-1,24	-1,58	-1,81	-1,91	-1,91	-1,95	-1,99	-2,02	-2,04	0,36	0
12/11/2020 11:30:00	0,30	-0,14	-0,66	-1,11	-1,53	-1,78	-1,94	-1,93	-1,83	-1,79	-1,75	-1,68	-1,60	0,59	0
12/11/2020 11:35:00	0,65	0,07	-0,39	-0,79	-1,14	-1,46	-1,66	-1,72	-1,69	-1,70	-1,71	-1,68	-1,65	0,63	0
12/11/2020 11:40:00	0,58	0,18	-0,22	-0,59	-1,03	-1,41	-1,67	-1,79	-1,81	-1,85	-1,87	-1,85	-1,83	0,51	0
12/11/2020 11:45:00	0,59	0,20	-0,17	-0,63	-0,98	-1,42	-1,78	-1,95	-1,97	-2,01	-2,05	-2,04	-2,03	0,63	0
12/11/2020 11:50:00	0,66	0,26	-0,23	-0,73	-1,17	-1,54	-1,77	-1,82	-1,78	-1,78	-1,76	-1,70	-1,64	0,64	0
12/11/2020 11:55:00	0,62	0,27	-0,16	-0,61	-0,99	-1,38	-1,58	-1,65	-1,62	-1,64	-1,65	-1,61	-1,57	0,68	0
12/11/2020 12:00:00	0,67	0,37	-0,04	-0,52	-0,87	-1,21	-1,41	-1,45	-1,40	-1,40	-1,39	-1,34	-1,29	0,68	0
12/11/2020 12:05:00	0,79	0,41	-0,07	-0,48	-0,85	-1,19	-1,39	-1,43	-1,38	-1,39	-1,39	-1,37	-1,34	0,77	0
12/11/2020 12:10:00	0,91	0,40	-0,10	-0,50	-0,75	-0,99	-1,14	-1,13	-1,03	-1,02	-1,00	-0,97	-0,94	0,77	0
12/11/2020 12:15:00	0,95	0,52	0,01	-0,33	-0,67	-0,97	-1,19	-1,24	-1,19	-1,21	-1,23	-1,23	-1,24	1,07	0
12/11/2020 12:20:00	0,95	0,58	0,11	-0,32	-0,64	-0,94	-1,14	-1,17	-1,10	-1,10	-1,11	-1,08	-1,06	1,06	0
12/11/2020 12:25:00	1,02	0,63	0,12	-0,32	-0,72	-1,04	-1,21	-1,22	-1,15	-1,14	-1,13	-1,08	-1,02	1,11	0
12/11/2020 12:30:00	1,13	0,67	0,19	-0,23	-0,62	-0,92	-1,11	-1,14	-1,09	-1,10	-1,09	-1,06	-1,02	1,13	0
12/11/2020 12:35:00	1,15	0,73	0,31	-0,12	-0,50	-0,83	-1,08	-1,17	-1,16	-1,20	-1,22	-1,22	-1,21	1,38	0
12/11/2020 12:40:00	1,16	0,81	0,28	-0,16	-0,58	-0,94	-1,20	-1,28	-1,23	-1,25	-1,26	-1,25	-1,23	1,31	0
12/11/2020 12:45:00	1,29	0,79	0,33	-0,12	-0,44	-0,83	-1,11	-1,23	-1,24	-1,29	-1,34	-1,36	-1,39	1,28	0
12/11/2020 12:50:00	1,32	0,85	0,42	0,08	-0,30	-0,71	-1,08	-1,27	-1,32	-1,41	-1,48	-1,53	-1,58	1,38	0
12/11/2020 12:55:00	1,32	0,90	0,40	-0,11	-0,46	-0,81	-1,09	-1,18	-1,13	-1,15	-1,15	-1,14	-1,12	1,51	0
12/11/2020 13:00:00	1,29	1,00	0,58	0,13	-0,36	-0,85	-1,28	-1,51	-1,58	-1,66	-1,73	-1,75	-1,77	1,50	0
12/11/2020 13:05:00	1,59	1,23	0,82	0,40	-0,06	-0,47	-0,80	-0,95	-0,98	-1,04	-1,09	-1,08	-1,08	1,61	0
12/11/2020 13:10:00	1,58	1,12	0,76	0,30	-0,13	-0,62	-0,98	-1,18	-1,26	-1,36	-1,42	-1,42	-1,43	1,54	0
12/11/2020 13:15:00	1,61	1,24	0,86	0,46	-0,05	-0,58	-1,03	-1,29	-1,40	-1,52	-1,61	-1,65	-1,69	1,63	0
12/11/2020 13:20:00	1,75	1,26	0,88	0,40	0,00	-0,49	-0,85	-1,06	-1,14	-1,24	-1,32	-1,35	-1,38	1,74	0
12/11/2020 13:25:00	1,82	1,44	0,98	0,59	0,13	-0,34	-0,70	-0,88	-0,94	-1,03	-1,10	-1,13	-1,17	1,90	0
12/11/2020 13:30:00	1,78	1,32	0,84	0,33	-0,13	-0,59	-0,99	-1,20	-1,25	-1,33	-1,39	-1,42	-1,44	1,78	0
12/11/2020 13:35:00	1,81	1,37	0,98	0,47	-0,02	-0,55	-0,99	-1,25	-1,36	-1,47	-1,55	-1,57	-1,60	1,93	0
12/11/2020 13:40:00	1,89	1,34	0,86	0,47	0,10	-0,38	-0,74	-0,95	-1,01	-1,11	-1,20	-1,26	-1,32	1,88	0
12/11/2020 13:45:00	1,81	1,37	0,87	0,35	-0,15	-0,61	-0,93	-1,06	-1,06	-1,09	-1,10	-1,05	-1,00	1,79	0
12/11/2020 13:50:00	1,81	1,51	1,01	0,44	-0,11	-0,62	-0,98	-1,13	-1,14	-1,18	-1,19	-1,14	-1,09	1,80	0
12/11/2020 13:55:00	1,79	1,46	1,07	0,69	0,17	-0,35	-0,72	-0,94	-1,04	-1,15	-1,23	-1,26	-1,29	1,79	0
12/11/2020 14:00:00	1,84	1,54	1,12	0,69	0,18	-0,28	-0,65	-0,83	-0,87	-0,94	-0,98	-0,98	-0,97	1,84	0
12/11/2020 14:05:00	1,85	1,51	1,08	0,59	0,15	-0,30	-0,66	-0,82	-0,85	-0,91	-0,95	-0,94	-0,94	1,88	0
12/11/2020 14:10:00	1,85	1,63	1,26	0,80	0,33	-0,16	-0,48	-0,64	-0,70	-0,79	-0,84	-0,85	-0,86	1,85	0
12/11/2020 14:15:00	1,99	1,67	1,25	0,77	0,26	-0,27	-0,71	-0,95	-1,04	-1,14	-1,21	-1,24	-1,26	1,90	0
12/11/2020 14:20:00	1,92	1,71	1,32	0,83	0,32	-0,19	-0,61	-0,82	-0,88	-0,97	-1,03	-1,04	-1,04	1,90	0
12/11/2020 14:25:00	1,94	1,71	1,28	0,76	0,30	-0,19	-0,58	-0,76	-0,79	-0,86	-0,90	-0,91	-0,91	2,00	0
12/11/2020 14:30:00	2,01	1,75	1,35	0,91	0,41	-0,17	-0,57	-0,80	-0,90	-1,01	-1,10	-1,13	-1,17	2,01	0
12/11/2020 14:35:00	1,97	1,79	1,39	1,00	0,49	-0,02	-0,40	-0,61	-0,68	-0,79	-0,87	-0,91	-0,94	2,05	0
12/11/2020 14:40:00	2,08	1,83	1,47	0,99	0,58	0,03	-0,39	-0,62	-0,71	-0,82	-0,90	-0,95	-0,99	2,07	0
12/11/2020 14:45:00	2,10	1,84	1,38	0,96	0,47	0,03	-0,32	-0,48	-0,50	-0,58	-0,63	-0,65	-0,66	2,11	0
12/11/2020 14:50:00	2,06	1,89	1,50	1,14	0,60	0,13	-0,26	-0,47	-0,55	-0,66	-0,74	-0,79	-0,84	2,10	0
12/11/2020 14:55:00	2,18	2,04	1,60	0,98	0,44	-0,11	-0,49	-0,65	-0,67	-0,73	-0,75	-0,70	-0,66	2,20	0
12/11/2020 15:00:00	2,21	1,90	1,55	1,21	0,80	0,31	-0,10	-0,34	-0,44	-0,57	-0,68	-0,75	-0,82	2,19	0
12/11/2020 15:05:00	2,15	2,05	1,65	1,07	0,57	0,04	-0,36	-0,53	-0,56	-0,63	-0,65	-0,62	-0,59	2,16	0
12/11/2020 15:10:00	2,21	2,10	1,76	1,32	0,86	0,34	-0,11	-0,37	-0,46	-0,58	-0,68	-0,74	-0,80	2,25	0
12/11/2020 15:15:00	2,20	2,07	1,77	1,35	0,89	0,28	-0,19	-0,48	-0,63	-0,79	-0,91	-0,99	-1,08	2,19	0
12/11/2020 15:20:00	2,29	2,18	1,81	1,33	0,84	0,26	-0,20	-0,45	-0,54	-0,66	-0,74	-0,77	-0,80	2,32	0
12/11/2020 15:25:00	2,30	2,16	1,75	1,32	0,86	0,38	-0,05	-0,26	-0,32	-0,42	-0,50	-0,55	-0,60	2,30	0
12/11/2020 15:30:00	2,38	2,29	1,92	1,44	0,89	0,33	-0,08	-0,31	-0,40	-0,51	-0,59	-0,62	-0,65	2,37	0
12/11/2020 15:35:00	2,36	2,22	1,92	1,49	1,04	0,55	0,13	-0,10	-0,18	-0,30	-0,38	-0,42	-0,46	2,47	0
12/11/2020 15:40:00	2,46	2,46	2,13	1,65	1,15	0,55	0,12	-0,12	-0,20	-0,32	-0,39	-0,40	-0,42	2,48	0
12/11/2020 15:45:00	2,56	2,41	2,10	1,65	1,22	0,70	0,32	0,11	0,02	-0,10	-0,19	-0,23	-0,27	2,46	0
12/11/2020 15:50:00	2,48	2,47	2,24	1,80	1,32	0,70	0,16	-0,18	-0,33	-0,50	-0,63	-0,70	-0,77	2,56	0
12/11/2020 15:55:00	2,60	2,59	2,32	1,86	1,39	0,79	0,30	0,00	-0,13	-0,29	-0,40	-0,47	-0,54	2,58	0
12/11/2020 16:00:00	2,47	2,51	2,20	1,80	1,22	0,63	0,18	-0,08	-0,20	-0,33	-0,42	-0,46	-0,49	2,53	0
12/11/2020 16:05:00	2,53	2,54	2,16	1,66	1,08	0,59	0,16	-0,04	-0,09	-0,18	-0,22	-0,22	-0,21	2,48	0
12/11/2020 16:10:00	2,49	2,60	2,29	1,75	1,20	0,58	0,12	-0,11	-0,18	-0,28	-0,32	-0,30	-0,27	2,48	0
12/11/2020 16:15:00	2,54	2,60	2,31	1,94	1,43	0,86	0,41	0,15	0,04	-0,10	-0,19	-0,24	-0,29	2,53	0
12/11/2020 16:20:00	2,53	2,58	2,37	1,93	1,37	0,81	0,30	0,00	-0,13	-0,28	-0,37	-0,40	-0,44	2,53	0
12/11/2020 16:25:00	2,41	2,62	2,38	1,99	1,49	0,86	0,33	0,01	-0,14	-0,32	-0,46	-0,55	-0,65	2,55	0
12/11/2020 16:30:00	2,48	2,68	2,41	1,93	1,40	0,80	0,29	0,01	-0,10	-0,24	-0,33	-0,37	-0,41	2,49	0
12/11/2020 16:35:00	2,41	2,69	2,40	1,90	1,31	0,68	0,20	-0,06	-0,17	-0,30	-0,38	-0,41	-0,45	2,48	0
12/11/2020 16:40:00	2,53	2,75	2,47	1,96	1,37	0,82	0,35	0,10	0,00	-0,13	-0,22	-0,25	-0,29	2,52	0
12/11/2020 16:45:00	2,57	2,79	2,56	2,02	1,38	0,73	0,28	0,02	-0,10	-0,22	-0,28	-0,26	-0,24	2,55	0
12/11/2020 16:50:00	2,48	2,62	2,37	1,88	1,35	0,75	0,27	0,01	-0,09	-0,21	-0,28	-0,29	-0,29	2,48	0
12/11/2020 16:55:00	2,49	2,63	2,39	1,96	1,42	0,81	0,28	-0,05	-0,19	-0,36	-0,48	-0,55	-0,62	2,53	0
12/11/2020 17:00:00	2,60	2,64	2,35	1,86	1,32	0,73	0,32	0,10	0,01	-0,11	-0,18	-0,18	-0,19	2,53	0
12/11/2020 17:05:00	2,59	2,60	2,30	1,85	1,29	0,70	0,29	0,06	-0,03	-0,15	-0,22	-0,23	-0,24	2,55	0
12/11/2020 17:10:00	2,62	2,68	2,39	1,99	1,47	0,89	0,43	0,17	0,06	-0,07	-0,17	-0,22	-0,26	2,61	0
12/11/2020 17:15:00	2,63	2,62	2,39	1,99	1,50	0,95	0,44	0,13	-0,01	-0,17	-0,28	-0,35	-0,41	2,63	0
12/11/2020 17:20:00	2,61	2,67	2,37	1,97	1,45	0,92	0,47	0,21	0,11	-0,02	-0,12	-0,17	-0,23	2,62	0
12/11/2020 17:25:00	2,73	2,77	2,44	1,96	1,42	0,84	0,40	0,17	0,08	-0,04	-0,11	-0,13	-0,15	2,71	0
12/11/2020 17:30:00	2,75	2,85	2,50	1,90	1,28	0,77	0,38	0,20	0,16	0,07	0,04	0,07	0,09	2,73	0
12/11/2020 17:35:00	2,69	2,79	2,50	2,00	1,43	0,86	0,38	0,11	0,01	-0,12	-0,21	-0,24	-0,26	2,73	0
12/11/2020 17:40:00	2,65	2,78	2,48	2,01	1,44	0,89	0,42	0,17	0,07	-0,05	-0,13	-0,17	-0,20	2,72	0
12/11/2020 17:45:00	2,75	2,83	2,60	2,15	1,69	1,06	0,52	0,19	0,03	-0,15	-0,28	-0,37	-0,46	2,72	0
12/11/2020 17:50:00	2,80	2,86	2,64	2,18	1,66	1,04	0,55	0,25	0,10	-0,06	-0,18	-0,23	-0,29	2,83	0
12/11/2020 17:55:00	2,80	2,84	2,60	2,22	1,67	1,04	0,54	0,21	0,04	-0,15	-0,28	-0,36	-0,45	2,78	0
12/11/2020 18:00:00	2,73	2,80	2,52	2,05	1,59	1,05	0,54	0,26	0,16	0,02	-0,08	-0,14	-0,20	2,78	0
12/11/2020 18:05:00	2,75	2,84	2,57	2,10	1,60	1,01	0,54	0,27	0,15	0,00	-0,10	-0,15	-0,20	2,74	0
12/11/2020 18:10:00	2,78	2,88	2,65	2,22	1,67	1,15	0,64	0,33	0,20	0,05	-0,07	-0,13	-0,19	2,78	0
12/11/2020 18:15:00	2,90	2,88	2,57	2,12	1,55	0,97	0,56	0,32	0,21	0,07	-0,02	-0,05	-0,09	2,73	0
12/11/2020 18:20:00	2,79	2,72	2,48	2,12	1,62	1,07	0,56	0,25	0,11	-0,06	-0,19	-0,26	-0,34	2,76	0
12/11/2020 18:25:00	2,73	2,72	2,42	1,97	1,46	0,92	0,44	0,18	0,08	-0,05	-0,14	-0,18	-0,22	2,70	0
12/11/2020 18:30:00	2,66	2,63	2,34	1,89	1,36	0,80	0,32	0,04	-0,08	-0,22	-0,32	-0,37	-0,42	2,70	0
12/11/2020 18:35:00	2,76	2,66	2,41	1,99	1,47	0,89	0,44	0,16	0,02	-0,14	-0,25	-0,30	-0,35	2,76	0
12/11/2020 18:40:00	2,73	2,61	2,22	1,68	1,18	0,69	0,30	0,13	0,10	0,03	0,00	0,02	0,04	2,68	0
12/11/2020 18:45:00	2,68	2,62	2,32	1,88	1,36	0,82	0,37	0,12	0,02	-0,10	-0,18	-0,21	-0,23	2,69	0
12/11/2020 18:50:00	2,74	2,71	2,35	1,81	1,31	0,73	0,30	0,07	0,00	-0,11	-0,19	-0,21	-0,23	2,73	0
12/11/2020 18:55:00	2,74	2,72	2,40	1,91	1,41	0,80	0,34	0,09	-0,01	-0,13	-0,20	-0,23	-0,25	2,74	0
12/11/2020 19:00:00	2,76	2,67	2,32	1,92	1,37	0,85	0,42	0,18	0,07	-0,06	-0,16	-0,21	-0,26	2,78	0
12/11/2020 19:05:00	2,77	2,68	2,34	1,88	1,39	0,82	0,43	0,22	0,13	0,01	-0,08	-0,11	-0,14	2,73	0
12/11/2020 19:10:00	2,64	2,59	2,24	1,79	1,24	0,78	0,37	0,18	0,12	0,03	-0,02	-0,02	-0,02	2,68	0
12/11/2020 19:15:00	2,69	2,57	2,24	1,80	1,38	0,83	0,42	0,19	0,10	-0,04	-0,14	-0,19	-0,25	2,66	0
12/11/2020 19:20:00	2,70	2,62	2,28	1,79	1,36	0,78	0,41	0,21	0,13	0,01	-0,07	-0,11	-0,14	2,72	0
12/11/2020 19:25:00	2,61	2,60	2,27	1,80	1,29	0,73	0,31	0,09	0,01	-0,10	-0,17	-0,19	-0,21	2,66	0
12/11/2020 19:30:00	2,66	2,51	2,17	1,73	1,20	0,70	0,29	0,08	0,01	-0,09	-0,15	-0,15	-0,15	2,68	0
12/11/2020 19:35:00	2,69	2,56	2,20	1,78	1,33	0,80	0,43	0,23	0,15	0,03	-0,06	-0,10	-0,15	2,68	0
12/11/2020 19:40:00	2,75	2,62	2,32	1,93	1,54	0,99	0,55	0,30	0,19	0,05	-0,05	-0,12	-0,19	2,73	0
12/11/2020 19:45:00	2,83	2,69	2,34	1,88	1,43	0,93	0,54	0,35	0,28	0,18	0,11	0,08	0,05	2,75	0
12/11/2020 19:50:00	2,78	2,74	2,45	2,04	1,51	0,91	0,40	0,08	-0,07	-0,24	-0,38	-0,46	-0,54	2,78	0
12/11/2020 19:55:00	2,75	2,76	2,40	1,89	1,29	0,81	0,36	0,13	0,07	-0,03	-0,09	-0,10	-0,11	2,80	0
12/11/2020 20:00:00	2,84	2,73	2,41	1,91	1,40	0,85	0,43	0,21	0,13	0,02	-0,04	-0,03	-0,03	2,83	0
12/11/2020 20:05:00	2,87	2,81	2,41	1,89	1,30	0,79	0,41	0,24	0,19	0,10	0,06	0,07	0,08	2,82	0
12/11/2020 20:10:00	2,88	2,77	2,39	1,86	1,34	0,84	0,42	0,22	0,17	0,07	0,01	0,01	0,00	2,85	0
12/11/2020 20:15:00	2,78	2,73	2,35	1,87	1,40	0,87	0,44	0,22	0,15	0,04	-0,04	-0,08	-0,12	2,85	0
12/11/2020 20:20:00	2,82	2,76	2,38	1,95	1,42	0,92	0,57	0,39	0,33	0,22	0,15	0,12	0,09	2,86	0
12/11/2020 20:25:00	2,89	2,76	2,43	1,97	1,51	0,98	0,61	0,41	0,34	0,24	0,17	0,15	0,14	2,80	0
12/11/2020 20:30:00	2,85	2,74	2,42	1,94	1,44	0,86	0,52	0,35	0,26	0,15	0,08	0,08	0,08	2,81	0
12/11/2020 20:35:00	2,79	2,63	2,28	1,89	1,44	0,90	0,50	0,27	0,17	0,04	-0,07	-0,13	-0,19	2,84	0
12/11/2020 20:40:00	2,79	2,66	2,29	1,83	1,40	0,91	0,60	0,45	0,41	0,32	0,26	0,23	0,21	2,82	0
12/11/2020 20:45:00	2,84	2,71	2,38	2,03	1,54	1,10	0,70	0,47	0,39	0,25	0,15	0,08	0,01	2,83	0
12/11/2020 20:50:00	2,85	2,72	2,36	1,86	1,33	0,79	0,43	0,25	0,19	0,09	0,03	0,04	0,05	2,90	0
12/11/2020 20:55:00	2,86	2,73	2,41	1,94	1,45	0,85	0,52	0,34	0,25	0,12	0,05	0,04	0,02	2,82	0
12/11/2020 21:00:00	2,83	2,65	2,29	1,86	1,41	0,96	0,56	0,36	0,30	0,19	0,12	0,09	0,06	2,76	0
12/11/2020 21:05:00	2,80	2,67	2,34	1,88	1,39	0,93	0,54	0,33	0,25	0,14	0,05	0,02	-0,02	2,76	0
12/11/2020 21:10:00	2,79	2,68	2,27	1,84	1,36	0,86	0,49	0,31	0,25	0,15	0,06	0,02	-0,03	2,81	0
12/11/2020 21:15:00	2,85	2,74	2,38	1,94	1,37	0,98	0,58	0,39	0,35	0,27	0,21	0,21	0,21	2,83	0
12/11/2020 21:20:00	2,89	2,79	2,44	2,01	1,57	1,16	0,75	0,56	0,52	0,41	0,34	0,30	0,26	2,97	0
12/11/2020 21:25:00	2,99	2,96	2,58	2,03	1,63	1,13	0,75	0,61	0,60	0,53	0,49	0,51	0,52	2,93	0
12/11/2020 21:30:00	2,96	2,77	2,43	2,08	1,62	1,19	0,83	0,64	0,56	0,44	0,34	0,28	0,21	2,93	0
12/11/2020 21:35:00	2,95	2,85	2,41	1,84	1,36	0,89	0,61	0,53	0,55	0,50	0,49	0,53	0,57	2,88	0
12/11/2020 21:40:00	2,90	2,86	2,48	1,91	1,46	0,95	0,62	0,49	0,47	0,40	0,35	0,36	0,37	2,88	0
12/11/2020 21:45:00	2,93	2,82	2,47	1,95	1,53	1,05	0,64	0,46	0,42	0,34	0,29	0,29	0,29	2,89	0
12/11/2020 21:50:00	2,97	2,84	2,51	2,15	1,70	1,22	0,80	0,57	0,48	0,34	0,23	0,17	0,10	2,91	0
12/11/2020 21:55:00	2,87	2,83	2,53	2,08	1,67	1,16	0,74	0,51	0,44	0,31	0,23	0,18	0,13	2,90	0
12/11/2020 22:00:00	2,91	2,86	2,50	1,99	1,47	0,96	0,51	0,29	0,23	0,13	0,07	0,06	0,06	2,89	0
12/11/2020 22:05:00	2,94	2,80	2,46	2,09	1,60	1,11	0,72	0,50	0,41	0,28	0,18	0,13	0,07	3,01	0
12/11/2020 22:10:00	2,92	2,75	2,41	2,00	1,55	1,06	0,67	0,45	0,36	0,22	0,11	0,04	-0,04	2,83	0
12/11/2020 22:15:00	2,89	2,66	2,29	1,88	1,48	1,01	0,62	0,42	0,36	0,25	0,16	0,11	0,06	2,91	0
12/11/2020 22:20:00	2,90	2,80	2,50	2,04	1,57	0,99	0,55	0,29	0,17	0,03	-0,08	-0,13	-0,19	2,82	0
12/11/2020 22:25:00	2,83	2,71	2,37	1,91	1,46	0,99	0,62	0,44	0,38	0,28	0,21	0,19	0,17	2,84	0
12/11/2020 22:30:00	2,85	2,71	2,35	1,91	1,38	0,95	0,56	0,37	0,32	0,22	0,16	0,15	0,14	2,86	0
12/11/2020 22:35:00	2,91	2,78	2,40	1,90	1,46	0,93	0,60	0,45	0,40	0,31	0,25	0,23	0,22	2,91	0
12/11/2020 22:40:00	2,90	2,78	2,47	2,06	1,60	1,10	0,72	0,53	0,45	0,33	0,26	0,23	0,20	2,95	0
12/11/2020 22:45:00	2,98	2,91	2,54	2,06	1,55	1,07	0,67	0,48	0,44	0,34	0,28	0,27	0,26	2,96	0
12/11/2020 22:50:00	3,01	2,90	2,57	2,16	1,66	1,16	0,75	0,52	0,42	0,29	0,19	0,13	0,08	2,85	0
12/11/2020 22:55:00	2,96	2,85	2,55	2,12	1,64	1,14	0,71	0,47	0,37	0,24	0,14	0,10	0,05	2,95	0
12/11/2020 23:00:00	2,91	2,86	2,48	1,99	1,48	1,00	0,64	0,49	0,45	0,37	0,32	0,32	0,32	2,93	0
12/11/2020 23:05:00	2,87	2,77	2,37	1,92	1,42	0,96	0,61	0,45	0,42	0,32	0,26	0,24	0,22	2,83	0
12/11/2020 23:10:00	2,90	2,78	2,42	1,90	1,46	0,92	0,49	0,27	0,19	0,08	-0,01	-0,05	-0,09	2,86	0
12/11/2020 23:15:00	2,79	2,75	2,35	1,79	1,27	0,76	0,41	0,28	0,27	0,21	0,19	0,23	0,28	2,71	0
12/11/2020 23:20:00	2,70	2,63	2,33	1,95	1,49	1,03	0,56	0,30	0,22	0,10	0,00	-0,05	-0,11	2,66	0
12/11/2020 23:25:00	2,60	2,57	2,24	1,73	1,22	0,70	0,37	0,22	0,18	0,10	0,06	0,08	0,11	2,59	0
12/11/2020 23:30:00	2,72	2,57	2,21	1,86	1,32	0,88	0,51	0,34	0,29	0,19	0,13	0,12	0,12	2,70	0
12/11/2020 23:35:00	2,75	2,67	2,33	1,84	1,41	0,95	0,63	0,49	0,46	0,38	0,33	0,33	0,32	2,72	0
12/11/2020 23:40:00	2,73	2,51	2,09	1,64	1,22	0,76	0,46	0,33	0,30	0,22	0,17	0,16	0,14	2,75	0
12/11/2020 23:45:00	2,58	2,35	1,92	1,48	1,02	0,67	0,44	0,39	0,43	0,40	0,40	0,44	0,49	2,57	0
12/11/2020 23:50:00	2,54	2,35	1,95	1,47	1,10	0,72	0,40	0,30	0,33	0,29	0,27	0,28	0,30	2,54	0
12/11/2020 23:55:00	2,54	2,40	1,94	1,33	0,90	0,47	0,27	0,26	0,33	0,32	0,36	0,44	0,52	2,55	0
