FileFormat:0002.2 file with temperature of atmosphere
200
local	GMT or Local
0	GMT-Local=[hours]
0	Height[m]
0	0	0	Longitude                [grd]               [min]               [sec]
0	0	0	Latitude                [grd]               [min]               [sec]
N	NS
59,40	Freq[GHz]
0,00	dTemostat[K]
0,150	MessErr[K]
0,248	//[grad/step]
version 14.0.20110218
MTP5H033F5940K-33.00D180214+A1.1
Commentary:
enter comment
End Of Commentary

SYSTEM\summer.dat
data time	0	50	100	150	200	250	300	350	400	450	500	550	600	OutsideTemperature	Quality
30/06/2020 00:00:00	14,67	16,35	16,59	16,34	15,95	15,48	14,98	14,50	14,04	13,58	13,08	12,58	12,08	14,47	0
30/06/2020 00:05:00	14,29	15,99	16,37	16,16	15,82	15,36	14,85	14,36	13,90	13,42	12,88	12,34	11,80	14,45	0
30/06/2020 00:10:00	14,37	16,09	16,29	16,07	15,68	15,18	14,68	14,20	13,75	13,28	12,78	12,28	11,77	14,24	0
30/06/2020 00:15:00	14,29	16,01	16,31	16,02	15,63	15,12	14,65	14,18	13,72	13,26	12,76	12,26	11,76	14,36	0
30/06/2020 00:20:00	14,32	16,23	16,53	16,27	15,88	15,46	15,12	14,73	14,30	13,90	13,49	13,08	12,67	14,46	0
30/06/2020 00:25:00	14,95	16,62	16,78	16,52	16,10	15,61	15,10	14,62	14,16	13,71	13,21	12,71	12,21	14,10	0
30/06/2020 00:30:00	14,55	16,29	16,52	16,20	15,79	15,33	14,84	14,37	13,92	13,48	13,01	12,55	12,08	14,02	0
30/06/2020 00:35:00	14,94	16,09	16,27	16,05	15,72	15,29	14,81	14,36	13,93	13,49	12,99	12,48	11,97	14,07	0
30/06/2020 00:40:00	14,69	16,01	16,31	16,13	15,82	15,37	14,96	14,54	14,11	13,67	13,17	12,67	12,17	14,15	0
30/06/2020 00:45:00	13,96	15,80	16,21	15,99	15,62	15,19	14,68	14,18	13,71	13,24	12,71	12,19	11,66	14,18	0
30/06/2020 00:50:00	14,02	15,82	16,04	15,84	15,46	15,00	14,47	13,98	13,53	13,07	12,58	12,08	11,58	14,14	0
30/06/2020 00:55:00	13,93	15,64	15,94	15,75	15,40	15,01	14,50	14,03	13,59	13,14	12,65	12,15	11,65	14,05	0
30/06/2020 01:00:00	13,92	15,64	15,91	15,73	15,39	14,97	14,50	14,04	13,61	13,17	12,69	12,20	11,72	13,85	0
30/06/2020 01:05:00	13,69	15,60	15,99	15,81	15,49	15,03	14,53	14,05	13,59	13,12	12,60	12,08	11,56	13,68	0
30/06/2020 01:10:00	13,54	15,36	15,67	15,41	15,01	14,53	14,04	13,56	13,10	12,64	12,15	11,66	11,17	13,59	0
30/06/2020 01:15:00	13,33	15,31	15,63	15,39	15,01	14,57	14,05	13,55	13,09	12,63	12,14	11,65	11,16	13,55	0
30/06/2020 01:20:00	13,58	15,23	15,48	15,26	14,94	14,49	14,00	13,53	13,09	12,64	12,16	11,68	11,19	13,61	0
30/06/2020 01:25:00	13,30	15,18	15,56	15,35	15,00	14,58	14,08	13,60	13,14	12,68	12,19	11,69	11,19	13,65	0
30/06/2020 01:30:00	13,73	15,16	15,39	15,12	14,73	14,31	13,88	13,44	13,00	12,58	12,12	11,66	11,21	13,82	0
30/06/2020 01:35:00	13,87	15,49	15,58	15,32	14,91	14,48	14,02	13,58	13,15	12,74	12,31	11,88	11,46	13,70	0
30/06/2020 01:40:00	14,09	15,40	15,52	15,26	14,88	14,44	14,03	13,61	13,19	12,78	12,34	11,90	11,46	13,50	0
30/06/2020 01:45:00	13,72	15,00	15,21	15,01	14,68	14,23	13,78	13,34	12,91	12,48	11,99	11,51	11,02	13,40	0
30/06/2020 01:50:00	13,50	14,90	15,09	14,81	14,47	14,06	13,57	13,11	12,68	12,25	11,79	11,33	10,87	13,45	0
30/06/2020 01:55:00	13,18	14,91	15,12	14,95	14,58	14,14	13,67	13,21	12,77	12,34	11,88	11,41	10,94	13,33	0
30/06/2020 02:00:00	13,27	15,10	15,36	15,13	14,74	14,27	13,80	13,34	12,89	12,45	11,97	11,50	11,03	13,38	0
30/06/2020 02:05:00	13,39	14,96	15,23	15,02	14,65	14,27	13,77	13,29	12,86	12,41	11,93	11,45	10,97	13,24	0
30/06/2020 02:10:00	13,25	14,91	15,08	14,83	14,48	14,09	13,60	13,13	12,71	12,30	11,86	11,42	10,99	13,17	0
30/06/2020 02:15:00	13,39	14,92	15,05	14,79	14,48	14,08	13,62	13,19	12,78	12,38	11,97	11,55	11,13	13,21	0
30/06/2020 02:20:00	13,25	14,73	15,05	14,88	14,52	14,12	13,69	13,25	12,82	12,38	11,90	11,41	10,93	13,19	0
30/06/2020 02:25:00	13,06	14,77	14,96	14,77	14,45	14,03	13,59	13,16	12,74	12,33	11,90	11,46	11,03	13,07	0
30/06/2020 02:30:00	12,98	14,63	14,80	14,56	14,21	13,78	13,33	12,89	12,46	12,05	11,62	11,19	10,76	13,03	0
30/06/2020 02:35:00	12,95	14,53	14,66	14,42	14,07	13,62	13,17	12,72	12,30	11,89	11,46	11,03	10,60	13,00	0
30/06/2020 02:40:00	12,84	14,59	14,68	14,40	14,03	13,61	13,12	12,66	12,24	11,83	11,42	11,01	10,60	12,91	0
30/06/2020 02:45:00	12,88	14,44	14,63	14,44	14,10	13,68	13,24	12,80	12,38	11,97	11,53	11,08	10,64	13,07	0
30/06/2020 02:50:00	12,95	14,42	14,61	14,41	14,11	13,67	13,23	12,80	12,39	11,97	11,53	11,08	10,63	12,86	0
30/06/2020 02:55:00	12,84	14,46	14,58	14,35	14,05	13,67	13,23	12,81	12,41	12,03	11,64	11,24	10,85	13,04	0
30/06/2020 03:00:00	12,80	14,32	14,57	14,38	14,13	13,71	13,31	12,91	12,51	12,11	11,68	11,25	10,82	13,06	0
30/06/2020 03:05:00	13,01	14,47	14,65	14,46	14,11	13,72	13,31	12,91	12,50	12,10	11,69	11,26	10,84	13,10	0
30/06/2020 03:10:00	13,26	14,49	14,58	14,39	14,11	13,68	13,28	12,88	12,49	12,10	11,68	11,26	10,83	13,11	0
30/06/2020 03:15:00	13,28	14,21	14,21	13,97	13,71	13,36	13,00	12,64	12,29	11,94	11,58	11,22	10,85	13,22	0
30/06/2020 03:20:00	13,19	14,32	14,32	14,10	13,79	13,36	12,93	12,52	12,14	11,75	11,35	10,93	10,52	13,33	0
30/06/2020 03:25:00	13,32	14,40	14,36	14,07	13,75	13,36	12,94	12,53	12,16	11,80	11,42	11,04	10,67	13,33	0
30/06/2020 03:30:00	13,43	14,33	14,32	14,09	13,73	13,37	12,95	12,55	12,18	11,81	11,41	11,01	10,60	13,37	0
30/06/2020 03:35:00	13,26	14,32	14,35	14,14	13,83	13,45	13,05	12,66	12,28	11,91	11,52	11,11	10,71	13,44	0
30/06/2020 03:40:00	13,29	14,61	14,63	14,37	14,06	13,67	13,26	12,85	12,47	12,10	11,73	11,34	10,96	13,37	0
30/06/2020 03:45:00	13,64	14,44	14,51	14,33	14,08	13,75	13,33	12,94	12,58	12,21	11,80	11,37	10,95	13,51	0
30/06/2020 03:50:00	13,46	14,52	14,55	14,32	13,99	13,64	13,17	12,75	12,36	11,97	11,55	11,13	10,70	13,42	0
30/06/2020 03:55:00	13,14	14,50	14,62	14,43	14,14	13,79	13,38	12,98	12,60	12,23	11,83	11,43	11,03	13,50	0
30/06/2020 04:00:00	13,13	14,50	14,57	14,36	14,07	13,69	13,24	12,82	12,43	12,04	11,64	11,22	10,81	13,35	0
30/06/2020 04:05:00	13,27	14,45	14,64	14,43	14,19	13,81	13,39	12,98	12,59	12,19	11,77	11,33	10,89	13,11	0
30/06/2020 04:10:00	13,23	14,46	14,59	14,39	14,10	13,71	13,32	12,93	12,54	12,16	11,75	11,34	10,93	13,03	0
30/06/2020 04:15:00	13,32	14,41	14,47	14,27	14,01	13,65	13,28	12,91	12,55	12,19	11,82	11,43	11,04	12,92	0
30/06/2020 04:20:00	12,91	14,41	14,63	14,44	14,12	13,75	13,33	12,92	12,51	12,11	11,68	11,25	10,82	13,04	0
30/06/2020 04:25:00	12,98	14,35	14,57	14,39	14,14	13,80	13,38	12,98	12,59	12,20	11,79	11,37	10,95	12,91	0
30/06/2020 04:30:00	12,88	14,31	14,53	14,35	14,13	13,76	13,37	12,97	12,59	12,20	11,80	11,39	10,97	13,14	0
30/06/2020 04:35:00	13,11	14,32	14,48	14,30	14,09	13,75	13,39	13,03	12,66	12,30	11,92	11,53	11,13	12,94	0
30/06/2020 04:40:00	12,98	14,43	14,59	14,44	14,13	13,79	13,35	12,93	12,54	12,15	11,74	11,32	10,90	12,88	0
30/06/2020 04:45:00	13,02	14,42	14,56	14,35	14,08	13,76	13,35	12,95	12,57	12,21	11,83	11,44	11,06	13,11	0
30/06/2020 04:50:00	12,93	14,40	14,60	14,42	14,14	13,79	13,38	12,99	12,60	12,22	11,81	11,40	11,00	13,00	0
30/06/2020 04:55:00	12,98	14,40	14,49	14,26	13,99	13,63	13,19	12,78	12,39	12,02	11,62	11,23	10,83	12,95	0
30/06/2020 05:00:00	13,02	14,26	14,43	14,26	14,03	13,69	13,30	12,92	12,55	12,18	11,78	11,38	10,97	12,88	0
30/06/2020 05:05:00	13,22	14,31	14,43	14,23	13,94	13,59	13,23	12,86	12,49	12,13	11,75	11,35	10,96	13,17	0
30/06/2020 05:10:00	13,39	14,44	14,39	14,15	13,83	13,49	13,06	12,67	12,31	11,95	11,59	11,21	10,84	13,32	0
30/06/2020 05:15:00	13,52	14,38	14,42	14,18	13,91	13,58	13,19	12,82	12,46	12,10	11,72	11,34	10,95	13,51	0
30/06/2020 05:20:00	13,80	13,96	13,92	13,64	13,35	13,04	12,71	12,38	12,04	11,70	11,34	10,96	10,58	13,60	0
30/06/2020 05:25:00	13,80	14,17	14,00	13,70	13,33	13,02	12,69	12,37	12,04	11,72	11,40	11,07	10,73	13,85	0
30/06/2020 05:30:00	13,71	14,22	14,10	13,80	13,46	13,11	12,76	12,42	12,07	11,74	11,39	11,04	10,68	13,82	0
30/06/2020 05:35:00	13,40	14,28	14,27	13,97	13,60	13,22	12,82	12,42	12,04	11,67	11,28	10,89	10,49	13,80	0
30/06/2020 05:40:00	13,56	14,24	14,17	13,88	13,56	13,21	12,83	12,46	12,11	11,76	11,40	11,03	10,66	13,99	0
30/06/2020 05:45:00	13,51	14,31	14,18	13,90	13,54	13,19	12,77	12,38	12,02	11,66	11,30	10,93	10,56	13,80	0
30/06/2020 05:50:00	14,38	14,54	14,27	13,95	13,65	13,35	13,02	12,71	12,40	12,10	11,79	11,46	11,14	13,80	0
30/06/2020 05:55:00	14,09	14,53	14,36	14,09	13,74	13,42	13,08	12,75	12,42	12,09	11,76	11,42	11,07	13,85	0
30/06/2020 06:00:00	13,95	14,54	14,46	14,19	13,86	13,49	13,12	12,76	12,41	12,06	11,69	11,30	10,92	13,62	0
30/06/2020 06:05:00	13,94	14,62	14,43	14,15	13,82	13,48	13,09	12,72	12,38	12,05	11,71	11,35	11,00	13,59	0
30/06/2020 06:10:00	14,25	14,39	13,97	13,67	13,31	12,96	12,61	12,28	11,97	11,67	11,36	11,04	10,72	13,66	0
30/06/2020 06:15:00	14,30	14,42	14,05	13,69	13,33	12,97	12,61	12,27	11,95	11,64	11,33	11,01	10,68	13,82	0
30/06/2020 06:20:00	14,09	14,46	14,17	13,83	13,50	13,16	12,76	12,40	12,07	11,76	11,43	11,10	10,76	13,97	0
30/06/2020 06:25:00	13,98	14,45	14,25	13,94	13,60	13,22	12,81	12,43	12,09	11,74	11,38	11,01	10,64	14,03	0
30/06/2020 06:30:00	13,88	14,46	14,31	14,01	13,69	13,31	12,91	12,53	12,18	11,83	11,46	11,08	10,70	13,79	0
30/06/2020 06:35:00	14,48	14,34	14,04	13,78	13,48	13,18	12,84	12,53	12,22	11,92	11,58	11,23	10,88	14,21	0
30/06/2020 06:40:00	14,38	14,58	14,25	13,92	13,59	13,23	12,85	12,51	12,19	11,87	11,55	11,21	10,87	14,23	0
30/06/2020 06:45:00	14,43	14,70	14,25	13,89	13,52	13,09	12,73	12,39	12,07	11,77	11,47	11,15	10,84	14,00	0
30/06/2020 06:50:00	15,29	14,66	13,98	13,58	13,25	12,92	12,60	12,32	12,06	11,82	11,57	11,30	11,03	14,49	0
30/06/2020 06:55:00	14,67	14,75	14,38	14,02	13,70	13,28	12,90	12,55	12,22	11,90	11,56	11,20	10,85	14,57	0
30/06/2020 07:00:00	14,48	14,72	14,43	14,04	13,72	13,34	12,95	12,60	12,26	11,94	11,61	11,26	10,92	14,62	0
30/06/2020 07:05:00	14,81	14,75	14,34	13,95	13,60	13,26	12,88	12,54	12,23	11,92	11,61	11,28	10,96	14,35	0
30/06/2020 07:10:00	15,35	14,92	14,31	13,92	13,56	13,20	12,84	12,53	12,24	11,96	11,68	11,37	11,06	14,66	0
30/06/2020 07:15:00	15,81	14,97	14,22	13,78	13,39	13,10	12,79	12,52	12,28	12,04	11,82	11,57	11,31	15,59	0
30/06/2020 07:20:00	15,87	15,14	14,47	14,02	13,68	13,34	12,95	12,63	12,35	12,07	11,78	11,46	11,14	15,88	0
30/06/2020 07:25:00	15,83	15,45	14,70	14,19	13,77	13,42	13,02	12,68	12,39	12,13	11,87	11,60	11,32	16,09	0
30/06/2020 07:30:00	15,63	15,49	14,83	14,32	13,90	13,48	13,01	12,61	12,28	11,97	11,65	11,32	10,99	16,55	0
30/06/2020 07:35:00	15,87	15,59	14,85	14,36	13,93	13,47	12,99	12,59	12,26	11,94	11,61	11,27	10,92	16,74	0
30/06/2020 07:40:00	16,00	15,68	15,00	14,48	13,98	13,52	13,07	12,69	12,35	12,03	11,70	11,35	11,01	16,30	0
30/06/2020 07:45:00	16,10	15,68	15,02	14,49	14,02	13,57	13,17	12,81	12,49	12,19	11,89	11,57	11,25	16,98	0
30/06/2020 07:50:00	16,52	15,82	15,07	14,58	14,13	13,68	13,23	12,86	12,54	12,22	11,88	11,52	11,16	17,11	0
30/06/2020 07:55:00	16,79	15,94	15,22	14,72	14,19	13,70	13,27	12,90	12,56	12,23	11,86	11,48	11,09	17,69	0
30/06/2020 08:00:00	16,79	16,04	15,34	14,84	14,30	13,83	13,35	12,95	12,60	12,24	11,85	11,44	11,04	16,96	0
30/06/2020 08:05:00	16,89	16,01	15,28	14,72	14,22	13,79	13,36	13,00	12,68	12,36	12,03	11,68	11,33	17,37	0
30/06/2020 08:10:00	17,11	16,08	15,36	14,82	14,27	13,77	13,34	12,97	12,63	12,29	11,92	11,52	11,13	16,85	0
30/06/2020 08:15:00	17,21	15,99	15,21	14,65	14,22	13,79	13,42	13,10	12,81	12,52	12,21	11,88	11,54	16,89	0
30/06/2020 08:20:00	17,48	16,16	15,24	14,57	14,09	13,68	13,28	12,95	12,67	12,40	12,12	11,82	11,52	17,18	0
30/06/2020 08:25:00	17,30	16,28	15,54	14,94	14,37	13,89	13,47	13,11	12,78	12,44	12,09	11,73	11,36	17,31	0
30/06/2020 08:30:00	17,53	16,38	15,60	15,02	14,50	13,98	13,51	13,12	12,78	12,42	12,04	11,63	11,22	17,22	0
30/06/2020 08:35:00	17,78	16,27	15,41	14,88	14,44	14,03	13,63	13,31	13,03	12,73	12,40	12,04	11,69	17,56	0
30/06/2020 08:40:00	17,94	16,48	15,51	14,91	14,41	13,95	13,60	13,31	13,03	12,76	12,49	12,18	11,88	17,71	0
30/06/2020 08:45:00	18,09	16,58	15,57	14,88	14,30	13,87	13,48	13,15	12,87	12,60	12,32	12,02	11,73	17,94	0
30/06/2020 08:50:00	18,13	16,76	15,71	15,06	14,50	13,98	13,51	13,13	12,82	12,49	12,15	11,79	11,43	17,66	0
30/06/2020 08:55:00	17,82	16,88	16,01	15,43	14,86	14,30	13,84	13,44	13,09	12,74	12,36	11,96	11,56	17,91	0
30/06/2020 09:00:00	18,32	16,70	15,83	15,20	14,66	14,19	13,75	13,39	13,07	12,73	12,36	11,97	11,57	17,79	0
30/06/2020 09:05:00	18,03	16,81	15,96	15,34	14,76	14,28	13,85	13,47	13,15	12,82	12,46	12,09	11,72	17,85	0
30/06/2020 09:10:00	17,83	16,97	16,14	15,61	15,17	14,74	14,35	14,01	13,73	13,44	13,14	12,81	12,49	17,34	0
30/06/2020 09:15:00	18,28	16,93	16,11	15,63	15,14	14,66	14,23	13,87	13,56	13,22	12,83	12,42	12,00	17,61	0
30/06/2020 09:20:00	18,52	16,95	15,95	15,42	14,92	14,41	14,00	13,66	13,36	13,05	12,69	12,31	11,93	18,81	0
30/06/2020 09:25:00	18,64	17,28	16,19	15,51	14,97	14,54	14,12	13,78	13,49	13,21	12,92	12,62	12,31	18,50	0
30/06/2020 09:30:00	18,40	17,52	16,49	15,86	15,35	14,84	14,35	13,95	13,63	13,32	12,99	12,63	12,28	18,46	0
30/06/2020 09:35:00	18,99	17,57	16,50	15,89	15,30	14,81	14,35	13,98	13,67	13,35	13,00	12,62	12,24	18,52	0
30/06/2020 09:40:00	19,30	17,60	16,46	15,79	15,23	14,73	14,24	13,85	13,54	13,20	12,84	12,44	12,04	18,97	1
30/06/2020 09:45:00	18,80	17,68	16,44	15,80	15,21	14,68	14,27	13,92	13,63	13,36	13,09	12,80	12,50	18,62	0
30/06/2020 09:50:00	19,26	17,53	16,35	15,71	15,20	14,71	14,36	14,07	13,82	13,56	13,30	13,01	12,72	18,88	0
30/06/2020 09:55:00	19,01	17,63	16,53	15,93	15,44	15,03	14,60	14,26	13,99	13,71	13,42	13,09	12,76	19,07	0
30/06/2020 10:00:00	19,59	17,76	16,69	15,98	15,43	14,92	14,48	14,13	13,84	13,53	13,20	12,84	12,48	18,61	1
30/06/2020 10:05:00	19,23	18,08	16,88	16,14	15,59	15,13	14,70	14,35	14,07	13,81	13,56	13,29	13,02	19,24	0
30/06/2020 10:10:00	19,47	18,16	16,87	16,16	15,64	15,13	14,68	14,33	14,05	13,78	13,52	13,22	12,93	19,36	0
30/06/2020 10:15:00	19,54	17,85	16,79	16,21	15,70	15,24	14,82	14,48	14,19	13,89	13,55	13,17	12,80	20,11	0
30/06/2020 10:20:00	19,79	18,42	17,25	16,62	15,96	15,30	14,75	14,31	13,94	13,56	13,13	12,68	12,22	19,66	1
30/06/2020 10:25:00	19,73	18,35	17,23	16,61	16,05	15,50	15,01	14,62	14,30	13,97	13,60	13,20	12,80	19,36	0
30/06/2020 10:30:00	19,63	18,58	17,32	16,50	15,87	15,24	14,75	14,35	14,02	13,72	13,42	13,11	12,80	19,42	0
30/06/2020 10:35:00	19,75	18,48	17,34	16,72	16,18	15,63	15,17	14,80	14,49	14,18	13,84	13,48	13,11	19,77	0
30/06/2020 10:40:00	19,84	18,66	17,54	16,94	16,46	15,90	15,39	15,00	14,68	14,34	13,97	13,57	13,16	19,77	0
30/06/2020 10:45:00	20,12	18,36	17,39	16,76	16,14	15,60	15,18	14,83	14,51	14,17	13,79	13,38	12,97	19,97	0
30/06/2020 10:50:00	19,71	18,59	17,43	16,88	16,39	15,91	15,48	15,13	14,85	14,57	14,27	13,93	13,59	19,64	0
30/06/2020 10:55:00	20,12	18,97	17,93	17,12	16,39	15,74	15,18	14,72	14,34	13,95	13,54	13,11	12,68	20,22	0
30/06/2020 11:00:00	19,98	18,73	17,70	17,10	16,58	16,06	15,56	15,17	14,84	14,50	14,12	13,70	13,28	19,64	0
30/06/2020 11:05:00	20,31	18,55	17,35	16,70	16,15	15,67	15,28	14,97	14,70	14,42	14,12	13,79	13,46	20,25	1
30/06/2020 11:10:00	20,38	18,73	17,56	16,86	16,28	15,79	15,37	15,02	14,73	14,44	14,12	13,77	13,43	20,72	1
30/06/2020 11:15:00	20,07	18,85	17,77	17,20	16,72	16,24	15,74	15,34	15,04	14,70	14,33	13,92	13,51	20,57	0
30/06/2020 11:20:00	20,55	18,91	17,63	16,96	16,36	15,80	15,36	15,00	14,70	14,39	14,06	13,71	13,35	20,72	1
30/06/2020 11:25:00	20,28	19,30	18,16	17,43	16,70	16,02	15,49	15,04	14,67	14,29	13,90	13,49	13,08	20,56	0
30/06/2020 11:30:00	20,63	19,09	17,85	17,05	16,41	15,91	15,46	15,09	14,80	14,52	14,23	13,91	13,60	20,84	1
30/06/2020 11:35:00	20,58	19,10	17,98	17,36	16,81	16,32	15,89	15,54	15,24	14,94	14,59	14,22	13,85	19,97	0
30/06/2020 11:40:00	21,03	19,42	18,22	17,61	17,06	16,50	16,02	15,65	15,34	15,00	14,62	14,21	13,80	21,02	1
30/06/2020 11:45:00	21,25	19,54	18,08	17,28	16,60	16,13	15,68	15,32	15,04	14,76	14,48	14,17	13,87	20,89	1
30/06/2020 11:50:00	21,50	19,53	18,10	17,34	16,67	16,09	15,63	15,27	14,98	14,67	14,34	13,98	13,63	20,78	1
30/06/2020 11:55:00	21,40	19,33	18,21	17,60	17,16	16,72	16,32	16,01	15,74	15,43	15,07	14,67	14,27	20,92	1
30/06/2020 12:00:00	20,89	19,33	18,17	17,61	17,18	16,78	16,38	16,07	15,82	15,56	15,26	14,93	14,59	20,63	0
30/06/2020 12:05:00	19,97	19,57	18,85	18,23	17,65	16,97	16,39	15,89	15,48	15,03	14,54	14,02	13,51	20,97	0
30/06/2020 12:10:00	21,15	19,57	18,41	17,79	17,27	16,82	16,40	16,07	15,79	15,50	15,18	14,82	14,47	21,36	0
30/06/2020 12:15:00	21,20	19,72	18,49	17,82	17,24	16,70	16,21	15,82	15,51	15,19	14,83	14,43	14,04	21,11	0
30/06/2020 12:20:00	21,19	19,71	18,49	17,75	17,08	16,55	16,10	15,72	15,42	15,11	14,78	14,43	14,08	20,96	1
30/06/2020 12:25:00	21,28	19,88	18,42	17,72	17,12	16,53	16,09	15,74	15,47	15,20	14,92	14,62	14,32	21,29	1
30/06/2020 12:30:00	21,18	19,98	18,49	17,76	17,21	16,68	16,24	15,90	15,64	15,40	15,17	14,92	14,66	20,83	0
30/06/2020 12:35:00	20,82	19,33	18,65	18,10	17,63	17,19	16,77	16,42	16,10	15,74	15,31	14,85	14,38	20,93	0
30/06/2020 12:40:00	20,86	19,94	18,88	18,12	17,45	16,86	16,35	15,93	15,58	15,23	14,87	14,49	14,10	20,47	0
30/06/2020 12:45:00	21,35	20,00	19,10	18,60	18,04	17,48	16,98	16,57	16,21	15,81	15,33	14,82	14,30	20,48	0
30/06/2020 12:50:00	21,47	19,80	19,03	18,39	17,81	17,29	16,81	16,40	16,06	15,66	15,20	14,70	14,21	21,57	0
30/06/2020 12:55:00	21,16	19,74	19,18	18,62	18,13	17,67	17,22	16,83	16,47	16,06	15,57	15,05	14,52	21,88	0
30/06/2020 13:00:00	21,04	19,63	18,99	18,42	17,97	17,55	17,11	16,74	16,42	16,05	15,61	15,14	14,67	20,62	0
30/06/2020 13:05:00	20,44	19,91	19,39	18,92	18,37	17,73	17,16	16,67	16,24	15,76	15,20	14,60	14,00	21,42	0
30/06/2020 13:10:00	21,28	19,53	18,90	18,53	18,20	17,83	17,41	17,07	16,76	16,37	15,88	15,34	14,80	21,31	0
30/06/2020 13:15:00	21,16	20,14	19,45	18,68	17,98	17,31	16,78	16,31	15,90	15,46	14,98	14,47	13,97	21,12	0
30/06/2020 13:20:00	20,35	20,30	19,46	18,82	18,18	17,58	17,03	16,57	16,17	15,78	15,37	14,94	14,51	21,66	0
30/06/2020 13:25:00	19,85	20,06	19,81	19,33	18,83	18,27	17,74	17,26	16,84	16,38	15,86	15,32	14,77	20,84	0
30/06/2020 13:30:00	20,47	20,70	19,78	19,11	18,49	17,86	17,33	16,87	16,50	16,14	15,78	15,41	15,04	20,93	0
30/06/2020 13:35:00	20,27	20,20	19,82	19,30	18,75	18,17	17,66	17,20	16,79	16,34	15,84	15,32	14,79	21,41	0
30/06/2020 13:40:00	21,34	20,14	19,08	18,37	17,87	17,38	16,91	16,53	16,23	15,93	15,59	15,23	14,86	21,32	0
30/06/2020 13:45:00	21,41	20,10	19,16	18,66	18,20	17,74	17,31	16,96	16,66	16,33	15,94	15,51	15,08	20,90	0
30/06/2020 13:50:00	22,40	20,16	18,70	17,98	17,43	16,99	16,60	16,31	16,08	15,83	15,57	15,26	14,96	22,78	1
30/06/2020 13:55:00	21,75	20,36	19,31	18,74	18,26	17,79	17,39	17,06	16,78	16,47	16,11	15,72	15,34	22,02	0
30/06/2020 14:00:00	22,66	21,03	19,65	18,84	18,14	17,51	16,97	16,55	16,23	15,90	15,54	15,16	14,77	22,28	1
30/06/2020 14:05:00	21,10	20,34	19,43	18,79	18,30	17,84	17,41	17,06	16,75	16,45	16,12	15,77	15,42	22,28	0
30/06/2020 14:10:00	20,63	20,64	19,91	19,32	18,73	18,13	17,53	17,04	16,63	16,20	15,72	15,22	14,72	21,26	0
30/06/2020 14:15:00	22,12	20,54	19,48	18,85	18,35	17,92	17,46	17,10	16,81	16,48	16,09	15,67	15,24	21,69	0
30/06/2020 14:20:00	21,73	20,92	19,83	19,09	18,46	17,80	17,25	16,80	16,44	16,07	15,67	15,24	14,81	22,06	0
30/06/2020 14:25:00	22,45	20,52	19,44	18,78	18,31	17,90	17,45	17,10	16,81	16,48	16,09	15,66	15,22	22,29	1
30/06/2020 14:30:00	20,77	20,56	19,83	19,34	18,87	18,34	17,87	17,47	17,11	16,74	16,33	15,89	15,44	21,32	0
30/06/2020 14:35:00	22,24	20,57	19,49	18,78	18,19	17,67	17,21	16,84	16,53	16,20	15,82	15,41	15,00	21,70	1
30/06/2020 14:40:00	20,58	20,39	19,95	19,49	19,04	18,51	18,01	17,58	17,19	16,77	16,27	15,75	15,23	21,33	0
30/06/2020 14:45:00	21,62	20,63	19,48	18,79	18,27	17,84	17,47	17,16	16,90	16,66	16,41	16,15	15,88	21,58	0
30/06/2020 14:50:00	22,09	20,67	19,60	18,98	18,45	17,99	17,58	17,25	16,96	16,66	16,32	15,95	15,58	22,14	0
30/06/2020 14:55:00	22,46	21,09	19,84	19,24	18,64	18,04	17,56	17,18	16,86	16,54	16,17	15,76	15,36	22,91	0
30/06/2020 15:00:00	20,79	20,58	20,00	19,42	18,87	18,31	17,81	17,38	16,99	16,59	16,14	15,67	15,20	22,31	0
30/06/2020 15:05:00	21,23	20,64	19,83	19,35	18,75	18,16	17,69	17,29	16,92	16,53	16,09	15,63	15,16	21,79	0
30/06/2020 15:10:00	21,80	20,84	19,67	19,10	18,57	17,99	17,47	17,06	16,73	16,37	15,98	15,54	15,11	22,23	0
30/06/2020 15:15:00	22,21	21,08	19,87	19,17	18,60	18,03	17,50	17,08	16,74	16,39	15,99	15,57	15,14	21,50	0
30/06/2020 15:20:00	22,35	20,88	19,99	19,38	18,91	18,42	17,91	17,50	17,16	16,76	16,27	15,75	15,23	22,52	0
30/06/2020 15:25:00	22,33	21,05	19,97	19,30	18,75	18,22	17,81	17,47	17,18	16,88	16,55	16,20	15,84	22,41	0
30/06/2020 15:30:00	22,96	20,75	19,77	19,01	18,44	17,95	17,49	17,13	16,82	16,46	16,05	15,59	15,14	22,94	1
30/06/2020 15:35:00	22,51	21,21	20,22	19,57	19,03	18,46	17,91	17,48	17,13	16,74	16,28	15,79	15,30	22,62	0
30/06/2020 15:40:00	20,92	21,04	20,49	19,96	19,42	18,83	18,27	17,78	17,37	16,93	16,43	15,91	15,39	21,88	0
30/06/2020 15:45:00	22,19	21,23	20,22	19,56	18,98	18,48	18,03	17,66	17,34	17,02	16,66	16,28	15,90	22,46	0
30/06/2020 15:50:00	21,52	21,37	20,56	19,88	19,29	18,68	18,08	17,58	17,18	16,77	16,31	15,84	15,36	22,50	0
30/06/2020 15:55:00	21,93	21,19	20,63	20,14	19,64	19,09	18,59	18,16	17,78	17,35	16,83	16,28	15,73	23,12	0
30/06/2020 16:00:00	21,97	21,27	20,45	19,91	19,38	18,87	18,35	17,93	17,56	17,17	16,71	16,21	15,72	22,42	0
30/06/2020 16:05:00	22,27	21,34	20,28	19,70	19,08	18,51	18,02	17,62	17,28	16,92	16,51	16,07	15,63	22,60	0
30/06/2020 16:10:00	22,40	21,07	20,09	19,42	18,93	18,49	18,09	17,77	17,50	17,23	16,92	16,57	16,22	22,53	0
30/06/2020 16:15:00	21,77	21,28	20,57	20,04	19,50	18,89	18,39	17,96	17,58	17,18	16,73	16,24	15,75	22,69	0
30/06/2020 16:20:00	21,89	21,32	20,54	19,98	19,39	18,81	18,30	17,86	17,49	17,08	16,62	16,13	15,64	22,69	0
30/06/2020 16:25:00	21,96	21,60	20,65	20,07	19,44	18,78	18,23	17,76	17,38	16,97	16,51	16,03	15,55	22,09	0
30/06/2020 16:30:00	20,53	21,20	20,96	20,49	19,90	19,25	18,66	18,14	17,66	17,16	16,58	15,99	15,40	22,26	0
30/06/2020 16:35:00	22,32	20,84	20,13	19,61	19,16	18,72	18,32	17,98	17,67	17,30	16,87	16,40	15,92	22,96	0
30/06/2020 16:40:00	20,85	21,26	20,84	20,32	19,76	19,14	18,58	18,09	17,66	17,20	16,68	16,15	15,62	23,23	0
30/06/2020 16:45:00	22,12	21,38	20,57	19,93	19,29	18,75	18,26	17,83	17,47	17,08	16,65	16,20	15,74	22,89	0
30/06/2020 16:50:00	20,44	21,19	20,92	20,41	19,83	19,24	18,66	18,15	17,69	17,21	16,67	16,12	15,57	22,20	0
30/06/2020 16:55:00	21,21	21,30	20,66	20,19	19,66	19,08	18,53	18,07	17,68	17,26	16,77	16,27	15,76	21,69	0
30/06/2020 17:00:00	20,32	21,21	20,91	20,48	19,96	19,34	18,73	18,20	17,74	17,25	16,69	16,11	15,53	21,77	0
30/06/2020 17:05:00	20,05	21,15	21,00	20,62	20,10	19,53	18,97	18,47	18,01	17,54	17,00	16,44	15,88	21,76	0
30/06/2020 17:10:00	21,38	21,20	20,48	20,03	19,56	19,08	18,65	18,28	17,94	17,60	17,20	16,78	16,36	21,96	0
30/06/2020 17:15:00	21,77	21,42	20,61	20,14	19,58	19,01	18,51	18,08	17,71	17,31	16,84	16,35	15,86	22,61	0
30/06/2020 17:20:00	21,78	21,54	20,95	20,46	19,95	19,38	18,82	18,35	17,95	17,51	16,99	16,43	15,88	22,59	0
30/06/2020 17:25:00	21,59	21,69	21,14	20,56	19,97	19,35	18,78	18,28	17,85	17,39	16,87	16,33	15,79	22,88	0
30/06/2020 17:30:00	21,47	21,54	20,90	20,37	19,86	19,29	18,75	18,29	17,89	17,47	16,98	16,47	15,97	22,72	0
30/06/2020 17:35:00	21,59	21,47	20,99	20,45	19,82	19,18	18,62	18,13	17,70	17,23	16,68	16,12	15,55	22,46	0
30/06/2020 17:40:00	21,37	21,43	20,82	20,31	19,75	19,17	18,66	18,22	17,83	17,42	16,96	16,47	15,99	22,29	0
30/06/2020 17:45:00	21,25	21,51	21,01	20,52	19,97	19,36	18,79	18,29	17,86	17,39	16,85	16,29	15,73	22,08	0
30/06/2020 17:50:00	21,74	21,41	20,83	20,34	19,89	19,38	18,88	18,46	18,09	17,68	17,20	16,69	16,18	22,56	0
30/06/2020 17:55:00	21,80	21,52	20,94	20,48	19,93	19,40	18,92	18,50	18,12	17,70	17,21	16,70	16,19	22,65	0
30/06/2020 18:00:00	21,65	21,53	20,99	20,48	19,91	19,34	18,83	18,38	17,97	17,54	17,03	16,50	15,98	23,00	0
30/06/2020 18:05:00	21,71	21,76	21,15	20,62	20,05	19,39	18,79	18,29	17,85	17,38	16,84	16,28	15,72	23,33	0
30/06/2020 18:10:00	21,53	21,55	21,06	20,61	20,09	19,52	18,98	18,51	18,10	17,65	17,13	16,58	16,02	23,49	0
30/06/2020 18:15:00	21,32	21,63	21,20	20,71	20,19	19,62	19,07	18,59	18,17	17,72	17,20	16,66	16,12	23,23	0
30/06/2020 18:20:00	21,46	21,57	21,09	20,59	20,05	19,49	18,94	18,47	18,06	17,62	17,11	16,58	16,05	22,60	0
30/06/2020 18:25:00	21,29	21,65	21,23	20,76	20,16	19,51	18,93	18,41	17,96	17,47	16,91	16,33	15,74	23,02	0
30/06/2020 18:30:00	21,34	21,54	21,05	20,55	19,94	19,31	18,77	18,29	17,85	17,39	16,87	16,33	15,78	22,68	0
30/06/2020 18:35:00	21,14	21,50	21,00	20,45	19,83	19,23	18,67	18,18	17,76	17,31	16,82	16,31	15,80	22,43	0
30/06/2020 18:40:00	21,05	21,49	21,02	20,46	19,87	19,27	18,72	18,24	17,82	17,38	16,89	16,40	15,90	22,42	0
30/06/2020 18:45:00	20,80	21,35	20,99	20,51	19,95	19,41	18,88	18,40	17,97	17,52	17,02	16,49	15,97	22,45	0
30/06/2020 18:50:00	20,41	21,26	20,96	20,58	20,10	19,52	18,96	18,46	18,02	17,56	17,02	16,47	15,91	21,95	0
30/06/2020 18:55:00	20,65	21,39	21,05	20,59	20,03	19,44	18,87	18,37	17,93	17,46	16,93	16,39	15,84	22,23	0
30/06/2020 19:00:00	20,75	21,29	20,90	20,43	19,92	19,35	18,82	18,36	17,94	17,50	17,01	16,50	15,99	22,23	0
30/06/2020 19:05:00	20,49	21,30	21,02	20,61	20,14	19,60	19,05	18,57	18,14	17,68	17,16	16,62	16,08	21,98	0
30/06/2020 19:10:00	20,42	21,15	20,92	20,54	20,05	19,49	18,94	18,44	18,00	17,53	16,98	16,41	15,83	22,02	0
30/06/2020 19:15:00	20,24	21,13	20,96	20,60	20,11	19,50	18,93	18,42	17,96	17,47	16,90	16,31	15,72	21,82	0
30/06/2020 19:20:00	20,06	21,03	20,96	20,58	20,05	19,48	18,91	18,39	17,92	17,41	16,82	16,22	15,62	21,47	0
30/06/2020 19:25:00	19,98	21,09	20,97	20,64	20,15	19,55	18,96	18,43	17,96	17,46	16,87	16,26	15,65	21,56	0
30/06/2020 19:30:00	20,34	21,30	21,09	20,66	20,15	19,57	19,00	18,49	18,04	17,56	17,02	16,46	15,91	21,54	0
30/06/2020 19:35:00	20,40	21,26	21,13	20,75	20,26	19,70	19,14	18,63	18,18	17,68	17,11	16,52	15,93	21,47	0
30/06/2020 19:40:00	20,24	21,29	21,16	20,75	20,21	19,64	19,06	18,54	18,07	17,58	17,01	16,44	15,86	21,47	0
30/06/2020 19:45:00	20,59	21,19	20,98	20,64	20,19	19,66	19,12	18,64	18,21	17,73	17,17	16,59	16,00	21,64	0
30/06/2020 19:50:00	20,27	21,25	21,09	20,70	20,19	19,60	19,03	18,52	18,06	17,57	17,01	16,43	15,85	21,59	0
30/06/2020 19:55:00	20,11	21,24	21,10	20,67	20,15	19,55	18,97	18,45	17,98	17,49	16,93	16,36	15,79	21,41	0
30/06/2020 20:00:00	20,11	21,12	21,03	20,67	20,13	19,55	19,00	18,50	18,04	17,54	16,98	16,39	15,81	21,25	0
30/06/2020 20:05:00	20,31	21,28	21,27	20,92	20,43	19,88	19,35	18,86	18,40	17,91	17,33	16,74	16,15	21,24	0
30/06/2020 20:10:00	20,21	21,36	21,27	20,91	20,43	19,86	19,29	18,78	18,32	17,83	17,26	16,68	16,10	21,17	0
30/06/2020 20:15:00	20,54	21,62	21,58	21,22	20,71	20,12	19,57	19,06	18,59	18,09	17,51	16,91	16,31	21,06	0
30/06/2020 20:20:00	20,78	21,78	21,79	21,44	20,99	20,49	19,97	19,49	19,05	18,57	18,00	17,42	16,84	21,04	0
30/06/2020 20:25:00	20,74	21,92	21,80	21,41	20,89	20,29	19,74	19,24	18,78	18,30	17,75	17,18	16,62	20,86	0
30/06/2020 20:30:00	20,97	22,01	21,90	21,50	21,00	20,43	19,91	19,42	18,98	18,50	17,96	17,40	16,84	21,00	0
30/06/2020 20:35:00	20,89	21,92	21,85	21,47	20,99	20,44	19,91	19,43	18,98	18,51	17,96	17,39	16,82	20,89	0
30/06/2020 20:40:00	20,77	21,99	21,98	21,68	21,22	20,69	20,17	19,69	19,24	18,76	18,20	17,62	17,05	20,86	0
30/06/2020 20:45:00	20,84	22,11	22,07	21,71	21,20	20,65	20,10	19,61	19,15	18,67	18,11	17,54	16,96	20,80	0
30/06/2020 20:50:00	20,85	21,95	21,97	21,60	21,13	20,59	20,06	19,58	19,12	18,64	18,08	17,50	16,92	20,78	0
30/06/2020 20:55:00	20,62	21,96	21,91	21,55	21,07	20,52	19,99	19,50	19,05	18,57	18,04	17,48	16,93	20,63	0
30/06/2020 21:00:00	20,77	21,84	21,78	21,45	21,02	20,50	19,97	19,50	19,06	18,60	18,06	17,49	16,93	20,70	0
30/06/2020 21:05:00	20,65	21,82	21,76	21,42	20,97	20,46	19,96	19,49	19,06	18,60	18,08	17,54	17,00	20,71	0
30/06/2020 21:10:00	20,60	21,74	21,72	21,39	20,91	20,38	19,87	19,40	18,96	18,48	17,94	17,37	16,81	20,51	0
30/06/2020 21:15:00	20,46	21,66	21,68	21,35	20,94	20,45	19,95	19,48	19,04	18,57	18,03	17,47	16,91	20,51	0
30/06/2020 21:20:00	20,40	21,77	21,79	21,46	21,00	20,49	19,98	19,50	19,06	18,60	18,06	17,52	16,97	20,46	0
30/06/2020 21:25:00	20,37	21,68	21,73	21,44	21,04	20,55	20,05	19,59	19,15	18,69	18,15	17,59	17,03	20,31	0
30/06/2020 21:30:00	20,19	21,54	21,54	21,21	20,77	20,27	19,78	19,31	18,88	18,43	17,92	17,39	16,86	20,23	0
30/06/2020 21:35:00	20,18	21,36	21,40	21,11	20,71	20,21	19,73	19,27	18,85	18,39	17,86	17,31	16,77	20,24	0
30/06/2020 21:40:00	20,27	21,26	21,24	20,93	20,55	20,13	19,67	19,25	18,84	18,42	17,92	17,40	16,89	20,16	0
30/06/2020 21:45:00	20,15	21,22	21,21	20,91	20,46	19,98	19,55	19,13	18,72	18,28	17,79	17,28	16,77	20,23	0
30/06/2020 21:50:00	20,06	21,24	21,21	20,90	20,44	19,95	19,50	19,06	18,64	18,20	17,71	17,19	16,68	20,06	0
30/06/2020 21:55:00	19,85	21,08	21,08	20,74	20,39	19,98	19,54	19,12	18,73	18,32	17,86	17,39	16,91	19,99	0
30/06/2020 22:00:00	19,97	21,13	21,04	20,71	20,34	19,94	19,53	19,14	18,76	18,38	17,96	17,52	17,08	19,97	0
30/06/2020 22:05:00	20,01	20,78	20,63	20,32	19,98	19,63	19,27	18,92	18,58	18,23	17,84	17,43	17,02	19,97	0
30/06/2020 22:10:00	19,93	20,77	20,67	20,36	20,03	19,64	19,24	18,87	18,51	18,13	17,71	17,26	16,81	19,92	0
30/06/2020 22:15:00	19,95	20,74	20,60	20,32	20,01	19,65	19,25	18,89	18,54	18,17	17,75	17,30	16,85	19,81	0
30/06/2020 22:20:00	19,97	20,74	20,60	20,28	19,89	19,51	19,13	18,76	18,40	18,03	17,62	17,18	16,75	19,90	0
30/06/2020 22:25:00	19,87	20,63	20,47	20,18	19,81	19,42	19,04	18,68	18,32	17,96	17,54	17,11	16,67	19,92	0
30/06/2020 22:30:00	19,93	20,58	20,36	20,04	19,64	19,30	18,96	18,63	18,29	17,95	17,58	17,18	16,79	19,87	0
30/06/2020 22:35:00	19,90	20,42	20,30	20,06	19,73	19,38	19,02	18,68	18,34	17,98	17,56	17,11	16,66	19,86	0
30/06/2020 22:40:00	19,87	20,42	20,21	19,89	19,54	19,19	18,84	18,51	18,18	17,84	17,47	17,07	16,67	19,85	0
30/06/2020 22:45:00	19,89	20,42	20,21	19,89	19,60	19,30	18,97	18,65	18,34	18,02	17,67	17,28	16,90	19,86	0
30/06/2020 22:50:00	19,89	20,46	20,26	19,93	19,59	19,26	18,92	18,60	18,27	17,95	17,58	17,20	16,82	19,85	0
30/06/2020 22:55:00	19,79	20,39	20,17	19,81	19,47	19,11	18,76	18,42	18,09	17,75	17,39	17,00	16,61	19,81	0
30/06/2020 23:00:00	19,73	20,34	20,12	19,83	19,48	19,17	18,84	18,51	18,19	17,86	17,49	17,10	16,70	19,82	0
30/06/2020 23:05:00	19,65	20,31	20,11	19,79	19,46	19,16	18,80	18,46	18,14	17,81	17,44	17,05	16,66	19,63	0
30/06/2020 23:10:00	19,55	20,26	20,15	19,81	19,42	19,05	18,67	18,31	17,95	17,58	17,18	16,75	16,32	19,61	0
30/06/2020 23:15:00	19,44	20,16	20,02	19,72	19,38	19,05	18,65	18,28	17,92	17,56	17,14	16,70	16,26	19,49	0
30/06/2020 23:20:00	19,52	20,26	20,13	19,80	19,47	19,12	18,75	18,40	18,06	17,71	17,31	16,90	16,49	19,45	0
30/06/2020 23:25:00	19,42	20,12	19,99	19,71	19,41	19,10	18,73	18,38	18,04	17,69	17,29	16,87	16,45	19,41	0
30/06/2020 23:30:00	19,32	20,15	20,00	19,73	19,40	19,04	18,63	18,26	17,90	17,53	17,11	16,66	16,21	19,41	0
30/06/2020 23:35:00	19,42	20,19	20,05	19,74	19,41	19,02	18,64	18,28	17,92	17,56	17,15	16,71	16,28	19,32	0
30/06/2020 23:40:00	19,23	20,32	20,29	20,03	19,70	19,32	18,94	18,57	18,20	17,83	17,41	16,97	16,52	19,28	0
30/06/2020 23:45:00	19,32	20,10	19,98	19,67	19,34	18,96	18,56	18,19	17,83	17,46	17,04	16,60	16,16	19,26	0
30/06/2020 23:50:00	19,19	20,11	20,04	19,72	19,36	18,96	18,55	18,16	17,78	17,40	16,97	16,51	16,06	19,32	0
30/06/2020 23:55:00	19,44	20,08	19,96	19,65	19,29	18,91	18,50	18,12	17,75	17,37	16,93	16,47	16,00	19,35	0
