FileFormat:0002.2 file with temperature of atmosphere
200
local	GMT or Local
0	GMT-Local=[hours]
0	Height[m]
0	0	0	Longitude                [grd]               [min]               [sec]
0	0	0	Latitude                [grd]               [min]               [sec]
N	NS
59,40	Freq[GHz]
0,00	dTemostat[K]
0,150	MessErr[K]
0,248	//[grad/step]
version 14.0.20110218
MTP5H033F5940K-33.00D180214+A1.1
Commentary:
enter comment
End Of Commentary

SYSTEM\summer.dat
data time	0	50	100	150	200	250	300	350	400	450	500	550	600	OutsideTemperature	Quality
29/08/2020 00:00:00	14,90	15,19	15,09	14,94	14,78	14,59	14,37	14,13	13,87	13,61	13,33	13,03	12,73	14,89	0
29/08/2020 00:05:00	14,93	15,13	15,08	14,93	14,77	14,58	14,35	14,11	13,84	13,57	13,27	12,95	12,63	14,89	0
29/08/2020 00:10:00	14,78	15,24	15,23	15,06	14,88	14,69	14,41	14,14	13,85	13,56	13,25	12,92	12,58	14,84	0
29/08/2020 00:15:00	14,87	15,17	15,06	14,85	14,70	14,53	14,29	14,04	13,79	13,54	13,28	12,99	12,71	14,85	0
29/08/2020 00:20:00	14,73	15,08	15,04	14,87	14,72	14,52	14,26	13,99	13,72	13,44	13,14	12,81	12,49	14,78	0
29/08/2020 00:25:00	14,73	15,18	15,21	14,99	14,80	14,56	14,27	13,98	13,67	13,37	13,04	12,69	12,34	14,78	0
29/08/2020 00:30:00	14,73	15,04	14,95	14,76	14,51	14,27	14,03	13,77	13,49	13,20	12,90	12,58	12,26	14,76	0
29/08/2020 00:35:00	14,77	14,93	14,85	14,62	14,42	14,18	13,92	13,65	13,37	13,08	12,78	12,45	12,12	14,79	0
29/08/2020 00:40:00	14,74	14,96	14,91	14,75	14,53	14,31	14,05	13,77	13,49	13,19	12,87	12,52	12,18	14,80	0
29/08/2020 00:45:00	14,74	15,11	15,10	14,95	14,76	14,55	14,28	14,01	13,72	13,42	13,10	12,76	12,41	14,75	0
29/08/2020 00:50:00	14,80	14,97	14,96	14,84	14,63	14,40	14,18	13,94	13,66	13,37	13,05	12,71	12,37	14,69	0
29/08/2020 00:55:00	14,63	14,84	14,79	14,63	14,47	14,34	14,15	13,93	13,68	13,44	13,18	12,90	12,62	14,60	0
29/08/2020 01:00:00	14,73	14,92	14,79	14,62	14,38	14,13	13,86	13,59	13,30	13,01	12,70	12,36	12,02	14,54	0
29/08/2020 01:05:00	14,70	14,62	14,35	14,15	13,95	13,78	13,51	13,25	13,00	12,76	12,49	12,20	11,91	14,65	0
29/08/2020 01:10:00	14,63	14,59	14,36	14,09	13,85	13,62	13,39	13,14	12,88	12,62	12,36	12,08	11,80	14,70	0
29/08/2020 01:15:00	14,78	14,64	14,36	14,07	13,82	13,61	13,38	13,14	12,88	12,64	12,40	12,13	11,86	14,77	0
29/08/2020 01:20:00	14,74	14,60	14,28	14,02	13,76	13,50	13,25	13,00	12,74	12,48	12,21	11,92	11,63	14,71	0
29/08/2020 01:25:00	14,72	14,63	14,35	14,09	13,83	13,58	13,33	13,08	12,81	12,55	12,29	12,00	11,71	14,75	0
29/08/2020 01:30:00	14,77	14,65	14,37	14,05	13,80	13,61	13,31	13,02	12,76	12,50	12,23	11,94	11,65	14,76	0
29/08/2020 01:35:00	14,68	14,58	14,31	14,02	13,76	13,51	13,25	12,98	12,71	12,44	12,17	11,87	11,58	14,73	0
29/08/2020 01:40:00	14,73	14,59	14,29	14,00	13,76	13,53	13,26	13,01	12,74	12,49	12,23	11,95	11,67	14,79	0
29/08/2020 01:45:00	14,82	14,57	14,21	13,95	13,73	13,48	13,23	12,99	12,74	12,49	12,23	11,95	11,67	14,76	0
29/08/2020 01:50:00	14,69	14,52	14,19	13,93	13,67	13,46	13,22	12,98	12,73	12,49	12,24	11,98	11,71	14,68	0
29/08/2020 01:55:00	14,75	14,57	14,27	13,96	13,73	13,47	13,17	12,89	12,61	12,34	12,06	11,75	11,44	14,75	0
29/08/2020 02:00:00	14,73	14,49	14,18	13,89	13,62	13,34	13,08	12,82	12,55	12,28	12,00	11,70	11,40	14,67	0
29/08/2020 02:05:00	14,64	14,48	14,18	13,86	13,63	13,42	13,17	12,92	12,66	12,42	12,17	11,90	11,64	14,69	0
29/08/2020 02:10:00	14,71	14,60	14,32	14,07	13,79	13,53	13,28	13,03	12,76	12,49	12,21	11,91	11,61	14,70	0
29/08/2020 02:15:00	14,68	14,56	14,33	14,09	13,91	13,70	13,43	13,17	12,91	12,65	12,36	12,06	11,75	14,67	0
29/08/2020 02:20:00	14,66	14,60	14,33	14,09	13,79	13,50	13,27	13,02	12,74	12,46	12,17	11,87	11,56	14,69	0
29/08/2020 02:25:00	14,64	14,52	14,21	13,89	13,63	13,39	13,12	12,85	12,58	12,32	12,06	11,77	11,49	14,64	0
29/08/2020 02:30:00	14,68	14,45	14,15	13,92	13,68	13,40	13,15	12,89	12,63	12,36	12,07	11,76	11,45	14,64	0
29/08/2020 02:35:00	14,61	14,49	14,16	13,90	13,62	13,38	13,10	12,83	12,56	12,29	12,02	11,72	11,42	14,60	0
29/08/2020 02:40:00	14,65	14,40	14,10	13,84	13,59	13,39	13,15	12,90	12,65	12,40	12,14	11,86	11,58	14,57	0
29/08/2020 02:45:00	14,56	14,36	14,07	13,82	13,60	13,37	13,12	12,87	12,61	12,36	12,10	11,81	11,52	14,57	0
29/08/2020 02:50:00	14,59	14,37	14,06	13,81	13,53	13,35	13,13	12,91	12,66	12,43	12,19	11,93	11,67	14,55	0
29/08/2020 02:55:00	14,52	14,40	14,12	13,84	13,59	13,37	13,10	12,84	12,57	12,31	12,05	11,76	11,47	14,55	0
29/08/2020 03:00:00	14,50	14,32	14,06	13,77	13,55	13,33	13,07	12,82	12,56	12,31	12,04	11,76	11,47	14,55	0
29/08/2020 03:05:00	14,49	14,40	14,15	13,89	13,60	13,33	13,06	12,79	12,51	12,23	11,94	11,63	11,33	14,62	0
29/08/2020 03:10:00	14,52	14,32	14,00	13,78	13,54	13,32	13,06	12,80	12,54	12,29	12,02	11,72	11,43	14,50	0
29/08/2020 03:15:00	14,55	14,35	14,03	13,77	13,53	13,32	13,03	12,76	12,50	12,24	11,97	11,68	11,38	14,52	0
29/08/2020 03:20:00	14,45	14,25	13,93	13,66	13,38	13,14	12,85	12,58	12,31	12,04	11,77	11,47	11,17	14,45	0
29/08/2020 03:25:00	14,50	14,24	13,91	13,66	13,40	13,10	12,86	12,61	12,35	12,08	11,80	11,50	11,20	14,45	0
29/08/2020 03:30:00	14,51	14,36	14,07	13,80	13,54	13,26	12,94	12,65	12,36	12,07	11,77	11,44	11,11	14,52	0
29/08/2020 03:35:00	14,52	14,35	14,06	13,76	13,51	13,19	12,92	12,65	12,37	12,09	11,79	11,48	11,17	14,49	0
29/08/2020 03:40:00	14,50	14,34	14,05	13,80	13,50	13,21	12,90	12,60	12,31	12,02	11,70	11,37	11,03	14,49	0
29/08/2020 03:45:00	14,51	14,34	14,07	13,73	13,48	13,16	12,84	12,54	12,25	11,95	11,64	11,31	10,98	14,50	0
29/08/2020 03:50:00	14,51	14,30	14,03	13,76	13,43	13,12	12,82	12,53	12,23	11,92	11,60	11,26	10,92	14,52	0
29/08/2020 03:55:00	14,51	14,37	14,05	13,74	13,45	13,18	12,86	12,56	12,27	11,99	11,70	11,38	11,07	14,56	0
29/08/2020 04:00:00	14,55	14,39	14,11	13,82	13,52	13,21	12,88	12,58	12,27	11,97	11,64	11,30	10,95	14,50	0
29/08/2020 04:05:00	14,53	14,43	14,11	13,77	13,40	13,06	12,74	12,43	12,12	11,81	11,50	11,17	10,83	14,52	0
29/08/2020 04:10:00	14,55	14,40	14,08	13,74	13,38	13,03	12,72	12,41	12,11	11,80	11,49	11,16	10,83	14,53	0
29/08/2020 04:15:00	14,52	14,35	14,03	13,70	13,40	13,05	12,72	12,41	12,10	11,80	11,48	11,14	10,80	14,49	0
29/08/2020 04:20:00	14,56	14,42	14,11	13,79	13,47	13,14	12,83	12,53	12,23	11,94	11,63	11,30	10,97	14,62	0
29/08/2020 04:25:00	14,48	14,48	14,22	13,92	13,58	13,23	12,88	12,54	12,22	11,89	11,55	11,18	10,82	14,55	0
29/08/2020 04:30:00	14,55	14,49	14,27	13,98	13,58	13,21	12,90	12,58	12,25	11,92	11,57	11,20	10,83	14,44	0
29/08/2020 04:35:00	14,52	14,47	14,22	13,92	13,59	13,21	12,83	12,48	12,15	11,81	11,44	11,05	10,67	14,58	0
29/08/2020 04:40:00	14,58	14,53	14,30	13,97	13,64	13,28	12,93	12,60	12,28	11,95	11,60	11,23	10,86	14,57	0
29/08/2020 04:45:00	14,53	14,53	14,26	13,89	13,55	13,21	12,86	12,52	12,20	11,88	11,55	11,21	10,86	14,49	0
29/08/2020 04:50:00	14,57	14,54	14,24	13,88	13,55	13,17	12,78	12,43	12,10	11,77	11,41	11,04	10,67	14,66	0
29/08/2020 04:55:00	14,65	14,47	14,18	13,85	13,49	13,15	12,82	12,50	12,19	11,88	11,54	11,20	10,85	14,60	0
29/08/2020 05:00:00	14,57	14,45	14,15	13,82	13,51	13,17	12,81	12,48	12,17	11,85	11,52	11,16	10,81	14,56	0
29/08/2020 05:05:00	14,62	14,50	14,18	13,82	13,45	13,13	12,76	12,43	12,11	11,79	11,46	11,12	10,78	14,51	0
29/08/2020 05:10:00	14,48	14,40	14,08	13,78	13,43	13,06	12,69	12,34	12,01	11,68	11,33	10,96	10,58	14,45	0
29/08/2020 05:15:00	14,53	14,45	14,13	13,81	13,49	13,16	12,84	12,53	12,23	11,93	11,62	11,29	10,96	14,50	0
29/08/2020 05:20:00	14,47	14,43	14,12	13,76	13,38	13,05	12,70	12,37	12,06	11,75	11,43	11,10	10,77	14,48	0
29/08/2020 05:25:00	14,47	14,38	14,11	13,77	13,44	13,11	12,74	12,41	12,09	11,77	11,43	11,08	10,72	14,42	0
29/08/2020 05:30:00	14,33	14,30	14,02	13,67	13,32	12,95	12,58	12,24	11,91	11,58	11,24	10,87	10,51	14,32	0
29/08/2020 05:35:00	14,35	14,33	14,15	13,87	13,55	13,18	12,81	12,46	12,13	11,78	11,40	11,01	10,61	14,35	0
29/08/2020 05:40:00	14,42	14,36	14,14	13,78	13,40	13,09	12,76	12,44	12,12	11,80	11,46	11,12	10,77	14,42	0
29/08/2020 05:45:00	14,29	14,27	14,06	13,71	13,37	13,04	12,68	12,34	12,02	11,69	11,35	10,99	10,63	14,30	0
29/08/2020 05:50:00	14,30	14,37	14,23	13,96	13,61	13,28	12,95	12,62	12,29	11,96	11,60	11,22	10,84	14,27	0
29/08/2020 05:55:00	14,11	14,55	14,52	14,26	13,94	13,58	13,20	12,83	12,48	12,11	11,71	11,30	10,89	14,24	0
29/08/2020 06:00:00	14,19	14,41	14,23	13,96	13,67	13,30	12,96	12,62	12,29	11,96	11,61	11,24	10,87	14,08	0
29/08/2020 06:05:00	14,25	14,41	14,29	14,05	13,73	13,32	12,96	12,60	12,25	11,89	11,49	11,07	10,65	14,15	0
29/08/2020 06:10:00	14,26	14,32	14,13	13,80	13,48	13,07	12,70	12,35	12,01	11,66	11,29	10,90	10,51	14,24	0
29/08/2020 06:15:00	14,28	14,31	13,97	13,61	13,25	12,89	12,51	12,17	11,84	11,53	11,20	10,86	10,51	14,26	0
29/08/2020 06:20:00	14,32	14,32	13,89	13,48	13,05	12,67	12,29	11,94	11,62	11,30	10,99	10,67	10,35	14,37	0
29/08/2020 06:25:00	14,33	14,25	13,81	13,44	13,02	12,67	12,32	12,00	11,69	11,39	11,10	10,79	10,48	14,34	0
29/08/2020 06:30:00	14,30	14,16	13,78	13,40	13,04	12,70	12,33	11,99	11,67	11,36	11,05	10,72	10,38	14,34	0
29/08/2020 06:35:00	14,31	14,20	13,90	13,52	13,18	12,81	12,44	12,10	11,77	11,45	11,11	10,76	10,41	14,23	0
29/08/2020 06:40:00	14,34	14,18	13,88	13,54	13,20	12,85	12,50	12,18	11,86	11,55	11,21	10,86	10,51	14,33	0
29/08/2020 06:45:00	14,31	14,26	13,95	13,59	13,18	12,78	12,38	12,01	11,66	11,32	10,95	10,57	10,19	14,36	0
29/08/2020 06:50:00	14,32	14,20	13,87	13,50	13,08	12,71	12,38	12,05	11,72	11,41	11,08	10,74	10,40	14,30	0
29/08/2020 06:55:00	14,36	14,21	13,87	13,49	13,11	12,73	12,40	12,07	11,75	11,44	11,12	10,79	10,45	14,28	0
29/08/2020 07:00:00	14,33	14,15	13,78	13,41	13,03	12,63	12,28	11,96	11,63	11,32	10,99	10,65	10,31	14,27	0
29/08/2020 07:05:00	14,22	14,18	13,87	13,49	13,09	12,74	12,34	11,98	11,64	11,31	10,97	10,61	10,25	14,29	0
29/08/2020 07:10:00	14,25	14,12	13,79	13,44	13,07	12,78	12,42	12,09	11,78	11,49	11,18	10,85	10,52	14,26	0
29/08/2020 07:15:00	14,30	14,11	13,80	13,46	13,12	12,82	12,50	12,19	11,90	11,60	11,30	10,98	10,66	14,32	0
29/08/2020 07:20:00	14,36	14,16	13,80	13,46	13,12	12,78	12,44	12,13	11,82	11,51	11,20	10,86	10,53	14,40	0
29/08/2020 07:25:00	14,44	14,22	13,89	13,54	13,18	12,79	12,44	12,11	11,79	11,46	11,12	10,76	10,40	14,45	0
29/08/2020 07:30:00	14,44	14,17	13,78	13,43	13,02	12,65	12,36	12,06	11,75	11,46	11,15	10,84	10,52	14,35	0
29/08/2020 07:35:00	14,43	14,14	13,80	13,43	13,08	12,76	12,43	12,11	11,81	11,51	11,20	10,87	10,54	14,17	0
29/08/2020 07:40:00	14,44	14,16	13,73	13,31	12,96	12,62	12,24	11,90	11,60	11,30	10,99	10,67	10,34	14,15	0
29/08/2020 07:45:00	14,47	14,17	13,74	13,32	12,92	12,55	12,19	11,86	11,54	11,23	10,92	10,59	10,26	14,40	0
29/08/2020 07:50:00	14,44	14,12	13,69	13,27	12,84	12,50	12,18	11,88	11,57	11,29	11,00	10,70	10,40	14,12	0
29/08/2020 07:55:00	14,18	13,87	13,38	12,99	12,59	12,19	11,85	11,53	11,22	10,92	10,62	10,30	9,98	14,12	0
29/08/2020 08:00:00	14,09	13,70	13,23	12,86	12,55	12,19	11,83	11,50	11,21	10,92	10,62	10,30	9,98	14,14	0
29/08/2020 08:05:00	14,05	13,72	13,27	12,81	12,46	12,11	11,74	11,41	11,11	10,82	10,53	10,22	9,92	14,15	0
29/08/2020 08:10:00	14,08	13,70	13,23	12,79	12,38	12,04	11,73	11,43	11,13	10,85	10,58	10,30	10,01	14,08	0
29/08/2020 08:15:00	14,12	13,70	13,23	12,79	12,41	12,02	11,69	11,38	11,07	10,78	10,49	10,18	9,87	14,06	0
29/08/2020 08:20:00	14,13	13,70	13,26	12,86	12,46	12,11	11,77	11,46	11,15	10,86	10,56	10,25	9,94	14,17	0
29/08/2020 08:25:00	14,03	13,79	13,39	12,97	12,58	12,17	11,83	11,50	11,17	10,86	10,54	10,21	9,88	14,23	0
29/08/2020 08:30:00	14,04	13,72	13,34	12,98	12,62	12,25	11,91	11,58	11,27	10,96	10,64	10,30	9,96	14,14	0
29/08/2020 08:35:00	14,05	13,76	13,37	12,97	12,60	12,28	11,89	11,54	11,23	10,92	10,61	10,28	9,94	14,15	0
29/08/2020 08:40:00	13,98	13,77	13,37	12,98	12,59	12,24	11,89	11,57	11,26	10,95	10,65	10,33	10,02	14,24	0
29/08/2020 08:45:00	14,11	13,84	13,47	13,11	12,71	12,33	12,00	11,68	11,37	11,05	10,73	10,40	10,06	14,14	0
29/08/2020 08:50:00	14,29	13,99	13,56	13,16	12,78	12,33	11,97	11,63	11,31	10,98	10,64	10,29	9,94	14,27	0
29/08/2020 08:55:00	14,33	13,95	13,50	13,15	12,78	12,39	12,03	11,70	11,39	11,07	10,74	10,39	10,04	14,26	0
29/08/2020 09:00:00	14,38	13,91	13,46	13,08	12,71	12,36	12,05	11,76	11,46	11,18	10,89	10,58	10,27	14,48	0
29/08/2020 09:05:00	14,28	13,95	13,50	13,08	12,67	12,33	11,95	11,61	11,30	11,00	10,69	10,37	10,04	14,52	0
29/08/2020 09:10:00	14,28	13,93	13,45	13,01	12,65	12,27	11,92	11,60	11,29	11,00	10,71	10,40	10,10	14,52	0
29/08/2020 09:15:00	14,17	13,84	13,40	12,99	12,60	12,26	11,90	11,57	11,26	10,97	10,67	10,35	10,04	14,27	0
29/08/2020 09:20:00	14,11	13,76	13,28	12,86	12,48	12,10	11,76	11,45	11,14	10,85	10,56	10,25	9,94	14,13	0
29/08/2020 09:25:00	14,41	13,89	13,33	12,87	12,47	12,09	11,73	11,41	11,11	10,83	10,54	10,24	9,94	14,33	0
29/08/2020 09:30:00	14,58	13,96	13,41	12,92	12,49	12,09	11,72	11,38	11,07	10,77	10,47	10,15	9,83	14,63	0
29/08/2020 09:35:00	14,65	14,01	13,38	12,91	12,49	12,13	11,78	11,46	11,17	10,90	10,62	10,33	10,04	14,54	0
29/08/2020 09:40:00	14,40	13,95	13,45	13,07	12,70	12,32	11,98	11,66	11,37	11,08	10,78	10,46	10,15	14,77	0
29/08/2020 09:45:00	14,53	13,93	13,43	13,01	12,59	12,17	11,78	11,42	11,10	10,77	10,43	10,07	9,71	14,30	0
29/08/2020 09:50:00	14,40	13,91	13,31	12,85	12,42	12,02	11,70	11,40	11,11	10,83	10,57	10,29	10,01	14,22	0
29/08/2020 09:55:00	14,47	13,83	13,29	12,85	12,47	12,15	11,79	11,47	11,18	10,90	10,62	10,32	10,02	14,54	0
29/08/2020 10:00:00	14,15	13,93	13,51	13,10	12,66	12,23	11,84	11,49	11,15	10,82	10,47	10,12	9,77	14,27	0
29/08/2020 10:05:00	14,36	13,94	13,45	12,97	12,52	12,15	11,76	11,41	11,09	10,79	10,48	10,16	9,84	14,36	0
29/08/2020 10:10:00	14,34	13,98	13,40	12,95	12,57	12,20	11,81	11,47	11,17	10,88	10,60	10,29	9,99	14,30	0
29/08/2020 10:15:00	14,51	14,01	13,49	13,07	12,68	12,28	11,89	11,54	11,22	10,91	10,58	10,23	9,89	14,37	0
29/08/2020 10:20:00	14,56	14,00	13,37	12,89	12,47	12,07	11,76	11,46	11,18	10,91	10,65	10,38	10,11	14,30	0
29/08/2020 10:25:00	14,42	13,88	13,37	12,96	12,55	12,17	11,80	11,47	11,16	10,86	10,54	10,21	9,89	14,40	0
29/08/2020 10:30:00	14,41	13,90	13,39	12,96	12,54	12,15	11,80	11,47	11,16	10,86	10,55	10,23	9,90	14,40	0
29/08/2020 10:35:00	14,34	13,86	13,34	12,92	12,54	12,16	11,82	11,51	11,21	10,92	10,64	10,33	10,03	14,36	0
29/08/2020 10:40:00	14,36	13,85	13,35	12,92	12,53	12,14	11,79	11,47	11,16	10,87	10,56	10,24	9,93	14,54	0
29/08/2020 10:45:00	14,21	13,83	13,37	12,93	12,50	12,17	11,80	11,46	11,14	10,84	10,54	10,23	9,91	14,25	0
29/08/2020 10:50:00	14,25	13,92	13,42	13,00	12,59	12,21	11,82	11,48	11,16	10,85	10,54	10,21	9,88	14,28	0
29/08/2020 10:55:00	14,42	13,91	13,41	12,95	12,56	12,16	11,80	11,48	11,17	10,87	10,56	10,25	9,93	14,42	0
29/08/2020 11:00:00	14,53	14,00	13,52	13,03	12,62	12,22	11,82	11,47	11,14	10,83	10,50	10,16	9,81	14,49	0
29/08/2020 11:05:00	14,58	13,97	13,42	12,95	12,56	12,23	11,88	11,57	11,28	11,01	10,73	10,45	10,16	14,53	0
29/08/2020 11:10:00	14,57	14,10	13,53	13,07	12,68	12,28	11,93	11,60	11,30	11,02	10,73	10,43	10,13	14,52	0
29/08/2020 11:15:00	14,74	14,18	13,62	13,17	12,76	12,32	11,94	11,60	11,29	10,97	10,65	10,31	9,96	14,65	0
29/08/2020 11:20:00	14,78	14,19	13,64	13,18	12,77	12,35	11,99	11,65	11,34	11,04	10,72	10,40	10,07	14,84	0
29/08/2020 11:25:00	14,85	14,19	13,63	13,17	12,79	12,40	12,00	11,65	11,34	11,03	10,71	10,38	10,04	14,72	0
29/08/2020 11:30:00	14,73	14,19	13,69	13,22	12,80	12,39	12,00	11,65	11,32	11,01	10,68	10,34	10,00	14,92	0
29/08/2020 11:35:00	14,79	14,36	13,88	13,44	13,05	12,64	12,23	11,87	11,55	11,22	10,88	10,52	10,17	14,78	0
29/08/2020 11:40:00	14,77	14,38	13,93	13,53	13,13	12,73	12,30	11,92	11,59	11,25	10,89	10,51	10,13	14,83	0
29/08/2020 11:45:00	14,66	14,27	13,83	13,41	13,02	12,58	12,23	11,90	11,57	11,25	10,92	10,58	10,23	14,67	0
29/08/2020 11:50:00	15,05	14,35	13,78	13,32	12,92	12,57	12,21	11,89	11,60	11,32	11,03	10,71	10,40	14,81	0
29/08/2020 11:55:00	14,86	14,35	13,85	13,38	12,96	12,56	12,22	11,90	11,59	11,29	10,98	10,67	10,35	14,75	0
29/08/2020 12:00:00	15,07	14,41	13,85	13,40	12,99	12,60	12,26	11,95	11,66	11,37	11,07	10,76	10,44	14,98	0
29/08/2020 12:05:00	14,98	14,40	13,83	13,38	12,94	12,57	12,25	11,95	11,66	11,38	11,10	10,81	10,52	15,26	0
29/08/2020 12:10:00	14,99	14,50	13,92	13,47	13,04	12,63	12,27	11,95	11,64	11,34	11,04	10,72	10,40	15,05	0
29/08/2020 12:15:00	15,17	14,64	14,02	13,49	13,02	12,61	12,21	11,86	11,54	11,24	10,94	10,62	10,31	15,27	0
29/08/2020 12:20:00	15,47	14,59	14,01	13,55	13,12	12,70	12,34	12,01	11,70	11,39	11,06	10,71	10,36	15,05	0
29/08/2020 12:25:00	15,33	14,69	14,12	13,72	13,32	12,93	12,58	12,26	11,96	11,66	11,35	11,02	10,68	15,27	0
29/08/2020 12:30:00	15,38	14,82	14,17	13,67	13,19	12,76	12,38	12,03	11,72	11,41	11,11	10,79	10,47	15,39	0
29/08/2020 12:35:00	15,45	14,82	14,20	13,73	13,27	12,86	12,47	12,14	11,82	11,52	11,21	10,88	10,55	15,38	0
29/08/2020 12:40:00	15,43	14,89	14,24	13,74	13,26	12,83	12,45	12,11	11,80	11,49	11,19	10,87	10,55	15,36	0
29/08/2020 12:45:00	15,49	14,88	14,24	13,70	13,22	12,77	12,40	12,06	11,75	11,44	11,14	10,83	10,51	15,42	0
29/08/2020 12:50:00	15,18	14,82	14,38	13,96	13,54	13,10	12,70	12,34	12,00	11,66	11,30	10,93	10,55	15,22	0
29/08/2020 12:55:00	15,33	14,81	14,30	13,81	13,33	12,90	12,51	12,15	11,82	11,49	11,15	10,80	10,44	15,45	0
29/08/2020 13:00:00	15,64	14,84	14,17	13,72	13,32	12,92	12,56	12,25	11,96	11,68	11,38	11,07	10,75	15,37	0
29/08/2020 13:05:00	15,80	15,00	14,24	13,70	13,22	12,79	12,44	12,12	11,83	11,55	11,28	10,99	10,70	15,61	0
29/08/2020 13:10:00	16,10	15,08	14,35	13,88	13,46	13,11	12,77	12,48	12,22	11,95	11,68	11,39	11,09	15,85	0
29/08/2020 13:15:00	16,00	15,26	14,64	14,15	13,69	13,27	12,85	12,49	12,16	11,84	11,49	11,13	10,76	15,92	0
29/08/2020 13:20:00	16,18	15,36	14,60	14,13	13,68	13,26	12,85	12,51	12,21	11,91	11,59	11,25	10,92	16,27	0
29/08/2020 13:25:00	16,16	15,39	14,64	14,14	13,74	13,31	12,92	12,59	12,30	12,01	11,72	11,40	11,08	16,62	0
29/08/2020 13:30:00	15,91	15,25	14,70	14,19	13,73	13,32	12,93	12,59	12,27	11,95	11,62	11,28	10,93	16,18	0
29/08/2020 13:35:00	15,59	15,22	14,78	14,34	13,96	13,56	13,15	12,79	12,47	12,14	11,78	11,41	11,04	15,85	0
29/08/2020 13:40:00	15,59	15,29	14,89	14,47	14,03	13,60	13,17	12,79	12,44	12,08	11,70	11,30	10,89	16,08	0
29/08/2020 13:45:00	15,68	15,21	14,77	14,34	13,95	13,53	13,12	12,75	12,42	12,08	11,71	11,32	10,94	16,01	0
29/08/2020 13:50:00	15,78	15,27	14,82	14,40	13,97	13,56	13,18	12,83	12,50	12,17	11,81	11,43	11,05	16,05	0
29/08/2020 13:55:00	15,80	15,56	15,22	14,84	14,43	13,99	13,59	13,23	12,88	12,52	12,13	11,72	11,31	16,16	0
29/08/2020 14:00:00	15,67	15,44	15,10	14,74	14,28	13,92	13,55	13,20	12,87	12,53	12,17	11,79	11,41	15,97	0
29/08/2020 14:05:00	15,57	15,49	15,17	14,81	14,42	13,98	13,55	13,16	12,80	12,43	12,03	11,60	11,18	15,75	0
29/08/2020 14:10:00	15,65	15,40	15,03	14,69	14,34	13,95	13,57	13,22	12,89	12,55	12,19	11,79	11,40	15,80	0
29/08/2020 14:15:00	15,99	15,52	14,97	14,54	14,20	13,84	13,46	13,13	12,83	12,53	12,22	11,89	11,56	15,79	0
29/08/2020 14:20:00	16,39	15,50	14,88	14,43	14,03	13,69	13,33	13,01	12,73	12,44	12,14	11,81	11,48	16,09	0
29/08/2020 14:25:00	16,55	15,77	15,07	14,61	14,16	13,74	13,37	13,04	12,74	12,44	12,12	11,78	11,44	16,61	0
29/08/2020 14:30:00	16,39	15,83	15,22	14,75	14,32	13,97	13,58	13,25	12,95	12,66	12,35	12,03	11,70	16,57	0
29/08/2020 14:35:00	16,36	15,81	15,24	14,84	14,38	13,93	13,56	13,23	12,90	12,58	12,23	11,86	11,49	16,46	0
29/08/2020 14:40:00	16,23	15,82	15,37	14,96	14,54	14,12	13,71	13,35	13,01	12,67	12,29	11,90	11,50	16,17	0
29/08/2020 14:45:00	16,21	15,88	15,42	14,97	14,54	14,13	13,71	13,34	13,01	12,67	12,31	11,93	11,55	16,37	0
29/08/2020 14:50:00	15,98	15,82	15,46	15,03	14,57	14,12	13,71	13,33	12,97	12,61	12,22	11,81	11,41	16,18	0
29/08/2020 14:55:00	16,14	15,81	15,40	15,06	14,70	14,29	13,89	13,54	13,21	12,86	12,48	12,08	11,67	16,04	0
29/08/2020 15:00:00	16,29	15,92	15,46	15,04	14,63	14,24	13,87	13,53	13,21	12,89	12,55	12,19	11,83	16,27	0
29/08/2020 15:05:00	16,54	16,04	15,48	15,06	14,59	14,17	13,75	13,39	13,06	12,72	12,35	11,97	11,58	16,77	0
29/08/2020 15:10:00	16,97	16,19	15,54	15,05	14,57	14,13	13,70	13,34	13,02	12,69	12,33	11,95	11,57	16,67	0
29/08/2020 15:15:00	17,87	16,47	15,45	14,91	14,47	14,13	13,75	13,46	13,21	12,97	12,71	12,43	12,14	17,18	0
29/08/2020 15:20:00	17,62	16,41	15,52	14,96	14,48	14,06	13,72	13,43	13,16	12,90	12,63	12,34	12,05	17,82	0
29/08/2020 15:25:00	17,70	16,55	15,63	15,07	14,64	14,30	13,98	13,71	13,46	13,24	13,01	12,76	12,50	17,61	0
29/08/2020 15:30:00	18,00	16,81	15,97	15,36	14,82	14,39	13,99	13,66	13,36	13,06	12,75	12,42	12,09	18,09	0
29/08/2020 15:35:00	17,88	16,62	15,83	15,33	14,87	14,46	14,12	13,83	13,55	13,28	12,98	12,65	12,32	17,52	0
29/08/2020 15:40:00	17,23	16,74	16,16	15,71	15,28	14,83	14,40	14,03	13,70	13,37	13,00	12,61	12,21	17,78	0
29/08/2020 15:45:00	17,03	16,61	16,17	15,71	15,32	14,89	14,47	14,10	13,76	13,41	13,03	12,62	12,22	17,83	0
29/08/2020 15:50:00	17,29	16,70	16,26	15,82	15,37	14,97	14,56	14,19	13,85	13,50	13,11	12,70	12,28	17,79	0
29/08/2020 15:55:00	17,46	17,01	16,27	15,73	15,21	14,75	14,31	13,93	13,61	13,29	12,97	12,62	12,27	17,51	0
29/08/2020 16:00:00	17,46	16,97	16,40	15,99	15,55	15,09	14,70	14,34	14,02	13,68	13,32	12,92	12,53	17,58	0
29/08/2020 16:05:00	18,20	17,12	16,32	15,78	15,31	14,89	14,48	14,13	13,84	13,53	13,20	12,84	12,48	18,05	0
29/08/2020 16:10:00	18,10	17,33	16,42	15,87	15,39	14,92	14,50	14,14	13,84	13,55	13,24	12,91	12,58	18,28	0
29/08/2020 16:15:00	18,34	17,11	16,36	15,86	15,48	15,06	14,70	14,39	14,12	13,83	13,51	13,16	12,80	19,44	0
29/08/2020 16:20:00	18,16	17,14	16,33	15,87	15,52	15,14	14,76	14,45	14,18	13,90	13,59	13,25	12,91	18,31	0
29/08/2020 16:25:00	18,19	17,49	16,83	16,31	15,82	15,31	14,84	14,45	14,10	13,74	13,34	12,92	12,49	18,72	0
29/08/2020 16:30:00	18,40	17,62	16,93	16,40	15,87	15,36	14,90	14,50	14,16	13,80	13,40	12,98	12,56	18,69	0
29/08/2020 16:35:00	18,25	17,56	16,83	16,26	15,76	15,31	14,87	14,49	14,17	13,84	13,50	13,13	12,76	18,69	0
29/08/2020 16:40:00	18,08	17,57	16,98	16,50	16,04	15,54	15,09	14,69	14,35	13,98	13,58	13,15	12,72	18,52	0
29/08/2020 16:45:00	18,03	17,47	16,83	16,38	15,92	15,47	15,03	14,65	14,33	13,98	13,60	13,20	12,79	18,19	0
29/08/2020 16:50:00	17,96	17,50	16,92	16,42	15,97	15,56	15,13	14,76	14,44	14,11	13,75	13,36	12,98	18,69	0
29/08/2020 16:55:00	17,91	17,60	17,04	16,57	16,10	15,64	15,17	14,77	14,42	14,05	13,65	13,23	12,81	18,84	0
29/08/2020 17:00:00	17,91	17,57	16,98	16,46	15,98	15,53	15,10	14,73	14,39	14,06	13,70	13,32	12,94	18,94	0
29/08/2020 17:05:00	17,29	17,38	17,14	16,80	16,41	15,95	15,56	15,18	14,82	14,44	14,02	13,58	13,13	18,34	0
29/08/2020 17:10:00	17,70	17,54	17,03	16,60	16,15	15,71	15,30	14,94	14,60	14,27	13,90	13,51	13,13	18,64	0
29/08/2020 17:15:00	17,66	17,58	17,14	16,69	16,19	15,72	15,29	14,91	14,55	14,18	13,79	13,37	12,96	18,44	0
29/08/2020 17:20:00	17,94	17,93	17,49	17,04	16,60	16,12	15,65	15,24	14,87	14,50	14,08	13,64	13,20	18,37	0
29/08/2020 17:25:00	17,96	18,13	17,66	17,21	16,71	16,21	15,73	15,30	14,93	14,54	14,12	13,69	13,25	18,57	0
29/08/2020 17:30:00	17,92	17,92	17,52	17,15	16,68	16,23	15,79	15,40	15,04	14,66	14,24	13,80	13,36	19,00	0
29/08/2020 17:35:00	17,91	18,02	17,64	17,23	16,76	16,31	15,85	15,43	15,06	14,68	14,25	13,81	13,37	19,06	0
29/08/2020 17:40:00	17,95	18,03	17,67	17,28	16,81	16,34	15,87	15,44	15,07	14,67	14,22	13,75	13,28	19,35	0
29/08/2020 17:45:00	17,69	17,92	17,69	17,32	16,91	16,47	16,01	15,60	15,23	14,83	14,39	13,92	13,46	18,74	0
29/08/2020 17:50:00	17,61	17,88	17,67	17,31	16,89	16,46	16,02	15,63	15,25	14,86	14,42	13,97	13,51	18,89	0
29/08/2020 17:55:00	17,60	17,98	17,75	17,39	16,96	16,45	15,98	15,55	15,16	14,74	14,28	13,80	13,31	19,02	0
29/08/2020 18:00:00	17,49	18,13	17,91	17,56	17,10	16,59	16,10	15,65	15,24	14,81	14,34	13,85	13,36	19,37	0
29/08/2020 18:05:00	17,56	18,10	17,86	17,49	17,04	16,57	16,11	15,68	15,29	14,89	14,44	13,99	13,53	18,84	0
29/08/2020 18:10:00	17,50	18,04	17,80	17,46	17,00	16,54	16,09	15,68	15,29	14,90	14,46	14,01	13,56	18,78	0
29/08/2020 18:15:00	17,47	18,06	17,91	17,53	17,09	16,60	16,14	15,70	15,30	14,88	14,42	13,95	13,47	18,80	0
29/08/2020 18:20:00	17,40	18,06	17,87	17,52	17,02	16,57	16,07	15,62	15,21	14,78	14,31	13,82	13,34	18,76	0
29/08/2020 18:25:00	17,51	17,99	17,85	17,51	17,06	16,55	16,08	15,64	15,23	14,79	14,30	13,80	13,29	18,36	0
29/08/2020 18:30:00	17,41	17,94	17,84	17,50	17,02	16,51	16,07	15,65	15,24	14,81	14,34	13,85	13,35	18,57	0
29/08/2020 18:35:00	17,10	17,70	17,78	17,49	17,12	16,70	16,24	15,82	15,41	14,97	14,47	13,96	13,44	17,89	0
29/08/2020 18:40:00	16,89	17,74	17,82	17,57	17,21	16,76	16,29	15,86	15,44	15,00	14,50	13,98	13,45	17,71	0
29/08/2020 18:45:00	17,59	18,00	17,94	17,64	17,25	16,82	16,40	16,00	15,62	15,21	14,74	14,26	13,77	17,66	0
29/08/2020 18:50:00	17,61	18,32	18,33	18,06	17,68	17,23	16,78	16,35	15,95	15,52	15,02	14,51	14,00	17,69	0
29/08/2020 18:55:00	17,58	18,23	18,27	18,05	17,71	17,29	16,86	16,46	16,07	15,64	15,15	14,64	14,13	17,57	0
29/08/2020 19:00:00	17,59	18,14	18,14	17,87	17,51	17,10	16,66	16,25	15,86	15,44	14,96	14,46	13,96	17,47	0
29/08/2020 19:05:00	17,19	18,09	18,20	17,92	17,57	17,13	16,69	16,27	15,86	15,43	14,94	14,44	13,93	17,38	0
29/08/2020 19:10:00	17,21	18,07	18,21	17,97	17,61	17,14	16,71	16,29	15,87	15,43	14,92	14,39	13,86	17,21	0
29/08/2020 19:15:00	17,32	17,98	18,13	17,92	17,62	17,20	16,76	16,35	15,95	15,52	15,01	14,47	13,94	17,29	0
29/08/2020 19:20:00	17,17	18,23	18,39	18,21	17,86	17,43	17,00	16,58	16,17	15,73	15,22	14,70	14,18	17,20	0
29/08/2020 19:25:00	17,15	18,09	18,39	18,20	17,88	17,48	17,05	16,64	16,22	15,77	15,25	14,70	14,16	17,06	0
29/08/2020 19:30:00	16,86	17,97	18,28	18,09	17,78	17,40	16,95	16,51	16,10	15,65	15,12	14,58	14,04	16,89	0
29/08/2020 19:35:00	16,76	17,91	18,27	18,10	17,77	17,34	16,88	16,43	16,00	15,52	14,96	14,39	13,81	16,74	0
29/08/2020 19:40:00	16,89	18,13	18,48	18,29	17,97	17,49	17,04	16,59	16,15	15,67	15,11	14,54	13,96	16,86	0
29/08/2020 19:45:00	16,57	18,08	18,48	18,31	18,00	17,59	17,12	16,66	16,22	15,75	15,20	14,64	14,08	16,35	0
29/08/2020 19:50:00	16,40	17,85	18,44	18,34	18,08	17,68	17,21	16,75	16,30	15,79	15,20	14,58	13,96	16,02	0
29/08/2020 19:55:00	16,25	17,81	18,46	18,41	18,15	17,77	17,32	16,87	16,42	15,92	15,32	14,70	14,09	15,62	0
29/08/2020 20:00:00	15,85	17,55	18,16	18,09	17,78	17,37	16,92	16,47	16,01	15,50	14,91	14,31	13,71	15,46	0
29/08/2020 20:05:00	15,75	17,41	18,09	18,05	17,82	17,46	17,02	16,57	16,12	15,62	15,04	14,43	13,83	15,24	0
29/08/2020 20:10:00	15,58	17,41	18,09	18,06	17,82	17,44	17,02	16,58	16,13	15,64	15,06	14,47	13,89	14,82	0
29/08/2020 20:15:00	15,17	17,10	17,85	17,85	17,62	17,25	16,77	16,30	15,84	15,32	14,72	14,09	13,47	14,64	0
29/08/2020 20:20:00	14,85	16,77	17,50	17,47	17,28	16,89	16,43	15,97	15,51	15,00	14,41	13,81	13,20	14,51	0
29/08/2020 20:25:00	14,52	16,42	17,29	17,31	17,09	16,68	16,25	15,79	15,31	14,78	14,15	13,50	12,86	14,45	0
29/08/2020 20:30:00	14,46	16,43	17,29	17,29	17,08	16,68	16,23	15,77	15,29	14,76	14,14	13,51	12,87	14,25	0
29/08/2020 20:35:00	14,42	16,60	17,34	17,33	17,06	16,63	16,12	15,62	15,13	14,59	13,97	13,34	12,71	14,04	0
29/08/2020 20:40:00	14,41	16,61	17,31	17,28	17,03	16,62	16,11	15,62	15,14	14,62	14,02	13,41	12,81	14,02	0
29/08/2020 20:45:00	14,05	15,99	16,81	16,86	16,68	16,33	15,93	15,51	15,06	14,56	13,99	13,40	12,81	13,85	0
29/08/2020 20:50:00	13,87	15,84	16,72	16,80	16,59	16,24	15,81	15,36	14,89	14,38	13,76	13,14	12,52	13,89	0
29/08/2020 20:55:00	13,83	15,74	16,66	16,73	16,53	16,18	15,74	15,29	14,82	14,29	13,67	13,03	12,39	13,84	0
29/08/2020 21:00:00	13,74	15,74	16,69	16,75	16,61	16,26	15,81	15,35	14,87	14,35	13,72	13,09	12,45	13,74	0
29/08/2020 21:05:00	13,69	15,76	16,70	16,80	16,56	16,21	15,79	15,34	14,87	14,34	13,72	13,09	12,46	13,68	0
29/08/2020 21:10:00	13,62	15,72	16,67	16,78	16,60	16,22	15,79	15,34	14,86	14,33	13,71	13,07	12,42	13,67	0
29/08/2020 21:15:00	13,64	15,79	16,76	16,88	16,67	16,32	15,90	15,46	14,98	14,45	13,83	13,19	12,55	13,67	0
29/08/2020 21:20:00	13,56	15,75	16,71	16,79	16,59	16,19	15,75	15,28	14,79	14,25	13,62	12,97	12,33	13,56	0
29/08/2020 21:25:00	13,62	15,63	16,66	16,78	16,63	16,27	15,86	15,42	14,95	14,42	13,79	13,14	12,49	13,62	0
29/08/2020 21:30:00	13,62	15,62	16,62	16,75	16,60	16,26	15,81	15,35	14,87	14,34	13,69	13,03	12,37	13,55	0
29/08/2020 21:35:00	13,64	15,56	16,64	16,78	16,67	16,30	15,87	15,42	14,94	14,39	13,73	13,05	12,37	13,64	0
29/08/2020 21:40:00	13,55	15,53	16,64	16,79	16,60	16,28	15,85	15,39	14,91	14,36	13,69	13,01	12,34	13,53	0
29/08/2020 21:45:00	13,47	15,42	16,43	16,50	16,30	15,92	15,48	15,02	14,53	13,99	13,34	12,69	12,03	13,40	0
29/08/2020 21:50:00	13,41	15,43	16,46	16,56	16,37	15,99	15,54	15,08	14,58	14,03	13,38	12,71	12,04	13,25	0
29/08/2020 21:55:00	13,35	15,29	16,32	16,42	16,25	15,94	15,50	15,04	14,57	14,03	13,40	12,75	12,10	13,27	0
29/08/2020 22:00:00	13,38	15,22	16,28	16,45	16,31	15,97	15,57	15,13	14,66	14,13	13,47	12,80	12,13	13,32	0
29/08/2020 22:05:00	13,34	15,38	16,41	16,51	16,38	15,98	15,53	15,07	14,58	14,03	13,38	12,71	12,04	13,37	0
29/08/2020 22:10:00	13,39	15,44	16,47	16,60	16,41	16,05	15,63	15,18	14,70	14,16	13,51	12,86	12,20	13,47	0
29/08/2020 22:15:00	13,43	15,47	16,49	16,61	16,41	16,06	15,62	15,16	14,68	14,14	13,49	12,84	12,18	13,42	0
29/08/2020 22:20:00	13,47	15,46	16,44	16,57	16,43	16,11	15,68	15,24	14,78	14,26	13,64	13,00	12,37	13,45	0
29/08/2020 22:25:00	13,40	15,40	16,45	16,60	16,47	16,14	15,71	15,26	14,79	14,25	13,61	12,95	12,29	13,35	0
29/08/2020 22:30:00	13,31	15,46	16,42	16,49	16,32	16,01	15,57	15,11	14,64	14,13	13,53	12,92	12,31	13,37	0
29/08/2020 22:35:00	13,37	15,38	16,44	16,52	16,34	15,98	15,56	15,12	14,63	14,09	13,45	12,80	12,15	13,35	0
29/08/2020 22:40:00	13,44	15,35	16,42	16,50	16,35	16,03	15,63	15,19	14,72	14,20	13,57	12,93	12,29	13,41	0
29/08/2020 22:45:00	13,39	15,45	16,47	16,52	16,30	16,00	15,55	15,08	14,59	14,06	13,44	12,80	12,17	13,37	0
29/08/2020 22:50:00	13,38	15,38	16,35	16,46	16,33	15,98	15,58	15,15	14,69	14,18	13,57	12,95	12,33	13,37	0
29/08/2020 22:55:00	13,30	15,32	16,29	16,40	16,25	15,92	15,51	15,08	14,62	14,10	13,50	12,88	12,26	13,25	0
29/08/2020 23:00:00	13,27	15,23	16,25	16,34	16,23	15,95	15,57	15,15	14,70	14,21	13,62	13,02	12,41	13,30	0
29/08/2020 23:05:00	13,31	15,10	16,22	16,39	16,31	16,05	15,70	15,31	14,87	14,36	13,76	13,13	12,50	13,23	0
29/08/2020 23:10:00	13,17	15,17	16,19	16,23	16,10	15,87	15,47	15,05	14,61	14,12	13,55	12,98	12,40	13,07	0
29/08/2020 23:15:00	13,16	15,18	16,19	16,34	16,20	15,93	15,50	15,06	14,60	14,09	13,48	12,86	12,23	13,03	0
29/08/2020 23:20:00	13,02	15,02	16,07	16,17	16,04	15,71	15,32	14,90	14,43	13,92	13,30	12,68	12,06	13,04	0
29/08/2020 23:25:00	13,10	15,00	16,06	16,26	16,19	15,91	15,57	15,17	14,74	14,24	13,64	13,03	12,41	13,10	0
29/08/2020 23:30:00	13,06	15,11	16,17	16,32	16,24	15,98	15,57	15,15	14,70	14,20	13,60	12,98	12,36	13,10	0
29/08/2020 23:35:00	13,09	15,09	16,15	16,30	16,20	15,93	15,56	15,16	14,71	14,21	13,61	13,00	12,39	13,10	0
29/08/2020 23:40:00	13,10	15,13	16,15	16,26	16,12	15,91	15,56	15,16	14,72	14,25	13,69	13,12	12,55	13,12	0
29/08/2020 23:45:00	13,04	14,99	16,04	16,25	16,15	15,90	15,54	15,15	14,72	14,23	13,64	13,03	12,43	13,00	0
29/08/2020 23:50:00	12,94	14,87	15,95	16,13	16,01	15,74	15,38	14,99	14,54	14,04	13,44	12,83	12,21	12,98	0
29/08/2020 23:55:00	13,04	14,90	15,98	16,13	16,02	15,75	15,38	14,98	14,53	14,02	13,42	12,79	12,17	13,02	0
