FileFormat:0002.2 file with temperature of atmosphere
200
local	GMT or Local
0	GMT-Local=[hours]
0	Height[m]
0	0	0	Longitude                [grd]               [min]               [sec]
0	0	0	Latitude                [grd]               [min]               [sec]
N	NS
59,40	Freq[GHz]
0,00	dTemostat[K]
0,150	MessErr[K]
0,248	//[grad/step]
version 14.0.20110218
MTP5H033F5940K-33.00D180214+A1.1
Commentary:
enter comment
End Of Commentary

SYSTEM\summer.dat
data time	0	50	100	150	200	250	300	350	400	450	500	550	600	OutsideTemperature	Quality
11/03/2020 00:00:00	6,20	8,96	9,62	9,71	9,45	9,06	8,64	8,18	7,72	7,27	6,82	6,38	5,95	5,85	0
11/03/2020 00:05:00	5,91	9,00	9,78	9,80	9,59	9,19	8,66	8,13	7,63	7,15	6,67	6,20	5,73	5,86	0
11/03/2020 00:10:00	5,70	9,05	9,80	9,88	9,62	9,17	8,66	8,14	7,63	7,14	6,65	6,18	5,71	5,72	0
11/03/2020 00:15:00	5,65	9,26	10,07	10,11	9,83	9,30	8,78	8,23	7,69	7,17	6,65	6,15	5,66	5,68	0
11/03/2020 00:20:00	6,28	9,00	9,74	9,88	9,71	9,29	8,78	8,27	7,80	7,32	6,81	6,32	5,82	5,44	0
11/03/2020 00:25:00	6,10	8,75	9,36	9,36	9,16	8,77	8,31	7,85	7,39	6,96	6,54	6,13	5,71	5,46	0
11/03/2020 00:30:00	6,14	8,75	9,26	9,26	9,00	8,63	8,18	7,72	7,27	6,86	6,45	6,06	5,66	5,63	0
11/03/2020 00:35:00	6,47	8,78	9,19	9,21	8,98	8,66	8,20	7,75	7,33	6,94	6,56	6,19	5,82	5,99	0
11/03/2020 00:40:00	6,55	8,72	9,13	9,12	8,90	8,63	8,19	7,77	7,37	7,00	6,64	6,29	5,94	5,91	0
11/03/2020 00:45:00	6,77	8,62	8,95	8,95	8,81	8,57	8,17	7,78	7,42	7,09	6,77	6,45	6,14	5,91	0
11/03/2020 00:50:00	6,59	8,25	8,67	8,67	8,49	8,22	7,86	7,48	7,10	6,74	6,38	6,02	5,67	6,02	0
11/03/2020 00:55:00	5,69	8,04	8,58	8,65	8,49	8,16	7,72	7,29	6,87	6,48	6,08	5,69	5,31	5,93	0
11/03/2020 01:00:00	5,63	8,00	8,54	8,57	8,47	8,12	7,69	7,25	6,84	6,45	6,06	5,68	5,30	5,74	0
11/03/2020 01:05:00	5,42	8,01	8,61	8,72	8,59	8,17	7,75	7,32	6,88	6,46	6,04	5,63	5,21	5,78	0
11/03/2020 01:10:00	5,81	8,27	8,75	8,87	8,65	8,30	7,96	7,56	7,14	6,76	6,38	6,01	5,64	5,77	0
11/03/2020 01:15:00	5,84	8,14	8,70	8,82	8,68	8,40	8,02	7,62	7,22	6,84	6,46	6,09	5,72	5,45	0
11/03/2020 01:20:00	6,09	7,93	8,48	8,63	8,58	8,34	8,01	7,66	7,29	6,93	6,57	6,20	5,84	5,38	0
11/03/2020 01:25:00	5,59	7,63	8,29	8,37	8,25	8,00	7,58	7,16	6,75	6,35	5,95	5,55	5,15	5,48	0
11/03/2020 01:30:00	5,60	7,62	8,13	8,16	8,08	7,78	7,48	7,13	6,75	6,40	6,06	5,73	5,40	5,65	0
11/03/2020 01:35:00	5,64	7,47	8,00	8,10	7,93	7,82	7,42	7,04	6,67	6,33	6,00	5,66	5,33	5,44	0
11/03/2020 01:40:00	5,52	7,56	8,06	8,14	8,04	7,78	7,45	7,10	6,72	6,37	6,04	5,71	5,38	5,68	0
11/03/2020 01:45:00	5,61	7,63	8,08	8,15	8,08	7,87	7,62	7,31	6,95	6,64	6,35	6,06	5,77	5,60	0
11/03/2020 01:50:00	5,47	8,06	8,65	8,77	8,73	8,44	8,09	7,71	7,31	6,95	6,60	6,25	5,91	5,63	0
11/03/2020 01:55:00	5,64	8,12	8,67	8,76	8,65	8,37	7,99	7,59	7,19	6,82	6,46	6,10	5,75	5,63	0
11/03/2020 02:00:00	6,04	7,97	8,38	8,48	8,50	8,23	7,98	7,67	7,34	7,04	6,75	6,46	6,17	5,73	0
11/03/2020 02:05:00	6,41	7,88	8,11	8,10	7,99	7,81	7,50	7,19	6,87	6,58	6,33	6,07	5,81	5,60	0
11/03/2020 02:10:00	5,91	7,46	7,66	7,64	7,55	7,31	7,02	6,71	6,39	6,11	5,86	5,61	5,37	5,56	0
11/03/2020 02:15:00	5,78	7,05	7,13	7,09	6,99	6,82	6,58	6,31	6,02	5,78	5,59	5,39	5,20	5,58	0
11/03/2020 02:20:00	5,62	6,72	6,82	6,77	6,62	6,52	6,22	5,92	5,64	5,39	5,19	4,99	4,79	5,52	0
11/03/2020 02:25:00	5,44	6,72	6,73	6,73	6,63	6,47	6,27	6,02	5,75	5,53	5,37	5,20	5,04	5,44	0
11/03/2020 02:30:00	5,39	6,67	6,74	6,67	6,58	6,41	6,14	5,86	5,57	5,33	5,15	4,96	4,78	5,38	0
11/03/2020 02:35:00	5,24	6,38	6,47	6,44	6,36	6,26	5,97	5,69	5,42	5,19	5,02	4,84	4,66	5,26	0
11/03/2020 02:40:00	5,35	6,42	6,47	6,40	6,32	6,14	5,91	5,65	5,37	5,14	4,96	4,78	4,60	5,33	0
11/03/2020 02:45:00	5,31	6,40	6,42	6,33	6,26	6,08	5,83	5,57	5,29	5,06	4,89	4,72	4,55	5,31	0
11/03/2020 02:50:00	5,13	6,43	6,57	6,54	6,41	6,24	5,97	5,67	5,37	5,11	4,90	4,69	4,47	5,30	0
11/03/2020 02:55:00	5,32	6,52	6,67	6,63	6,61	6,39	6,13	5,85	5,55	5,30	5,08	4,86	4,64	5,25	0
11/03/2020 03:00:00	5,37	6,52	6,63	6,60	6,51	6,35	6,09	5,81	5,52	5,28	5,07	4,86	4,66	5,26	0
11/03/2020 03:05:00	5,11	6,33	6,47	6,44	6,36	6,19	5,94	5,67	5,38	5,14	4,94	4,73	4,53	5,10	0
11/03/2020 03:10:00	5,19	6,26	6,38	6,37	6,29	6,21	5,98	5,73	5,47	5,25	5,07	4,90	4,72	5,12	0
11/03/2020 03:15:00	5,28	6,38	6,50	6,56	6,51	6,41	6,15	5,88	5,62	5,40	5,22	5,02	4,83	5,16	0
11/03/2020 03:20:00	5,10	6,18	6,29	6,29	6,25	6,06	5,87	5,63	5,36	5,13	4,94	4,75	4,56	5,05	0
11/03/2020 03:25:00	5,04	6,26	6,41	6,45	6,37	6,22	5,99	5,73	5,45	5,21	5,01	4,81	4,60	5,19	0
11/03/2020 03:30:00	4,92	6,21	6,30	6,36	6,25	6,13	5,86	5,59	5,31	5,08	4,89	4,70	4,51	4,95	0
11/03/2020 03:35:00	4,87	6,53	6,69	6,72	6,60	6,45	6,17	5,87	5,57	5,32	5,11	4,92	4,72	5,01	0
11/03/2020 03:40:00	5,07	6,46	6,63	6,65	6,65	6,44	6,19	5,92	5,62	5,38	5,17	4,96	4,75	5,01	0
11/03/2020 03:45:00	5,14	6,30	6,42	6,48	6,41	6,30	6,09	5,85	5,58	5,36	5,18	5,00	4,82	4,95	0
11/03/2020 03:50:00	5,03	5,97	6,08	6,10	6,07	5,97	5,80	5,59	5,34	5,14	4,98	4,81	4,65	4,96	0
11/03/2020 03:55:00	4,98	6,03	6,19	6,20	6,15	6,01	5,78	5,52	5,25	5,01	4,81	4,61	4,41	5,02	0
11/03/2020 04:00:00	4,90	6,07	6,30	6,39	6,39	6,22	6,00	5,75	5,47	5,23	5,01	4,79	4,56	4,90	0
11/03/2020 04:05:00	5,06	6,11	6,25	6,27	6,23	6,08	5,83	5,56	5,29	5,05	4,85	4,65	4,44	5,09	0
11/03/2020 04:10:00	5,22	6,15	6,29	6,26	6,28	6,08	5,84	5,58	5,31	5,07	4,86	4,65	4,44	5,17	0
11/03/2020 04:15:00	5,26	5,87	5,89	5,97	6,00	5,86	5,70	5,51	5,28	5,09	4,93	4,76	4,58	5,18	0
11/03/2020 04:20:00	5,24	5,84	5,81	5,77	5,66	5,53	5,32	5,08	4,83	4,62	4,45	4,29	4,12	5,25	0
11/03/2020 04:25:00	5,11	5,80	5,83	5,84	5,75	5,66	5,50	5,30	5,06	4,86	4,70	4,54	4,38	5,06	0
11/03/2020 04:30:00	4,96	5,58	5,63	5,62	5,63	5,52	5,29	5,05	4,81	4,61	4,45	4,28	4,11	4,95	0
11/03/2020 04:35:00	5,02	5,47	5,42	5,36	5,36	5,29	5,17	5,00	4,78	4,62	4,52	4,40	4,29	4,95	0
11/03/2020 04:40:00	4,92	5,45	5,49	5,51	5,54	5,35	5,19	4,99	4,75	4,54	4,37	4,19	4,00	4,95	0
11/03/2020 04:45:00	5,14	5,57	5,51	5,47	5,46	5,40	5,22	5,03	4,82	4,65	4,54	4,42	4,30	5,04	0
11/03/2020 04:50:00	4,99	5,46	5,37	5,43	5,42	5,45	5,41	5,30	5,12	5,00	4,94	4,87	4,81	5,05	0
11/03/2020 04:55:00	5,14	5,64	5,53	5,50	5,57	5,48	5,29	5,10	4,90	4,75	4,66	4,55	4,44	5,15	0
11/03/2020 05:00:00	5,22	5,61	5,49	5,48	5,49	5,50	5,37	5,21	5,03	4,90	4,83	4,75	4,67	5,24	0
11/03/2020 05:05:00	5,22	5,67	5,54	5,46	5,50	5,44	5,28	5,10	4,90	4,76	4,68	4,59	4,50	5,25	0
11/03/2020 05:10:00	5,33	5,68	5,56	5,49	5,53	5,50	5,38	5,23	5,04	4,90	4,83	4,75	4,67	5,28	0
11/03/2020 05:15:00	5,31	5,81	5,67	5,61	5,58	5,49	5,30	5,09	4,88	4,72	4,61	4,49	4,38	5,29	0
11/03/2020 05:20:00	5,30	5,73	5,65	5,61	5,57	5,50	5,30	5,09	4,87	4,70	4,57	4,44	4,31	5,35	0
11/03/2020 05:25:00	5,35	5,81	5,71	5,68	5,70	5,62	5,45	5,25	5,05	4,89	4,79	4,67	4,55	5,40	0
11/03/2020 05:30:00	5,46	5,89	5,82	5,78	5,79	5,78	5,62	5,44	5,24	5,09	5,00	4,89	4,79	5,42	0
11/03/2020 05:35:00	5,49	5,98	5,88	5,78	5,73	5,64	5,47	5,27	5,04	4,87	4,76	4,64	4,51	5,46	0
11/03/2020 05:40:00	5,55	6,01	5,93	5,84	5,83	5,83	5,74	5,60	5,40	5,27	5,20	5,12	5,05	5,52	0
11/03/2020 05:45:00	5,54	5,92	5,84	5,74	5,77	5,75	5,57	5,38	5,18	5,03	4,94	4,84	4,74	5,55	0
11/03/2020 05:50:00	5,64	6,08	6,01	5,91	5,89	5,82	5,70	5,53	5,31	5,16	5,05	4,94	4,84	5,63	0
11/03/2020 05:55:00	5,60	6,00	5,86	5,77	5,64	5,54	5,34	5,12	4,88	4,69	4,56	4,43	4,29	5,53	0
11/03/2020 06:00:00	5,59	5,94	5,85	5,73	5,64	5,60	5,41	5,21	4,98	4,80	4,68	4,56	4,43	5,51	0
11/03/2020 06:05:00	5,53	6,01	5,91	5,75	5,65	5,57	5,42	5,22	4,99	4,81	4,70	4,59	4,48	5,58	0
11/03/2020 06:10:00	5,59	6,06	5,99	5,87	5,82	5,71	5,54	5,33	5,10	4,91	4,78	4,65	4,51	5,54	0
11/03/2020 06:15:00	5,60	6,06	5,96	5,80	5,64	5,54	5,38	5,17	4,92	4,73	4,60	4,47	4,33	5,55	0
11/03/2020 06:20:00	5,60	6,03	5,89	5,73	5,63	5,45	5,24	5,00	4,75	4,54	4,39	4,24	4,09	5,58	0
11/03/2020 06:25:00	5,60	6,13	6,05	5,82	5,64	5,48	5,21	4,94	4,66	4,43	4,25	4,08	3,91	5,62	0
11/03/2020 06:30:00	5,65	6,14	6,04	5,99	5,87	5,78	5,58	5,36	5,12	4,93	4,78	4,63	4,48	5,69	0
11/03/2020 06:35:00	5,69	6,08	5,99	5,91	5,86	5,70	5,57	5,39	5,16	4,97	4,83	4,69	4,54	5,67	0
11/03/2020 06:40:00	5,65	6,12	6,00	5,90	5,88	5,74	5,58	5,39	5,17	4,99	4,87	4,75	4,62	5,70	0
11/03/2020 06:45:00	5,71	6,17	6,08	6,01	5,90	5,76	5,57	5,36	5,11	4,91	4,75	4,59	4,43	5,75	0
11/03/2020 06:50:00	5,75	6,19	6,08	6,00	5,89	5,83	5,65	5,45	5,22	5,05	4,93	4,80	4,68	5,73	0
11/03/2020 06:55:00	5,82	6,27	6,21	6,10	6,02	5,90	5,65	5,40	5,16	4,95	4,79	4,63	4,46	5,80	0
11/03/2020 07:00:00	5,74	6,25	6,11	6,00	5,91	5,85	5,70	5,50	5,28	5,12	5,02	4,91	4,81	5,76	0
11/03/2020 07:05:00	5,81	6,20	6,08	5,95	5,93	5,86	5,70	5,52	5,30	5,14	5,04	4,93	4,82	5,73	0
11/03/2020 07:10:00	5,80	6,22	6,08	5,87	5,79	5,74	5,58	5,39	5,17	5,01	4,92	4,83	4,74	5,81	0
11/03/2020 07:15:00	5,84	6,20	6,05	5,92	5,78	5,72	5,60	5,42	5,19	5,03	4,92	4,81	4,70	5,81	0
11/03/2020 07:20:00	5,83	6,19	6,06	5,87	5,83	5,67	5,50	5,30	5,07	4,88	4,76	4,63	4,50	5,83	0
11/03/2020 07:25:00	5,76	6,12	5,94	5,80	5,68	5,68	5,44	5,20	4,99	4,83	4,73	4,63	4,53	5,78	0
11/03/2020 07:30:00	5,79	6,18	6,05	5,87	5,78	5,67	5,47	5,25	5,01	4,83	4,70	4,58	4,45	5,80	0
11/03/2020 07:35:00	5,78	6,12	5,93	5,85	5,77	5,76	5,56	5,35	5,15	5,00	4,92	4,82	4,73	5,82	0
11/03/2020 07:40:00	5,82	6,13	5,92	5,84	5,84	5,78	5,61	5,43	5,24	5,10	5,02	4,94	4,85	5,78	0
11/03/2020 07:45:00	5,79	6,06	5,88	5,83	5,88	5,85	5,74	5,59	5,41	5,29	5,23	5,16	5,08	5,78	0
11/03/2020 07:50:00	5,81	6,02	5,91	5,93	6,00	6,01	5,91	5,78	5,61	5,49	5,42	5,33	5,25	5,78	0
11/03/2020 07:55:00	5,71	5,85	5,68	5,73	5,79	5,90	5,78	5,64	5,50	5,42	5,39	5,34	5,29	5,74	0
11/03/2020 08:00:00	5,73	5,84	5,65	5,67	5,76	5,78	5,66	5,53	5,37	5,27	5,22	5,16	5,09	5,70	0
11/03/2020 08:05:00	5,80	5,78	5,60	5,66	5,73	5,76	5,76	5,70	5,56	5,47	5,43	5,38	5,32	5,66	0
11/03/2020 08:10:00	5,82	5,82	5,59	5,56	5,59	5,53	5,46	5,35	5,18	5,06	5,00	4,92	4,84	5,83	0
11/03/2020 08:15:00	5,72	5,73	5,54	5,43	5,39	5,49	5,35	5,21	5,04	4,94	4,89	4,84	4,78	5,80	0
11/03/2020 08:20:00	5,73	5,91	5,67	5,50	5,45	5,38	5,29	5,15	4,96	4,82	4,76	4,70	4,63	5,76	0
11/03/2020 08:25:00	5,81	5,96	5,73	5,64	5,58	5,56	5,44	5,29	5,10	4,97	4,91	4,84	4,76	5,80	0
11/03/2020 08:30:00	5,87	6,02	5,88	5,87	5,91	5,94	5,88	5,78	5,62	5,51	5,45	5,38	5,32	5,93	0
11/03/2020 08:35:00	5,92	6,06	5,94	6,04	6,17	6,21	6,07	5,94	5,79	5,69	5,62	5,53	5,44	5,91	0
11/03/2020 08:40:00	6,03	6,17	6,00	6,02	6,01	5,96	5,86	5,71	5,53	5,39	5,30	5,19	5,08	6,06	0
11/03/2020 08:45:00	6,00	6,21	6,00	5,90	5,87	5,80	5,65	5,47	5,28	5,13	5,05	4,95	4,85	6,07	0
11/03/2020 08:50:00	6,13	6,29	6,13	6,03	6,06	6,00	5,81	5,61	5,42	5,27	5,16	5,05	4,93	6,15	0
11/03/2020 08:55:00	6,17	6,24	6,02	5,94	5,92	5,87	5,76	5,61	5,43	5,30	5,22	5,14	5,05	6,26	0
11/03/2020 09:00:00	6,35	6,15	5,84	5,73	5,68	5,71	5,60	5,47	5,31	5,20	5,16	5,10	5,05	6,28	0
11/03/2020 09:05:00	6,25	6,13	5,90	5,87	5,79	5,73	5,54	5,35	5,16	5,00	4,88	4,75	4,61	6,34	0
11/03/2020 09:10:00	6,27	6,13	5,82	5,71	5,73	5,68	5,55	5,40	5,23	5,11	5,05	4,98	4,90	6,26	0
11/03/2020 09:15:00	6,25	6,10	5,80	5,64	5,55	5,46	5,33	5,17	4,98	4,84	4,75	4,66	4,56	6,30	0
11/03/2020 09:20:00	6,29	6,10	5,78	5,68	5,71	5,57	5,47	5,33	5,16	5,03	4,95	4,86	4,76	6,38	0
11/03/2020 09:25:00	6,52	6,33	6,04	6,01	6,00	5,88	5,72	5,56	5,37	5,22	5,11	4,98	4,85	6,45	0
11/03/2020 09:30:00	6,46	6,24	5,88	5,73	5,68	5,63	5,50	5,36	5,18	5,07	5,01	4,94	4,87	6,44	0
11/03/2020 09:35:00	6,63	6,27	5,92	5,85	5,74	5,58	5,44	5,28	5,08	4,92	4,80	4,66	4,53	6,60	0
11/03/2020 09:40:00	6,71	6,37	5,99	5,90	5,93	5,88	5,71	5,55	5,39	5,28	5,22	5,13	5,05	6,68	0
11/03/2020 09:45:00	6,57	6,37	6,01	5,80	5,72	5,55	5,40	5,23	5,02	4,87	4,77	4,67	4,56	6,65	0
11/03/2020 09:50:00	6,47	6,39	6,08	6,01	5,99	5,85	5,65	5,46	5,26	5,10	4,99	4,86	4,73	6,60	0
11/03/2020 09:55:00	6,57	6,42	6,05	5,91	5,89	5,81	5,69	5,54	5,37	5,25	5,20	5,13	5,06	6,54	0
11/03/2020 10:00:00	6,59	6,35	5,98	5,89	5,88	5,78	5,64	5,49	5,32	5,20	5,13	5,04	4,95	6,59	0
11/03/2020 10:05:00	6,57	6,34	5,98	5,86	5,86	5,83	5,71	5,57	5,41	5,31	5,26	5,20	5,13	6,60	0
11/03/2020 10:10:00	6,65	6,35	5,95	5,81	5,77	5,80	5,71	5,59	5,45	5,36	5,34	5,31	5,28	6,67	0
11/03/2020 10:15:00	6,64	6,27	5,89	5,69	5,71	5,52	5,44	5,31	5,13	5,01	4,93	4,85	4,76	6,68	0
11/03/2020 10:20:00	6,59	6,07	5,64	5,42	5,35	5,31	5,14	4,98	4,81	4,70	4,65	4,59	4,52	6,59	0
11/03/2020 10:25:00	6,70	6,09	5,60	5,38	5,31	5,24	5,13	5,00	4,84	4,74	4,71	4,66	4,61	6,66	0
11/03/2020 10:30:00	6,74	6,09	5,60	5,37	5,29	5,32	5,14	4,98	4,84	4,74	4,72	4,68	4,64	6,74	0
11/03/2020 10:35:00	6,99	6,14	5,59	5,37	5,24	5,23	5,08	4,94	4,79	4,69	4,65	4,59	4,54	6,75	0
11/03/2020 10:40:00	7,40	6,19	5,54	5,34	5,34	5,29	5,25	5,18	5,08	5,03	5,04	5,02	5,01	7,00	0
11/03/2020 10:45:00	7,39	6,26	5,56	5,31	5,30	5,34	5,24	5,16	5,07	5,03	5,07	5,09	5,11	7,07	0
11/03/2020 10:50:00	7,44	6,36	5,72	5,42	5,28	5,21	5,17	5,09	4,96	4,88	4,88	4,86	4,84	7,33	0
11/03/2020 10:55:00	7,58	6,40	5,79	5,53	5,42	5,38	5,21	5,06	4,92	4,83	4,78	4,72	4,66	7,45	0
11/03/2020 11:00:00	7,48	6,46	5,86	5,64	5,51	5,44	5,31	5,18	5,03	4,92	4,87	4,81	4,74	7,42	0
11/03/2020 11:05:00	7,60	6,53	5,87	5,59	5,51	5,50	5,37	5,24	5,12	5,06	5,06	5,04	5,02	7,29	0
11/03/2020 11:10:00	7,46	6,51	5,89	5,63	5,59	5,59	5,50	5,40	5,28	5,22	5,22	5,21	5,20	7,64	0
11/03/2020 11:15:00	7,71	6,55	5,94	5,66	5,57	5,58	5,44	5,32	5,19	5,11	5,10	5,06	5,02	7,45	0
11/03/2020 11:20:00	7,51	6,62	6,03	5,76	5,65	5,59	5,46	5,32	5,17	5,07	5,03	4,98	4,93	7,56	0
11/03/2020 11:25:00	7,62	6,71	6,07	5,80	5,67	5,62	5,47	5,33	5,18	5,09	5,07	5,02	4,98	7,43	0
11/03/2020 11:30:00	7,47	6,72	6,13	5,87	5,82	5,74	5,52	5,33	5,18	5,07	5,02	4,95	4,88	7,67	0
11/03/2020 11:35:00	7,27	6,74	6,26	6,05	5,90	5,86	5,68	5,51	5,34	5,21	5,15	5,07	4,99	7,35	0
11/03/2020 11:40:00	7,55	6,59	6,03	5,79	5,75	5,66	5,61	5,53	5,40	5,32	5,30	5,25	5,21	7,38	0
11/03/2020 11:45:00	7,78	6,60	5,97	5,79	5,69	5,66	5,55	5,45	5,32	5,24	5,22	5,16	5,11	7,57	0
11/03/2020 11:50:00	7,87	6,65	5,92	5,67	5,59	5,55	5,50	5,43	5,32	5,27	5,28	5,27	5,26	7,55	0
11/03/2020 11:55:00	7,80	6,69	5,94	5,70	5,54	5,46	5,33	5,20	5,07	4,98	4,96	4,92	4,88	7,33	0
11/03/2020 12:00:00	7,97	6,62	5,88	5,60	5,49	5,43	5,39	5,32	5,21	5,15	5,16	5,14	5,13	7,35	0
11/03/2020 12:05:00	7,93	6,54	5,83	5,70	5,65	5,68	5,58	5,49	5,40	5,34	5,34	5,31	5,28	7,36	0
11/03/2020 12:10:00	8,24	6,62	5,87	5,61	5,61	5,60	5,57	5,53	5,45	5,42	5,44	5,45	5,45	7,27	0
11/03/2020 12:15:00	8,86	6,55	5,59	5,32	5,24	5,32	5,43	5,49	5,47	5,50	5,60	5,68	5,75	7,61	0
11/03/2020 12:20:00	9,16	6,68	5,53	5,20	5,14	5,13	5,22	5,27	5,26	5,30	5,42	5,51	5,60	7,60	0
11/03/2020 12:25:00	9,61	6,81	5,63	5,25	5,09	5,06	5,17	5,22	5,20	5,23	5,33	5,40	5,46	7,83	0
11/03/2020 12:30:00	9,46	6,88	5,73	5,29	5,09	5,05	5,11	5,13	5,09	5,10	5,19	5,26	5,32	7,93	0
11/03/2020 12:35:00	9,35	7,19	6,10	5,56	5,40	5,18	5,06	4,96	4,84	4,77	4,78	4,76	4,74	8,42	0
11/03/2020 12:40:00	9,60	7,18	6,06	5,59	5,35	5,31	5,23	5,17	5,09	5,06	5,10	5,12	5,14	8,73	0
11/03/2020 12:45:00	9,22	7,46	6,47	6,04	5,75	5,52	5,28	5,08	4,91	4,78	4,71	4,61	4,51	8,77	0
11/03/2020 12:50:00	8,86	7,38	6,59	6,13	5,80	5,54	5,32	5,11	4,91	4,74	4,62	4,49	4,36	8,30	0
11/03/2020 12:55:00	8,60	7,30	6,39	5,86	5,56	5,35	5,12	4,92	4,73	4,61	4,56	4,50	4,43	8,57	0
11/03/2020 13:00:00	8,49	7,21	6,41	5,90	5,57	5,30	5,02	4,78	4,57	4,39	4,28	4,16	4,04	8,17	0
11/03/2020 13:05:00	8,22	7,16	6,36	5,88	5,51	5,26	5,03	4,80	4,59	4,43	4,34	4,24	4,15	8,28	0
11/03/2020 13:10:00	8,19	7,06	6,31	5,81	5,48	5,20	4,98	4,76	4,54	4,37	4,26	4,15	4,04	8,30	0
11/03/2020 13:15:00	7,89	6,93	6,25	5,79	5,43	5,24	5,03	4,82	4,60	4,44	4,34	4,24	4,14	7,92	0
11/03/2020 13:20:00	7,73	6,97	6,26	5,80	5,39	5,10	4,83	4,57	4,31	4,12	3,98	3,85	3,71	7,83	0
11/03/2020 13:25:00	7,53	6,87	6,14	5,68	5,28	5,01	4,77	4,53	4,29	4,12	4,02	3,92	3,82	7,73	0
11/03/2020 13:30:00	7,35	6,69	6,07	5,71	5,40	5,16	4,83	4,55	4,31	4,11	3,97	3,82	3,68	7,44	0
11/03/2020 13:35:00	7,31	6,54	5,79	5,33	4,95	4,68	4,47	4,25	4,02	3,85	3,76	3,67	3,58	7,27	0
11/03/2020 13:40:00	7,14	6,43	5,78	5,42	5,07	4,75	4,53	4,30	4,06	3,87	3,73	3,60	3,46	6,97	0
11/03/2020 13:45:00	6,98	6,21	5,50	5,07	4,76	4,53	4,23	3,97	3,75	3,58	3,49	3,38	3,28	6,94	0
11/03/2020 13:50:00	6,93	6,16	5,50	5,04	4,71	4,49	4,27	4,04	3,82	3,66	3,57	3,48	3,39	7,02	0
11/03/2020 13:55:00	7,08	6,10	5,37	4,93	4,55	4,27	4,08	3,87	3,64	3,47	3,37	3,27	3,17	6,90	0
11/03/2020 14:00:00	6,94	6,15	5,51	5,08	4,81	4,49	4,25	4,02	3,78	3,60	3,48	3,35	3,23	6,80	0
11/03/2020 14:05:00	6,94	6,14	5,46	5,04	4,80	4,55	4,30	4,06	3,85	3,69	3,59	3,49	3,40	6,93	0
11/03/2020 14:10:00	7,12	5,99	5,25	4,82	4,53	4,43	4,19	3,98	3,79	3,67	3,62	3,56	3,50	6,87	0
11/03/2020 14:15:00	6,93	5,98	5,30	4,92	4,60	4,38	4,15	3,94	3,72	3,56	3,46	3,35	3,25	7,04	0
11/03/2020 14:20:00	6,58	5,96	5,31	4,91	4,60	4,29	4,06	3,82	3,58	3,39	3,27	3,15	3,03	6,85	0
11/03/2020 14:25:00	6,62	5,96	5,39	4,98	4,74	4,44	4,23	4,01	3,78	3,60	3,49	3,37	3,26	6,88	0
11/03/2020 14:30:00	6,75	6,11	5,47	5,02	4,74	4,53	4,31	4,09	3,87	3,72	3,64	3,57	3,49	6,96	0
11/03/2020 14:35:00	6,77	6,12	5,50	5,09	4,81	4,54	4,35	4,14	3,92	3,75	3,66	3,56	3,47	7,15	0
11/03/2020 14:40:00	6,72	6,26	5,66	5,26	4,88	4,59	4,30	4,02	3,75	3,54	3,39	3,25	3,10	7,04	0
11/03/2020 14:45:00	6,84	6,15	5,53	5,16	4,82	4,50	4,29	4,06	3,81	3,62	3,48	3,35	3,21	7,23	0
11/03/2020 14:50:00	6,76	6,22	5,68	5,30	5,01	4,67	4,36	4,08	3,81	3,59	3,41	3,24	3,06	7,09	0
11/03/2020 14:55:00	6,96	6,54	6,02	5,60	5,25	4,94	4,63	4,33	4,06	3,83	3,65	3,48	3,31	7,01	0
11/03/2020 15:00:00	7,14	6,75	6,28	5,89	5,52	5,23	4,91	4,61	4,33	4,10	3,91	3,73	3,54	7,13	0
11/03/2020 15:05:00	7,19	6,78	6,23	5,83	5,49	5,22	4,88	4,57	4,31	4,09	3,93	3,77	3,61	7,22	0
11/03/2020 15:10:00	7,31	6,91	6,35	5,94	5,59	5,30	4,97	4,67	4,40	4,18	4,01	3,85	3,68	7,26	0
11/03/2020 15:15:00	7,26	6,89	6,38	5,97	5,66	5,24	4,92	4,62	4,32	4,07	3,87	3,67	3,47	7,20	0
11/03/2020 15:20:00	7,22	6,82	6,27	5,91	5,56	5,27	4,94	4,64	4,37	4,15	3,99	3,82	3,65	7,26	0
11/03/2020 15:25:00	7,15	6,81	6,33	5,90	5,57	5,25	4,92	4,61	4,33	4,09	3,91	3,73	3,55	7,18	0
11/03/2020 15:30:00	7,18	6,67	6,10	5,66	5,29	4,99	4,74	4,49	4,22	4,01	3,87	3,72	3,58	7,14	0
11/03/2020 15:35:00	7,11	6,79	6,20	5,80	5,37	5,05	4,74	4,44	4,15	3,92	3,75	3,58	3,41	7,16	0
11/03/2020 15:40:00	6,99	6,77	6,31	5,88	5,52	5,27	4,92	4,59	4,31	4,08	3,91	3,74	3,58	7,08	0
11/03/2020 15:45:00	7,06	6,85	6,40	5,97	5,62	5,24	4,93	4,62	4,31	4,05	3,85	3,65	3,44	7,17	0
11/03/2020 15:50:00	7,03	6,85	6,38	5,97	5,62	5,30	4,95	4,63	4,34	4,10	3,91	3,73	3,54	7,04	0
11/03/2020 15:55:00	7,12	6,92	6,42	6,04	5,67	5,32	5,02	4,72	4,43	4,19	4,00	3,82	3,63	7,07	0
11/03/2020 16:00:00	7,28	6,89	6,34	5,98	5,59	5,30	4,98	4,69	4,42	4,19	4,02	3,85	3,68	7,13	0
11/03/2020 16:05:00	7,30	6,90	6,37	6,02	5,65	5,39	5,07	4,77	4,51	4,28	4,12	3,94	3,77	7,29	0
11/03/2020 16:10:00	7,17	6,92	6,43	6,03	5,68	5,34	4,96	4,61	4,32	4,06	3,86	3,65	3,44	7,22	0
11/03/2020 16:15:00	7,08	7,00	6,61	6,19	5,84	5,46	5,07	4,72	4,40	4,12	3,88	3,65	3,41	7,13	0
11/03/2020 16:20:00	7,10	6,95	6,45	6,01	5,64	5,31	4,97	4,65	4,35	4,11	3,92	3,74	3,56	7,11	0
11/03/2020 16:25:00	6,98	6,85	6,44	6,11	5,71	5,37	5,02	4,69	4,39	4,12	3,90	3,67	3,45	6,95	0
11/03/2020 16:30:00	6,94	6,75	6,29	5,89	5,57	5,31	4,96	4,64	4,37	4,14	3,97	3,80	3,63	6,81	0
11/03/2020 16:35:00	6,84	6,66	6,18	5,72	5,41	5,10	4,74	4,41	4,12	3,89	3,72	3,54	3,37	6,80	0
11/03/2020 16:40:00	6,72	6,58	6,12	5,74	5,40	5,10	4,76	4,45	4,16	3,92	3,74	3,56	3,38	6,72	0
11/03/2020 16:45:00	6,69	6,59	6,10	5,72	5,36	5,02	4,77	4,50	4,21	3,98	3,82	3,66	3,50	6,67	0
11/03/2020 16:50:00	6,63	6,48	6,06	5,69	5,44	5,10	4,81	4,53	4,25	4,02	3,85	3,67	3,50	6,60	0
11/03/2020 16:55:00	6,62	6,37	5,89	5,53	5,28	5,03	4,74	4,46	4,21	4,01	3,88	3,74	3,60	6,61	0
11/03/2020 17:00:00	6,67	6,53	6,05	5,63	5,32	5,00	4,74	4,47	4,19	3,98	3,82	3,68	3,53	6,63	0
11/03/2020 17:05:00	6,57	6,41	5,98	5,68	5,32	5,03	4,79	4,53	4,25	4,02	3,86	3,69	3,52	6,58	0
11/03/2020 17:10:00	6,52	6,43	6,01	5,65	5,38	5,09	4,77	4,48	4,20	3,98	3,81	3,65	3,48	6,53	0
11/03/2020 17:15:00	6,45	6,45	6,08	5,70	5,43	5,15	4,84	4,54	4,26	4,03	3,86	3,70	3,53	6,48	0
11/03/2020 17:20:00	6,52	6,43	6,05	5,74	5,46	5,17	4,92	4,66	4,38	4,16	3,99	3,82	3,65	6,49	0
11/03/2020 17:25:00	6,49	6,44	6,06	5,77	5,49	5,25	4,92	4,62	4,35	4,12	3,95	3,77	3,59	6,45	0
11/03/2020 17:30:00	6,38	6,36	5,98	5,64	5,41	5,16	4,96	4,72	4,47	4,27	4,14	4,02	3,89	6,41	0
11/03/2020 17:35:00	6,31	6,23	5,93	5,63	5,37	5,08	4,86	4,61	4,34	4,11	3,93	3,75	3,57	6,35	0
11/03/2020 17:40:00	6,32	6,24	5,92	5,67	5,42	5,17	4,93	4,68	4,41	4,19	4,03	3,85	3,68	6,35	0
11/03/2020 17:45:00	6,35	6,33	6,04	5,76	5,56	5,37	5,10	4,83	4,57	4,37	4,21	4,06	3,90	6,31	0
11/03/2020 17:50:00	6,35	6,32	6,10	5,88	5,67	5,48	5,30	5,08	4,83	4,63	4,48	4,32	4,16	6,36	0
11/03/2020 17:55:00	6,35	6,33	6,11	5,88	5,68	5,53	5,35	5,15	4,90	4,71	4,57	4,43	4,28	6,39	0
11/03/2020 18:00:00	6,40	6,37	6,15	5,94	5,77	5,56	5,32	5,07	4,82	4,60	4,42	4,24	4,06	6,38	0
11/03/2020 18:05:00	6,38	6,38	6,18	5,98	5,75	5,53	5,34	5,12	4,86	4,63	4,46	4,28	4,10	6,43	0
11/03/2020 18:10:00	6,36	6,39	6,19	5,95	5,78	5,52	5,32	5,09	4,82	4,60	4,42	4,24	4,06	6,39	0
11/03/2020 18:15:00	6,39	6,41	6,23	6,00	5,74	5,54	5,26	4,98	4,70	4,46	4,27	4,06	3,86	6,43	0
11/03/2020 18:20:00	6,44	6,48	6,27	6,02	5,81	5,60	5,38	5,14	4,87	4,65	4,48	4,31	4,14	6,45	0
11/03/2020 18:25:00	6,45	6,50	6,28	6,03	5,79	5,59	5,37	5,13	4,86	4,64	4,47	4,30	4,13	6,47	0
11/03/2020 18:30:00	6,48	6,54	6,34	6,16	5,91	5,66	5,42	5,16	4,88	4,64	4,44	4,23	4,02	6,48	0
11/03/2020 18:35:00	6,51	6,57	6,42	6,15	5,90	5,69	5,41	5,13	4,84	4,59	4,39	4,18	3,97	6,48	0
11/03/2020 18:40:00	6,48	6,61	6,43	6,17	5,92	5,61	5,34	5,04	4,74	4,48	4,25	4,02	3,80	6,53	0
11/03/2020 18:45:00	6,49	6,67	6,46	6,15	5,87	5,64	5,34	5,05	4,76	4,51	4,31	4,12	3,92	6,51	0
11/03/2020 18:50:00	6,49	6,72	6,56	6,30	6,00	5,72	5,40	5,08	4,77	4,50	4,26	4,03	3,79	6,56	0
11/03/2020 18:55:00	6,60	6,73	6,57	6,30	5,99	5,69	5,40	5,10	4,78	4,51	4,27	4,03	3,79	6,59	0
11/03/2020 19:00:00	6,57	6,84	6,60	6,38	6,17	5,89	5,59	5,29	5,01	4,76	4,56	4,36	4,16	6,61	0
11/03/2020 19:05:00	6,68	6,83	6,68	6,41	6,15	5,93	5,62	5,32	5,02	4,76	4,54	4,33	4,11	6,66	0
11/03/2020 19:10:00	6,67	6,94	6,78	6,46	6,24	5,90	5,59	5,28	4,97	4,69	4,46	4,22	3,99	6,68	0
11/03/2020 19:15:00	6,76	6,99	6,83	6,53	6,23	5,92	5,56	5,22	4,89	4,60	4,35	4,10	3,85	6,78	0
11/03/2020 19:20:00	6,83	7,10	6,90	6,62	6,29	5,89	5,59	5,26	4,93	4,62	4,36	4,09	3,83	6,82	0
11/03/2020 19:25:00	6,81	7,07	6,85	6,56	6,25	5,86	5,51	5,17	4,83	4,54	4,27	4,01	3,75	6,81	0
11/03/2020 19:30:00	6,78	7,11	6,93	6,61	6,23	5,86	5,45	5,06	4,70	4,38	4,09	3,80	3,51	6,79	0
11/03/2020 19:35:00	6,81	7,09	6,92	6,63	6,30	5,95	5,54	5,17	4,82	4,51	4,23	3,95	3,67	6,85	0
11/03/2020 19:40:00	6,83	7,11	6,95	6,66	6,32	5,95	5,55	5,18	4,83	4,51	4,22	3,93	3,64	6,83	0
11/03/2020 19:45:00	6,86	7,15	6,92	6,61	6,29	5,91	5,50	5,12	4,78	4,47	4,19	3,92	3,65	6,88	0
11/03/2020 19:50:00	6,81	7,11	6,89	6,57	6,23	5,93	5,56	5,20	4,88	4,59	4,35	4,11	3,87	6,83	0
11/03/2020 19:55:00	6,81	6,96	6,76	6,49	6,22	5,91	5,62	5,31	5,01	4,74	4,51	4,27	4,04	6,78	0
11/03/2020 20:00:00	6,79	7,03	6,81	6,56	6,27	5,93	5,56	5,21	4,89	4,60	4,35	4,09	3,84	6,80	0
11/03/2020 20:05:00	6,77	7,00	6,79	6,56	6,21	5,85	5,54	5,22	4,89	4,59	4,33	4,07	3,81	6,80	0
11/03/2020 20:10:00	6,81	7,02	6,82	6,53	6,20	5,87	5,51	5,16	4,83	4,54	4,28	4,02	3,76	6,79	0
11/03/2020 20:15:00	6,83	7,10	6,89	6,62	6,34	5,93	5,59	5,25	4,92	4,62	4,34	4,07	3,80	6,82	0
11/03/2020 20:20:00	6,87	7,08	6,90	6,56	6,29	5,95	5,53	5,15	4,81	4,51	4,24	3,98	3,71	6,84	0
11/03/2020 20:25:00	6,86	7,15	6,91	6,63	6,25	5,86	5,42	5,02	4,66	4,33	4,04	3,74	3,45	6,87	0
11/03/2020 20:30:00	6,86	7,18	7,00	6,69	6,26	5,83	5,38	4,96	4,57	4,22	3,89	3,56	3,24	6,87	0
11/03/2020 20:35:00	6,85	7,28	7,08	6,76	6,25	5,80	5,36	4,94	4,55	4,19	3,86	3,54	3,22	6,91	0
11/03/2020 20:40:00	6,89	7,43	7,26	6,87	6,45	5,88	5,38	4,91	4,49	4,09	3,72	3,36	3,00	6,92	0
11/03/2020 20:45:00	6,89	7,56	7,38	7,00	6,48	5,95	5,45	4,98	4,55	4,15	3,78	3,43	3,07	6,89	0
11/03/2020 20:50:00	6,84	7,57	7,42	7,02	6,44	5,90	5,38	4,89	4,44	4,03	3,64	3,27	2,90	6,92	0
11/03/2020 20:55:00	6,78	7,57	7,40	6,96	6,46	5,86	5,25	4,72	4,26	3,84	3,43	3,04	2,65	6,81	0
11/03/2020 21:00:00	6,67	7,61	7,48	7,09	6,56	5,97	5,42	4,91	4,46	4,03	3,64	3,26	2,87	6,80	0
11/03/2020 21:05:00	6,64	7,71	7,62	7,16	6,67	6,05	5,49	4,96	4,49	4,05	3,65	3,26	2,87	6,73	0
11/03/2020 21:10:00	6,68	7,78	7,73	7,36	6,85	6,26	5,72	5,21	4,75	4,32	3,91	3,52	3,13	6,73	0
11/03/2020 21:15:00	6,70	7,91	7,85	7,44	7,01	6,48	5,87	5,32	4,87	4,45	4,06	3,69	3,31	6,67	0
11/03/2020 21:20:00	6,61	7,80	7,75	7,39	6,85	6,30	5,75	5,24	4,78	4,35	3,95	3,57	3,19	6,62	0
11/03/2020 21:25:00	6,48	7,63	7,54	7,17	6,62	6,10	5,59	5,10	4,65	4,24	3,87	3,51	3,16	6,55	0
11/03/2020 21:30:00	6,65	7,63	7,56	7,21	6,69	6,17	5,62	5,12	4,67	4,25	3,85	3,47	3,09	6,45	0
11/03/2020 21:35:00	6,32	7,44	7,40	7,08	6,57	6,06	5,52	5,02	4,57	4,15	3,76	3,39	3,02	6,46	0
11/03/2020 21:40:00	6,44	7,50	7,43	7,11	6,66	6,12	5,67	5,22	4,78	4,39	4,02	3,67	3,32	6,36	0
11/03/2020 21:45:00	6,27	7,54	7,52	7,22	6,73	6,21	5,65	5,14	4,68	4,26	3,87	3,49	3,11	6,28	0
11/03/2020 21:50:00	6,24	7,56	7,61	7,31	6,88	6,33	5,75	5,22	4,76	4,32	3,90	3,50	3,10	6,33	0
11/03/2020 21:55:00	6,38	7,64	7,65	7,39	7,01	6,46	5,89	5,37	4,93	4,51	4,10	3,71	3,32	6,25	0
11/03/2020 22:00:00	6,26	7,79	7,83	7,44	7,00	6,42	5,88	5,37	4,90	4,47	4,07	3,69	3,31	6,19	0
11/03/2020 22:05:00	6,34	7,63	7,70	7,42	6,96	6,49	5,93	5,42	4,96	4,54	4,13	3,74	3,35	6,30	0
11/03/2020 22:10:00	6,31	7,62	7,74	7,47	7,06	6,55	5,96	5,42	4,96	4,52	4,09	3,67	3,26	6,31	0
11/03/2020 22:15:00	6,33	7,59	7,64	7,34	6,90	6,41	5,92	5,45	5,01	4,60	4,22	3,85	3,49	6,30	0
11/03/2020 22:20:00	6,26	7,67	7,76	7,48	7,07	6,62	6,07	5,57	5,13	4,72	4,34	3,96	3,59	6,31	0
11/03/2020 22:25:00	6,38	7,73	7,81	7,54	7,13	6,58	6,05	5,55	5,10	4,67	4,26	3,86	3,46	6,27	0
11/03/2020 22:30:00	6,48	7,70	7,77	7,50	7,12	6,62	6,11	5,63	5,19	4,78	4,38	4,00	3,62	6,45	0
11/03/2020 22:35:00	6,42	7,83	7,79	7,47	7,07	6,55	6,07	5,60	5,17	4,79	4,43	4,10	3,76	6,44	0
11/03/2020 22:40:00	6,44	7,67	7,70	7,45	7,10	6,57	6,15	5,72	5,30	4,91	4,55	4,19	3,84	6,46	0
11/03/2020 22:45:00	6,32	7,88	7,99	7,81	7,44	6,97	6,42	5,92	5,48	5,07	4,67	4,29	3,90	6,40	0
11/03/2020 22:50:00	6,34	7,78	7,88	7,71	7,33	6,82	6,31	5,83	5,38	4,96	4,55	4,15	3,75	6,38	0
11/03/2020 22:55:00	6,34	7,74	7,82	7,63	7,12	6,60	6,03	5,51	5,04	4,59	4,16	3,73	3,31	6,43	0
11/03/2020 23:00:00	6,47	7,64	7,71	7,42	6,98	6,45	5,91	5,40	4,95	4,52	4,10	3,69	3,29	6,45	0
11/03/2020 23:05:00	6,37	7,72	7,72	7,45	6,99	6,51	5,87	5,32	4,87	4,44	4,04	3,65	3,26	6,50	0
11/03/2020 23:10:00	6,52	7,78	7,79	7,45	6,94	6,45	5,79	5,22	4,75	4,31	3,89	3,48	3,07	6,40	0
11/03/2020 23:15:00	6,44	7,76	7,72	7,39	6,89	6,28	5,65	5,09	4,61	4,16	3,73	3,31	2,90	6,43	0
11/03/2020 23:20:00	6,48	7,82	7,80	7,48	6,90	6,30	5,67	5,10	4,61	4,14	3,69	3,26	2,83	6,40	0
11/03/2020 23:25:00	6,59	7,79	7,75	7,37	6,87	6,30	5,73	5,20	4,73	4,30	3,88	3,49	3,09	6,38	0
11/03/2020 23:30:00	6,46	7,70	7,64	7,26	6,75	6,16	5,56	5,02	4,55	4,11	3,69	3,30	2,90	6,48	0
11/03/2020 23:35:00	6,38	7,56	7,48	7,09	6,63	5,97	5,39	4,86	4,39	3,94	3,52	3,11	2,71	6,38	0
11/03/2020 23:40:00	6,37	7,32	7,19	6,80	6,34	5,74	5,16	4,64	4,19	3,77	3,37	2,99	2,61	6,26	0
11/03/2020 23:45:00	6,27	7,18	7,02	6,60	6,12	5,55	5,00	4,49	4,05	3,64	3,27	2,91	2,56	6,18	0
11/03/2020 23:50:00	6,06	7,06	6,98	6,63	6,08	5,46	4,84	4,28	3,80	3,35	2,91	2,49	2,06	6,06	0
11/03/2020 23:55:00	6,02	6,93	6,77	6,36	5,85	5,26	4,70	4,19	3,74	3,33	2,95	2,59	2,23	5,96	0
