FileFormat:0002.2 file with temperature of atmosphere
200
local	GMT or Local
0	GMT-Local=[hours]
0	Height[m]
0	0	0	Longitude                [grd]               [min]               [sec]
0	0	0	Latitude                [grd]               [min]               [sec]
N	NS
59,40	Freq[GHz]
0,00	dTemostat[K]
0,150	MessErr[K]
0,248	//[grad/step]
version 14.0.20110218
MTP5H033F5940K-33.00D180214+A1.1
Commentary:
enter comment
End Of Commentary

SYSTEM\summer.dat
data time	0	50	100	150	200	250	300	350	400	450	500	550	600	OutsideTemperature	Quality
08/10/2020 00:00:00	15,98	16,31	16,23	16,12	16,07	15,99	15,81	15,61	15,40	15,18	14,95	14,68	14,42	15,85	0
08/10/2020 00:05:00	15,88	16,21	16,13	16,00	15,91	15,80	15,64	15,46	15,24	15,02	14,80	14,54	14,29	15,97	0
08/10/2020 00:10:00	15,97	16,18	16,06	15,93	15,82	15,67	15,50	15,30	15,07	14,83	14,58	14,31	14,03	16,09	0
08/10/2020 00:15:00	15,88	16,16	16,12	16,01	15,90	15,78	15,63	15,44	15,20	14,97	14,73	14,45	14,17	15,95	0
08/10/2020 00:20:00	15,98	16,25	16,26	16,08	15,99	15,92	15,80	15,63	15,41	15,21	14,99	14,74	14,50	15,87	0
08/10/2020 00:25:00	15,99	16,18	16,15	16,05	15,94	15,84	15,64	15,43	15,20	14,96	14,68	14,38	14,08	15,95	0
08/10/2020 00:30:00	15,92	16,28	16,21	16,07	15,96	15,86	15,75	15,59	15,38	15,18	14,98	14,75	14,53	15,95	0
08/10/2020 00:35:00	15,75	16,02	16,05	15,89	15,77	15,66	15,49	15,28	15,03	14,79	14,52	14,23	13,94	15,80	0
08/10/2020 00:40:00	15,80	16,03	16,00	15,89	15,79	15,59	15,44	15,24	14,99	14,74	14,47	14,17	13,86	15,79	0
08/10/2020 00:45:00	15,69	16,01	16,01	15,90	15,85	15,82	15,65	15,46	15,25	15,04	14,81	14,54	14,28	15,83	0
08/10/2020 00:50:00	15,65	16,02	15,97	15,83	15,65	15,46	15,25	15,02	14,75	14,49	14,20	13,89	13,57	15,58	0
08/10/2020 00:55:00	15,78	16,01	15,92	15,82	15,71	15,53	15,33	15,11	14,86	14,61	14,33	14,01	13,70	15,72	0
08/10/2020 01:00:00	15,79	16,08	16,10	15,97	15,86	15,75	15,60	15,42	15,18	14,95	14,69	14,41	14,13	15,80	0
08/10/2020 01:05:00	15,77	16,13	16,10	15,98	15,88	15,76	15,52	15,28	15,03	14,77	14,48	14,17	13,85	15,46	0
08/10/2020 01:10:00	15,79	16,09	16,06	15,89	15,66	15,54	15,33	15,10	14,84	14,58	14,30	14,00	13,70	15,69	0
08/10/2020 01:15:00	15,84	16,11	16,03	15,89	15,74	15,57	15,35	15,12	14,86	14,61	14,32	14,01	13,70	15,71	0
08/10/2020 01:20:00	15,84	16,02	16,03	15,96	15,89	15,84	15,64	15,44	15,21	14,97	14,70	14,39	14,08	15,81	0
08/10/2020 01:25:00	15,65	15,98	15,89	15,77	15,69	15,59	15,47	15,31	15,10	14,90	14,70	14,46	14,23	15,65	0
08/10/2020 01:30:00	15,75	15,98	15,94	15,86	15,76	15,64	15,50	15,32	15,09	14,86	14,61	14,33	14,05	15,74	0
08/10/2020 01:35:00	15,68	15,98	15,92	15,87	15,83	15,80	15,64	15,47	15,26	15,06	14,84	14,58	14,32	15,72	0
08/10/2020 01:40:00	15,83	16,09	16,08	16,05	15,96	15,89	15,78	15,62	15,41	15,19	14,95	14,68	14,42	15,77	0
08/10/2020 01:45:00	15,82	15,98	15,93	15,83	15,73	15,66	15,48	15,28	15,06	14,83	14,58	14,30	14,02	15,77	0
08/10/2020 01:50:00	15,80	16,01	15,93	15,80	15,67	15,57	15,42	15,23	15,01	14,79	14,55	14,29	14,02	15,74	0
08/10/2020 01:55:00	15,54	15,95	15,97	15,83	15,64	15,49	15,30	15,08	14,81	14,55	14,27	13,96	13,66	15,68	0
08/10/2020 02:00:00	15,77	15,91	15,94	15,88	15,84	15,81	15,66	15,49	15,28	15,07	14,82	14,54	14,26	15,65	0
08/10/2020 02:05:00	15,52	15,87	15,93	15,81	15,69	15,57	15,41	15,21	14,96	14,71	14,45	14,15	13,86	15,66	0
08/10/2020 02:10:00	15,41	15,81	15,88	15,84	15,80	15,76	15,61	15,43	15,21	14,98	14,74	14,46	14,18	15,47	0
08/10/2020 02:15:00	15,52	15,79	15,81	15,75	15,67	15,60	15,48	15,32	15,10	14,88	14,64	14,38	14,11	15,59	0
08/10/2020 02:20:00	15,71	15,87	15,84	15,80	15,72	15,68	15,55	15,39	15,18	14,97	14,74	14,47	14,21	15,35	0
08/10/2020 02:25:00	15,57	15,82	15,73	15,64	15,58	15,56	15,48	15,35	15,16	14,99	14,82	14,62	14,42	15,39	0
08/10/2020 02:30:00	15,54	15,82	15,78	15,66	15,62	15,56	15,43	15,26	15,06	14,86	14,65	14,41	14,18	15,47	0
08/10/2020 02:35:00	15,44	15,79	15,81	15,68	15,54	15,42	15,29	15,11	14,87	14,64	14,40	14,13	13,87	15,41	0
08/10/2020 02:40:00	15,34	15,62	15,54	15,42	15,39	15,36	15,25	15,11	14,92	14,75	14,57	14,37	14,16	15,32	0
08/10/2020 02:45:00	15,44	15,72	15,59	15,44	15,38	15,36	15,14	14,93	14,72	14,52	14,31	14,06	13,82	15,38	0
08/10/2020 02:50:00	15,42	15,78	15,63	15,51	15,43	15,35	15,22	15,05	14,85	14,66	14,47	14,25	14,03	15,48	0
08/10/2020 02:55:00	15,59	15,72	15,60	15,54	15,58	15,58	15,46	15,31	15,14	14,97	14,79	14,56	14,34	15,48	0
08/10/2020 03:00:00	15,42	15,67	15,63	15,62	15,59	15,60	15,50	15,37	15,19	15,01	14,82	14,59	14,36	15,34	0
08/10/2020 03:05:00	15,38	15,58	15,59	15,53	15,52	15,52	15,46	15,34	15,16	14,99	14,81	14,60	14,39	15,48	0
08/10/2020 03:10:00	15,40	15,48	15,40	15,35	15,39	15,42	15,34	15,23	15,07	14,92	14,75	14,56	14,36	15,25	0
08/10/2020 03:15:00	15,22	15,32	15,21	15,19	15,17	15,15	15,08	14,96	14,79	14,63	14,45	14,25	14,04	15,15	0
08/10/2020 03:20:00	15,18	15,28	15,21	15,19	15,19	15,15	15,06	14,92	14,74	14,56	14,36	14,12	13,89	15,09	0
08/10/2020 03:25:00	15,19	15,31	15,23	15,21	15,21	15,26	15,24	15,16	15,01	14,87	14,74	14,57	14,40	15,14	0
08/10/2020 03:30:00	15,08	15,27	15,23	15,21	15,22	15,26	15,24	15,15	14,99	14,85	14,71	14,54	14,36	15,10	0
08/10/2020 03:35:00	15,14	15,13	15,00	15,00	15,07	15,08	14,99	14,88	14,72	14,56	14,39	14,18	13,97	15,00	0
08/10/2020 03:40:00	14,86	15,09	15,09	15,06	15,06	15,07	14,98	14,84	14,66	14,48	14,30	14,07	13,85	14,94	0
08/10/2020 03:45:00	14,91	15,15	15,06	15,02	14,90	14,81	14,74	14,61	14,41	14,21	14,02	13,80	13,57	14,92	0
08/10/2020 03:50:00	14,87	15,09	14,97	14,88	14,91	14,92	14,84	14,73	14,56	14,42	14,29	14,12	13,95	14,82	0
08/10/2020 03:55:00	14,80	14,94	14,89	14,77	14,69	14,64	14,54	14,40	14,20	14,01	13,82	13,60	13,38	14,85	0
08/10/2020 04:00:00	14,87	15,03	14,97	14,87	14,83	14,83	14,71	14,56	14,37	14,19	14,01	13,80	13,58	14,92	0
08/10/2020 04:05:00	14,98	15,18	15,11	15,00	14,92	14,88	14,74	14,58	14,37	14,18	13,97	13,74	13,51	14,92	0
08/10/2020 04:10:00	14,82	14,84	14,72	14,64	14,62	14,57	14,46	14,32	14,13	13,95	13,75	13,53	13,30	14,80	0
08/10/2020 04:15:00	14,81	14,94	14,85	14,79	14,75	14,70	14,63	14,52	14,33	14,16	13,98	13,78	13,57	14,81	0
08/10/2020 04:20:00	14,81	14,92	14,86	14,78	14,74	14,74	14,66	14,54	14,35	14,19	14,01	13,81	13,61	14,75	0
08/10/2020 04:25:00	14,73	14,88	14,79	14,69	14,65	14,62	14,54	14,42	14,24	14,08	13,91	13,72	13,53	14,63	0
08/10/2020 04:30:00	14,57	14,73	14,62	14,50	14,41	14,42	14,39	14,30	14,12	13,98	13,85	13,70	13,54	14,55	0
08/10/2020 04:35:00	14,48	14,64	14,49	14,37	14,32	14,37	14,34	14,26	14,10	13,98	13,88	13,75	13,62	14,58	0
08/10/2020 04:40:00	14,44	14,68	14,62	14,51	14,49	14,51	14,45	14,35	14,17	14,03	13,89	13,72	13,56	14,46	0
08/10/2020 04:45:00	14,36	14,63	14,69	14,61	14,49	14,40	14,29	14,12	13,88	13,66	13,42	13,15	12,89	14,40	0
08/10/2020 04:50:00	14,20	14,47	14,45	14,38	14,42	14,47	14,46	14,38	14,22	14,10	13,98	13,84	13,69	14,22	0
08/10/2020 04:55:00	14,26	14,48	14,49	14,46	14,50	14,45	14,33	14,18	13,98	13,79	13,58	13,33	13,09	14,22	0
08/10/2020 05:00:00	14,17	14,33	14,31	14,29	14,30	14,37	14,34	14,25	14,09	13,96	13,82	13,65	13,48	14,17	0
08/10/2020 05:05:00	14,05	14,15	14,20	14,18	14,23	14,30	14,27	14,19	14,03	13,88	13,73	13,54	13,36	14,19	0
08/10/2020 05:10:00	13,84	14,21	14,21	14,20	14,19	14,19	14,16	14,05	13,88	13,72	13,56	13,38	13,19	13,99	0
08/10/2020 05:15:00	13,85	14,30	14,30	14,15	14,01	13,99	13,83	13,64	13,41	13,20	13,00	12,78	12,56	13,89	0
08/10/2020 05:20:00	13,92	14,02	13,98	13,98	14,05	14,11	14,07	13,98	13,83	13,70	13,56	13,39	13,22	13,71	0
08/10/2020 05:25:00	13,85	14,02	13,96	13,88	13,89	13,93	13,90	13,80	13,64	13,51	13,39	13,23	13,08	13,83	0
08/10/2020 05:30:00	13,95	14,15	14,17	14,19	14,21	14,29	14,22	14,10	13,93	13,78	13,61	13,41	13,21	13,68	0
08/10/2020 05:35:00	14,13	14,15	14,12	14,13	14,17	14,22	14,18	14,08	13,93	13,78	13,62	13,43	13,24	13,71	0
08/10/2020 05:40:00	13,79	13,89	13,84	13,78	13,80	13,86	13,79	13,67	13,51	13,36	13,22	13,04	12,87	13,74	0
08/10/2020 05:45:00	13,81	13,89	13,80	13,80	13,77	13,75	13,69	13,59	13,41	13,25	13,08	12,88	12,69	13,87	0
08/10/2020 05:50:00	13,74	13,85	13,75	13,71	13,70	13,72	13,69	13,60	13,44	13,30	13,17	13,01	12,85	13,75	0
08/10/2020 05:55:00	13,78	13,77	13,68	13,61	13,57	13,63	13,57	13,46	13,30	13,15	13,01	12,84	12,67	13,78	0
08/10/2020 06:00:00	13,74	13,82	13,69	13,47	13,44	13,48	13,44	13,35	13,19	13,07	12,98	12,86	12,75	13,77	0
08/10/2020 06:05:00	13,75	13,81	13,63	13,52	13,48	13,53	13,50	13,41	13,25	13,13	13,04	12,92	12,80	13,74	0
08/10/2020 06:10:00	13,74	13,75	13,68	13,67	13,76	13,82	13,81	13,74	13,60	13,48	13,36	13,21	13,06	13,77	0
08/10/2020 06:15:00	13,80	13,87	13,75	13,69	13,74	13,79	13,76	13,68	13,54	13,42	13,31	13,17	13,03	13,80	0
08/10/2020 06:20:00	13,96	13,89	13,76	13,75	13,84	13,94	13,96	13,91	13,80	13,70	13,62	13,51	13,39	13,91	0
08/10/2020 06:25:00	13,88	13,89	13,77	13,74	13,77	13,86	13,82	13,74	13,60	13,48	13,36	13,22	13,07	13,87	0
08/10/2020 06:30:00	13,81	13,98	13,96	13,97	14,03	14,05	14,03	13,95	13,79	13,65	13,51	13,33	13,16	13,97	0
08/10/2020 06:35:00	13,94	13,97	13,82	13,77	13,85	13,94	13,94	13,88	13,75	13,66	13,57	13,46	13,34	13,99	0
08/10/2020 06:40:00	14,04	13,93	13,89	13,92	14,10	14,30	14,33	14,30	14,21	14,13	14,07	13,96	13,85	13,93	0
08/10/2020 06:45:00	14,00	14,00	13,97	13,97	14,08	14,23	14,26	14,22	14,11	14,02	13,94	13,82	13,70	13,94	0
08/10/2020 06:50:00	13,78	13,86	13,78	13,83	13,93	14,02	14,00	13,93	13,80	13,69	13,57	13,42	13,27	13,84	0
08/10/2020 06:55:00	13,78	13,92	13,87	13,91	14,03	14,15	14,13	14,06	13,94	13,83	13,72	13,58	13,43	13,88	0
08/10/2020 07:00:00	13,90	13,93	13,81	13,74	13,77	13,84	13,83	13,77	13,63	13,51	13,42	13,29	13,16	13,85	0
08/10/2020 07:05:00	13,91	13,93	13,80	13,75	13,78	13,80	13,75	13,65	13,49	13,35	13,22	13,05	12,88	13,94	0
08/10/2020 07:10:00	13,85	13,91	13,79	13,77	13,80	13,96	13,95	13,89	13,77	13,68	13,60	13,50	13,39	13,87	0
08/10/2020 07:15:00	13,94	13,96	13,89	13,83	13,83	13,88	13,83	13,73	13,57	13,43	13,29	13,12	12,95	13,92	0
08/10/2020 07:20:00	13,92	13,99	13,89	13,84	13,86	13,91	13,83	13,72	13,56	13,42	13,29	13,11	12,94	13,89	0
08/10/2020 07:25:00	13,91	13,98	13,88	13,84	13,77	13,76	13,69	13,57	13,39	13,22	13,05	12,86	12,66	13,91	0
08/10/2020 07:30:00	13,91	13,97	13,85	13,77	13,77	13,87	13,89	13,83	13,70	13,59	13,51	13,41	13,30	13,93	0
08/10/2020 07:35:00	13,86	14,01	13,88	13,81	13,80	13,87	13,87	13,80	13,66	13,54	13,45	13,34	13,22	13,84	0
08/10/2020 07:40:00	13,92	13,95	13,82	13,78	13,81	13,91	13,92	13,87	13,74	13,64	13,55	13,44	13,32	13,84	0
08/10/2020 07:45:00	13,99	13,92	13,74	13,75	13,84	13,93	13,94	13,90	13,78	13,69	13,61	13,49	13,38	13,91	0
08/10/2020 07:50:00	13,90	13,93	13,84	13,82	13,89	13,98	13,94	13,86	13,72	13,60	13,49	13,34	13,19	13,85	0
08/10/2020 07:55:00	13,88	13,99	13,96	13,97	14,02	14,07	14,03	13,94	13,78	13,63	13,48	13,29	13,11	13,89	0
08/10/2020 08:00:00	13,82	13,97	13,92	13,94	14,02	14,14	14,10	14,02	13,88	13,77	13,65	13,50	13,35	13,75	0
08/10/2020 08:05:00	13,99	13,96	13,83	13,81	13,82	13,93	13,95	13,90	13,77	13,66	13,58	13,46	13,33	13,80	0
08/10/2020 08:10:00	13,75	13,65	13,49	13,41	13,41	13,38	13,34	13,24	13,08	12,93	12,79	12,62	12,46	13,89	0
08/10/2020 08:15:00	13,98	13,91	13,79	13,76	13,79	13,79	13,69	13,56	13,39	13,23	13,06	12,85	12,64	13,95	0
08/10/2020 08:20:00	13,88	13,99	13,87	13,58	13,64	13,77	13,72	13,63	13,50	13,40	13,35	13,28	13,20	13,91	0
08/10/2020 08:25:00	13,82	13,94	13,82	13,72	13,68	13,72	13,71	13,63	13,47	13,35	13,24	13,11	12,98	13,80	0
08/10/2020 08:30:00	13,78	13,87	13,76	13,60	13,49	13,50	13,51	13,43	13,26	13,13	13,03	12,90	12,78	13,84	0
08/10/2020 08:35:00	13,91	13,95	13,85	13,76	13,75	13,76	13,71	13,60	13,43	13,29	13,15	12,98	12,82	13,77	0
08/10/2020 08:40:00	13,74	13,96	13,87	13,82	13,83	13,85	13,80	13,70	13,54	13,40	13,27	13,12	12,96	13,74	0
08/10/2020 08:45:00	13,77	13,85	13,72	13,66	13,68	13,73	13,65	13,54	13,38	13,25	13,12	12,95	12,79	13,69	0
08/10/2020 08:50:00	13,58	13,64	13,51	13,40	13,35	13,37	13,34	13,24	13,08	12,94	12,82	12,68	12,54	13,64	0
08/10/2020 08:55:00	13,63	13,75	13,61	13,55	13,55	13,62	13,62	13,55	13,41	13,31	13,22	13,11	12,99	13,57	0
08/10/2020 09:00:00	13,56	13,60	13,42	13,30	13,28	13,27	13,15	13,01	12,83	12,67	12,53	12,35	12,17	13,57	0
08/10/2020 09:05:00	13,72	13,72	13,57	13,50	13,51	13,55	13,47	13,36	13,21	13,07	12,94	12,79	12,63	13,72	0
08/10/2020 09:10:00	13,78	13,75	13,56	13,45	13,43	13,49	13,43	13,32	13,17	13,05	12,94	12,80	12,66	13,69	0
08/10/2020 09:15:00	13,84	13,88	13,72	13,62	13,46	13,49	13,48	13,40	13,23	13,10	12,98	12,85	12,71	13,65	0
08/10/2020 09:20:00	13,72	13,66	13,44	13,33	13,38	13,42	13,41	13,35	13,22	13,12	13,05	12,94	12,84	13,64	0
08/10/2020 09:25:00	13,60	13,42	13,15	13,05	13,06	13,09	13,10	13,04	12,91	12,82	12,75	12,65	12,54	13,72	0
08/10/2020 09:30:00	14,02	13,64	13,27	13,10	13,09	13,13	13,11	13,05	12,93	12,84	12,78	12,69	12,60	14,03	0
08/10/2020 09:35:00	14,22	13,60	13,18	13,09	13,09	13,16	13,20	13,18	13,09	13,02	12,99	12,91	12,83	14,30	0
08/10/2020 09:40:00	14,24	13,85	13,43	13,22	13,16	13,20	13,22	13,17	13,06	12,98	12,95	12,89	12,83	14,32	0
08/10/2020 09:45:00	14,58	13,88	13,32	13,08	13,03	13,07	13,02	12,95	12,84	12,77	12,74	12,67	12,60	14,27	0
08/10/2020 09:50:00	14,57	13,91	13,41	13,15	13,07	13,09	13,01	12,92	12,79	12,69	12,62	12,52	12,42	14,51	0
08/10/2020 09:55:00	14,64	14,03	13,53	13,27	13,11	13,02	12,84	12,67	12,49	12,32	12,17	11,98	11,79	14,52	0
08/10/2020 10:00:00	14,46	14,06	13,60	13,32	13,21	13,14	13,02	12,89	12,72	12,59	12,48	12,35	12,21	14,64	0
08/10/2020 10:05:00	14,62	14,07	13,62	13,38	13,20	13,07	12,98	12,85	12,67	12,51	12,36	12,19	12,02	14,45	0
08/10/2020 10:10:00	14,34	13,92	13,50	13,26	13,13	13,06	12,91	12,75	12,58	12,42	12,28	12,11	11,94	14,49	0
08/10/2020 10:15:00	14,16	13,93	13,52	13,25	13,12	13,05	12,90	12,75	12,57	12,42	12,30	12,16	12,01	14,45	0
08/10/2020 10:20:00	14,32	13,90	13,42	13,15	13,01	12,91	12,73	12,55	12,37	12,21	12,06	11,88	11,71	14,45	0
08/10/2020 10:25:00	14,29	13,90	13,45	13,17	12,98	12,87	12,73	12,57	12,38	12,22	12,08	11,91	11,75	14,42	0
08/10/2020 10:30:00	14,22	13,83	13,39	13,12	13,01	13,04	12,96	12,85	12,70	12,60	12,53	12,43	12,33	14,27	0
08/10/2020 10:35:00	14,20	13,85	13,43	13,11	12,93	12,83	12,69	12,52	12,33	12,17	12,04	11,88	11,72	14,45	0
08/10/2020 10:40:00	14,03	13,88	13,50	13,22	13,03	12,91	12,80	12,64	12,45	12,28	12,15	11,99	11,84	14,20	0
08/10/2020 10:45:00	14,13	13,90	13,45	13,16	13,03	13,00	12,95	12,86	12,71	12,60	12,54	12,46	12,38	14,12	0
08/10/2020 10:50:00	14,20	13,89	13,46	13,21	13,02	12,89	12,79	12,66	12,47	12,31	12,18	12,03	11,88	14,17	0
08/10/2020 10:55:00	14,29	13,96	13,49	13,21	13,06	12,93	12,81	12,67	12,48	12,33	12,21	12,06	11,91	14,37	0
08/10/2020 11:00:00	14,37	13,89	13,38	13,09	12,92	12,86	12,77	12,65	12,49	12,37	12,28	12,16	12,04	14,28	0
08/10/2020 11:05:00	14,42	14,06	13,57	13,23	13,00	12,83	12,79	12,68	12,50	12,36	12,26	12,15	12,04	14,49	0
08/10/2020 11:10:00	14,38	14,02	13,55	13,26	13,05	12,93	12,74	12,55	12,34	12,17	12,01	11,82	11,64	14,34	0
08/10/2020 11:15:00	14,35	13,98	13,50	13,21	13,05	12,94	12,89	12,78	12,62	12,49	12,41	12,30	12,19	14,37	0
08/10/2020 11:20:00	14,35	14,04	13,62	13,38	13,24	13,13	12,98	12,82	12,63	12,46	12,31	12,13	11,95	14,30	0
08/10/2020 11:25:00	14,31	14,05	13,68	13,44	13,27	13,16	13,02	12,86	12,66	12,49	12,33	12,15	11,97	14,27	0
08/10/2020 11:30:00	14,27	14,03	13,63	13,38	13,25	13,10	12,99	12,85	12,66	12,50	12,36	12,20	12,03	14,25	0
08/10/2020 11:35:00	14,32	13,98	13,59	13,38	13,27	13,20	13,07	12,93	12,75	12,60	12,46	12,30	12,13	14,37	0
08/10/2020 11:40:00	14,32	14,04	13,69	13,38	13,20	13,09	12,94	12,77	12,56	12,39	12,23	12,05	11,87	14,32	0
08/10/2020 11:45:00	14,31	14,12	13,84	13,64	13,54	13,43	13,34	13,20	13,02	12,85	12,69	12,51	12,33	14,33	0
08/10/2020 11:50:00	14,23	13,99	13,63	13,42	13,25	13,17	13,09	12,96	12,78	12,64	12,51	12,36	12,21	14,18	0
08/10/2020 11:55:00	14,23	14,04	13,71	13,48	13,30	13,23	13,09	12,92	12,73	12,56	12,41	12,23	12,05	14,25	0
08/10/2020 12:00:00	14,24	13,95	13,57	13,33	13,22	13,16	13,07	12,94	12,77	12,64	12,52	12,38	12,24	14,19	0
08/10/2020 12:05:00	14,12	13,78	13,46	13,24	13,15	13,09	12,96	12,82	12,64	12,48	12,34	12,17	11,99	14,12	0
08/10/2020 12:10:00	13,97	13,77	13,37	13,16	13,05	13,01	12,90	12,76	12,59	12,46	12,35	12,21	12,07	13,96	0
08/10/2020 12:15:00	13,85	13,73	13,41	13,26	13,19	13,16	13,03	12,88	12,70	12,55	12,42	12,25	12,08	13,89	0
08/10/2020 12:20:00	13,69	13,61	13,36	13,25	13,13	13,09	12,99	12,85	12,67	12,50	12,35	12,17	11,99	13,67	0
08/10/2020 12:25:00	13,34	13,19	13,06	13,08	13,05	13,15	13,09	13,00	12,85	12,71	12,58	12,41	12,24	13,47	0
08/10/2020 12:30:00	12,69	12,60	12,58	12,47	12,39	12,38	12,32	12,21	12,01	11,84	11,67	11,47	11,28	12,97	0
08/10/2020 12:35:00	12,12	12,17	12,21	12,13	12,16	12,20	12,13	12,02	11,84	11,68	11,53	11,35	11,17	12,40	0
08/10/2020 12:40:00	11,81	11,89	11,88	11,86	11,91	11,98	11,99	11,93	11,78	11,65	11,55	11,42	11,28	11,72	0
08/10/2020 12:45:00	11,75	11,76	11,75	11,75	11,78	11,84	11,84	11,77	11,61	11,48	11,36	11,22	11,07	11,45	0
08/10/2020 12:50:00	11,56	11,70	11,76	11,77	11,82	11,88	11,88	11,80	11,64	11,50	11,37	11,22	11,06	11,25	0
08/10/2020 12:55:00	11,68	11,67	11,74	11,85	11,99	12,14	12,19	12,16	12,04	11,94	11,84	11,71	11,58	11,33	0
08/10/2020 13:00:00	11,90	11,79	11,81	11,87	12,05	12,27	12,37	12,38	12,29	12,24	12,20	12,13	12,05	11,32	0
08/10/2020 13:05:00	12,09	11,99	12,01	12,08	12,19	12,35	12,41	12,39	12,28	12,18	12,10	11,98	11,86	11,48	0
08/10/2020 13:10:00	12,03	11,82	11,80	11,83	11,98	12,16	12,19	12,17	12,06	11,98	11,90	11,80	11,69	11,60	0
08/10/2020 13:15:00	12,15	11,88	11,81	11,89	12,00	12,16	12,24	12,24	12,14	12,06	12,00	11,90	11,80	11,66	0
08/10/2020 13:20:00	12,18	11,98	11,93	11,93	12,02	12,17	12,21	12,18	12,07	11,98	11,90	11,80	11,70	11,70	0
08/10/2020 13:25:00	12,11	11,98	12,01	12,02	12,15	12,30	12,36	12,33	12,22	12,12	12,04	11,93	11,82	11,80	0
08/10/2020 13:30:00	12,17	12,13	12,16	12,22	12,34	12,46	12,50	12,47	12,34	12,23	12,14	12,01	11,88	11,85	0
08/10/2020 13:35:00	12,26	12,15	12,23	12,31	12,46	12,60	12,66	12,64	12,52	12,42	12,31	12,18	12,04	11,77	0
08/10/2020 13:40:00	12,21	12,18	12,19	12,21	12,30	12,42	12,46	12,42	12,29	12,19	12,10	11,98	11,86	12,15	0
08/10/2020 13:45:00	12,10	12,17	12,23	12,21	12,21	12,26	12,29	12,23	12,06	11,92	11,79	11,63	11,48	12,05	0
08/10/2020 13:50:00	12,09	12,26	12,32	12,43	12,51	12,62	12,68	12,64	12,51	12,40	12,29	12,16	12,02	12,16	0
08/10/2020 13:55:00	12,15	12,19	12,22	12,29	12,38	12,45	12,46	12,41	12,26	12,13	12,01	11,85	11,69	12,10	0
08/10/2020 14:00:00	12,18	12,27	12,36	12,46	12,50	12,62	12,62	12,56	12,40	12,27	12,13	11,96	11,79	12,44	0
08/10/2020 14:05:00	12,45	12,39	12,46	12,53	12,57	12,66	12,66	12,59	12,43	12,28	12,13	11,95	11,77	12,44	0
08/10/2020 14:10:00	12,36	12,44	12,57	12,62	12,65	12,72	12,71	12,63	12,45	12,29	12,12	11,93	11,73	12,60	0
08/10/2020 14:15:00	12,38	12,56	12,70	12,69	12,76	12,80	12,80	12,73	12,55	12,40	12,24	12,06	11,88	12,22	0
08/10/2020 14:20:00	12,73	12,89	12,93	12,87	12,85	12,85	12,86	12,78	12,60	12,44	12,30	12,13	11,96	12,77	0
08/10/2020 14:25:00	12,95	12,99	13,04	12,98	12,99	12,99	12,91	12,78	12,59	12,41	12,23	12,01	11,80	12,84	0
08/10/2020 14:30:00	12,75	12,93	13,11	13,14	13,11	13,09	12,99	12,84	12,62	12,40	12,16	11,90	11,63	12,94	0
08/10/2020 14:35:00	12,76	13,13	13,25	13,17	13,15	13,12	12,97	12,79	12,56	12,34	12,12	11,87	11,63	13,00	0
08/10/2020 14:40:00	13,01	13,28	13,48	13,44	13,40	13,38	13,30	13,15	12,93	12,72	12,49	12,24	11,99	13,02	0
08/10/2020 14:45:00	13,11	13,14	13,22	13,16	13,13	13,18	13,09	12,95	12,76	12,58	12,39	12,17	11,96	13,10	0
08/10/2020 14:50:00	13,12	13,46	13,54	13,47	13,44	13,39	13,28	13,12	12,90	12,69	12,48	12,25	12,01	13,30	0
08/10/2020 14:55:00	13,18	13,39	13,51	13,51	13,51	13,51	13,45	13,32	13,13	12,94	12,74	12,51	12,28	13,33	0
08/10/2020 15:00:00	13,19	13,34	13,44	13,43	13,47	13,48	13,43	13,31	13,13	12,95	12,77	12,55	12,34	13,36	0
08/10/2020 15:05:00	13,19	13,47	13,62	13,68	13,74	13,71	13,64	13,51	13,31	13,11	12,89	12,64	12,38	13,53	0
08/10/2020 15:10:00	13,63	13,69	13,79	13,85	13,91	13,95	13,89	13,78	13,60	13,43	13,24	13,01	12,78	13,52	0
08/10/2020 15:15:00	14,37	14,07	13,99	14,01	14,01	14,07	14,03	13,94	13,79	13,64	13,47	13,27	13,07	14,50	0
08/10/2020 15:20:00	14,25	14,15	14,12	14,07	14,00	13,96	13,86	13,73	13,53	13,33	13,12	12,87	12,63	14,70	0
08/10/2020 15:25:00	14,33	14,23	14,16	14,13	14,10	14,06	13,99	13,87	13,69	13,51	13,31	13,09	12,86	14,35	0
08/10/2020 15:30:00	15,20	14,60	14,26	14,13	14,05	14,01	13,88	13,74	13,57	13,40	13,22	13,01	12,79	15,34	0
08/10/2020 15:35:00	15,16	14,80	14,53	14,41	14,34	14,27	14,17	14,05	13,87	13,71	13,53	13,32	13,11	15,53	0
08/10/2020 15:40:00	15,18	14,93	14,74	14,61	14,54	14,44	14,33	14,19	13,99	13,81	13,61	13,38	13,15	15,50	0
08/10/2020 15:45:00	15,20	15,13	14,97	14,88	14,81	14,67	14,47	14,27	14,05	13,82	13,56	13,26	12,97	15,82	0
08/10/2020 15:50:00	15,43	15,31	15,13	15,03	14,91	14,79	14,58	14,37	14,15	13,92	13,66	13,37	13,08	16,10	0
08/10/2020 15:55:00	15,32	15,31	15,21	15,08	14,94	14,84	14,65	14,45	14,22	13,99	13,74	13,46	13,18	16,11	0
08/10/2020 16:00:00	15,31	15,44	15,37	15,28	15,11	14,93	14,74	14,52	14,26	14,00	13,71	13,40	13,08	16,02	0
08/10/2020 16:05:00	15,46	15,52	15,39	15,24	15,11	14,93	14,74	14,54	14,30	14,06	13,80	13,51	13,22	16,04	0
08/10/2020 16:10:00	15,49	15,65	15,54	15,41	15,25	15,09	14,88	14,66	14,41	14,16	13,88	13,58	13,28	16,43	0
08/10/2020 16:15:00	15,63	15,76	15,60	15,45	15,27	15,08	14,86	14,63	14,38	14,12	13,84	13,54	13,23	16,52	0
08/10/2020 16:20:00	15,51	15,75	15,72	15,55	15,38	15,22	15,02	14,79	14,53	14,27	13,99	13,68	13,38	16,70	0
08/10/2020 16:25:00	15,58	15,81	15,84	15,74	15,58	15,36	15,10	14,84	14,55	14,24	13,89	13,51	13,12	16,48	0
08/10/2020 16:30:00	15,88	16,18	16,17	16,05	15,92	15,75	15,49	15,23	14,96	14,68	14,35	14,00	13,65	16,51	0
08/10/2020 16:35:00	15,64	16,24	16,31	16,17	15,98	15,83	15,56	15,28	14,99	14,70	14,37	14,03	13,68	16,73	0
08/10/2020 16:40:00	15,85	16,36	16,36	16,25	16,10	15,86	15,57	15,28	14,98	14,67	14,32	13,93	13,55	16,70	0
08/10/2020 16:45:00	16,25	16,72	16,67	16,54	16,38	16,15	15,90	15,63	15,35	15,06	14,73	14,38	14,03	16,73	0
08/10/2020 16:50:00	16,25	16,84	16,87	16,75	16,56	16,32	16,02	15,72	15,41	15,09	14,72	14,33	13,93	17,03	0
08/10/2020 16:55:00	16,34	16,79	16,84	16,65	16,47	16,28	16,01	15,74	15,45	15,16	14,83	14,47	14,12	16,91	0
08/10/2020 17:00:00	16,45	16,97	16,95	16,78	16,57	16,32	16,03	15,73	15,43	15,12	14,77	14,39	14,01	16,82	0
08/10/2020 17:05:00	16,49	16,88	16,91	16,80	16,58	16,35	16,07	15,78	15,48	15,16	14,79	14,39	13,99	16,88	0
08/10/2020 17:10:00	16,42	16,94	16,97	16,85	16,67	16,41	16,10	15,79	15,48	15,15	14,77	14,35	13,94	16,75	0
08/10/2020 17:15:00	16,41	16,97	17,01	16,84	16,66	16,41	16,11	15,81	15,50	15,18	14,81	14,42	14,03	16,76	0
08/10/2020 17:20:00	16,45	16,92	17,01	16,88	16,69	16,44	16,13	15,81	15,50	15,15	14,76	14,33	13,91	16,57	0
08/10/2020 17:25:00	16,25	16,97	17,13	17,00	16,73	16,38	16,08	15,76	15,41	15,04	14,61	14,17	13,73	16,59	0
08/10/2020 17:30:00	16,07	16,65	16,93	16,86	16,70	16,49	16,19	15,88	15,56	15,21	14,79	14,34	13,89	16,70	0
08/10/2020 17:35:00	16,01	16,67	17,04	16,93	16,72	16,51	16,19	15,87	15,52	15,14	14,70	14,23	13,76	16,44	0
08/10/2020 17:40:00	16,10	16,89	16,96	16,80	16,58	16,28	15,96	15,64	15,31	14,97	14,58	14,18	13,78	16,24	0
08/10/2020 17:45:00	16,18	16,89	17,17	17,07	16,79	16,52	16,19	15,85	15,49	15,10	14,64	14,17	13,69	16,42	0
08/10/2020 17:50:00	16,30	16,88	16,98	16,81	16,62	16,39	16,12	15,83	15,52	15,20	14,84	14,45	14,07	16,55	0
08/10/2020 17:55:00	16,23	16,95	17,21	17,03	16,77	16,48	16,14	15,80	15,44	15,06	14,62	14,16	13,70	16,57	0
08/10/2020 18:00:00	16,32	16,98	17,16	17,02	16,77	16,48	16,16	15,84	15,49	15,13	14,72	14,28	13,84	16,79	0
08/10/2020 18:05:00	16,23	16,96	17,16	17,06	16,86	16,58	16,31	16,01	15,68	15,33	14,93	14,51	14,09	17,11	0
08/10/2020 18:10:00	16,32	17,07	17,18	17,02	16,77	16,48	16,17	15,84	15,51	15,16	14,76	14,35	13,94	16,91	0
08/10/2020 18:15:00	16,32	17,05	17,24	16,98	16,69	16,42	16,09	15,75	15,40	15,03	14,63	14,21	13,80	16,82	0
08/10/2020 18:20:00	16,21	16,89	17,08	16,96	16,73	16,48	16,20	15,90	15,57	15,23	14,83	14,42	14,00	16,87	0
08/10/2020 18:25:00	16,15	16,80	16,94	16,81	16,64	16,41	16,14	15,85	15,54	15,21	14,84	14,45	14,06	16,57	0
08/10/2020 18:30:00	16,08	16,63	16,83	16,74	16,60	16,45	16,15	15,86	15,56	15,23	14,85	14,44	14,03	16,55	0
08/10/2020 18:35:00	16,12	16,70	16,90	16,78	16,59	16,32	16,09	15,82	15,51	15,18	14,81	14,42	14,02	16,47	0
08/10/2020 18:40:00	15,95	16,78	16,93	16,84	16,65	16,40	16,08	15,76	15,44	15,09	14,70	14,28	13,87	16,65	0
08/10/2020 18:45:00	16,13	16,68	16,89	16,79	16,63	16,38	16,12	15,84	15,53	15,19	14,80	14,39	13,98	16,49	0
08/10/2020 18:50:00	16,13	16,69	16,84	16,75	16,57	16,36	16,13	15,87	15,57	15,26	14,90	14,52	14,14	16,53	0
08/10/2020 18:55:00	16,51	17,01	17,12	17,04	16,88	16,66	16,39	16,12	15,82	15,50	15,13	14,73	14,33	16,67	0
08/10/2020 19:00:00	16,52	17,06	17,09	16,94	16,74	16,54	16,30	16,04	15,76	15,47	15,14	14,80	14,45	16,84	0
08/10/2020 19:05:00	16,55	17,08	17,12	17,00	16,77	16,53	16,27	16,00	15,69	15,38	15,02	14,64	14,25	16,67	0
08/10/2020 19:10:00	16,55	16,99	16,99	16,91	16,78	16,57	16,33	16,08	15,80	15,51	15,17	14,81	14,44	16,70	0
08/10/2020 19:15:00	16,55	17,11	17,15	17,02	16,79	16,55	16,24	15,93	15,61	15,28	14,89	14,48	14,07	16,63	0
08/10/2020 19:20:00	16,72	17,24	17,35	17,31	17,14	16,92	16,70	16,45	16,16	15,86	15,49	15,10	14,71	16,73	0
08/10/2020 19:25:00	16,71	17,28	17,44	17,30	17,14	16,87	16,59	16,29	15,97	15,63	15,24	14,82	14,40	16,69	0
08/10/2020 19:30:00	16,60	17,23	17,38	17,27	17,14	16,91	16,65	16,38	16,08	15,76	15,39	15,00	14,60	16,50	0
08/10/2020 19:35:00	16,73	17,19	17,26	17,18	17,06	16,88	16,61	16,34	16,06	15,75	15,40	15,01	14,62	16,59	0
08/10/2020 19:40:00	16,57	17,13	17,28	17,21	17,02	16,83	16,59	16,34	16,04	15,73	15,37	14,99	14,60	16,44	0
08/10/2020 19:45:00	16,44	17,18	17,23	17,11	16,96	16,80	16,57	16,33	16,05	15,78	15,48	15,15	14,83	16,46	0
08/10/2020 19:50:00	16,52	17,15	17,30	17,17	17,00	16,81	16,58	16,32	16,03	15,73	15,39	15,02	14,65	16,20	0
08/10/2020 19:55:00	16,55	16,98	17,14	17,07	16,94	16,80	16,60	16,37	16,10	15,81	15,48	15,12	14,75	16,38	0
08/10/2020 20:00:00	16,42	17,02	17,21	17,19	17,07	16,91	16,70	16,47	16,19	15,89	15,54	15,16	14,78	16,34	0
08/10/2020 20:05:00	16,37	16,89	17,09	17,02	16,84	16,64	16,41	16,15	15,85	15,53	15,17	14,77	14,38	16,39	0
08/10/2020 20:10:00	16,32	16,80	16,98	16,96	16,85	16,67	16,47	16,24	15,96	15,66	15,31	14,93	14,55	16,10	0
08/10/2020 20:15:00	16,11	16,75	16,95	16,95	16,83	16,64	16,42	16,17	15,89	15,58	15,22	14,82	14,43	16,14	0
08/10/2020 20:20:00	16,15	16,62	16,87	16,83	16,69	16,54	16,33	16,09	15,81	15,50	15,14	14,75	14,36	15,75	0
08/10/2020 20:25:00	16,03	16,71	16,85	16,79	16,64	16,52	16,28	16,03	15,75	15,47	15,15	14,80	14,45	16,02	0
08/10/2020 20:30:00	16,01	16,59	16,77	16,75	16,69	16,55	16,30	16,04	15,77	15,47	15,12	14,74	14,36	15,79	0
08/10/2020 20:35:00	16,02	16,60	16,75	16,66	16,53	16,40	16,21	15,98	15,71	15,44	15,13	14,80	14,47	15,58	0
08/10/2020 20:40:00	15,68	16,32	16,48	16,44	16,43	16,29	16,06	15,82	15,55	15,28	14,96	14,60	14,25	15,69	0
08/10/2020 20:45:00	15,58	16,28	16,50	16,46	16,39	16,25	16,05	15,82	15,55	15,27	14,95	14,60	14,25	15,68	0
08/10/2020 20:50:00	15,65	16,18	16,39	16,34	16,27	16,22	16,05	15,85	15,61	15,36	15,08	14,76	14,45	15,58	0
08/10/2020 20:55:00	15,50	16,05	16,27	16,18	16,13	16,01	15,78	15,54	15,27	14,98	14,65	14,30	13,94	15,52	0
08/10/2020 21:00:00	15,63	16,20	16,38	16,37	16,30	16,19	16,05	15,86	15,61	15,36	15,07	14,76	14,44	15,57	0
08/10/2020 21:05:00	15,65	16,22	16,45	16,48	16,41	16,31	16,15	15,95	15,69	15,42	15,11	14,76	14,41	15,56	0
08/10/2020 21:10:00	15,49	16,03	16,26	16,26	16,21	16,19	16,04	15,86	15,62	15,38	15,10	14,80	14,49	15,47	0
08/10/2020 21:15:00	15,63	16,16	16,32	16,29	16,22	16,12	15,97	15,77	15,53	15,28	15,00	14,69	14,37	15,55	0
08/10/2020 21:20:00	15,52	15,96	16,21	16,22	16,25	16,25	16,14	15,99	15,77	15,55	15,29	15,00	14,71	15,31	0
08/10/2020 21:25:00	15,38	16,02	16,23	16,28	16,21	16,13	15,96	15,75	15,50	15,23	14,92	14,58	14,24	15,29	0
08/10/2020 21:30:00	15,52	16,00	16,15	16,12	16,09	16,01	15,85	15,66	15,42	15,17	14,89	14,58	14,27	15,34	0
08/10/2020 21:35:00	15,20	15,93	16,21	16,23	16,19	16,15	16,01	15,83	15,58	15,33	15,05	14,74	14,42	15,62	0
08/10/2020 21:40:00	15,34	16,02	16,17	16,17	16,12	16,01	15,86	15,67	15,43	15,18	14,91	14,60	14,30	15,17	0
08/10/2020 21:45:00	15,32	15,92	16,06	16,01	16,00	15,96	15,84	15,68	15,46	15,25	15,02	14,76	14,50	15,32	0
08/10/2020 21:50:00	15,63	15,94	15,97	15,94	15,90	15,88	15,76	15,61	15,41	15,21	14,99	14,74	14,48	15,45	0
08/10/2020 21:55:00	15,49	16,03	16,12	16,07	16,01	15,91	15,78	15,60	15,37	15,14	14,89	14,60	14,32	15,55	0
08/10/2020 22:00:00	15,47	15,94	15,99	15,95	15,88	15,84	15,71	15,54	15,33	15,12	14,89	14,63	14,37	15,34	0
08/10/2020 22:05:00	15,55	15,88	15,90	15,86	15,87	15,88	15,75	15,60	15,40	15,21	15,00	14,76	14,51	15,60	0
08/10/2020 22:10:00	15,31	15,74	15,89	15,87	15,85	15,81	15,72	15,57	15,36	15,15	14,91	14,65	14,39	15,30	0
08/10/2020 22:15:00	15,36	15,81	15,90	15,86	15,76	15,78	15,68	15,53	15,32	15,12	14,91	14,67	14,44	15,17	0
08/10/2020 22:20:00	15,24	15,53	15,65	15,61	15,67	15,68	15,56	15,41	15,21	15,01	14,79	14,53	14,27	15,20	0
08/10/2020 22:25:00	15,11	15,58	15,79	15,82	15,80	15,70	15,54	15,34	15,09	14,83	14,52	14,18	13,84	14,89	0
08/10/2020 22:30:00	14,89	15,24	15,34	15,35	15,36	15,38	15,28	15,14	14,95	14,75	14,54	14,29	14,04	14,92	0
08/10/2020 22:35:00	14,98	15,35	15,54	15,53	15,46	15,45	15,35	15,20	14,98	14,76	14,51	14,23	13,95	14,84	0
08/10/2020 22:40:00	14,89	15,33	15,40	15,39	15,41	15,41	15,33	15,20	15,01	14,83	14,64	14,41	14,19	14,97	0
08/10/2020 22:45:00	15,06	15,27	15,40	15,48	15,52	15,49	15,44	15,33	15,14	14,94	14,71	14,44	14,18	14,98	0
08/10/2020 22:50:00	14,90	15,21	15,27	15,30	15,35	15,37	15,31	15,20	15,02	14,85	14,67	14,45	14,23	14,84	0
08/10/2020 22:55:00	14,90	15,15	15,20	15,21	15,25	15,23	15,16	15,04	14,86	14,67	14,47	14,23	14,00	14,94	0
08/10/2020 23:00:00	14,83	15,14	15,19	15,19	15,20	15,18	15,09	14,95	14,76	14,57	14,36	14,12	13,88	14,82	0
08/10/2020 23:05:00	14,81	15,11	15,18	15,16	15,15	15,17	15,10	14,97	14,79	14,61	14,41	14,19	13,97	14,90	0
08/10/2020 23:10:00	14,80	15,15	15,25	15,23	15,21	15,23	15,12	14,97	14,77	14,58	14,37	14,12	13,88	14,86	0
08/10/2020 23:15:00	14,85	15,21	15,35	15,43	15,49	15,47	15,33	15,17	14,96	14,74	14,47	14,17	13,87	14,87	0
08/10/2020 23:20:00	14,80	15,12	15,34	15,42	15,45	15,46	15,34	15,18	14,97	14,75	14,48	14,17	13,87	14,69	0
08/10/2020 23:25:00	14,71	15,12	15,28	15,32	15,35	15,38	15,29	15,16	14,96	14,76	14,54	14,29	14,03	14,55	0
08/10/2020 23:30:00	14,71	15,06	15,24	15,30	15,37	15,38	15,27	15,12	14,92	14,71	14,47	14,19	13,92	14,45	0
08/10/2020 23:35:00	14,43	14,86	15,02	15,10	15,12	15,08	14,99	14,85	14,64	14,42	14,18	13,90	13,63	14,49	0
08/10/2020 23:40:00	14,46	14,85	14,96	14,97	15,05	15,02	14,94	14,81	14,62	14,43	14,22	13,98	13,74	14,53	0
08/10/2020 23:45:00	14,40	14,70	14,96	15,05	15,08	15,12	15,02	14,88	14,68	14,46	14,20	13,91	13,62	14,42	0
08/10/2020 23:50:00	14,34	14,73	14,91	14,91	14,95	14,95	14,86	14,71	14,51	14,31	14,09	13,83	13,58	14,32	0
08/10/2020 23:55:00	14,26	14,68	14,87	14,88	14,91	14,96	14,89	14,77	14,57	14,39	14,18	13,95	13,71	14,32	0
