FileFormat:0002.2 file with temperature of atmosphere
200
local	GMT or Local
0	GMT-Local=[hours]
0	Height[m]
0	0	0	Longitude                [grd]               [min]               [sec]
0	0	0	Latitude                [grd]               [min]               [sec]
N	NS
59,40	Freq[GHz]
0,00	dTemostat[K]
0,150	MessErr[K]
0,248	//[grad/step]
version 14.0.20110218
MTP5H033F5940K-33.00D180214+A1.1
Commentary:
enter comment
End Of Commentary

SYSTEM\summer.dat
data time	0	50	100	150	200	250	300	350	400	450	500	550	600	OutsideTemperature	Quality
04/06/2020 00:00:00	12,90	12,96	12,90	12,66	12,60	12,63	12,46	12,28	12,08	11,90	11,74	11,57	11,39	13,04	0
04/06/2020 00:05:00	13,04	12,90	12,71	12,74	12,81	12,71	12,72	12,66	12,50	12,36	12,21	12,04	11,86	12,99	0
04/06/2020 00:10:00	13,01	13,05	12,98	12,92	12,84	12,93	12,86	12,75	12,58	12,44	12,30	12,15	11,99	12,99	0
04/06/2020 00:15:00	13,02	13,00	12,98	12,86	12,86	12,82	12,76	12,65	12,46	12,29	12,12	11,93	11,73	12,97	0
04/06/2020 00:20:00	12,92	12,98	12,95	12,96	12,89	12,91	12,85	12,73	12,55	12,38	12,20	12,00	11,80	12,95	0
04/06/2020 00:25:00	12,87	12,88	12,78	12,71	12,70	12,73	12,65	12,53	12,36	12,21	12,08	11,91	11,74	12,84	0
04/06/2020 00:30:00	12,87	12,77	12,75	12,73	12,72	12,70	12,62	12,48	12,30	12,11	11,92	11,70	11,47	12,81	0
04/06/2020 00:35:00	12,74	12,78	12,75	12,70	12,69	12,67	12,58	12,44	12,25	12,08	11,90	11,69	11,49	12,75	0
04/06/2020 00:40:00	12,77	12,73	12,67	12,58	12,59	12,64	12,61	12,51	12,35	12,22	12,09	11,94	11,79	12,70	0
04/06/2020 00:45:00	12,56	12,56	12,53	12,46	12,42	12,42	12,35	12,22	12,04	11,87	11,70	11,51	11,31	12,60	0
04/06/2020 00:50:00	12,63	12,58	12,55	12,51	12,54	12,52	12,43	12,30	12,12	11,94	11,76	11,56	11,35	12,55	0
04/06/2020 00:55:00	12,65	12,60	12,54	12,46	12,43	12,38	12,29	12,15	11,96	11,78	11,59	11,38	11,17	12,58	0
04/06/2020 01:00:00	12,68	12,67	12,56	12,50	12,46	12,42	12,37	12,26	12,07	11,91	11,76	11,58	11,40	12,64	0
04/06/2020 01:05:00	12,58	12,61	12,57	12,49	12,37	12,30	12,19	12,04	11,82	11,61	11,41	11,18	10,95	12,61	0
04/06/2020 01:10:00	12,58	12,56	12,47	12,42	12,37	12,34	12,22	12,07	11,87	11,69	11,51	11,29	11,08	12,52	0
04/06/2020 01:15:00	12,61	12,60	12,57	12,48	12,39	12,33	12,16	11,98	11,76	11,54	11,32	11,07	10,83	12,55	0
04/06/2020 01:20:00	12,53	12,53	12,44	12,39	12,33	12,29	12,18	12,04	11,85	11,67	11,49	11,28	11,07	12,55	0
04/06/2020 01:25:00	12,57	12,51	12,45	12,38	12,36	12,34	12,26	12,13	11,94	11,77	11,60	11,41	11,21	12,49	0
04/06/2020 01:30:00	12,55	12,63	12,57	12,44	12,33	12,24	12,16	12,02	11,81	11,61	11,43	11,23	11,02	12,54	0
04/06/2020 01:35:00	12,50	12,43	12,34	12,27	12,28	12,29	12,23	12,13	11,96	11,82	11,68	11,52	11,35	12,50	0
04/06/2020 01:40:00	12,47	12,54	12,50	12,42	12,36	12,31	12,21	12,07	11,86	11,67	11,49	11,28	11,07	12,47	0
04/06/2020 01:45:00	12,47	12,45	12,41	12,40	12,41	12,46	12,47	12,40	12,25	12,12	12,00	11,85	11,70	12,49	0
04/06/2020 01:50:00	12,46	12,50	12,45	12,41	12,41	12,38	12,30	12,16	11,98	11,80	11,63	11,42	11,22	12,45	0
04/06/2020 01:55:00	12,41	12,49	12,45	12,39	12,35	12,35	12,30	12,18	12,00	11,84	11,68	11,51	11,33	12,45	0
04/06/2020 02:00:00	12,47	12,49	12,43	12,40	12,42	12,45	12,40	12,29	12,13	11,98	11,84	11,67	11,49	12,48	0
04/06/2020 02:05:00	12,42	12,34	12,28	12,21	12,21	12,20	12,10	11,97	11,79	11,62	11,45	11,25	11,05	12,44	0
04/06/2020 02:10:00	12,49	12,46	12,37	12,30	12,27	12,28	12,23	12,13	11,96	11,81	11,67	11,51	11,34	12,47	0
04/06/2020 02:15:00	12,41	12,40	12,33	12,32	12,33	12,31	12,28	12,18	12,02	11,86	11,72	11,54	11,36	12,42	0
04/06/2020 02:20:00	12,46	12,41	12,45	12,52	12,53	12,51	12,43	12,30	12,11	11,92	11,71	11,46	11,22	12,47	0
04/06/2020 02:25:00	12,45	12,45	12,21	11,88	11,63	11,56	11,50	11,36	11,15	10,99	10,88	10,76	10,64	12,46	0
04/06/2020 02:30:00	12,55	12,56	12,54	12,52	12,52	12,51	12,45	12,34	12,16	11,99	11,82	11,63	11,43	12,42	0
04/06/2020 02:35:00	12,41	11,92	11,84	11,79	11,80	11,77	11,74	11,65	11,48	11,31	11,14	10,93	10,73	12,49	0
04/06/2020 02:40:00	12,29	12,38	12,43	12,44	12,44	12,38	12,32	12,20	12,00	11,82	11,62	11,40	11,17	12,47	0
04/06/2020 02:45:00	12,41	12,38	12,39	12,41	12,53	12,56	12,46	12,34	12,18	12,02	11,85	11,64	11,44	12,50	0
04/06/2020 02:50:00	12,55	12,54	12,47	12,38	12,37	12,40	12,28	12,14	11,96	11,79	11,64	11,45	11,27	12,50	0
04/06/2020 02:55:00	12,42	12,50	12,46	12,42	12,39	12,34	12,30	12,19	12,01	11,84	11,68	11,49	11,30	12,51	0
04/06/2020 03:00:00	12,54	12,51	12,45	12,37	12,37	12,41	12,34	12,22	12,05	11,91	11,76	11,59	11,42	12,53	0
04/06/2020 03:05:00	12,65	12,65	12,55	12,39	12,37	12,31	12,26	12,15	11,96	11,80	11,66	11,50	11,34	12,59	0
04/06/2020 03:10:00	12,59	12,56	12,56	12,46	12,38	12,32	12,21	12,05	11,84	11,63	11,43	11,20	10,97	12,57	0
04/06/2020 03:15:00	12,60	12,65	12,60	12,55	12,46	12,40	12,29	12,13	11,92	11,72	11,53	11,30	11,07	12,57	0
04/06/2020 03:20:00	12,52	12,51	12,42	12,43	12,44	12,45	12,34	12,20	12,03	11,86	11,69	11,49	11,28	12,57	0
04/06/2020 03:25:00	12,65	12,62	12,52	12,42	12,44	12,40	12,33	12,21	12,03	11,87	11,72	11,54	11,36	12,59	0
04/06/2020 03:30:00	12,32	12,39	12,29	12,19	12,12	12,09	12,00	11,87	11,67	11,51	11,35	11,17	10,99	12,61	0
04/06/2020 03:35:00	12,63	12,81	12,79	12,65	12,48	12,44	12,31	12,13	11,91	11,70	11,50	11,28	11,07	12,62	0
04/06/2020 03:40:00	12,66	12,66	12,67	12,65	12,66	12,66	12,55	12,40	12,21	12,03	11,84	11,62	11,40	12,70	0
04/06/2020 03:45:00	12,67	12,68	12,66	12,53	12,47	12,40	12,25	12,08	11,86	11,65	11,44	11,21	10,97	12,63	0
04/06/2020 03:50:00	12,68	12,75	12,65	12,57	12,53	12,52	12,43	12,30	12,11	11,95	11,80	11,62	11,44	12,67	0
04/06/2020 03:55:00	12,66	12,70	12,67	12,60	12,53	12,43	12,31	12,15	11,92	11,71	11,49	11,24	11,00	12,65	0
04/06/2020 04:00:00	12,67	12,50	12,32	12,21	12,14	12,05	11,96	11,83	11,64	11,46	11,30	11,11	10,91	12,73	0
04/06/2020 04:05:00	12,71	12,70	12,64	12,52	12,42	12,39	12,30	12,16	11,95	11,77	11,59	11,39	11,19	12,71	0
04/06/2020 04:10:00	12,74	12,73	12,66	12,47	12,40	12,34	12,21	12,05	11,84	11,65	11,47	11,26	11,06	12,74	0
04/06/2020 04:15:00	12,80	12,85	12,79	12,67	12,63	12,56	12,42	12,26	12,04	11,85	11,65	11,43	11,20	12,80	0
04/06/2020 04:20:00	12,78	12,96	12,95	12,81	12,69	12,54	12,34	12,12	11,87	11,62	11,36	11,08	10,80	12,84	0
04/06/2020 04:25:00	12,93	13,04	12,99	12,90	12,77	12,60	12,43	12,22	11,97	11,73	11,47	11,19	10,91	12,89	0
04/06/2020 04:30:00	12,92	13,08	13,05	12,94	12,82	12,75	12,50	12,26	12,01	11,77	11,52	11,24	10,96	12,89	0
04/06/2020 04:35:00	12,99	13,15	13,14	13,02	12,84	12,64	12,42	12,18	11,91	11,63	11,34	11,03	10,72	12,95	0
04/06/2020 04:40:00	12,95	13,16	13,18	13,09	12,94	12,75	12,55	12,32	12,05	11,78	11,49	11,17	10,86	13,02	0
04/06/2020 04:45:00	13,07	13,23	13,19	13,02	12,87	12,72	12,48	12,23	11,96	11,70	11,43	11,14	10,85	13,12	0
04/06/2020 04:50:00	13,06	13,29	13,26	13,13	12,99	12,80	12,53	12,27	11,99	11,72	11,42	11,10	10,78	13,15	0
04/06/2020 04:55:00	13,12	13,31	13,27	13,13	12,99	12,81	12,58	12,34	12,08	11,81	11,54	11,24	10,94	13,19	0
04/06/2020 05:00:00	13,13	13,34	13,31	13,25	13,11	12,90	12,69	12,45	12,19	11,92	11,62	11,30	10,98	13,20	0
04/06/2020 05:05:00	13,24	13,35	13,31	13,24	13,16	13,00	12,74	12,49	12,24	11,97	11,67	11,35	11,02	13,19	0
04/06/2020 05:10:00	13,16	13,33	13,33	13,22	13,08	12,92	12,67	12,42	12,16	11,89	11,59	11,28	10,96	13,23	0
04/06/2020 05:15:00	13,24	13,39	13,31	13,20	13,06	12,95	12,72	12,48	12,24	11,99	11,74	11,46	11,18	13,22	0
04/06/2020 05:20:00	13,35	13,42	13,34	13,21	13,07	12,98	12,76	12,54	12,29	12,06	11,81	11,53	11,26	13,37	0
04/06/2020 05:25:00	13,32	13,40	13,32	13,21	13,14	13,14	13,03	12,89	12,69	12,52	12,35	12,15	11,96	13,28	0
04/06/2020 05:30:00	13,30	13,26	13,15	13,11	13,09	13,07	12,98	12,85	12,68	12,51	12,34	12,13	11,93	13,29	0
04/06/2020 05:35:00	13,25	13,20	13,07	13,03	12,96	12,98	12,91	12,80	12,63	12,48	12,33	12,16	11,98	13,24	0
04/06/2020 05:40:00	13,18	13,07	12,98	12,89	12,79	12,78	12,73	12,63	12,44	12,28	12,12	11,94	11,76	13,16	0
04/06/2020 05:45:00	13,10	13,07	12,99	12,93	12,86	12,84	12,71	12,56	12,36	12,17	11,98	11,76	11,54	13,07	0
04/06/2020 05:50:00	12,91	12,79	12,69	12,58	12,54	12,54	12,44	12,30	12,12	11,95	11,79	11,61	11,42	12,92	0
04/06/2020 05:55:00	12,83	12,81	12,75	12,68	12,65	12,63	12,53	12,39	12,20	12,03	11,85	11,64	11,44	12,83	0
04/06/2020 06:00:00	12,77	12,82	12,72	12,65	12,57	12,44	12,30	12,12	11,90	11,69	11,47	11,23	10,98	12,81	0
04/06/2020 06:05:00	12,79	12,73	12,61	12,49	12,32	12,23	12,06	11,87	11,65	11,43	11,21	10,97	10,73	12,79	0
04/06/2020 06:10:00	12,78	12,71	12,51	12,35	12,18	12,02	11,84	11,64	11,40	11,18	10,96	10,72	10,47	12,79	0
04/06/2020 06:15:00	12,80	12,71	12,54	12,36	12,18	12,01	11,77	11,52	11,27	11,02	10,77	10,49	10,21	12,83	0
04/06/2020 06:20:00	12,89	12,69	12,42	12,13	11,93	11,74	11,46	11,20	10,94	10,70	10,47	10,21	9,96	12,84	0
04/06/2020 06:25:00	12,74	12,58	12,30	12,02	11,77	11,55	11,31	11,06	10,80	10,56	10,32	10,07	9,82	12,69	0
04/06/2020 06:30:00	12,62	12,48	12,26	12,00	11,80	11,58	11,35	11,11	10,85	10,61	10,37	10,11	9,85	12,58	0
04/06/2020 06:35:00	12,57	12,43	12,24	12,00	11,82	11,57	11,30	11,03	10,76	10,49	10,21	9,91	9,62	12,59	0
04/06/2020 06:40:00	12,60	12,41	12,20	11,97	11,75	11,53	11,24	10,97	10,70	10,43	10,16	9,86	9,56	12,57	0
04/06/2020 06:45:00	12,62	12,49	12,27	12,02	11,80	11,55	11,28	11,02	10,74	10,48	10,21	9,92	9,64	12,66	0
04/06/2020 06:50:00	12,66	12,54	12,33	12,06	11,84	11,59	11,29	11,01	10,73	10,45	10,17	9,87	9,58	12,66	0
04/06/2020 06:55:00	12,70	12,46	12,28	12,01	11,76	11,53	11,26	11,00	10,72	10,45	10,17	9,88	9,58	12,68	0
04/06/2020 07:00:00	12,71	12,53	12,31	12,06	11,82	11,61	11,34	11,08	10,81	10,55	10,30	10,02	9,74	12,72	0
04/06/2020 07:05:00	12,71	12,54	12,34	12,15	11,90	11,69	11,42	11,16	10,89	10,62	10,34	10,04	9,75	12,66	0
04/06/2020 07:10:00	12,76	12,63	12,39	12,15	11,92	11,67	11,36	11,07	10,79	10,51	10,23	9,92	9,61	12,80	0
04/06/2020 07:15:00	12,80	12,73	12,50	12,24	12,01	11,71	11,40	11,10	10,81	10,52	10,23	9,91	9,60	12,81	0
04/06/2020 07:20:00	12,91	12,71	12,48	12,25	12,02	11,76	11,48	11,20	10,92	10,65	10,36	10,05	9,74	12,87	0
04/06/2020 07:25:00	12,88	12,76	12,61	12,31	12,04	11,77	11,46	11,16	10,86	10,56	10,26	9,94	9,61	12,87	0
04/06/2020 07:30:00	12,89	12,89	12,65	12,33	12,02	11,70	11,36	11,04	10,73	10,43	10,12	9,80	9,48	12,90	0
04/06/2020 07:35:00	12,97	12,81	12,60	12,32	12,01	11,72	11,39	11,08	10,77	10,47	10,15	9,81	9,48	12,93	0
04/06/2020 07:40:00	13,03	13,00	12,75	12,45	12,16	11,88	11,54	11,22	10,91	10,62	10,32	10,00	9,68	13,05	0
04/06/2020 07:45:00	13,09	12,97	12,78	12,49	12,17	11,88	11,53	11,20	10,88	10,57	10,24	9,89	9,54	13,09	0
04/06/2020 07:50:00	13,13	13,18	12,99	12,70	12,36	12,02	11,68	11,35	11,03	10,71	10,37	10,02	9,67	13,14	0
04/06/2020 07:55:00	13,25	13,23	13,06	12,82	12,55	12,21	11,86	11,53	11,21	10,88	10,53	10,16	9,79	13,19	0
04/06/2020 08:00:00	13,39	13,24	13,00	12,70	12,45	12,13	11,76	11,42	11,11	10,80	10,47	10,12	9,77	13,28	0
04/06/2020 08:05:00	13,31	13,26	13,12	12,86	12,54	12,21	11,83	11,48	11,15	10,81	10,44	10,05	9,66	13,35	0
04/06/2020 08:10:00	13,28	13,35	13,19	12,91	12,61	12,29	11,90	11,55	11,22	10,89	10,53	10,16	9,79	13,37	0
04/06/2020 08:15:00	13,40	13,39	13,20	12,88	12,57	12,24	11,84	11,47	11,14	10,80	10,44	10,07	9,69	13,36	0
04/06/2020 08:20:00	13,54	13,53	13,32	13,00	12,67	12,30	11,95	11,62	11,29	10,96	10,61	10,25	9,89	13,47	0
04/06/2020 08:25:00	13,86	13,59	13,29	12,94	12,60	12,26	11,88	11,53	11,21	10,89	10,55	10,20	9,84	13,52	0
04/06/2020 08:30:00	14,05	13,67	13,31	13,00	12,68	12,30	11,97	11,65	11,35	11,04	10,70	10,35	10,00	13,70	0
04/06/2020 08:35:00	13,90	13,77	13,45	13,12	12,76	12,40	12,01	11,65	11,33	11,00	10,65	10,29	9,92	13,81	0
04/06/2020 08:40:00	13,88	13,76	13,49	13,12	12,78	12,45	12,06	11,70	11,38	11,05	10,71	10,36	10,00	13,72	0
04/06/2020 08:45:00	14,04	13,88	13,56	13,16	12,75	12,43	12,01	11,65	11,32	10,99	10,65	10,30	9,94	13,84	0
04/06/2020 08:50:00	14,00	13,67	13,29	12,93	12,54	12,18	11,78	11,42	11,09	10,77	10,42	10,06	9,70	14,02	0
04/06/2020 08:55:00	14,06	13,69	13,31	12,92	12,54	12,17	11,82	11,50	11,18	10,87	10,55	10,21	9,88	13,98	0
04/06/2020 09:00:00	13,95	13,77	13,46	13,08	12,70	12,28	11,89	11,53	11,19	10,85	10,49	10,11	9,74	14,12	0
04/06/2020 09:05:00	13,99	13,78	13,42	13,05	12,66	12,26	11,85	11,47	11,14	10,80	10,44	10,07	9,69	14,25	0
04/06/2020 09:10:00	13,75	13,76	13,51	13,19	12,79	12,35	11,97	11,60	11,24	10,88	10,50	10,10	9,70	14,18	0
04/06/2020 09:15:00	14,12	14,11	13,82	13,39	13,02	12,62	12,24	11,88	11,54	11,21	10,87	10,52	10,17	14,26	0
04/06/2020 09:20:00	14,25	14,12	13,76	13,37	12,98	12,56	12,16	11,79	11,45	11,12	10,77	10,40	10,03	14,22	0
04/06/2020 09:25:00	14,38	14,17	13,80	13,39	13,02	12,63	12,18	11,79	11,45	11,11	10,74	10,36	9,97	14,45	0
04/06/2020 09:30:00	14,84	14,22	13,74	13,31	12,91	12,51	12,09	11,72	11,40	11,06	10,71	10,34	9,97	14,52	0
04/06/2020 09:35:00	14,97	14,30	13,78	13,32	12,94	12,50	12,09	11,73	11,40	11,07	10,72	10,35	9,98	14,80	0
04/06/2020 09:40:00	14,57	14,33	13,95	13,50	13,09	12,64	12,21	11,83	11,48	11,13	10,76	10,37	9,99	14,87	0
04/06/2020 09:45:00	14,84	14,22	13,70	13,26	12,87	12,48	12,10	11,76	11,46	11,15	10,83	10,50	10,16	14,65	0
04/06/2020 09:50:00	14,70	14,29	13,75	13,35	12,98	12,59	12,19	11,84	11,53	11,22	10,90	10,56	10,21	14,64	0
04/06/2020 09:55:00	14,88	14,13	13,30	12,82	12,42	12,06	11,71	11,41	11,15	10,91	10,68	10,43	10,18	14,75	0
04/06/2020 10:00:00	15,86	14,15	13,26	12,69	12,32	11,96	11,63	11,35	11,11	10,87	10,62	10,34	10,07	15,07	0
04/06/2020 10:05:00	15,92	14,31	13,32	12,80	12,40	12,01	11,65	11,36	11,12	10,88	10,63	10,36	10,08	15,28	0
04/06/2020 10:10:00	15,40	14,68	13,93	13,41	12,92	12,50	12,05	11,68	11,36	11,05	10,74	10,41	10,08	15,22	0
04/06/2020 10:15:00	16,86	14,99	13,47	12,84	12,36	11,99	11,66	11,42	11,23	11,07	10,95	10,80	10,64	15,37	1
04/06/2020 10:20:00	17,02	14,79	13,53	12,91	12,49	12,16	11,89	11,67	11,49	11,32	11,17	10,98	10,79	15,96	1
04/06/2020 10:25:00	17,19	15,13	13,81	13,24	12,81	12,48	12,19	11,96	11,78	11,60	11,44	11,24	11,04	16,36	1
04/06/2020 10:30:00	15,63	15,36	14,59	14,08	13,56	13,10	12,66	12,28	11,95	11,65	11,34	11,03	10,71	16,13	0
04/06/2020 10:35:00	16,94	15,02	13,95	13,43	12,97	12,55	12,17	11,87	11,62	11,35	11,06	10,73	10,41	16,30	0
04/06/2020 10:40:00	16,76	15,75	14,33	13,73	13,16	12,65	12,22	11,89	11,63	11,41	11,21	10,99	10,77	16,08	0
04/06/2020 10:45:00	16,79	15,61	14,46	13,84	13,33	12,87	12,50	12,20	11,94	11,71	11,50	11,26	11,03	16,52	0
04/06/2020 10:50:00	16,39	15,37	14,76	14,30	13,86	13,44	12,98	12,60	12,27	11,92	11,54	11,12	10,71	17,17	0
04/06/2020 10:55:00	15,80	15,44	15,08	14,66	14,17	13,68	13,18	12,75	12,36	11,95	11,50	11,03	10,56	16,34	0
04/06/2020 11:00:00	15,65	15,41	15,05	14,64	14,16	13,69	13,19	12,76	12,38	11,98	11,54	11,08	10,63	16,10	0
04/06/2020 11:05:00	15,21	15,37	15,21	14,83	14,41	13,91	13,42	12,98	12,58	12,16	11,69	11,21	10,73	16,09	0
04/06/2020 11:10:00	15,42	15,36	15,07	14,66	14,23	13,78	13,31	12,88	12,51	12,11	11,68	11,24	10,80	15,96	0
04/06/2020 11:15:00	17,51	15,62	14,44	13,82	13,34	12,96	12,62	12,36	12,13	11,91	11,70	11,46	11,21	16,29	0
04/06/2020 11:20:00	18,09	16,00	14,75	14,10	13,59	13,13	12,73	12,43	12,18	11,93	11,66	11,37	11,07	17,35	1
04/06/2020 11:25:00	16,77	16,01	15,30	14,72	14,15	13,62	13,13	12,71	12,34	11,97	11,58	11,17	10,76	17,41	0
04/06/2020 11:30:00	16,22	15,70	15,13	14,63	14,21	13,80	13,37	12,99	12,67	12,34	11,99	11,63	11,26	16,68	0
04/06/2020 11:35:00	16,25	15,80	15,20	14,71	14,20	13,72	13,28	12,89	12,54	12,19	11,82	11,44	11,05	16,95	0
04/06/2020 11:40:00	17,33	15,82	15,01	14,46	13,98	13,55	13,17	12,85	12,56	12,25	11,92	11,56	11,20	16,52	0
04/06/2020 11:45:00	18,26	16,03	14,98	14,38	13,92	13,54	13,17	12,89	12,64	12,38	12,08	11,76	11,43	17,35	1
04/06/2020 11:50:00	16,94	15,91	15,37	14,93	14,44	13,99	13,58	13,22	12,88	12,53	12,12	11,70	11,27	17,30	0
04/06/2020 11:55:00	16,34	16,19	15,72	15,20	14,72	14,21	13,68	13,23	12,85	12,45	12,03	11,59	11,15	16,86	0
04/06/2020 12:00:00	16,16	16,09	15,88	15,45	15,00	14,52	14,01	13,55	13,15	12,72	12,24	11,74	11,24	16,95	0
04/06/2020 12:05:00	16,99	16,29	15,73	15,24	14,81	14,32	13,83	13,42	13,07	12,69	12,27	11,83	11,39	16,95	0
04/06/2020 12:10:00	17,33	16,47	15,92	15,45	14,95	14,46	14,04	13,66	13,31	12,94	12,53	12,10	11,66	17,56	0
04/06/2020 12:15:00	17,53	16,62	15,84	15,34	14,85	14,34	13,89	13,52	13,19	12,85	12,47	12,07	11,67	17,63	0
04/06/2020 12:20:00	17,18	16,61	16,04	15,55	15,06	14,52	14,03	13,61	13,24	12,85	12,42	11,97	11,52	17,58	0
04/06/2020 12:25:00	17,13	16,51	15,97	15,48	14,99	14,50	13,98	13,55	13,18	12,78	12,34	11,87	11,41	17,69	0
04/06/2020 12:30:00	17,37	16,46	15,90	15,44	15,00	14,51	14,05	13,66	13,31	12,93	12,51	12,05	11,60	17,58	0
04/06/2020 12:35:00	17,48	16,89	16,01	15,42	14,85	14,32	13,86	13,47	13,13	12,80	12,46	12,10	11,75	17,60	0
04/06/2020 12:40:00	17,68	16,50	15,85	15,33	14,89	14,44	14,00	13,62	13,30	12,95	12,55	12,12	11,70	17,91	0
04/06/2020 12:45:00	17,15	16,66	16,16	15,65	15,15	14,64	14,18	13,78	13,41	13,02	12,61	12,17	11,73	17,51	0
04/06/2020 12:50:00	16,79	16,52	16,17	15,72	15,32	14,90	14,40	13,98	13,61	13,22	12,78	12,32	11,86	17,43	0
04/06/2020 12:55:00	17,14	16,50	15,86	15,31	14,81	14,39	13,94	13,55	13,22	12,89	12,53	12,16	11,78	17,18	0
04/06/2020 13:00:00	18,85	16,41	15,63	15,18	14,80	14,47	14,15	13,88	13,63	13,33	12,96	12,54	12,13	17,82	0
04/06/2020 13:05:00	18,55	16,59	15,93	15,50	15,12	14,72	14,33	14,01	13,71	13,35	12,92	12,45	11,97	19,39	0
04/06/2020 13:10:00	18,22	16,75	16,19	15,69	15,19	14,70	14,30	13,94	13,59	13,21	12,77	12,30	11,83	18,54	0
04/06/2020 13:15:00	17,62	16,91	16,30	15,82	15,32	14,83	14,35	13,95	13,59	13,21	12,78	12,33	11,88	18,87	0
04/06/2020 13:20:00	18,52	17,42	16,21	15,63	15,16	14,66	14,21	13,85	13,58	13,31	13,03	12,72	12,41	18,32	0
04/06/2020 13:25:00	17,85	17,41	16,88	16,36	15,89	15,31	14,73	14,24	13,83	13,39	12,89	12,37	11,85	18,14	0
04/06/2020 13:30:00	18,59	17,36	16,55	16,04	15,58	15,10	14,63	14,24	13,92	13,57	13,16	12,73	12,29	18,76	0
04/06/2020 13:35:00	18,42	17,42	16,79	16,27	15,84	15,35	14,87	14,47	14,12	13,74	13,31	12,85	12,39	19,32	0
04/06/2020 13:40:00	17,40	17,27	16,85	16,40	15,90	15,42	14,90	14,45	14,06	13,65	13,19	12,71	12,23	18,47	0
04/06/2020 13:45:00	17,17	17,21	16,99	16,60	16,14	15,61	15,10	14,65	14,24	13,80	13,29	12,77	12,25	18,52	0
04/06/2020 13:50:00	17,13	17,29	17,11	16,72	16,22	15,68	15,12	14,62	14,18	13,70	13,15	12,58	12,02	18,85	0
04/06/2020 13:55:00	16,72	16,96	16,73	16,31	15,85	15,30	14,73	14,24	13,81	13,35	12,83	12,29	11,76	18,39	0
04/06/2020 14:00:00	16,43	16,81	16,68	16,32	15,87	15,36	14,85	14,39	13,97	13,52	13,02	12,50	11,99	18,17	0
04/06/2020 14:05:00	16,46	16,87	16,65	16,27	15,81	15,29	14,77	14,30	13,88	13,44	12,95	12,45	11,94	17,79	0
04/06/2020 14:10:00	16,43	16,81	16,68	16,29	15,86	15,39	14,83	14,34	13,92	13,47	12,97	12,44	11,92	17,68	0
04/06/2020 14:15:00	16,44	16,78	16,65	16,29	15,84	15,29	14,78	14,31	13,88	13,42	12,91	12,38	11,85	17,54	0
04/06/2020 14:20:00	16,44	16,11	15,58	15,25	14,82	14,34	13,87	13,46	13,11	12,73	12,31	11,86	11,42	17,37	0
04/06/2020 14:25:00	14,19	14,13	14,17	14,19	14,25	14,35	14,39	14,35	14,21	14,09	13,97	13,81	13,65	14,64	0
04/06/2020 14:30:00	13,70	13,81	14,02	14,02	14,05	14,14	14,11	14,01	13,83	13,66	13,48	13,26	13,05	13,78	0
04/06/2020 14:35:00	13,47	13,67	13,99	14,12	14,20	14,24	14,14	14,00	13,79	13,57	13,30	13,00	12,69	13,39	0
04/06/2020 14:40:00	13,39	13,58	13,83	13,88	13,91	13,97	13,95	13,86	13,67	13,49	13,29	13,05	12,82	12,89	0
04/06/2020 14:45:00	13,60	13,58	13,68	13,74	13,90	13,99	13,97	13,90	13,75	13,61	13,45	13,25	13,05	12,99	0
04/06/2020 14:50:00	13,78	13,76	13,80	13,85	13,93	14,03	14,04	13,98	13,84	13,71	13,58	13,41	13,23	13,27	0
04/06/2020 14:55:00	14,10	13,96	13,98	14,09	14,16	14,19	14,12	14,02	13,86	13,69	13,48	13,24	12,99	13,28	0
04/06/2020 15:00:00	14,49	14,16	14,11	14,13	14,22	14,29	14,24	14,15	14,01	13,87	13,71	13,50	13,30	13,81	0
04/06/2020 15:05:00	14,72	14,14	14,17	14,21	14,28	14,29	14,27	14,19	14,03	13,86	13,64	13,39	13,14	13,87	0
04/06/2020 15:10:00	14,57	14,27	14,45	14,50	14,51	14,53	14,40	14,24	14,04	13,81	13,53	13,20	12,88	14,36	0
04/06/2020 15:15:00	14,53	14,34	14,48	14,57	14,56	14,50	14,36	14,20	13,98	13,73	13,43	13,09	12,74	14,19	0
04/06/2020 15:20:00	14,67	14,51	14,70	14,77	14,72	14,62	14,45	14,26	14,01	13,73	13,39	13,00	12,62	14,31	0
04/06/2020 15:25:00	14,47	14,44	14,61	14,65	14,69	14,74	14,62	14,47	14,28	14,07	13,82	13,54	13,25	14,19	0
04/06/2020 15:30:00	14,23	14,20	14,32	14,33	14,34	14,30	14,23	14,11	13,91	13,71	13,48	13,21	12,94	14,28	0
04/06/2020 15:35:00	14,34	14,32	14,39	14,36	14,38	14,39	14,29	14,16	13,97	13,78	13,57	13,33	13,08	14,29	0
04/06/2020 15:40:00	14,47	14,33	14,43	14,44	14,47	14,44	14,29	14,13	13,92	13,69	13,43	13,12	12,82	14,39	0
04/06/2020 15:45:00	15,76	14,60	14,25	14,22	14,21	14,24	14,23	14,19	14,07	13,95	13,80	13,61	13,42	14,85	0
04/06/2020 15:50:00	16,78	14,74	14,01	13,85	13,84	13,79	13,67	13,57	13,47	13,33	13,16	12,93	12,70	14,90	0
04/06/2020 15:55:00	17,29	15,19	14,13	13,74	13,57	13,51	13,37	13,28	13,19	13,10	13,02	12,90	12,77	15,68	0
04/06/2020 16:00:00	17,02	15,16	14,58	14,37	14,25	14,10	13,92	13,77	13,61	13,41	13,17	12,87	12,58	16,65	0
04/06/2020 16:05:00	17,10	15,43	14,77	14,50	14,29	14,15	13,92	13,73	13,55	13,34	13,09	12,80	12,51	16,68	0
04/06/2020 16:10:00	17,01	15,58	14,94	14,70	14,53	14,35	14,11	13,90	13,71	13,49	13,24	12,93	12,63	16,99	0
04/06/2020 16:15:00	16,56	15,66	15,23	15,06	14,93	14,73	14,43	14,18	13,95	13,69	13,38	13,02	12,66	16,54	0
04/06/2020 16:20:00	16,84	15,62	15,21	14,93	14,74	14,56	14,33	14,11	13,90	13,65	13,37	13,05	12,73	17,16	0
04/06/2020 16:25:00	16,63	15,85	15,42	15,12	14,85	14,58	14,32	14,07	13,82	13,56	13,27	12,94	12,62	16,93	0
04/06/2020 16:30:00	16,57	15,96	15,64	15,38	15,15	14,88	14,53	14,22	13,94	13,63	13,27	12,87	12,48	16,81	0
04/06/2020 16:35:00	16,54	16,05	15,79	15,48	15,20	14,87	14,53	14,21	13,91	13,58	13,21	12,80	12,40	16,51	0
04/06/2020 16:40:00	16,43	15,95	15,76	15,50	15,24	14,92	14,58	14,26	13,95	13,61	13,22	12,79	12,36	16,99	0
04/06/2020 16:45:00	16,11	16,06	15,97	15,65	15,27	14,85	14,41	14,01	13,63	13,22	12,76	12,27	11,79	17,01	0
04/06/2020 16:50:00	15,76	15,93	15,98	15,70	15,40	15,02	14,63	14,25	13,89	13,49	13,04	12,57	12,10	16,72	0
04/06/2020 16:55:00	15,54	15,83	15,96	15,71	15,45	15,09	14,65	14,24	13,86	13,44	12,96	12,45	11,95	16,72	0
04/06/2020 17:00:00	15,29	15,71	15,87	15,68	15,42	15,07	14,68	14,31	13,94	13,53	13,07	12,59	12,10	16,31	0
04/06/2020 17:05:00	15,19	15,76	15,95	15,77	15,48	15,13	14,74	14,36	13,98	13,58	13,11	12,63	12,15	16,40	0
04/06/2020 17:10:00	15,14	15,60	15,80	15,64	15,42	15,12	14,74	14,37	14,01	13,62	13,17	12,69	12,22	16,04	0
04/06/2020 17:15:00	15,11	15,52	15,65	15,55	15,35	15,10	14,81	14,50	14,18	13,84	13,45	13,03	12,61	15,88	0
04/06/2020 17:20:00	15,38	15,81	15,96	15,78	15,54	15,31	15,04	14,74	14,43	14,10	13,73	13,34	12,95	15,91	0
04/06/2020 17:25:00	15,35	15,60	15,61	15,44	15,26	15,07	14,84	14,60	14,32	14,04	13,73	13,40	13,06	15,64	0
04/06/2020 17:30:00	14,85	14,93	14,91	14,76	14,64	14,54	14,37	14,18	13,94	13,71	13,47	13,19	12,92	15,26	0
04/06/2020 17:35:00	14,05	14,08	14,17	14,13	14,06	14,01	13,94	13,80	13,59	13,38	13,15	12,89	12,64	14,64	0
04/06/2020 17:40:00	13,89	13,99	14,15	14,15	14,14	14,09	13,95	13,78	13,56	13,33	13,07	12,77	12,47	14,25	0
04/06/2020 17:45:00	13,84	14,05	14,41	14,50	14,63	14,64	14,53	14,38	14,17	13,94	13,66	13,34	13,02	13,89	0
04/06/2020 17:50:00	13,75	14,13	14,60	14,79	14,96	14,99	14,87	14,72	14,51	14,26	13,95	13,60	13,25	13,65	0
04/06/2020 17:55:00	13,89	14,10	14,65	14,94	15,06	15,05	14,94	14,78	14,55	14,27	13,90	13,49	13,08	13,82	0
04/06/2020 18:00:00	14,08	14,34	14,80	14,86	14,79	14,62	14,30	14,00	13,67	13,30	12,84	12,34	11,85	13,82	0
04/06/2020 18:05:00	14,20	14,53	14,94	14,92	14,77	14,53	14,23	13,92	13,58	13,20	12,74	12,26	11,78	14,16	0
04/06/2020 18:10:00	14,32	14,79	15,11	15,01	14,83	14,53	14,21	13,88	13,53	13,14	12,70	12,23	11,76	14,60	0
04/06/2020 18:15:00	15,05	15,03	14,95	14,79	14,61	14,34	14,00	13,69	13,39	13,07	12,70	12,29	11,89	15,02	0
04/06/2020 18:20:00	15,94	15,39	14,97	14,67	14,38	14,09	13,78	13,50	13,22	12,94	12,63	12,29	11,95	15,87	0
04/06/2020 18:25:00	16,16	15,54	15,12	14,79	14,50	14,23	13,93	13,65	13,39	13,11	12,81	12,49	12,16	16,33	0
04/06/2020 18:30:00	15,92	15,75	15,42	15,09	14,77	14,38	13,98	13,63	13,30	12,96	12,58	12,18	11,77	16,20	0
04/06/2020 18:35:00	15,29	15,74	15,58	15,25	14,86	14,42	13,98	13,58	13,21	12,82	12,41	11,98	11,55	16,24	0
04/06/2020 18:40:00	15,47	15,81	15,60	15,24	14,86	14,42	13,94	13,52	13,14	12,75	12,33	11,89	11,45	15,95	0
04/06/2020 18:45:00	14,77	15,49	15,66	15,43	15,05	14,58	14,13	13,70	13,27	12,82	12,31	11,79	11,26	15,79	0
04/06/2020 18:50:00	14,97	15,51	15,51	15,27	14,96	14,54	14,09	13,68	13,29	12,88	12,43	11,95	11,47	15,73	0
04/06/2020 18:55:00	15,35	15,65	15,44	15,05	14,67	14,23	13,77	13,35	12,98	12,60	12,19	11,76	11,33	15,67	0
04/06/2020 19:00:00	15,30	15,55	15,47	15,17	14,81	14,38	13,90	13,47	13,08	12,66	12,19	11,71	11,22	15,85	0
04/06/2020 19:05:00	15,04	15,58	15,62	15,32	14,93	14,46	13,98	13,53	13,12	12,68	12,18	11,68	11,17	15,65	0
04/06/2020 19:10:00	14,79	15,44	15,63	15,41	15,06	14,59	14,09	13,64	13,20	12,73	12,19	11,64	11,08	15,60	0
04/06/2020 19:15:00	14,71	15,51	15,76	15,52	15,13	14,63	14,16	13,70	13,26	12,78	12,23	11,68	11,12	15,59	0
04/06/2020 19:20:00	14,43	15,24	15,63	15,53	15,24	14,83	14,34	13,88	13,45	12,97	12,40	11,81	11,22	15,34	0
04/06/2020 19:25:00	14,50	15,40	15,56	15,31	14,97	14,53	14,12	13,72	13,31	12,89	12,42	11,95	11,48	15,38	0
04/06/2020 19:30:00	14,38	15,27	15,52	15,27	14,98	14,59	14,20	13,80	13,40	12,99	12,53	12,07	11,60	15,25	0
04/06/2020 19:35:00	14,17	15,14	15,56	15,40	15,15	14,76	14,35	13,95	13,53	13,09	12,58	12,06	11,54	14,71	0
04/06/2020 19:40:00	14,47	15,40	15,79	15,63	15,31	14,89	14,47	14,05	13,62	13,16	12,63	12,09	11,55	14,60	0
04/06/2020 19:45:00	14,66	15,33	15,66	15,50	15,20	14,82	14,43	14,04	13,64	13,20	12,70	12,19	11,67	14,26	0
04/06/2020 19:50:00	14,57	15,57	15,74	15,50	15,15	14,71	14,24	13,79	13,37	12,92	12,43	11,93	11,43	15,21	0
04/06/2020 19:55:00	14,74	15,79	16,02	15,84	15,46	14,99	14,52	14,07	13,64	13,17	12,65	12,11	11,58	15,32	0
04/06/2020 20:00:00	14,64	15,69	16,06	15,82	15,49	15,03	14,50	14,02	13,55	13,06	12,49	11,91	11,34	15,21	0
04/06/2020 20:05:00	14,66	15,56	15,86	15,63	15,31	14,88	14,40	13,95	13,52	13,05	12,53	11,99	11,45	14,97	0
04/06/2020 20:10:00	14,72	15,67	15,82	15,54	15,18	14,73	14,24	13,79	13,36	12,92	12,43	11,93	11,43	14,96	0
04/06/2020 20:15:00	14,69	15,60	15,79	15,60	15,27	14,82	14,32	13,86	13,43	12,97	12,44	11,90	11,36	15,09	0
04/06/2020 20:20:00	14,78	15,87	16,07	15,80	15,44	14,99	14,50	14,04	13,60	13,15	12,65	12,14	11,62	14,90	0
04/06/2020 20:25:00	14,79	16,06	16,27	16,05	15,70	15,20	14,71	14,24	13,80	13,33	12,80	12,27	11,74	14,82	0
04/06/2020 20:30:00	14,56	15,88	16,30	16,17	15,87	15,49	14,97	14,49	14,04	13,56	13,00	12,44	11,87	14,65	0
04/06/2020 20:35:00	14,85	16,02	16,19	15,99	15,65	15,23	14,73	14,27	13,85	13,40	12,90	12,39	11,88	14,51	0
04/06/2020 20:40:00	14,92	15,95	16,04	15,84	15,48	15,06	14,61	14,18	13,77	13,34	12,87	12,38	11,90	14,53	0
04/06/2020 20:45:00	14,71	15,65	15,73	15,51	15,19	14,75	14,29	13,86	13,45	13,03	12,55	12,07	11,58	14,52	0
04/06/2020 20:50:00	14,66	15,53	15,68	15,44	15,11	14,66	14,19	13,75	13,33	12,88	12,39	11,88	11,36	14,65	0
04/06/2020 20:55:00	14,56	15,67	15,88	15,69	15,32	14,85	14,36	13,90	13,46	12,99	12,46	11,93	11,39	14,59	0
04/06/2020 21:00:00	14,41	15,57	15,73	15,56	15,25	14,83	14,33	13,88	13,46	13,03	12,53	12,03	11,52	14,47	0
04/06/2020 21:05:00	14,56	15,54	15,61	15,42	15,03	14,58	14,08	13,61	13,19	12,75	12,25	11,74	11,23	14,40	0
04/06/2020 21:10:00	14,46	15,59	15,72	15,48	15,08	14,62	14,12	13,65	13,21	12,76	12,26	11,76	11,25	14,47	0
04/06/2020 21:15:00	14,61	15,58	15,68	15,44	15,09	14,59	14,12	13,67	13,24	12,79	12,29	11,78	11,27	14,67	0
04/06/2020 21:20:00	14,43	15,59	15,72	15,50	15,09	14,59	14,08	13,60	13,15	12,68	12,17	11,64	11,11	14,60	0
04/06/2020 21:25:00	14,30	15,60	15,85	15,62	15,18	14,69	14,17	13,68	13,22	12,74	12,20	11,65	11,11	14,45	0
04/06/2020 21:30:00	14,46	15,81	15,93	15,68	15,28	14,77	14,24	13,75	13,30	12,83	12,32	11,80	11,28	14,45	0
04/06/2020 21:35:00	14,35	15,69	15,92	15,69	15,27	14,81	14,28	13,78	13,33	12,85	12,32	11,79	11,25	14,50	0
04/06/2020 21:40:00	14,22	15,66	15,94	15,73	15,30	14,78	14,22	13,70	13,22	12,71	12,14	11,57	10,99	14,48	0
04/06/2020 21:45:00	14,23	15,47	15,71	15,50	15,08	14,57	14,02	13,51	13,04	12,54	11,98	11,42	10,85	14,41	0
04/06/2020 21:50:00	13,66	15,51	15,80	15,58	15,13	14,60	14,05	13,53	13,04	12,54	12,00	11,45	10,91	14,14	0
04/06/2020 21:55:00	13,72	15,41	15,65	15,43	15,01	14,47	13,89	13,35	12,86	12,36	11,81	11,25	10,70	14,05	0
04/06/2020 22:00:00	14,03	15,19	15,30	15,06	14,70	14,23	13,74	13,27	12,84	12,40	11,92	11,43	10,94	14,04	0
04/06/2020 22:05:00	13,85	15,19	15,34	15,09	14,66	14,14	13,65	13,17	12,72	12,25	11,75	11,24	10,73	14,00	0
04/06/2020 22:10:00	13,86	15,11	15,25	14,96	14,58	14,13	13,63	13,15	12,72	12,28	11,80	11,32	10,84	13,89	0
04/06/2020 22:15:00	13,72	14,99	15,10	14,87	14,48	14,07	13,62	13,19	12,77	12,36	11,92	11,47	11,02	13,60	0
04/06/2020 22:20:00	13,56	14,69	14,80	14,52	14,12	13,64	13,16	12,71	12,28	11,84	11,36	10,89	10,41	13,55	0
04/06/2020 22:25:00	13,55	14,56	14,74	14,49	14,24	13,88	13,42	12,99	12,59	12,19	11,75	11,29	10,84	13,42	0
04/06/2020 22:30:00	13,37	14,49	14,65	14,45	14,15	13,73	13,29	12,86	12,45	12,04	11,58	11,11	10,65	13,39	0
04/06/2020 22:35:00	13,53	14,41	14,49	14,24	13,94	13,52	13,10	12,69	12,29	11,89	11,46	11,01	10,57	13,34	0
04/06/2020 22:40:00	13,38	14,36	14,36	14,06	13,70	13,29	12,84	12,41	12,01	11,62	11,21	10,79	10,37	13,45	0
04/06/2020 22:45:00	13,35	14,17	14,24	13,99	13,69	13,29	12,82	12,39	11,99	11,59	11,14	10,69	10,23	13,19	0
04/06/2020 22:50:00	13,20	14,24	14,39	14,12	13,81	13,42	12,97	12,54	12,14	11,73	11,29	10,85	10,40	13,22	0
04/06/2020 22:55:00	13,03	14,18	14,33	14,13	13,81	13,38	12,92	12,48	12,06	11,63	11,17	10,70	10,23	12,97	0
04/06/2020 23:00:00	12,94	14,15	14,22	13,97	13,65	13,22	12,73	12,27	11,86	11,45	11,01	10,57	10,12	12,81	0
04/06/2020 23:05:00	13,21	14,08	14,14	13,92	13,60	13,17	12,73	12,32	11,92	11,51	11,08	10,63	10,18	13,00	0
04/06/2020 23:10:00	12,90	13,92	13,93	13,67	13,27	12,83	12,36	11,92	11,51	11,11	10,67	10,24	9,80	12,96	0
04/06/2020 23:15:00	12,90	13,84	13,91	13,62	13,25	12,79	12,30	11,83	11,41	10,99	10,53	10,07	9,60	13,09	0
04/06/2020 23:20:00	12,97	13,87	13,95	13,71	13,36	12,91	12,49	12,07	11,67	11,26	10,82	10,38	9,93	12,97	0
04/06/2020 23:25:00	13,10	13,86	13,90	13,68	13,37	12,92	12,49	12,07	11,68	11,27	10,83	10,37	9,92	12,99	0
04/06/2020 23:30:00	12,88	13,86	14,00	13,88	13,62	13,29	12,88	12,48	12,11	11,73	11,31	10,88	10,44	13,02	0
04/06/2020 23:35:00	13,01	13,79	14,00	13,79	13,52	13,22	12,82	12,44	12,06	11,67	11,25	10,82	10,39	12,98	0
04/06/2020 23:40:00	13,02	13,95	14,06	13,85	13,58	13,21	12,79	12,38	12,00	11,61	11,19	10,76	10,34	12,85	0
04/06/2020 23:45:00	12,73	13,96	14,25	14,04	13,72	13,29	12,83	12,38	11,95	11,50	11,02	10,52	10,03	12,89	0
04/06/2020 23:50:00	13,14	13,94	14,06	13,90	13,57	13,19	12,75	12,34	11,94	11,53	11,07	10,61	10,14	12,99	0
04/06/2020 23:55:00	13,00	14,05	14,18	13,91	13,57	13,16	12,68	12,23	11,82	11,39	10,94	10,48	10,01	13,01	0
