FileFormat:0002.2 file with temperature of atmosphere
200
local	GMT or Local
0	GMT-Local=[hours]
0	Height[m]
0	0	0	Longitude                [grd]               [min]               [sec]
0	0	0	Latitude                [grd]               [min]               [sec]
N	NS
59,40	Freq[GHz]
0,00	dTemostat[K]
0,150	MessErr[K]
0,248	//[grad/step]
version 14.0.20110218
MTP5H033F5940K-33.00D180214+A1.1
Commentary:
enter comment
End Of Commentary

SYSTEM\summer.dat
data time	0	50	100	150	200	250	300	350	400	450	500	550	600	OutsideTemperature	Quality
31/08/2020 00:00:00	18,74	18,85	18,90	19,14	19,50	19,83	20,01	20,10	20,09	20,08	20,05	19,96	19,88	18,77	0
31/08/2020 00:05:00	18,79	18,96	19,17	19,44	19,80	20,13	20,24	20,27	20,22	20,15	20,03	19,86	19,68	18,81	0
31/08/2020 00:10:00	19,01	19,05	19,06	19,28	19,54	19,80	19,90	19,93	19,87	19,81	19,70	19,54	19,38	18,84	0
31/08/2020 00:15:00	18,84	19,09	19,14	19,34	19,62	19,88	20,01	20,07	20,02	19,97	19,91	19,79	19,68	18,88	0
31/08/2020 00:20:00	18,82	19,00	19,08	19,33	19,66	20,03	20,18	20,25	20,23	20,21	20,16	20,05	19,94	18,82	0
31/08/2020 00:25:00	18,89	18,93	19,05	19,37	19,79	20,18	20,36	20,47	20,46	20,45	20,41	20,30	20,18	18,79	0
31/08/2020 00:30:00	18,85	18,96	19,12	19,39	19,70	20,01	20,15	20,20	20,16	20,10	20,00	19,85	19,69	18,84	0
31/08/2020 00:35:00	18,84	18,95	19,15	19,49	19,84	20,19	20,38	20,47	20,44	20,40	20,32	20,18	20,04	18,78	0
31/08/2020 00:40:00	18,83	18,94	19,07	19,36	19,76	20,12	20,29	20,38	20,36	20,33	20,28	20,16	20,04	18,59	0
31/08/2020 00:45:00	18,62	18,64	18,76	19,05	19,45	19,84	20,04	20,15	20,14	20,13	20,10	20,00	19,91	18,60	0
31/08/2020 00:50:00	18,62	18,78	18,91	19,21	19,54	19,87	19,99	20,04	19,99	19,93	19,83	19,67	19,50	18,58	0
31/08/2020 00:55:00	18,29	18,89	19,29	19,65	19,98	20,30	20,43	20,47	20,39	20,30	20,16	19,96	19,76	18,64	0
31/08/2020 01:00:00	18,63	19,10	19,35	19,63	19,92	20,28	20,41	20,46	20,40	20,34	20,25	20,10	19,95	18,49	0
31/08/2020 01:05:00	18,30	19,13	19,60	19,99	20,34	20,70	20,84	20,88	20,80	20,71	20,57	20,38	20,18	18,39	0
31/08/2020 01:10:00	18,48	19,15	19,65	20,05	20,53	20,97	21,10	21,15	21,10	21,04	20,91	20,73	20,54	18,19	0
31/08/2020 01:15:00	18,14	18,94	19,40	19,83	20,18	20,49	20,58	20,59	20,49	20,38	20,20	19,96	19,72	18,06	0
31/08/2020 01:20:00	18,02	18,82	19,48	19,89	20,23	20,54	20,65	20,65	20,54	20,40	20,18	19,91	19,65	18,06	0
31/08/2020 01:25:00	18,20	18,85	19,27	19,70	20,13	20,51	20,69	20,77	20,73	20,67	20,57	20,41	20,25	17,94	0
31/08/2020 01:30:00	18,43	19,27	19,99	20,40	20,58	20,67	20,68	20,61	20,41	20,17	19,82	19,43	19,03	18,38	0
31/08/2020 01:35:00	18,58	19,07	19,50	19,89	20,28	20,60	20,75	20,80	20,73	20,65	20,51	20,30	20,10	18,40	0
31/08/2020 01:40:00	18,70	19,11	19,82	20,45	20,90	21,23	21,37	21,42	21,34	21,19	20,93	20,60	20,27	18,70	0
31/08/2020 01:45:00	18,59	18,82	19,33	19,88	20,40	20,90	21,19	21,36	21,37	21,36	21,29	21,15	21,01	18,56	0
31/08/2020 01:50:00	18,72	19,28	20,16	20,85	21,32	21,63	21,81	21,87	21,77	21,61	21,32	20,97	20,61	18,63	0
31/08/2020 01:55:00	18,44	18,91	19,70	20,24	20,74	21,22	21,42	21,51	21,46	21,36	21,17	20,92	20,67	18,52	0
31/08/2020 02:00:00	18,56	19,58	20,38	20,77	21,11	21,41	21,55	21,57	21,44	21,30	21,08	20,82	20,55	18,41	0
31/08/2020 02:05:00	18,90	19,72	20,61	21,10	21,48	21,71	21,71	21,65	21,48	21,23	20,87	20,45	20,02	18,77	0
31/08/2020 02:10:00	18,73	20,04	20,89	21,28	21,60	21,83	21,85	21,79	21,62	21,41	21,11	20,76	20,41	18,69	0
31/08/2020 02:15:00	19,60	20,18	20,68	20,90	21,09	21,21	21,17	21,07	20,89	20,67	20,36	20,00	19,63	19,15	0
31/08/2020 02:20:00	19,77	20,49	21,22	21,61	21,89	22,08	22,12	22,08	21,93	21,72	21,41	21,05	20,69	20,21	0
31/08/2020 02:25:00	20,41	20,65	21,02	21,33	21,64	21,95	22,07	22,10	22,03	21,92	21,75	21,51	21,27	20,72	0
31/08/2020 02:30:00	20,06	20,79	21,31	21,59	21,87	22,09	22,13	22,10	21,96	21,80	21,56	21,27	20,98	21,01	0
31/08/2020 02:35:00	20,03	20,91	21,49	21,78	21,99	22,15	22,11	22,00	21,82	21,59	21,26	20,88	20,50	21,35	0
31/08/2020 02:40:00	20,11	20,90	21,37	21,56	21,73	21,84	21,82	21,73	21,56	21,35	21,08	20,75	20,43	21,54	0
31/08/2020 02:45:00	20,33	20,88	21,26	21,50	21,76	21,96	21,93	21,85	21,70	21,51	21,23	20,90	20,56	21,78	0
31/08/2020 02:50:00	20,32	21,00	21,20	21,27	21,35	21,47	21,45	21,37	21,21	21,05	20,85	20,61	20,36	21,77	0
31/08/2020 02:55:00	20,30	20,77	21,01	21,12	21,26	21,40	21,42	21,37	21,23	21,08	20,88	20,63	20,38	21,57	0
31/08/2020 03:00:00	20,51	20,91	21,06	21,18	21,26	21,35	21,30	21,21	21,04	20,86	20,61	20,30	20,00	21,55	0
31/08/2020 03:05:00	20,37	20,74	21,00	21,10	21,20	21,31	21,30	21,22	21,06	20,89	20,65	20,36	20,08	21,63	0
31/08/2020 03:10:00	20,55	21,05	21,22	21,34	21,41	21,47	21,46	21,38	21,22	21,05	20,82	20,54	20,26	21,49	0
31/08/2020 03:15:00	20,63	21,11	21,26	21,34	21,40	21,48	21,45	21,38	21,22	21,06	20,85	20,60	20,34	21,32	0
31/08/2020 03:20:00	20,71	21,18	21,40	21,51	21,64	21,77	21,76	21,69	21,55	21,39	21,17	20,90	20,63	21,35	0
31/08/2020 03:25:00	20,89	21,47	21,75	21,87	22,02	22,11	22,07	21,98	21,82	21,63	21,38	21,07	20,77	21,15	0
31/08/2020 03:30:00	21,13	21,55	21,73	21,82	21,92	22,00	21,97	21,88	21,72	21,53	21,29	20,99	20,69	21,06	0
31/08/2020 03:35:00	20,89	21,46	21,60	21,65	21,70	21,74	21,68	21,57	21,40	21,21	20,97	20,68	20,40	21,09	0
31/08/2020 03:40:00	20,89	21,36	21,52	21,57	21,61	21,69	21,67	21,59	21,43	21,26	21,04	20,78	20,51	20,88	0
31/08/2020 03:45:00	20,79	21,38	21,59	21,63	21,69	21,69	21,64	21,54	21,35	21,16	20,91	20,62	20,32	20,81	0
31/08/2020 03:50:00	20,66	21,27	21,52	21,55	21,58	21,60	21,49	21,34	21,14	20,90	20,61	20,27	19,93	20,75	0
31/08/2020 03:55:00	20,72	21,24	21,40	21,45	21,44	21,40	21,33	21,20	21,00	20,79	20,51	20,19	19,87	20,62	0
31/08/2020 04:00:00	20,58	21,26	21,58	21,61	21,56	21,55	21,46	21,32	21,09	20,85	20,54	20,20	19,86	20,67	0
31/08/2020 04:05:00	20,72	21,13	21,34	21,46	21,52	21,51	21,43	21,30	21,10	20,87	20,56	20,20	19,84	20,63	0
31/08/2020 04:10:00	20,66	21,21	21,37	21,40	21,43	21,47	21,43	21,33	21,16	20,98	20,75	20,48	20,21	20,66	0
31/08/2020 04:15:00	20,65	21,26	21,44	21,48	21,53	21,57	21,50	21,37	21,19	20,99	20,73	20,42	20,12	20,69	0
31/08/2020 04:20:00	20,80	21,13	21,28	21,31	21,34	21,41	21,38	21,29	21,13	20,95	20,72	20,44	20,16	20,47	0
31/08/2020 04:25:00	20,64	21,10	21,29	21,41	21,50	21,52	21,47	21,37	21,20	21,00	20,74	20,43	20,12	20,54	0
31/08/2020 04:30:00	20,48	21,14	21,27	21,26	21,28	21,33	21,30	21,21	21,05	20,88	20,69	20,45	20,22	20,52	0
31/08/2020 04:35:00	20,72	21,12	21,22	21,19	21,17	21,17	21,10	20,98	20,79	20,60	20,36	20,08	19,80	20,62	0
31/08/2020 04:40:00	20,62	21,02	21,09	21,10	21,11	21,11	21,04	20,93	20,75	20,55	20,31	20,02	19,74	20,57	0
31/08/2020 04:45:00	20,69	20,86	20,96	21,02	21,07	21,10	21,05	20,95	20,78	20,59	20,33	20,03	19,73	20,54	0
31/08/2020 04:50:00	20,63	21,06	21,14	21,16	21,19	21,24	21,19	21,09	20,93	20,75	20,52	20,26	19,99	20,64	0
31/08/2020 04:55:00	20,75	21,02	21,09	21,18	21,27	21,34	21,36	21,32	21,19	21,04	20,85	20,61	20,37	20,64	0
31/08/2020 05:00:00	20,58	21,12	21,33	21,38	21,46	21,49	21,46	21,37	21,20	21,02	20,78	20,51	20,23	20,67	0
31/08/2020 05:05:00	20,52	20,98	21,17	21,25	21,31	21,41	21,39	21,32	21,16	20,99	20,77	20,51	20,24	20,61	0
31/08/2020 05:10:00	20,66	21,31	21,50	21,53	21,59	21,65	21,61	21,51	21,33	21,15	20,92	20,65	20,38	20,73	0
31/08/2020 05:15:00	20,84	21,28	21,51	21,59	21,69	21,76	21,74	21,65	21,49	21,31	21,08	20,79	20,50	20,66	0
31/08/2020 05:20:00	20,88	21,35	21,45	21,44	21,55	21,67	21,65	21,58	21,44	21,30	21,12	20,90	20,67	20,68	0
31/08/2020 05:25:00	20,65	21,34	21,56	21,62	21,66	21,70	21,62	21,50	21,30	21,09	20,82	20,51	20,20	20,61	0
31/08/2020 05:30:00	20,57	21,17	20,59	19,30	19,12	19,20	19,11	18,99	18,87	18,91	19,10	19,32	19,53	20,74	0
31/08/2020 05:35:00	19,95	20,57	20,82	20,87	20,92	21,05	21,06	21,00	20,85	20,69	20,50	20,27	20,04	20,74	0
31/08/2020 05:40:00	19,93	20,37	20,60	20,66	20,76	20,87	20,85	20,78	20,62	20,45	20,24	19,98	19,71	20,47	0
31/08/2020 05:45:00	20,26	20,91	21,17	21,24	21,33	21,41	21,40	21,31	21,15	20,97	20,75	20,48	20,22	20,47	0
31/08/2020 05:50:00	20,35	20,91	21,10	21,14	21,19	21,23	21,20	21,11	20,93	20,75	20,53	20,26	19,98	20,33	0
31/08/2020 05:55:00	20,37	20,98	21,16	21,22	21,33	21,44	21,41	21,33	21,18	21,02	20,82	20,57	20,32	20,33	0
31/08/2020 06:00:00	20,51	21,04	21,33	21,44	21,53	21,61	21,57	21,47	21,30	21,10	20,84	20,52	20,21	20,33	0
31/08/2020 06:05:00	20,30	20,36	20,82	20,92	20,85	21,05	21,05	20,96	20,77	20,54	20,24	19,88	19,53	20,24	0
31/08/2020 06:10:00	20,68	20,87	21,13	21,17	21,27	21,39	21,39	21,32	21,17	21,00	20,78	20,51	20,23	20,43	0
31/08/2020 06:15:00	20,58	20,88	21,14	21,22	21,35	21,59	21,69	21,71	21,61	21,52	21,39	21,21	21,03	20,44	0
31/08/2020 06:20:00	20,74	21,14	21,36	21,51	21,61	21,72	21,72	21,65	21,50	21,33	21,09	20,81	20,52	20,42	0
31/08/2020 06:25:00	20,11	20,64	20,88	20,86	20,85	20,92	20,87	20,77	20,58	20,39	20,16	19,89	19,62	20,32	0
31/08/2020 06:30:00	19,86	20,37	20,84	21,11	21,31	21,48	21,54	21,50	21,36	21,18	20,92	20,62	20,31	19,66	0
31/08/2020 06:35:00	20,02	20,46	20,70	20,80	20,98	21,17	21,24	21,22	21,11	20,99	20,84	20,64	20,44	19,54	0
31/08/2020 06:40:00	20,24	20,45	20,61	20,65	20,78	20,93	21,01	21,00	20,89	20,78	20,64	20,45	20,26	19,84	0
31/08/2020 06:45:00	19,89	20,18	20,46	20,58	20,76	20,99	21,06	21,06	20,95	20,83	20,67	20,46	20,25	19,79	0
31/08/2020 06:50:00	19,70	20,26	20,51	20,68	20,89	21,14	21,22	21,22	21,12	21,02	20,88	20,69	20,51	19,77	0
31/08/2020 06:55:00	19,94	20,32	20,66	20,87	21,03	21,25	21,33	21,32	21,21	21,08	20,89	20,66	20,42	19,67	0
31/08/2020 07:00:00	20,19	20,36	20,57	20,81	21,16	21,49	21,61	21,67	21,62	21,57	21,46	21,30	21,13	19,58	0
31/08/2020 07:05:00	19,66	20,15	20,46	20,67	20,88	21,10	21,20	21,21	21,11	21,00	20,84	20,64	20,44	19,77	0
31/08/2020 07:10:00	19,93	20,31	20,47	20,55	20,69	20,94	20,99	20,97	20,87	20,77	20,65	20,47	20,29	19,77	0
31/08/2020 07:15:00	19,84	20,20	20,41	20,63	20,89	21,14	21,21	21,22	21,13	21,03	20,88	20,68	20,47	19,77	0
31/08/2020 07:20:00	19,75	20,15	20,38	20,55	20,76	20,98	21,04	21,04	20,93	20,82	20,66	20,46	20,25	19,69	0
31/08/2020 07:25:00	19,81	20,02	20,16	20,32	20,52	20,73	20,81	20,82	20,73	20,63	20,50	20,31	20,12	19,67	0
31/08/2020 07:30:00	20,12	20,28	20,21	20,31	20,44	20,65	20,74	20,76	20,69	20,63	20,56	20,43	20,30	19,85	0
31/08/2020 07:35:00	20,08	20,15	20,16	20,40	20,67	20,94	21,05	21,10	21,05	20,99	20,90	20,74	20,59	20,04	0
31/08/2020 07:40:00	20,10	20,22	20,11	20,27	20,44	20,63	20,73	20,76	20,70	20,64	20,56	20,43	20,29	20,09	0
31/08/2020 07:45:00	20,31	20,48	20,28	20,41	20,55	20,71	20,77	20,76	20,69	20,62	20,53	20,38	20,23	20,35	0
31/08/2020 07:50:00	20,68	20,48	20,06	20,03	20,10	20,30	20,42	20,47	20,44	20,44	20,45	20,42	20,38	20,62	0
31/08/2020 07:55:00	20,54	20,55	20,26	20,30	20,43	20,67	20,76	20,79	20,75	20,73	20,70	20,62	20,54	20,66	0
31/08/2020 08:00:00	20,70	20,60	20,29	20,24	20,32	20,52	20,62	20,65	20,61	20,59	20,58	20,52	20,46	20,77	0
31/08/2020 08:05:00	20,91	20,53	19,79	19,67	19,74	20,03	20,13	20,20	20,21	20,27	20,37	20,42	20,47	20,89	0
31/08/2020 08:10:00	20,95	20,43	19,98	20,03	20,26	20,46	20,55	20,61	20,60	20,60	20,58	20,50	20,42	21,01	0
31/08/2020 08:15:00	20,95	20,72	20,35	20,27	20,37	20,57	20,63	20,65	20,60	20,57	20,55	20,47	20,39	20,96	0
31/08/2020 08:20:00	20,89	20,74	20,33	20,25	20,31	20,46	20,54	20,55	20,50	20,47	20,45	20,38	20,31	21,08	0
31/08/2020 08:25:00	21,14	20,94	20,55	20,45	20,44	20,53	20,57	20,56	20,48	20,42	20,35	20,24	20,12	21,11	0
31/08/2020 08:30:00	21,50	21,04	20,55	20,40	20,42	20,52	20,60	20,61	20,56	20,54	20,52	20,46	20,39	21,21	0
31/08/2020 08:35:00	21,72	21,21	20,63	20,42	20,41	20,48	20,48	20,45	20,38	20,34	20,29	20,20	20,11	21,42	0
31/08/2020 08:40:00	21,72	21,26	20,75	20,64	20,67	20,79	20,80	20,78	20,71	20,65	20,58	20,46	20,33	21,36	0
31/08/2020 08:45:00	21,86	21,38	20,81	20,51	20,25	20,27	20,33	20,31	20,22	20,17	20,14	20,08	20,02	21,39	0
31/08/2020 08:50:00	21,56	21,23	20,82	20,81	20,86	20,95	21,01	21,02	20,96	20,90	20,83	20,71	20,59	21,42	0
31/08/2020 08:55:00	21,87	21,47	20,89	20,78	20,84	20,99	21,01	21,01	20,95	20,92	20,88	20,78	20,68	21,71	0
31/08/2020 09:00:00	21,78	21,23	20,72	20,60	20,60	20,75	20,81	20,83	20,79	20,76	20,74	20,66	20,59	21,84	0
31/08/2020 09:05:00	21,88	21,37	20,75	20,66	20,72	20,88	20,94	20,97	20,93	20,92	20,91	20,84	20,77	21,89	0
31/08/2020 09:10:00	22,17	21,48	20,73	20,52	20,48	20,62	20,76	20,84	20,83	20,88	20,95	20,98	21,02	21,98	0
31/08/2020 09:15:00	21,89	21,54	21,11	20,95	20,95	21,07	21,08	21,05	20,97	20,91	20,83	20,71	20,59	22,13	0
31/08/2020 09:20:00	22,01	21,81	21,40	21,21	21,15	21,21	21,23	21,21	21,12	21,05	21,00	20,90	20,80	22,08	0
31/08/2020 09:25:00	22,09	21,90	21,48	21,23	21,21	21,23	21,17	21,09	20,97	20,87	20,76	20,61	20,46	22,07	0
31/08/2020 09:30:00	22,15	21,90	21,42	21,22	21,13	21,16	21,14	21,09	20,98	20,89	20,79	20,65	20,51	22,14	0
31/08/2020 09:35:00	22,46	22,03	21,44	21,20	21,13	21,18	21,13	21,07	20,97	20,89	20,80	20,67	20,54	22,39	0
31/08/2020 09:40:00	22,55	21,99	21,43	21,18	21,00	20,97	20,99	20,95	20,85	20,76	20,68	20,57	20,45	22,73	0
31/08/2020 09:45:00	22,60	22,08	21,44	21,13	21,02	21,07	21,07	21,04	20,95	20,90	20,86	20,78	20,70	22,51	0
31/08/2020 09:50:00	22,94	22,24	21,56	21,25	21,09	21,15	21,15	21,13	21,06	21,02	21,00	20,94	20,88	22,83	0
31/08/2020 09:55:00	22,91	22,35	21,73	21,47	21,35	21,29	21,22	21,14	21,02	20,92	20,80	20,63	20,46	22,94	0
31/08/2020 10:00:00	23,22	22,31	21,67	21,40	21,26	21,25	21,25	21,21	21,12	21,05	20,97	20,84	20,71	23,13	0
31/08/2020 10:05:00	23,26	22,33	21,82	21,58	21,52	21,58	21,59	21,57	21,49	21,41	21,31	21,16	21,02	23,29	0
31/08/2020 10:10:00	23,21	22,58	22,06	21,82	21,71	21,70	21,67	21,61	21,51	21,42	21,32	21,17	21,02	23,38	0
31/08/2020 10:15:00	23,32	22,66	22,19	21,90	21,83	21,89	21,83	21,75	21,63	21,51	21,36	21,16	20,96	23,94	0
31/08/2020 10:20:00	23,38	22,50	21,99	21,74	21,65	21,88	21,91	21,91	21,85	21,81	21,77	21,68	21,58	23,65	0
31/08/2020 10:25:00	23,68	22,89	22,36	22,01	21,88	21,90	21,86	21,79	21,68	21,58	21,46	21,30	21,14	23,89	0
31/08/2020 10:30:00	23,40	22,93	22,45	22,21	22,10	22,09	22,05	21,98	21,87	21,76	21,63	21,46	21,29	23,94	0
31/08/2020 10:35:00	23,68	23,12	22,60	22,26	22,16	22,16	22,16	22,12	22,02	21,95	21,87	21,75	21,64	24,23	0
31/08/2020 10:40:00	23,97	23,13	22,64	22,39	22,34	22,38	22,39	22,36	22,27	22,19	22,08	21,92	21,76	24,20	0
31/08/2020 10:45:00	24,07	23,49	22,92	22,64	22,53	22,52	22,47	22,40	22,29	22,18	22,06	21,89	21,72	24,49	0
31/08/2020 10:50:00	24,01	23,66	23,18	22,93	22,77	22,73	22,68	22,61	22,48	22,36	22,22	22,04	21,86	24,64	0
31/08/2020 10:55:00	24,26	23,79	23,18	22,88	22,71	22,60	22,50	22,39	22,25	22,11	21,95	21,75	21,55	24,79	0
31/08/2020 11:00:00	24,50	23,86	23,25	22,91	22,71	22,63	22,55	22,45	22,31	22,18	22,03	21,83	21,64	24,86	0
31/08/2020 11:05:00	24,73	24,00	23,28	22,96	22,81	22,80	22,76	22,70	22,60	22,51	22,42	22,27	22,12	25,04	0
31/08/2020 11:10:00	24,92	24,18	23,55	23,22	23,01	22,93	22,83	22,72	22,58	22,44	22,27	22,05	21,84	25,41	0
31/08/2020 11:15:00	25,00	24,48	23,73	23,45	23,25	23,14	23,03	22,91	22,77	22,64	22,48	22,27	22,05	25,47	0
31/08/2020 11:20:00	24,76	24,43	23,89	23,57	23,37	23,23	23,08	22,92	22,75	22,57	22,36	22,10	21,85	25,56	0
31/08/2020 11:25:00	24,54	24,44	24,05	23,78	23,60	23,48	23,33	23,18	22,99	22,80	22,57	22,30	22,02	25,33	0
31/08/2020 11:30:00	24,81	24,57	24,11	23,83	23,67	23,57	23,42	23,27	23,09	22,91	22,69	22,42	22,14	25,49	0
31/08/2020 11:35:00	24,44	24,51	24,24	23,97	23,76	23,63	23,48	23,30	23,10	22,88	22,62	22,32	22,02	25,40	0
31/08/2020 11:40:00	24,94	24,86	24,50	24,28	24,16	24,10	23,97	23,83	23,65	23,47	23,23	22,95	22,66	25,43	0
31/08/2020 11:45:00	24,99	24,98	24,67	24,42	24,21	24,01	23,89	23,73	23,52	23,31	23,04	22,73	22,42	25,53	0
31/08/2020 11:50:00	25,28	25,39	25,15	24,88	24,68	24,49	24,28	24,07	23,84	23,59	23,27	22,91	22,55	25,42	0
31/08/2020 11:55:00	25,72	25,85	25,57	25,30	24,98	24,79	24,55	24,31	24,06	23,78	23,44	23,06	22,67	25,59	0
31/08/2020 12:00:00	25,85	25,93	25,66	25,45	25,18	25,05	24,83	24,61	24,38	24,13	23,81	23,45	23,09	25,98	0
31/08/2020 12:05:00	26,40	26,18	25,64	25,26	25,00	24,78	24,54	24,33	24,11	23,88	23,61	23,29	22,97	26,56	0
31/08/2020 12:10:00	26,21	26,32	25,77	25,40	25,08	24,88	24,64	24,40	24,17	23,94	23,66	23,35	23,03	26,83	0
31/08/2020 12:15:00	26,63	26,77	26,39	26,07	25,81	25,51	25,26	25,01	24,76	24,48	24,14	23,76	23,38	26,81	0
31/08/2020 12:20:00	26,79	26,89	26,43	26,12	25,81	25,56	25,31	25,07	24,82	24,55	24,21	23,83	23,45	26,90	0
31/08/2020 12:25:00	26,97	27,08	26,72	26,33	25,96	25,74	25,40	25,08	24,75	24,38	23,91	23,39	22,87	27,10	0
31/08/2020 12:30:00	27,09	27,21	26,85	26,54	26,24	25,99	25,73	25,48	25,22	24,94	24,58	24,18	23,78	27,26	0
31/08/2020 12:35:00	27,64	27,52	26,94	26,52	26,14	25,81	25,56	25,32	25,08	24,82	24,52	24,17	23,83	27,63	0
31/08/2020 12:40:00	27,93	27,68	27,01	26,58	26,27	26,00	25,77	25,55	25,34	25,11	24,84	24,52	24,20	28,01	0
31/08/2020 12:45:00	28,02	27,69	27,09	26,71	26,43	26,18	25,99	25,80	25,59	25,37	25,08	24,76	24,43	28,03	0
31/08/2020 12:50:00	28,00	27,93	27,57	27,20	26,89	26,57	26,25	25,96	25,68	25,36	24,95	24,49	24,04	27,99	0
31/08/2020 12:55:00	28,32	28,07	27,53	27,13	26,76	26,44	26,16	25,90	25,65	25,38	25,04	24,66	24,28	28,23	0
31/08/2020 13:00:00	28,70	28,12	27,45	27,01	26,71	26,51	26,28	26,08	25,88	25,68	25,42	25,11	24,80	28,30	0
31/08/2020 13:05:00	28,32	28,01	27,56	27,10	26,55	26,21	25,89	25,59	25,30	24,98	24,59	24,16	23,74	28,36	0
31/08/2020 13:10:00	28,28	28,14	27,61	27,19	26,83	26,42	26,11	25,84	25,56	25,27	24,90	24,48	24,07	28,44	0
31/08/2020 13:15:00	28,39	27,92	27,36	26,96	26,65	26,37	26,09	25,83	25,59	25,30	24,94	24,52	24,11	28,42	0
31/08/2020 13:20:00	28,51	28,22	27,68	27,31	26,92	26,65	26,33	26,04	25,78	25,48	25,10	24,67	24,24	28,45	0
31/08/2020 13:25:00	28,82	28,41	27,78	27,35	26,94	26,58	26,37	26,15	25,90	25,63	25,30	24,92	24,55	28,71	0
31/08/2020 13:30:00	29,09	28,56	27,98	27,51	27,13	26,86	26,60	26,38	26,15	25,90	25,59	25,24	24,88	28,90	0
31/08/2020 13:35:00	29,11	28,75	28,15	27,65	27,32	27,01	26,71	26,45	26,20	25,91	25,55	25,15	24,74	28,65	0
31/08/2020 13:40:00	29,07	28,76	28,21	27,82	27,46	27,14	26,81	26,52	26,25	25,94	25,54	25,08	24,63	28,80	0
31/08/2020 13:45:00	29,32	28,99	28,34	27,90	27,50	27,20	26,88	26,60	26,35	26,06	25,71	25,30	24,90	28,92	0
31/08/2020 13:50:00	29,17	28,52	27,97	27,56	27,23	26,97	26,67	26,42	26,18	25,89	25,52	25,10	24,67	28,98	0
31/08/2020 13:55:00	29,27	28,62	27,99	27,51	27,11	26,84	26,55	26,30	26,07	25,82	25,50	25,13	24,77	29,21	0
31/08/2020 14:00:00	29,17	28,89	28,29	27,83	27,45	27,07	26,79	26,53	26,26	25,95	25,57	25,15	24,73	29,42	0
31/08/2020 14:05:00	29,20	28,88	28,42	27,98	27,64	27,30	26,97	26,68	26,41	26,09	25,67	25,22	24,76	29,40	0
31/08/2020 14:10:00	29,36	28,96	28,45	28,02	27,62	27,24	26,94	26,66	26,38	26,06	25,65	25,19	24,74	29,67	0
31/08/2020 14:15:00	29,32	28,89	28,35	27,98	27,57	27,25	26,98	26,72	26,46	26,17	25,78	25,35	24,92	29,46	0
31/08/2020 14:20:00	29,21	28,89	28,38	27,99	27,63	27,29	27,00	26,73	26,47	26,17	25,78	25,35	24,92	29,46	0
31/08/2020 14:25:00	29,44	29,09	28,66	28,22	27,80	27,44	27,14	26,86	26,58	26,25	25,84	25,38	24,93	29,66	0
31/08/2020 14:30:00	29,48	29,13	28,57	28,12	27,68	27,34	26,97	26,66	26,38	26,06	25,66	25,22	24,77	29,68	0
31/08/2020 14:35:00	29,80	29,27	28,65	28,21	27,85	27,45	27,20	26,96	26,71	26,42	26,04	25,62	25,20	30,01	0
31/08/2020 14:40:00	29,55	29,19	28,71	28,38	28,04	27,73	27,43	27,16	26,90	26,60	26,20	25,75	25,30	29,76	0
31/08/2020 14:45:00	29,71	29,28	28,73	28,35	27,95	27,52	27,25	26,98	26,71	26,38	25,97	25,50	25,03	29,96	0
31/08/2020 14:50:00	29,79	29,33	28,85	28,43	28,07	27,74	27,44	27,17	26,89	26,56	26,13	25,65	25,17	30,05	0
31/08/2020 14:55:00	29,67	29,44	28,99	28,59	28,17	27,77	27,44	27,13	26,82	26,45	25,98	25,45	24,93	30,05	0
31/08/2020 15:00:00	29,75	29,50	29,03	28,59	28,21	27,83	27,46	27,14	26,84	26,49	26,03	25,52	25,01	30,17	0
31/08/2020 15:05:00	29,75	29,48	28,99	28,58	28,27	27,93	27,60	27,30	27,03	26,70	26,27	25,80	25,32	29,91	0
31/08/2020 15:10:00	29,86	29,55	29,06	28,68	28,28	27,94	27,58	27,28	26,99	26,65	26,21	25,72	25,23	30,26	0
31/08/2020 15:15:00	29,88	29,53	29,00	28,57	28,18	27,86	27,56	27,29	27,02	26,71	26,30	25,85	25,40	30,05	0
31/08/2020 15:20:00	29,76	29,45	29,02	28,68	28,29	27,90	27,62	27,36	27,09	26,77	26,36	25,90	25,44	29,89	0
31/08/2020 15:25:00	29,78	29,62	29,21	28,88	28,52	28,09	27,74	27,43	27,13	26,78	26,31	25,80	25,29	30,03	0
31/08/2020 15:30:00	30,01	29,68	29,16	28,69	28,25	27,86	27,51	27,20	26,90	26,56	26,13	25,65	25,17	30,34	0
31/08/2020 15:35:00	29,92	29,61	29,12	28,70	28,30	27,99	27,64	27,33	27,05	26,71	26,28	25,80	25,32	30,16	0
31/08/2020 15:40:00	29,92	29,67	29,19	28,83	28,47	28,15	27,83	27,55	27,27	26,95	26,53	26,06	25,59	30,21	0
31/08/2020 15:45:00	29,93	29,62	29,22	28,81	28,43	28,12	27,79	27,50	27,22	26,89	26,47	26,00	25,53	30,13	0
31/08/2020 15:50:00	30,02	29,72	29,23	28,79	28,29	27,88	27,50	27,16	26,85	26,48	26,02	25,52	25,01	30,28	0
31/08/2020 15:55:00	29,77	29,56	29,13	28,74	28,32	28,02	27,66	27,34	27,05	26,72	26,29	25,81	25,33	30,05	0
31/08/2020 16:00:00	29,78	29,56	29,15	28,76	28,37	27,98	27,67	27,39	27,10	26,76	26,33	25,85	25,37	30,08	0
31/08/2020 16:05:00	29,75	29,64	29,30	28,90	28,52	28,12	27,67	27,29	26,96	26,57	26,06	25,50	24,94	30,06	0
31/08/2020 16:10:00	29,69	29,58	29,26	28,91	28,54	28,18	27,85	27,56	27,26	26,90	26,43	25,92	25,40	30,11	0
31/08/2020 16:15:00	30,01	29,87	29,56	29,23	28,88	28,47	28,14	27,83	27,52	27,15	26,65	26,11	25,56	30,08	0
31/08/2020 16:20:00	29,99	29,89	29,59	29,25	28,93	28,55	28,23	27,93	27,63	27,28	26,81	26,29	25,77	30,03	0
31/08/2020 16:25:00	29,21	29,27	29,10	28,87	28,61	28,30	27,82	27,42	27,07	26,62	26,01	25,33	24,66	29,88	0
31/08/2020 16:30:00	29,50	29,60	29,35	28,98	28,64	28,32	28,00	27,70	27,41	27,08	26,65	26,17	25,69	29,86	0
31/08/2020 16:35:00	29,93	30,22	29,84	29,25	28,51	28,27	27,99	27,70	27,41	27,13	26,81	26,48	26,15	29,92	0
31/08/2020 16:40:00	29,91	29,93	29,59	29,18	28,81	28,42	28,02	27,68	27,35	26,97	26,47	25,92	25,38	30,04	0
31/08/2020 16:45:00	29,67	29,89	29,60	29,24	28,91	28,54	28,19	27,87	27,55	27,18	26,71	26,18	25,66	29,98	0
31/08/2020 16:50:00	30,10	30,20	29,84	29,45	29,09	28,70	28,34	28,01	27,70	27,34	26,87	26,36	25,85	30,00	0
31/08/2020 16:55:00	29,91	30,17	29,86	29,31	29,04	28,82	28,47	28,17	27,90	27,60	27,22	26,80	26,38	30,10	0
31/08/2020 17:00:00	29,90	30,09	29,87	29,61	29,27	28,94	28,57	28,25	27,95	27,59	27,12	26,59	26,07	29,79	0
31/08/2020 17:05:00	29,61	29,99	29,87	29,62	29,36	28,99	28,63	28,30	27,98	27,59	27,08	26,52	25,95	29,65	0
31/08/2020 17:10:00	29,70	29,94	29,67	29,37	29,01	28,67	28,31	27,99	27,69	27,35	26,90	26,40	25,90	29,73	0
31/08/2020 17:15:00	29,65	29,91	29,71	29,41	29,05	28,70	28,36	28,04	27,72	27,35	26,87	26,33	25,80	29,66	0
31/08/2020 17:20:00	29,46	29,91	29,79	29,44	29,11	28,78	28,41	28,07	27,75	27,36	26,87	26,33	25,79	29,61	0
31/08/2020 17:25:00	29,67	29,86	29,67	29,40	29,09	28,74	28,41	28,11	27,80	27,44	26,97	26,44	25,91	29,70	0
31/08/2020 17:30:00	29,66	29,94	29,78	29,49	29,14	28,80	28,44	28,11	27,78	27,40	26,89	26,33	25,78	29,65	0
31/08/2020 17:35:00	29,70	29,89	29,77	29,43	29,12	28,80	28,43	28,10	27,79	27,41	26,92	26,39	25,85	29,55	0
31/08/2020 17:40:00	29,62	30,14	30,08	29,79	29,43	29,12	28,77	28,44	28,11	27,72	27,23	26,68	26,14	29,56	0
31/08/2020 17:45:00	29,47	30,12	30,05	29,76	29,44	29,07	28,70	28,35	28,01	27,61	27,10	26,53	25,97	29,42	0
31/08/2020 17:50:00	29,35	30,14	30,10	29,81	29,48	29,12	28,74	28,38	28,04	27,64	27,12	26,56	26,00	29,43	0
31/08/2020 17:55:00	29,37	30,12	30,18	29,93	29,62	29,24	28,86	28,51	28,15	27,73	27,18	26,58	25,99	29,31	0
31/08/2020 18:00:00	29,43	30,03	30,03	29,78	29,47	29,17	28,78	28,43	28,09	27,69	27,16	26,58	26,00	29,17	0
31/08/2020 18:05:00	29,50	29,94	29,91	29,63	29,37	29,03	28,71	28,41	28,09	27,71	27,20	26,65	26,10	29,06	0
31/08/2020 18:10:00	29,13	29,55	29,60	29,37	29,12	28,80	28,50	28,20	27,86	27,46	26,93	26,34	25,75	29,01	0
31/08/2020 18:15:00	29,29	29,48	29,47	29,23	28,96	28,62	28,30	28,00	27,68	27,29	26,77	26,20	25,63	28,97	0
31/08/2020 18:20:00	28,74	29,54	29,64	29,44	29,11	28,70	28,36	28,02	27,66	27,23	26,68	26,08	25,49	28,76	0
31/08/2020 18:25:00	28,69	29,37	29,50	29,28	28,96	28,64	28,30	27,97	27,62	27,21	26,66	26,08	25,49	28,78	0
31/08/2020 18:30:00	28,48	29,34	29,48	29,27	29,00	28,64	28,30	27,96	27,61	27,20	26,67	26,09	25,51	28,56	0
31/08/2020 18:35:00	28,53	29,14	29,31	29,16	28,88	28,57	28,26	27,94	27,61	27,21	26,67	26,08	25,50	28,51	0
31/08/2020 18:40:00	28,80	29,11	29,10	28,87	28,61	28,38	28,05	27,75	27,45	27,08	26,59	26,06	25,52	28,51	0
31/08/2020 18:45:00	28,61	29,09	29,02	28,59	28,34	28,06	27,69	27,35	27,03	26,66	26,19	25,68	25,16	28,50	0
31/08/2020 18:50:00	28,51	29,09	29,15	28,88	28,50	28,16	27,88	27,58	27,25	26,86	26,37	25,85	25,32	28,42	0
31/08/2020 18:55:00	28,42	28,91	28,95	28,73	28,44	28,11	27,81	27,52	27,20	26,82	26,33	25,79	25,26	28,43	0
31/08/2020 19:00:00	28,31	28,87	28,88	28,63	28,32	28,06	27,76	27,47	27,16	26,80	26,34	25,84	25,33	28,18	0
31/08/2020 19:05:00	28,18	28,90	29,05	28,85	28,57	28,33	27,95	27,61	27,29	26,91	26,41	25,88	25,34	28,12	0
31/08/2020 19:10:00	27,99	28,72	28,90	28,71	28,47	28,18	27,86	27,55	27,22	26,83	26,32	25,76	25,20	28,03	0
31/08/2020 19:15:00	28,00	28,84	28,98	28,73	28,44	28,12	27,81	27,50	27,16	26,79	26,30	25,77	25,25	27,76	0
31/08/2020 19:20:00	27,78	28,65	28,90	28,76	28,53	28,27	27,94	27,62	27,28	26,87	26,34	25,75	25,17	27,89	0
31/08/2020 19:25:00	27,92	28,63	28,56	28,37	28,15	27,87	27,56	27,26	26,96	26,61	26,15	25,64	25,14	27,71	0
31/08/2020 19:30:00	27,66	28,39	28,68	28,62	28,41	28,16	27,88	27,58	27,26	26,86	26,32	25,74	25,15	27,60	0
31/08/2020 19:35:00	27,80	28,47	28,66	28,47	28,24	27,97	27,66	27,35	27,03	26,65	26,15	25,60	25,05	27,61	0
31/08/2020 19:40:00	27,79	28,20	28,31	28,18	27,95	27,69	27,45	27,19	26,90	26,54	26,06	25,53	25,00	27,51	0
31/08/2020 19:45:00	27,39	28,15	28,35	28,26	28,05	27,81	27,53	27,24	26,93	26,56	26,06	25,52	24,98	27,55	0
31/08/2020 19:50:00	27,32	28,18	28,37	28,20	28,03	27,82	27,56	27,29	27,00	26,65	26,20	25,70	25,20	27,50	0
31/08/2020 19:55:00	27,41	28,12	28,34	28,18	27,97	27,76	27,47	27,18	26,87	26,50	26,02	25,48	24,95	27,40	0
31/08/2020 20:00:00	27,51	27,80	27,85	27,68	27,43	27,22	26,97	26,71	26,42	26,08	25,62	25,12	24,61	27,36	0
31/08/2020 20:05:00	27,25	27,81	27,96	27,83	27,57	27,35	27,09	26,81	26,52	26,16	25,69	25,18	24,66	27,27	0
31/08/2020 20:10:00	27,18	27,84	27,85	27,68	27,46	27,24	26,94	26,65	26,35	26,01	25,56	25,06	24,56	27,19	0
31/08/2020 20:15:00	27,13	27,72	27,81	27,67	27,43	27,17	26,92	26,65	26,35	26,00	25,54	25,04	24,53	27,03	0
31/08/2020 20:20:00	27,12	27,63	27,70	27,46	27,23	27,02	26,78	26,52	26,24	25,91	25,48	25,01	24,54	27,20	0
31/08/2020 20:25:00	26,87	27,64	27,79	27,73	27,52	27,30	27,04	26,78	26,48	26,12	25,66	25,14	24,63	26,90	0
31/08/2020 20:30:00	27,03	27,58	27,69	27,54	27,35	27,15	26,92	26,68	26,40	26,06	25,63	25,14	24,66	27,13	0
31/08/2020 20:35:00	26,98	27,54	27,62	27,53	27,36	27,17	26,98	26,76	26,49	26,18	25,77	25,30	24,84	27,12	0
31/08/2020 20:40:00	27,03	27,60	27,68	27,59	27,36	27,12	26,82	26,53	26,22	25,86	25,37	24,83	24,29	27,11	0
31/08/2020 20:45:00	27,04	27,44	27,57	27,45	27,25	26,97	26,74	26,49	26,19	25,83	25,35	24,82	24,30	26,98	0
31/08/2020 20:50:00	26,98	27,60	27,64	27,51	27,33	27,09	26,82	26,55	26,27	25,94	25,52	25,04	24,57	26,85	0
31/08/2020 20:55:00	26,79	27,79	27,97	27,76	27,53	27,26	26,97	26,66	26,33	25,96	25,49	24,97	24,46	26,70	0
31/08/2020 21:00:00	26,90	27,42	27,59	27,47	27,35	27,21	26,98	26,74	26,48	26,16	25,73	25,26	24,78	26,76	0
31/08/2020 21:05:00	26,84	27,56	27,67	27,52	27,38	27,25	27,01	26,77	26,51	26,22	25,82	25,38	24,95	26,79	0
31/08/2020 21:10:00	26,92	27,71	27,85	27,73	27,54	27,40	27,17	26,93	26,66	26,35	25,94	25,48	25,03	26,54	0
31/08/2020 21:15:00	26,77	27,89	28,05	27,98	27,77	27,50	27,20	26,90	26,58	26,22	25,75	25,23	24,72	26,82	0
31/08/2020 21:20:00	27,14	27,68	27,72	27,61	27,43	27,24	26,98	26,73	26,45	26,13	25,69	25,21	24,73	26,95	0
31/08/2020 21:25:00	27,31	27,57	27,57	27,40	27,18	27,05	26,80	26,57	26,32	26,03	25,64	25,20	24,77	26,90	0
31/08/2020 21:30:00	26,54	27,20	27,37	27,26	27,12	26,95	26,70	26,44	26,15	25,80	25,35	24,84	24,33	26,64	0
31/08/2020 21:35:00	26,65	27,10	27,20	27,13	27,02	26,93	26,74	26,53	26,29	26,00	25,61	25,17	24,72	26,54	0
31/08/2020 21:40:00	26,62	27,19	27,19	27,06	26,83	26,63	26,41	26,17	25,89	25,58	25,17	24,71	24,26	26,63	0
31/08/2020 21:45:00	26,60	26,99	27,06	26,91	26,74	26,61	26,42	26,22	25,98	25,71	25,35	24,94	24,53	26,55	0
31/08/2020 21:50:00	26,38	26,89	27,07	26,98	26,77	26,63	26,41	26,17	25,90	25,58	25,15	24,67	24,20	26,40	0
31/08/2020 21:55:00	26,30	26,83	26,95	26,86	26,75	26,58	26,38	26,17	25,92	25,63	25,24	24,80	24,36	26,08	0
31/08/2020 22:00:00	26,20	26,89	26,94	26,86	26,72	26,58	26,37	26,15	25,90	25,61	25,24	24,81	24,39	26,06	0
31/08/2020 22:05:00	26,44	26,89	26,95	26,82	26,65	26,50	26,27	26,04	25,78	25,48	25,09	24,65	24,21	26,23	0
31/08/2020 22:10:00	26,20	26,71	26,68	26,53	26,38	26,21	26,00	25,78	25,53	25,26	24,90	24,49	24,08	26,25	0
31/08/2020 22:15:00	26,19	26,58	26,56	26,40	26,22	26,08	25,91	25,72	25,49	25,23	24,89	24,50	24,12	26,16	0
31/08/2020 22:20:00	25,94	26,26	26,31	26,23	26,10	26,04	25,89	25,72	25,49	25,22	24,87	24,46	24,05	26,05	0
31/08/2020 22:25:00	25,57	26,23	26,55	26,60	26,51	26,37	26,11	25,85	25,57	25,21	24,73	24,20	23,66	25,77	0
31/08/2020 22:30:00	25,84	26,19	26,35	26,26	26,13	25,99	25,83	25,64	25,40	25,11	24,74	24,31	23,89	25,74	0
31/08/2020 22:35:00	25,85	26,28	26,22	26,04	25,92	25,75	25,54	25,33	25,09	24,82	24,48	24,08	23,69	25,85	0
31/08/2020 22:40:00	25,82	26,08	26,12	26,04	25,92	25,82	25,64	25,44	25,20	24,91	24,53	24,09	23,65	25,96	0
31/08/2020 22:45:00	25,80	26,09	26,10	26,05	26,00	25,95	25,81	25,65	25,44	25,18	24,84	24,43	24,03	25,74	0
31/08/2020 22:50:00	25,86	25,94	25,90	25,76	25,69	25,66	25,55	25,42	25,23	25,01	24,72	24,38	24,04	25,73	0
31/08/2020 22:55:00	25,70	25,97	25,89	25,86	25,76	25,67	25,49	25,31	25,09	24,84	24,49	24,09	23,68	25,56	0
31/08/2020 23:00:00	25,54	25,87	25,85	25,78	25,70	25,63	25,47	25,29	25,08	24,84	24,51	24,13	23,75	25,43	0
31/08/2020 23:05:00	25,54	25,76	25,67	25,51	25,45	25,39	25,26	25,10	24,91	24,68	24,39	24,05	23,70	25,29	0
31/08/2020 23:10:00	24,98	25,46	25,54	25,41	25,34	25,30	25,20	25,06	24,85	24,63	24,33	23,99	23,65	25,14	0
31/08/2020 23:15:00	24,92	25,35	25,44	25,40	25,32	25,32	25,19	25,03	24,83	24,59	24,28	23,92	23,55	25,04	0
31/08/2020 23:20:00	24,95	25,32	25,40	25,34	25,27	25,23	25,11	24,95	24,74	24,50	24,18	23,82	23,45	24,96	0
31/08/2020 23:25:00	24,91	25,20	25,20	25,17	25,18	25,24	25,20	25,11	24,96	24,79	24,56	24,27	23,98	25,01	0
31/08/2020 23:30:00	24,73	25,12	25,18	25,17	25,11	25,10	25,01	24,88	24,69	24,47	24,19	23,85	23,51	24,92	0
31/08/2020 23:35:00	24,81	25,19	25,18	25,17	25,16	25,12	25,02	24,88	24,69	24,47	24,16	23,80	23,45	24,77	0
31/08/2020 23:40:00	24,73	25,00	25,06	25,05	25,07	25,13	25,10	25,03	24,87	24,69	24,45	24,15	23,85	24,69	0
31/08/2020 23:45:00	24,73	24,93	24,96	25,04	25,12	25,20	25,15	25,07	24,92	24,74	24,49	24,17	23,86	24,64	0
31/08/2020 23:50:00	24,79	24,94	24,99	25,00	25,04	25,08	25,03	24,93	24,77	24,57	24,30	23,96	23,63	24,66	0
31/08/2020 23:55:00	24,64	25,04	25,13	25,16	25,14	25,10	25,00	24,86	24,66	24,42	24,10	23,72	23,34	24,51	0
