FileFormat:0002.2 file with temperature of atmosphere
200
local	GMT or Local
0	GMT-Local=[hours]
0	Height[m]
0	0	0	Longitude                [grd]               [min]               [sec]
0	0	0	Latitude                [grd]               [min]               [sec]
N	NS
59,40	Freq[GHz]
0,00	dTemostat[K]
0,150	MessErr[K]
0,248	//[grad/step]
version 14.0.20110218
MTP5H033F5940K-33.00D180214+A1.1
Commentary:
enter comment
End Of Commentary

SYSTEM\alaska.dat
data time	0	50	100	150	200	250	300	350	400	450	500	550	600	OutsideTemperature	Quality
07/02/2020 00:00:00	-7,81	-8,64	-9,05	-9,37	-9,88	-10,77	-11,68	-12,40	-12,69	-12,81	-12,95	-13,05	-13,15	-7,83	0
07/02/2020 00:05:00	-7,86	-8,62	-8,97	-9,34	-9,92	-10,85	-11,80	-12,55	-12,86	-12,99	-13,12	-13,21	-13,29	-7,83	0
07/02/2020 00:10:00	-7,94	-8,67	-9,14	-9,60	-10,22	-11,10	-11,97	-12,62	-12,86	-12,93	-13,01	-13,04	-13,07	-7,90	0
07/02/2020 00:15:00	-7,99	-8,69	-9,16	-9,61	-10,26	-11,16	-12,01	-12,67	-12,92	-13,01	-13,11	-13,15	-13,20	-7,90	0
07/02/2020 00:20:00	-8,07	-8,75	-9,14	-9,56	-10,19	-11,08	-11,95	-12,64	-12,92	-13,02	-13,14	-13,20	-13,25	-8,05	0
07/02/2020 00:25:00	-7,97	-8,81	-9,27	-9,54	-10,10	-10,97	-11,85	-12,55	-12,83	-12,95	-13,08	-13,18	-13,28	-8,05	0
07/02/2020 00:30:00	-8,15	-8,92	-9,30	-9,67	-10,17	-11,06	-11,98	-12,69	-12,95	-13,05	-13,17	-13,26	-13,34	-8,13	0
07/02/2020 00:35:00	-8,15	-8,94	-9,33	-9,77	-10,31	-11,19	-12,05	-12,71	-12,96	-13,04	-13,14	-13,18	-13,23	-8,14	0
07/02/2020 00:40:00	-8,11	-8,99	-9,36	-9,73	-10,24	-11,09	-11,94	-12,62	-12,88	-12,98	-13,09	-13,16	-13,22	-8,10	0
07/02/2020 00:45:00	-8,10	-8,95	-9,39	-9,87	-10,47	-11,32	-12,15	-12,78	-13,01	-13,07	-13,15	-13,16	-13,18	-8,18	0
07/02/2020 00:50:00	-8,14	-8,96	-9,36	-9,73	-10,33	-11,20	-12,05	-12,75	-13,05	-13,17	-13,31	-13,40	-13,48	-8,11	0
07/02/2020 00:55:00	-8,21	-8,98	-9,44	-9,84	-10,37	-11,27	-12,18	-12,86	-13,08	-13,15	-13,24	-13,28	-13,33	-8,18	0
07/02/2020 01:00:00	-8,26	-9,02	-9,46	-9,93	-10,52	-11,36	-12,19	-12,80	-13,01	-13,05	-13,10	-13,10	-13,09	-8,33	0
07/02/2020 01:05:00	-8,22	-9,07	-9,57	-9,92	-10,48	-11,38	-12,29	-12,97	-13,21	-13,28	-13,38	-13,44	-13,50	-8,25	0
07/02/2020 01:10:00	-8,33	-9,20	-9,68	-10,11	-10,62	-11,45	-12,27	-12,88	-13,07	-13,10	-13,17	-13,19	-13,21	-8,35	0
07/02/2020 01:15:00	-8,38	-9,21	-9,63	-10,09	-10,69	-11,54	-12,39	-13,04	-13,28	-13,34	-13,41	-13,42	-13,43	-8,39	0
07/02/2020 01:20:00	-8,37	-9,26	-9,66	-9,95	-10,43	-11,24	-12,08	-12,73	-12,95	-13,02	-13,10	-13,14	-13,18	-8,36	0
07/02/2020 01:25:00	-8,41	-9,27	-9,72	-10,04	-10,55	-11,36	-12,16	-12,79	-13,04	-13,12	-13,23	-13,31	-13,39	-8,43	0
07/02/2020 01:30:00	-8,45	-9,32	-9,81	-10,24	-10,76	-11,52	-12,25	-12,78	-12,95	-12,96	-13,01	-13,01	-13,00	-8,44	0
07/02/2020 01:35:00	-8,46	-9,38	-9,84	-10,25	-10,73	-11,51	-12,30	-12,88	-13,06	-13,10	-13,17	-13,19	-13,22	-8,47	0
07/02/2020 01:40:00	-8,51	-9,30	-9,82	-10,28	-10,85	-11,64	-12,39	-12,94	-13,11	-13,13	-13,17	-13,16	-13,16	-8,47	0
07/02/2020 01:45:00	-8,47	-9,35	-9,81	-10,19	-10,70	-11,50	-12,30	-12,90	-13,09	-13,13	-13,19	-13,21	-13,22	-8,50	0
07/02/2020 01:50:00	-8,53	-9,28	-9,78	-10,23	-10,77	-11,61	-12,45	-13,04	-13,22	-13,24	-13,29	-13,30	-13,30	-8,63	0
07/02/2020 01:55:00	-8,59	-9,40	-9,87	-10,34	-10,91	-11,74	-12,54	-13,14	-13,34	-13,37	-13,43	-13,43	-13,44	-8,60	0
07/02/2020 02:00:00	-8,62	-9,52	-9,99	-10,35	-10,84	-11,66	-12,47	-13,08	-13,29	-13,34	-13,42	-13,46	-13,50	-8,75	0
07/02/2020 02:05:00	-8,59	-9,52	-10,01	-10,43	-10,97	-11,81	-12,61	-13,22	-13,43	-13,47	-13,54	-13,56	-13,57	-8,63	0
07/02/2020 02:10:00	-8,60	-9,57	-10,00	-10,28	-10,75	-11,59	-12,43	-13,09	-13,34	-13,42	-13,52	-13,59	-13,66	-8,70	0
07/02/2020 02:15:00	-8,68	-9,61	-10,07	-10,37	-10,86	-11,62	-12,40	-13,01	-13,22	-13,28	-13,37	-13,42	-13,47	-8,80	0
07/02/2020 02:20:00	-8,71	-9,62	-10,16	-10,50	-10,97	-11,77	-12,53	-13,10	-13,28	-13,31	-13,38	-13,42	-13,46	-8,73	0
07/02/2020 02:25:00	-8,77	-9,63	-10,15	-10,66	-11,24	-12,06	-12,83	-13,39	-13,56	-13,56	-13,58	-13,55	-13,52	-8,76	0
07/02/2020 02:30:00	-8,72	-9,75	-10,28	-10,65	-11,18	-11,88	-12,57	-13,09	-13,26	-13,28	-13,32	-13,32	-13,32	-8,78	0
07/02/2020 02:35:00	-8,86	-9,79	-10,25	-10,58	-11,06	-11,89	-12,73	-13,37	-13,58	-13,64	-13,72	-13,77	-13,82	-8,77	0
07/02/2020 02:40:00	-8,86	-9,73	-10,27	-10,70	-11,23	-11,96	-12,66	-13,17	-13,31	-13,30	-13,33	-13,31	-13,30	-8,78	0
07/02/2020 02:45:00	-8,75	-9,76	-10,24	-10,52	-10,97	-11,76	-12,57	-13,19	-13,39	-13,44	-13,52	-13,56	-13,61	-8,85	0
07/02/2020 02:50:00	-8,91	-9,75	-10,15	-10,46	-10,99	-11,88	-12,78	-13,51	-13,79	-13,90	-14,03	-14,12	-14,21	-8,83	0
07/02/2020 02:55:00	-8,88	-9,85	-10,29	-10,60	-11,06	-11,85	-12,64	-13,26	-13,48	-13,54	-13,63	-13,69	-13,75	-8,86	0
07/02/2020 03:00:00	-8,96	-9,88	-10,40	-10,78	-11,33	-12,06	-12,77	-13,30	-13,46	-13,47	-13,51	-13,50	-13,49	-8,91	0
07/02/2020 03:05:00	-8,94	-9,95	-10,41	-10,74	-11,22	-12,00	-12,77	-13,37	-13,57	-13,61	-13,67	-13,69	-13,72	-9,09	0
07/02/2020 03:10:00	-9,10	-10,05	-10,54	-10,89	-11,38	-12,12	-12,85	-13,41	-13,59	-13,62	-13,68	-13,70	-13,73	-9,11	0
07/02/2020 03:15:00	-9,09	-10,06	-10,62	-11,09	-11,63	-12,32	-12,98	-13,46	-13,58	-13,55	-13,55	-13,51	-13,46	-9,20	0
07/02/2020 03:20:00	-9,31	-10,34	-10,86	-11,20	-11,66	-12,36	-13,05	-13,57	-13,70	-13,69	-13,71	-13,70	-13,68	-9,28	0
07/02/2020 03:25:00	-9,28	-10,25	-10,76	-11,17	-11,69	-12,43	-13,17	-13,72	-13,89	-13,91	-13,96	-13,97	-13,98	-9,35	0
07/02/2020 03:30:00	-9,28	-10,42	-10,90	-11,30	-11,74	-12,50	-13,27	-13,86	-14,04	-14,05	-14,11	-14,12	-14,14	-9,26	0
07/02/2020 03:35:00	-9,28	-10,35	-10,99	-11,49	-12,04	-12,71	-13,34	-13,80	-13,91	-13,88	-13,89	-13,86	-13,84	-9,26	0
07/02/2020 03:40:00	-9,27	-10,42	-11,08	-11,51	-11,97	-12,62	-13,24	-13,67	-13,74	-13,69	-13,69	-13,66	-13,63	-9,31	0
07/02/2020 03:45:00	-9,35	-10,46	-11,04	-11,47	-11,95	-12,62	-13,29	-13,80	-13,94	-13,93	-13,97	-13,99	-14,00	-9,33	0
07/02/2020 03:50:00	-9,30	-10,50	-11,05	-11,50	-12,01	-12,64	-13,26	-13,74	-13,88	-13,88	-13,91	-13,90	-13,89	-9,34	0
07/02/2020 03:55:00	-9,33	-10,49	-11,15	-11,58	-12,06	-12,71	-13,33	-13,77	-13,86	-13,81	-13,82	-13,79	-13,77	-9,33	0
07/02/2020 04:00:00	-9,42	-10,56	-11,12	-11,44	-11,92	-12,59	-13,25	-13,78	-13,94	-13,96	-14,02	-14,05	-14,08	-9,34	0
07/02/2020 04:05:00	-9,48	-10,58	-11,13	-11,57	-12,02	-12,68	-13,33	-13,80	-13,91	-13,89	-13,91	-13,89	-13,87	-9,41	0
07/02/2020 04:10:00	-9,51	-10,50	-11,06	-11,49	-11,98	-12,67	-13,32	-13,81	-13,93	-13,91	-13,93	-13,92	-13,91	-9,46	0
07/02/2020 04:15:00	-9,47	-10,61	-11,17	-11,48	-11,95	-12,61	-13,25	-13,76	-13,92	-13,93	-13,99	-14,01	-14,04	-9,53	0
07/02/2020 04:20:00	-9,41	-10,58	-11,18	-11,55	-12,00	-12,65	-13,29	-13,77	-13,88	-13,86	-13,88	-13,87	-13,86	-9,40	0
07/02/2020 04:25:00	-9,35	-10,59	-11,24	-11,65	-12,17	-12,80	-13,40	-13,87	-13,99	-13,97	-13,99	-13,98	-13,97	-9,37	0
07/02/2020 04:30:00	-9,33	-10,55	-11,27	-11,63	-12,07	-12,75	-13,39	-13,87	-13,96	-13,94	-13,97	-13,98	-14,00	-9,34	0
07/02/2020 04:35:00	-9,24	-10,48	-11,10	-11,46	-11,84	-12,54	-13,25	-13,79	-13,93	-13,94	-14,01	-14,08	-14,15	-9,26	0
07/02/2020 04:40:00	-9,16	-10,44	-10,98	-11,36	-11,78	-12,48	-13,22	-13,79	-13,96	-13,98	-14,06	-14,10	-14,15	-9,20	0
07/02/2020 04:45:00	-9,07	-10,28	-10,93	-11,24	-11,71	-12,48	-13,23	-13,83	-14,01	-14,05	-14,14	-14,22	-14,29	-9,15	0
07/02/2020 04:50:00	-9,06	-10,25	-10,93	-11,32	-11,79	-12,55	-13,33	-13,89	-14,03	-14,04	-14,10	-14,13	-14,17	-9,05	0
07/02/2020 04:55:00	-9,00	-10,21	-10,83	-11,16	-11,62	-12,40	-13,20	-13,82	-14,02	-14,07	-14,18	-14,26	-14,35	-9,04	0
07/02/2020 05:00:00	-9,01	-10,19	-10,74	-11,08	-11,59	-12,40	-13,22	-13,89	-14,13	-14,21	-14,33	-14,41	-14,50	-8,96	0
07/02/2020 05:05:00	-8,93	-10,14	-10,79	-11,20	-11,67	-12,41	-13,13	-13,68	-13,83	-13,85	-13,91	-13,95	-14,00	-8,86	0
07/02/2020 05:10:00	-8,92	-10,10	-10,70	-11,05	-11,60	-12,42	-13,24	-13,91	-14,16	-14,24	-14,36	-14,45	-14,54	-8,97	0
07/02/2020 05:15:00	-8,99	-10,06	-10,61	-11,03	-11,57	-12,45	-13,32	-13,99	-14,22	-14,27	-14,36	-14,41	-14,46	-8,97	0
07/02/2020 05:20:00	-9,02	-10,16	-10,79	-11,22	-11,77	-12,58	-13,34	-13,93	-14,12	-14,15	-14,22	-14,25	-14,28	-9,01	0
07/02/2020 05:25:00	-8,94	-10,12	-10,74	-11,12	-11,67	-12,51	-13,37	-14,04	-14,27	-14,32	-14,42	-14,49	-14,55	-8,80	0
07/02/2020 05:30:00	-8,85	-9,97	-10,50	-10,85	-11,37	-12,28	-13,23	-13,99	-14,28	-14,40	-14,55	-14,68	-14,82	-8,80	0
07/02/2020 05:35:00	-8,79	-9,99	-10,63	-11,05	-11,60	-12,45	-13,27	-13,92	-14,14	-14,19	-14,29	-14,35	-14,41	-8,83	0
07/02/2020 05:40:00	-8,83	-9,95	-10,58	-11,03	-11,59	-12,50	-13,42	-14,11	-14,34	-14,40	-14,50	-14,57	-14,64	-8,77	0
07/02/2020 05:45:00	-8,74	-9,95	-10,59	-11,02	-11,61	-12,46	-13,31	-13,96	-14,19	-14,24	-14,33	-14,38	-14,44	-8,78	0
07/02/2020 05:50:00	-8,75	-9,91	-10,57	-11,02	-11,57	-12,50	-13,42	-14,12	-14,34	-14,40	-14,49	-14,56	-14,63	-8,72	0
07/02/2020 05:55:00	-8,69	-9,84	-10,44	-10,85	-11,45	-12,34	-13,21	-13,91	-14,18	-14,27	-14,39	-14,47	-14,56	-8,75	0
07/02/2020 06:00:00	-8,79	-9,92	-10,49	-10,92	-11,46	-12,34	-13,21	-13,89	-14,13	-14,20	-14,31	-14,38	-14,45	-8,79	0
07/02/2020 06:05:00	-8,76	-9,89	-10,43	-10,78	-11,33	-12,24	-13,17	-13,92	-14,21	-14,32	-14,46	-14,57	-14,68	-8,78	0
07/02/2020 06:10:00	-8,80	-9,97	-10,48	-10,85	-11,39	-12,29	-13,22	-13,98	-14,27	-14,39	-14,53	-14,65	-14,76	-8,76	0
07/02/2020 06:15:00	-8,75	-9,92	-10,41	-10,79	-11,35	-12,24	-13,14	-13,88	-14,17	-14,28	-14,40	-14,49	-14,57	-8,81	0
07/02/2020 06:20:00	-8,76	-9,91	-10,49	-10,80	-11,37	-12,29	-13,24	-13,98	-14,26	-14,36	-14,49	-14,58	-14,68	-8,76	0
07/02/2020 06:25:00	-8,77	-9,82	-10,42	-10,78	-11,39	-12,34	-13,30	-14,04	-14,32	-14,41	-14,53	-14,60	-14,68	-8,70	0
07/02/2020 06:30:00	-8,71	-9,83	-10,27	-10,57	-11,16	-12,14	-13,18	-14,04	-14,41	-14,57	-14,76	-14,90	-15,04	-8,71	0
07/02/2020 06:35:00	-8,72	-9,78	-10,38	-10,81	-11,44	-12,34	-13,20	-13,87	-14,12	-14,20	-14,29	-14,34	-14,40	-8,70	0
07/02/2020 06:40:00	-8,69	-9,80	-10,39	-10,81	-11,43	-12,32	-13,19	-13,89	-14,16	-14,25	-14,37	-14,44	-14,52	-8,63	0
07/02/2020 06:45:00	-8,61	-9,72	-10,25	-10,69	-11,29	-12,24	-13,20	-13,95	-14,24	-14,34	-14,47	-14,55	-14,63	-8,59	0
07/02/2020 06:50:00	-8,62	-9,73	-10,25	-10,66	-11,25	-12,22	-13,20	-13,99	-14,30	-14,42	-14,56	-14,66	-14,77	-8,65	0
07/02/2020 06:55:00	-8,62	-9,69	-10,27	-10,65	-11,25	-12,18	-13,11	-13,86	-14,16	-14,28	-14,43	-14,55	-14,68	-8,57	0
07/02/2020 07:00:00	-8,65	-9,75	-10,31	-10,79	-11,41	-12,34	-13,26	-13,98	-14,25	-14,34	-14,45	-14,51	-14,57	-8,66	0
07/02/2020 07:05:00	-8,61	-9,84	-10,38	-10,75	-11,29	-12,23	-13,20	-13,99	-14,30	-14,42	-14,58	-14,70	-14,82	-8,62	0
07/02/2020 07:10:00	-8,61	-9,78	-10,40	-10,84	-11,38	-12,27	-13,18	-13,88	-14,11	-14,18	-14,30	-14,38	-14,47	-8,60	0
07/02/2020 07:15:00	-8,68	-9,75	-10,27	-10,71	-11,31	-12,30	-13,33	-14,13	-14,44	-14,56	-14,70	-14,80	-14,90	-8,70	0
07/02/2020 07:20:00	-8,73	-9,84	-10,47	-10,96	-11,53	-12,46	-13,37	-14,06	-14,29	-14,36	-14,46	-14,53	-14,59	-8,60	0
07/02/2020 07:25:00	-8,74	-9,98	-10,61	-10,95	-11,54	-12,45	-13,36	-14,09	-14,38	-14,48	-14,62	-14,73	-14,83	-8,73	0
07/02/2020 07:30:00	-8,68	-9,87	-10,55	-10,97	-11,56	-12,48	-13,39	-14,09	-14,33	-14,39	-14,50	-14,56	-14,63	-8,68	0
07/02/2020 07:35:00	-8,82	-10,02	-10,60	-10,99	-11,54	-12,50	-13,47	-14,23	-14,51	-14,60	-14,73	-14,81	-14,90	-8,81	0
07/02/2020 07:40:00	-8,92	-10,00	-10,56	-11,04	-11,63	-12,61	-13,62	-14,39	-14,67	-14,75	-14,87	-14,95	-15,03	-8,84	0
07/02/2020 07:45:00	-8,88	-10,06	-10,66	-11,03	-11,59	-12,51	-13,45	-14,19	-14,47	-14,56	-14,69	-14,79	-14,89	-8,88	0
07/02/2020 07:50:00	-8,83	-10,07	-10,62	-10,95	-11,51	-12,47	-13,47	-14,28	-14,61	-14,75	-14,91	-15,03	-15,16	-8,85	0
07/02/2020 07:55:00	-8,79	-10,09	-10,67	-11,05	-11,63	-12,58	-13,55	-14,33	-14,64	-14,76	-14,90	-15,01	-15,12	-8,85	0
07/02/2020 08:00:00	-8,98	-10,18	-10,68	-11,06	-11,63	-12,65	-13,72	-14,59	-14,95	-15,10	-15,28	-15,42	-15,57	-8,94	0
07/02/2020 08:05:00	-9,14	-10,33	-10,97	-11,37	-11,94	-12,86	-13,77	-14,48	-14,73	-14,81	-14,92	-15,00	-15,08	-9,11	0
07/02/2020 08:10:00	-9,11	-10,40	-10,98	-11,42	-11,98	-12,89	-13,80	-14,53	-14,81	-14,90	-15,02	-15,10	-15,19	-9,11	0
07/02/2020 08:15:00	-9,23	-10,47	-11,13	-11,54	-12,14	-13,10	-14,06	-14,81	-15,08	-15,17	-15,29	-15,37	-15,46	-9,21	0
07/02/2020 08:20:00	-9,36	-10,76	-11,45	-11,87	-12,43	-13,33	-14,24	-14,95	-15,18	-15,23	-15,33	-15,39	-15,45	-9,49	0
07/02/2020 08:25:00	-9,64	-11,15	-11,77	-12,11	-12,61	-13,45	-14,31	-15,03	-15,30	-15,39	-15,52	-15,63	-15,74	-9,66	0
07/02/2020 08:30:00	-9,60	-11,10	-11,74	-12,12	-12,67	-13,50	-14,35	-15,05	-15,31	-15,38	-15,48	-15,56	-15,63	-9,62	0
07/02/2020 08:35:00	-9,62	-11,12	-11,79	-12,17	-12,68	-13,48	-14,30	-14,97	-15,20	-15,26	-15,36	-15,44	-15,51	-9,66	0
07/02/2020 08:40:00	-9,63	-11,08	-11,77	-12,16	-12,62	-13,53	-14,44	-15,15	-15,38	-15,44	-15,55	-15,65	-15,75	-9,56	0
07/02/2020 08:45:00	-9,62	-11,14	-11,80	-12,18	-12,72	-13,60	-14,49	-15,22	-15,50	-15,59	-15,72	-15,83	-15,94	-9,64	0
07/02/2020 08:50:00	-9,74	-11,13	-11,85	-12,28	-12,82	-13,75	-14,68	-15,41	-15,65	-15,71	-15,82	-15,91	-16,00	-9,76	0
07/02/2020 08:55:00	-9,77	-11,34	-11,96	-12,39	-12,87	-13,68	-14,53	-15,21	-15,45	-15,51	-15,62	-15,70	-15,78	-9,70	0
07/02/2020 09:00:00	-9,76	-11,27	-11,96	-12,31	-12,87	-13,76	-14,67	-15,40	-15,67	-15,75	-15,87	-15,96	-16,05	-9,85	0
07/02/2020 09:05:00	-9,84	-11,32	-12,08	-12,47	-13,06	-13,88	-14,70	-15,36	-15,59	-15,64	-15,74	-15,81	-15,88	-9,81	0
07/02/2020 09:10:00	-9,89	-11,32	-12,02	-12,45	-12,99	-13,86	-14,73	-15,41	-15,62	-15,66	-15,74	-15,80	-15,85	-9,93	0
07/02/2020 09:15:00	-9,84	-11,27	-11,92	-12,30	-12,86	-13,76	-14,66	-15,39	-15,66	-15,72	-15,83	-15,91	-15,99	-9,88	0
07/02/2020 09:20:00	-9,88	-11,30	-11,95	-12,36	-12,88	-13,72	-14,57	-15,25	-15,49	-15,54	-15,65	-15,73	-15,81	-9,93	0
07/02/2020 09:25:00	-9,86	-11,32	-12,01	-12,44	-12,97	-13,85	-14,74	-15,43	-15,66	-15,70	-15,79	-15,86	-15,92	-9,89	0
07/02/2020 09:30:00	-9,84	-11,32	-12,03	-12,53	-13,10	-13,95	-14,80	-15,47	-15,69	-15,73	-15,81	-15,87	-15,92	-9,93	0
07/02/2020 09:35:00	-9,80	-11,29	-12,08	-12,58	-13,23	-14,06	-14,87	-15,51	-15,73	-15,76	-15,83	-15,87	-15,91	-9,78	1
07/02/2020 09:40:00	-9,83	-11,23	-12,14	-12,73	-13,38	-14,18	-14,93	-15,48	-15,61	-15,58	-15,60	-15,60	-15,60	-9,78	1
07/02/2020 09:45:00	-9,78	-11,32	-12,07	-12,53	-13,08	-13,95	-14,83	-15,52	-15,75	-15,80	-15,91	-15,99	-16,08	-9,73	1
07/02/2020 09:50:00	-9,82	-11,22	-12,11	-12,68	-13,32	-14,16	-14,97	-15,59	-15,77	-15,78	-15,85	-15,90	-15,95	-9,82	1
07/02/2020 09:55:00	-9,82	-11,39	-12,16	-12,62	-13,16	-14,03	-14,93	-15,66	-15,90	-15,97	-16,10	-16,22	-16,34	-9,85	1
07/02/2020 10:00:00	-9,86	-11,26	-12,13	-12,76	-13,44	-14,31	-15,13	-15,75	-15,93	-15,93	-15,99	-16,02	-16,05	-9,96	1
07/02/2020 10:05:00	-9,95	-11,45	-12,30	-12,89	-13,51	-14,35	-15,15	-15,76	-15,92	-15,91	-15,96	-15,98	-16,00	-9,93	1
07/02/2020 10:10:00	-9,95	-11,48	-12,33	-12,84	-13,46	-14,33	-15,20	-15,87	-16,07	-16,10	-16,18	-16,24	-16,30	-9,96	1
07/02/2020 10:15:00	-10,00	-11,52	-12,32	-12,75	-13,29	-14,16	-15,03	-15,72	-15,93	-15,98	-16,08	-16,17	-16,26	-10,07	1
07/02/2020 10:20:00	-10,00	-11,53	-12,43	-13,06	-13,66	-14,42	-15,16	-15,72	-15,86	-15,84	-15,88	-15,91	-15,93	-9,96	1
07/02/2020 10:25:00	-10,03	-11,46	-12,30	-12,88	-13,51	-14,34	-15,16	-15,78	-15,94	-15,94	-15,99	-16,02	-16,05	-10,10	1
07/02/2020 10:30:00	-9,86	-11,39	-12,49	-13,13	-13,73	-14,50	-15,18	-15,65	-15,70	-15,64	-15,66	-15,69	-15,72	-9,86	1
07/02/2020 10:35:00	-9,77	-11,44	-12,33	-12,83	-13,38	-14,22	-15,07	-15,73	-15,92	-15,95	-16,05	-16,14	-16,24	-9,68	1
07/02/2020 10:40:00	-9,86	-11,39	-12,23	-12,75	-13,36	-14,27	-15,17	-15,88	-16,11	-16,16	-16,26	-16,35	-16,44	-9,81	1
07/02/2020 10:45:00	-10,03	-11,37	-12,19	-12,78	-13,47	-14,39	-15,26	-15,91	-16,10	-16,11	-16,15	-16,16	-16,17	-10,00	1
07/02/2020 10:50:00	-10,07	-11,50	-12,36	-12,87	-13,47	-14,35	-15,21	-15,85	-16,03	-16,05	-16,12	-16,17	-16,23	-10,04	1
07/02/2020 10:55:00	-10,07	-11,51	-12,38	-12,89	-13,49	-14,28	-15,05	-15,63	-15,78	-15,78	-15,84	-15,88	-15,93	-10,02	0
07/02/2020 11:00:00	-10,02	-11,51	-12,35	-12,81	-13,39	-14,26	-15,12	-15,77	-15,96	-15,97	-16,04	-16,09	-16,14	-9,96	1
07/02/2020 11:05:00	-9,97	-11,44	-12,32	-12,87	-13,42	-14,21	-14,97	-15,52	-15,64	-15,60	-15,64	-15,65	-15,67	-9,77	1
07/02/2020 11:10:00	-9,93	-11,44	-12,35	-13,00	-13,60	-14,34	-15,02	-15,50	-15,59	-15,53	-15,53	-15,50	-15,48	-9,85	1
07/02/2020 11:15:00	-9,88	-11,30	-12,12	-12,68	-13,30	-14,18	-15,05	-15,70	-15,89	-15,91	-15,98	-16,03	-16,08	-9,71	1
07/02/2020 11:20:00	-9,87	-11,34	-12,18	-12,64	-13,24	-14,07	-14,89	-15,53	-15,72	-15,75	-15,83	-15,90	-15,97	-9,83	1
07/02/2020 11:25:00	-9,69	-11,18	-11,96	-12,52	-13,17	-14,01	-14,82	-15,47	-15,70	-15,74	-15,83	-15,90	-15,96	-9,73	1
07/02/2020 11:30:00	-9,74	-11,20	-12,10	-12,70	-13,31	-14,13	-14,92	-15,50	-15,64	-15,62	-15,66	-15,68	-15,71	-9,68	1
07/02/2020 11:35:00	-9,71	-11,23	-12,22	-12,90	-13,50	-14,26	-14,98	-15,46	-15,53	-15,45	-15,45	-15,43	-15,41	-9,91	1
07/02/2020 11:40:00	-9,67	-11,10	-11,99	-12,60	-13,27	-14,08	-14,84	-15,42	-15,59	-15,60	-15,67	-15,71	-15,76	-9,86	1
07/02/2020 11:45:00	-9,61	-10,89	-11,69	-12,50	-13,28	-14,17	-15,02	-15,63	-15,81	-15,79	-15,81	-15,78	-15,75	-9,58	1
07/02/2020 11:50:00	-9,61	-11,08	-11,91	-12,47	-13,03	-13,81	-14,58	-15,16	-15,31	-15,32	-15,38	-15,43	-15,48	-9,58	0
07/02/2020 11:55:00	-9,60	-11,03	-12,05	-12,65	-13,21	-14,03	-14,79	-15,31	-15,39	-15,34	-15,37	-15,40	-15,43	-9,49	1
07/02/2020 12:00:00	-9,47	-10,86	-11,78	-12,50	-13,12	-13,99	-14,82	-15,41	-15,53	-15,50	-15,53	-15,55	-15,57	-9,58	1
07/02/2020 12:05:00	-9,58	-10,89	-11,83	-12,45	-13,13	-13,98	-14,80	-15,39	-15,54	-15,54	-15,59	-15,63	-15,67	-9,58	1
07/02/2020 12:10:00	-9,56	-11,04	-11,94	-12,41	-13,04	-13,88	-14,70	-15,34	-15,54	-15,57	-15,67	-15,75	-15,83	-9,57	1
07/02/2020 12:15:00	-9,52	-10,97	-11,80	-12,34	-12,99	-13,80	-14,62	-15,26	-15,46	-15,49	-15,57	-15,63	-15,68	-9,56	1
07/02/2020 12:20:00	-9,55	-10,94	-11,76	-12,38	-12,99	-13,84	-14,67	-15,28	-15,45	-15,46	-15,52	-15,56	-15,60	-9,52	1
07/02/2020 12:25:00	-9,54	-10,90	-11,77	-12,44	-13,10	-13,89	-14,64	-15,20	-15,33	-15,32	-15,36	-15,38	-15,40	-9,45	1
07/02/2020 12:30:00	-9,30	-10,74	-11,82	-12,59	-13,31	-14,10	-14,80	-15,29	-15,37	-15,32	-15,33	-15,33	-15,33	-9,28	1
07/02/2020 12:35:00	-9,49	-10,84	-11,76	-12,39	-13,09	-13,96	-14,77	-15,38	-15,55	-15,56	-15,63	-15,68	-15,73	-9,50	1
07/02/2020 12:40:00	-9,38	-10,79	-11,74	-12,45	-13,15	-13,96	-14,70	-15,25	-15,38	-15,36	-15,39	-15,40	-15,42	-9,48	1
07/02/2020 12:45:00	-9,40	-10,88	-11,82	-12,38	-12,97	-13,80	-14,60	-15,18	-15,30	-15,28	-15,32	-15,34	-15,37	-9,42	1
07/02/2020 12:50:00	-9,42	-10,90	-11,79	-12,35	-12,90	-13,65	-14,38	-14,93	-15,06	-15,06	-15,13	-15,20	-15,27	-9,45	0
07/02/2020 12:55:00	-9,39	-10,78	-11,74	-12,41	-13,03	-13,82	-14,54	-15,04	-15,13	-15,08	-15,09	-15,09	-15,09	-9,63	1
07/02/2020 13:00:00	-9,37	-10,72	-11,65	-12,34	-13,03	-13,87	-14,64	-15,20	-15,35	-15,34	-15,39	-15,42	-15,45	-9,20	1
07/02/2020 13:05:00	-9,46	-10,67	-11,68	-12,37	-13,01	-13,82	-14,56	-15,06	-15,11	-15,05	-15,06	-15,07	-15,07	-9,55	1
07/02/2020 13:10:00	-9,30	-10,62	-11,44	-11,99	-12,58	-13,55	-14,50	-15,23	-15,46	-15,54	-15,67	-15,80	-15,93	-9,23	1
07/02/2020 13:15:00	-9,31	-10,67	-11,61	-12,40	-13,05	-13,84	-14,57	-15,08	-15,17	-15,12	-15,14	-15,14	-15,15	-9,27	1
07/02/2020 13:20:00	-9,37	-10,73	-11,66	-12,29	-12,90	-13,76	-14,56	-15,13	-15,26	-15,24	-15,28	-15,31	-15,33	-9,23	1
07/02/2020 13:25:00	-9,27	-10,64	-11,48	-12,21	-12,96	-13,89	-14,79	-15,48	-15,69	-15,72	-15,79	-15,82	-15,85	-9,16	1
07/02/2020 13:30:00	-9,34	-10,69	-11,61	-12,19	-12,80	-13,61	-14,37	-14,93	-15,06	-15,05	-15,10	-15,14	-15,17	-9,29	1
07/02/2020 13:35:00	-9,33	-10,79	-11,59	-12,19	-12,72	-13,53	-14,33	-14,93	-15,08	-15,09	-15,16	-15,21	-15,27	-9,20	0
07/02/2020 13:40:00	-9,28	-10,66	-11,52	-12,12	-12,78	-13,60	-14,39	-14,98	-15,16	-15,17	-15,24	-15,29	-15,34	-9,36	1
07/02/2020 13:45:00	-9,29	-10,63	-11,49	-12,13	-12,75	-13,56	-14,31	-14,87	-15,01	-15,01	-15,06	-15,09	-15,12	-9,10	1
07/02/2020 13:50:00	-9,24	-10,60	-11,61	-12,22	-12,90	-13,61	-14,25	-14,73	-14,82	-14,79	-14,83	-14,86	-14,88	-9,13	1
07/02/2020 13:55:00	-9,18	-10,35	-11,23	-11,91	-12,56	-13,46	-14,32	-14,94	-15,10	-15,11	-15,19	-15,26	-15,33	-9,11	1
07/02/2020 14:00:00	-9,14	-10,45	-11,33	-11,92	-12,55	-13,41	-14,24	-14,85	-15,01	-15,02	-15,09	-15,14	-15,19	-9,03	1
07/02/2020 14:05:00	-9,14	-10,41	-11,33	-11,90	-12,53	-13,39	-14,22	-14,81	-14,96	-14,96	-15,03	-15,08	-15,13	-9,01	1
07/02/2020 14:10:00	-9,17	-10,31	-11,18	-11,88	-12,56	-13,42	-14,22	-14,79	-14,93	-14,92	-14,96	-14,99	-15,02	-9,06	1
07/02/2020 14:15:00	-9,10	-10,29	-11,28	-12,03	-12,74	-13,61	-14,39	-14,94	-15,05	-15,02	-15,05	-15,07	-15,09	-8,78	1
07/02/2020 14:20:00	-9,11	-10,33	-11,20	-11,90	-12,60	-13,44	-14,22	-14,80	-14,95	-14,95	-15,01	-15,05	-15,09	-8,94	1
07/02/2020 14:25:00	-9,00	-10,20	-11,29	-12,02	-12,75	-13,49	-14,14	-14,56	-14,59	-14,52	-14,52	-14,50	-14,49	-8,80	1
07/02/2020 14:30:00	-8,95	-10,11	-10,99	-11,68	-12,39	-13,34	-14,23	-14,89	-15,08	-15,11	-15,19	-15,26	-15,34	-8,73	1
07/02/2020 14:35:00	-8,85	-10,16	-11,23	-11,91	-12,66	-13,55	-14,36	-14,93	-15,05	-15,03	-15,06	-15,09	-15,12	-8,50	1
07/02/2020 14:40:00	-9,08	-10,24	-11,10	-11,73	-12,47	-13,34	-14,14	-14,75	-14,94	-14,97	-15,05	-15,10	-15,15	-8,98	1
07/02/2020 14:45:00	-8,96	-10,22	-11,20	-11,90	-12,56	-13,41	-14,20	-14,74	-14,84	-14,82	-14,85	-14,87	-14,89	-8,91	1
07/02/2020 14:50:00	-9,07	-10,29	-11,27	-11,92	-12,58	-13,40	-14,17	-14,70	-14,80	-14,78	-14,82	-14,85	-14,88	-8,87	1
07/02/2020 14:55:00	-9,09	-10,26	-11,10	-11,76	-12,47	-13,43	-14,33	-14,99	-15,19	-15,21	-15,28	-15,32	-15,36	-8,92	1
07/02/2020 15:00:00	-9,15	-10,34	-11,19	-11,92	-12,69	-13,53	-14,32	-14,90	-15,06	-15,05	-15,09	-15,09	-15,09	-9,06	1
07/02/2020 15:05:00	-9,16	-10,32	-11,14	-11,79	-12,44	-13,36	-14,22	-14,84	-15,01	-15,01	-15,07	-15,10	-15,13	-9,08	1
07/02/2020 15:10:00	-9,23	-10,39	-11,23	-11,87	-12,52	-13,35	-14,14	-14,70	-14,83	-14,82	-14,86	-14,88	-14,90	-9,10	0
07/02/2020 15:15:00	-9,27	-10,32	-11,14	-11,79	-12,52	-13,38	-14,15	-14,72	-14,88	-14,88	-14,92	-14,93	-14,94	-9,18	0
07/02/2020 15:20:00	-9,20	-10,41	-11,21	-11,74	-12,40	-13,26	-14,10	-14,74	-14,95	-15,00	-15,10	-15,18	-15,27	-9,01	0
07/02/2020 15:25:00	-9,21	-10,50	-11,20	-11,74	-12,29	-13,17	-14,04	-14,70	-14,89	-14,92	-14,99	-15,05	-15,10	-9,05	0
07/02/2020 15:30:00	-9,18	-10,41	-11,12	-11,58	-12,16	-12,99	-13,81	-14,45	-14,66	-14,72	-14,82	-14,90	-14,98	-9,11	0
07/02/2020 15:35:00	-9,18	-10,34	-11,04	-11,54	-12,09	-12,96	-13,83	-14,50	-14,71	-14,76	-14,87	-14,96	-15,06	-9,04	0
07/02/2020 15:40:00	-9,13	-10,28	-10,98	-11,50	-12,11	-12,98	-13,83	-14,48	-14,68	-14,72	-14,81	-14,87	-14,93	-8,98	0
07/02/2020 15:45:00	-9,13	-10,26	-11,02	-11,52	-12,12	-12,99	-13,85	-14,48	-14,65	-14,68	-14,75	-14,80	-14,85	-9,07	0
07/02/2020 15:50:00	-9,18	-10,29	-11,04	-11,62	-12,28	-13,10	-13,89	-14,47	-14,64	-14,65	-14,70	-14,72	-14,74	-9,12	0
07/02/2020 15:55:00	-9,12	-10,20	-10,95	-11,45	-12,13	-13,01	-13,84	-14,48	-14,69	-14,73	-14,82	-14,87	-14,91	-8,98	0
07/02/2020 16:00:00	-9,14	-10,19	-10,85	-11,33	-11,94	-12,88	-13,79	-14,49	-14,73	-14,80	-14,91	-15,00	-15,09	-9,00	0
07/02/2020 16:05:00	-8,87	-9,99	-10,71	-11,25	-11,91	-12,80	-13,66	-14,31	-14,52	-14,57	-14,64	-14,68	-14,73	-8,90	0
07/02/2020 16:10:00	-8,85	-9,97	-10,66	-11,08	-11,68	-12,58	-13,47	-14,16	-14,40	-14,47	-14,58	-14,67	-14,75	-8,96	0
07/02/2020 16:15:00	-8,89	-9,96	-10,59	-11,09	-11,71	-12,61	-13,51	-14,22	-14,46	-14,54	-14,65	-14,73	-14,82	-8,86	0
07/02/2020 16:20:00	-8,94	-9,97	-10,60	-11,08	-11,70	-12,60	-13,49	-14,17	-14,40	-14,47	-14,57	-14,64	-14,71	-9,03	0
07/02/2020 16:25:00	-8,87	-10,00	-10,66	-11,11	-11,69	-12,60	-13,52	-14,22	-14,46	-14,53	-14,65	-14,74	-14,84	-8,80	0
07/02/2020 16:30:00	-8,89	-9,98	-10,75	-11,23	-11,88	-12,73	-13,52	-14,13	-14,32	-14,36	-14,44	-14,49	-14,55	-8,76	0
07/02/2020 16:35:00	-8,89	-9,96	-10,69	-11,28	-11,89	-12,74	-13,55	-14,15	-14,32	-14,34	-14,41	-14,45	-14,49	-8,86	0
07/02/2020 16:40:00	-8,90	-10,00	-10,71	-11,15	-11,75	-12,59	-13,39	-14,01	-14,21	-14,25	-14,34	-14,40	-14,47	-8,95	0
07/02/2020 16:45:00	-8,97	-10,00	-10,69	-11,19	-11,75	-12,61	-13,43	-14,04	-14,22	-14,24	-14,32	-14,38	-14,43	-8,98	0
07/02/2020 16:50:00	-8,89	-10,05	-10,63	-11,14	-11,71	-12,55	-13,40	-14,06	-14,28	-14,33	-14,42	-14,47	-14,52	-9,03	0
07/02/2020 16:55:00	-8,96	-10,07	-10,74	-11,13	-11,75	-12,53	-13,29	-13,90	-14,12	-14,18	-14,27	-14,34	-14,41	-8,99	0
07/02/2020 17:00:00	-9,01	-10,03	-10,71	-11,19	-11,87	-12,76	-13,64	-14,30	-14,53	-14,59	-14,68	-14,74	-14,80	-9,00	0
07/02/2020 17:05:00	-9,00	-10,11	-10,84	-11,29	-11,90	-12,73	-13,52	-14,11	-14,29	-14,32	-14,38	-14,41	-14,44	-9,00	0
07/02/2020 17:10:00	-9,03	-10,15	-10,77	-11,14	-11,70	-12,54	-13,39	-14,06	-14,30	-14,37	-14,49	-14,58	-14,67	-9,04	0
07/02/2020 17:15:00	-9,01	-10,06	-10,75	-11,17	-11,78	-12,66	-13,52	-14,17	-14,38	-14,44	-14,53	-14,60	-14,67	-9,00	0
07/02/2020 17:20:00	-8,95	-10,09	-10,78	-11,26	-11,83	-12,66	-13,46	-14,06	-14,23	-14,26	-14,32	-14,36	-14,39	-8,97	0
07/02/2020 17:25:00	-9,06	-10,08	-10,71	-11,24	-11,85	-12,66	-13,43	-14,02	-14,21	-14,24	-14,31	-14,35	-14,39	-8,88	0
07/02/2020 17:30:00	-9,02	-10,05	-10,73	-11,18	-11,75	-12,60	-13,43	-14,05	-14,22	-14,24	-14,31	-14,35	-14,39	-9,08	0
07/02/2020 17:35:00	-9,00	-10,10	-10,74	-11,24	-11,78	-12,59	-13,38	-13,98	-14,15	-14,17	-14,23	-14,27	-14,30	-9,02	0
07/02/2020 17:40:00	-8,99	-10,03	-10,63	-11,10	-11,69	-12,52	-13,35	-13,98	-14,20	-14,25	-14,34	-14,38	-14,43	-9,05	0
07/02/2020 17:45:00	-8,93	-9,98	-10,60	-11,09	-11,68	-12,54	-13,39	-14,03	-14,24	-14,29	-14,37	-14,41	-14,45	-8,98	0
07/02/2020 17:50:00	-8,98	-9,91	-10,50	-11,03	-11,69	-12,59	-13,43	-14,07	-14,29	-14,34	-14,41	-14,43	-14,45	-8,88	0
07/02/2020 17:55:00	-8,93	-9,88	-10,46	-11,00	-11,55	-12,44	-13,33	-13,98	-14,16	-14,20	-14,26	-14,30	-14,33	-8,92	0
07/02/2020 18:00:00	-8,90	-9,88	-10,47	-10,90	-11,49	-12,33	-13,18	-13,82	-14,04	-14,10	-14,19	-14,25	-14,31	-8,86	0
07/02/2020 18:05:00	-8,87	-9,83	-10,50	-10,93	-11,55	-12,42	-13,26	-13,88	-14,08	-14,12	-14,19	-14,23	-14,27	-8,91	0
07/02/2020 18:10:00	-8,86	-9,91	-10,51	-10,99	-11,59	-12,45	-13,28	-13,90	-14,11	-14,15	-14,21	-14,23	-14,24	-8,95	0
07/02/2020 18:15:00	-8,94	-9,92	-10,46	-10,92	-11,50	-12,37	-13,23	-13,89	-14,12	-14,18	-14,27	-14,31	-14,36	-8,93	0
07/02/2020 18:20:00	-8,94	-9,86	-10,51	-11,04	-11,70	-12,51	-13,27	-13,83	-14,00	-14,02	-14,07	-14,08	-14,08	-8,91	0
07/02/2020 18:25:00	-8,96	-9,93	-10,53	-10,97	-11,58	-12,47	-13,36	-14,03	-14,27	-14,33	-14,43	-14,49	-14,55	-8,98	0
07/02/2020 18:30:00	-8,92	-9,88	-10,44	-10,96	-11,56	-12,45	-13,31	-13,98	-14,21	-14,28	-14,37	-14,43	-14,49	-8,95	0
07/02/2020 18:35:00	-8,89	-9,91	-10,48	-11,03	-11,65	-12,50	-13,28	-13,89	-14,09	-14,13	-14,19	-14,20	-14,21	-8,97	0
07/02/2020 18:40:00	-8,92	-9,92	-10,54	-11,05	-11,65	-12,49	-13,32	-13,93	-14,13	-14,16	-14,22	-14,25	-14,27	-8,98	0
07/02/2020 18:45:00	-9,03	-9,92	-10,46	-11,01	-11,62	-12,49	-13,34	-13,96	-14,15	-14,17	-14,22	-14,21	-14,21	-9,01	0
07/02/2020 18:50:00	-9,06	-10,05	-10,59	-10,98	-11,53	-12,40	-13,26	-13,92	-14,15	-14,21	-14,29	-14,34	-14,38	-9,13	0
07/02/2020 18:55:00	-9,16	-10,15	-10,62	-11,05	-11,52	-12,41	-13,31	-13,99	-14,21	-14,26	-14,35	-14,40	-14,45	-9,14	0
07/02/2020 19:00:00	-9,19	-10,20	-10,68	-11,04	-11,56	-12,37	-13,17	-13,81	-14,03	-14,09	-14,18	-14,22	-14,27	-9,25	0
07/02/2020 19:05:00	-9,27	-10,24	-10,67	-10,96	-11,48	-12,37	-13,28	-14,00	-14,28	-14,38	-14,50	-14,58	-14,66	-9,23	0
07/02/2020 19:10:00	-9,27	-10,21	-10,68	-11,01	-11,55	-12,38	-13,23	-13,90	-14,14	-14,21	-14,30	-14,36	-14,41	-9,27	0
07/02/2020 19:15:00	-9,29	-10,18	-10,71	-11,04	-11,55	-12,41	-13,28	-13,94	-14,16	-14,21	-14,30	-14,36	-14,42	-9,28	0
07/02/2020 19:20:00	-9,25	-10,29	-10,81	-11,14	-11,63	-12,46	-13,30	-13,94	-14,15	-14,20	-14,29	-14,34	-14,39	-9,33	0
07/02/2020 19:25:00	-9,28	-10,29	-10,74	-11,11	-11,63	-12,44	-13,28	-13,93	-14,16	-14,22	-14,31	-14,35	-14,39	-9,30	0
07/02/2020 19:30:00	-9,33	-10,23	-10,71	-11,13	-11,67	-12,51	-13,35	-13,99	-14,19	-14,23	-14,30	-14,32	-14,35	-9,34	0
07/02/2020 19:35:00	-9,38	-10,32	-10,78	-11,13	-11,58	-12,36	-13,14	-13,73	-13,91	-13,93	-13,99	-14,01	-14,03	-9,35	0
07/02/2020 19:40:00	-9,39	-10,35	-10,82	-11,18	-11,71	-12,54	-13,35	-13,97	-14,18	-14,21	-14,27	-14,28	-14,29	-9,40	0
07/02/2020 19:45:00	-9,37	-10,24	-10,75	-11,16	-11,66	-12,51	-13,35	-13,95	-14,12	-14,13	-14,18	-14,18	-14,18	-9,39	0
07/02/2020 19:50:00	-9,46	-10,33	-10,86	-11,28	-11,84	-12,60	-13,33	-13,89	-14,06	-14,07	-14,11	-14,12	-14,12	-9,41	0
07/02/2020 19:55:00	-9,46	-10,35	-10,82	-11,23	-11,75	-12,53	-13,30	-13,88	-14,06	-14,08	-14,12	-14,11	-14,11	-9,49	0
07/02/2020 20:00:00	-9,46	-10,43	-10,88	-11,22	-11,75	-12,53	-13,31	-13,94	-14,17	-14,23	-14,31	-14,35	-14,39	-9,46	0
07/02/2020 20:05:00	-9,52	-10,39	-10,82	-11,18	-11,65	-12,46	-13,26	-13,86	-14,04	-14,07	-14,12	-14,14	-14,15	-9,52	0
07/02/2020 20:10:00	-9,44	-10,47	-10,91	-11,27	-11,65	-12,42	-13,18	-13,75	-13,91	-13,92	-13,96	-13,97	-13,98	-9,48	0
07/02/2020 20:15:00	-9,56	-10,40	-10,86	-11,26	-11,80	-12,57	-13,33	-13,90	-14,08	-14,09	-14,13	-14,13	-14,12	-9,50	0
07/02/2020 20:20:00	-9,49	-10,46	-10,92	-11,33	-11,90	-12,61	-13,30	-13,84	-14,03	-14,05	-14,09	-14,07	-14,05	-9,51	0
07/02/2020 20:25:00	-9,49	-10,40	-10,82	-11,20	-11,71	-12,57	-13,41	-14,06	-14,28	-14,32	-14,38	-14,39	-14,40	-9,50	0
07/02/2020 20:30:00	-9,57	-10,40	-10,92	-11,32	-11,85	-12,65	-13,42	-13,98	-14,14	-14,13	-14,16	-14,14	-14,12	-9,65	0
07/02/2020 20:35:00	-9,59	-10,50	-10,97	-11,33	-11,90	-12,67	-13,44	-14,03	-14,24	-14,27	-14,33	-14,34	-14,35	-9,68	0
07/02/2020 20:40:00	-9,66	-10,47	-10,96	-11,38	-11,95	-12,70	-13,43	-13,98	-14,15	-14,15	-14,18	-14,16	-14,14	-9,65	0
07/02/2020 20:45:00	-9,63	-10,60	-11,09	-11,49	-12,03	-12,79	-13,53	-14,09	-14,27	-14,28	-14,33	-14,32	-14,31	-9,70	0
07/02/2020 20:50:00	-9,73	-10,63	-11,14	-11,57	-12,11	-12,85	-13,54	-14,05	-14,20	-14,20	-14,22	-14,19	-14,17	-9,70	0
07/02/2020 20:55:00	-9,76	-10,69	-11,19	-11,48	-11,98	-12,70	-13,40	-13,96	-14,14	-14,16	-14,22	-14,24	-14,26	-9,81	0
07/02/2020 21:00:00	-9,80	-10,74	-11,28	-11,71	-12,21	-12,89	-13,53	-14,00	-14,11	-14,07	-14,07	-14,03	-13,98	-9,78	0
07/02/2020 21:05:00	-9,71	-10,78	-11,29	-11,67	-12,20	-12,94	-13,68	-14,24	-14,41	-14,40	-14,43	-14,41	-14,39	-9,81	0
07/02/2020 21:10:00	-9,81	-10,74	-11,23	-11,67	-12,22	-12,96	-13,66	-14,17	-14,32	-14,30	-14,30	-14,25	-14,20	-9,81	0
07/02/2020 21:15:00	-9,92	-10,83	-11,36	-11,84	-12,43	-13,12	-13,76	-14,24	-14,36	-14,32	-14,30	-14,23	-14,16	-9,91	0
07/02/2020 21:20:00	-9,93	-10,91	-11,45	-11,82	-12,32	-13,02	-13,70	-14,21	-14,35	-14,33	-14,36	-14,35	-14,34	-9,98	0
07/02/2020 21:25:00	-9,96	-10,92	-11,42	-11,84	-12,33	-13,03	-13,68	-14,16	-14,28	-14,25	-14,25	-14,20	-14,15	-10,00	0
07/02/2020 21:30:00	-10,04	-11,00	-11,55	-11,95	-12,47	-13,09	-13,66	-14,07	-14,15	-14,09	-14,06	-13,98	-13,90	-10,02	0
07/02/2020 21:35:00	-10,12	-11,05	-11,55	-11,96	-12,51	-13,18	-13,80	-14,28	-14,41	-14,39	-14,39	-14,35	-14,30	-10,10	0
07/02/2020 21:40:00	-10,13	-11,09	-11,57	-11,94	-12,44	-13,09	-13,72	-14,21	-14,34	-14,31	-14,32	-14,28	-14,24	-10,13	0
07/02/2020 21:45:00	-10,18	-11,07	-11,61	-12,13	-12,64	-13,28	-13,89	-14,31	-14,37	-14,29	-14,24	-14,15	-14,06	-10,15	0
07/02/2020 21:50:00	-10,16	-11,06	-11,63	-12,15	-12,71	-13,40	-14,03	-14,46	-14,53	-14,44	-14,39	-14,28	-14,17	-10,20	0
07/02/2020 21:55:00	-10,15	-11,23	-11,70	-12,02	-12,47	-13,13	-13,79	-14,29	-14,44	-14,42	-14,44	-14,41	-14,39	-10,20	0
07/02/2020 22:00:00	-10,29	-11,25	-11,75	-12,16	-12,67	-13,31	-13,89	-14,33	-14,45	-14,40	-14,39	-14,33	-14,27	-10,27	0
07/02/2020 22:05:00	-10,28	-11,29	-11,89	-12,24	-12,60	-13,29	-13,93	-14,37	-14,43	-14,36	-14,35	-14,32	-14,30	-10,28	0
07/02/2020 22:10:00	-10,32	-11,34	-11,92	-12,41	-12,93	-13,49	-13,99	-14,32	-14,35	-14,24	-14,16	-14,03	-13,90	-10,30	0
07/02/2020 22:15:00	-10,41	-11,40	-11,96	-12,39	-12,87	-13,42	-13,90	-14,25	-14,29	-14,19	-14,14	-14,04	-13,95	-10,36	0
07/02/2020 22:20:00	-10,39	-11,41	-11,93	-12,33	-12,78	-13,35	-13,88	-14,27	-14,33	-14,26	-14,22	-14,15	-14,08	-10,39	0
07/02/2020 22:25:00	-10,44	-11,48	-12,03	-12,45	-12,88	-13,43	-13,92	-14,26	-14,29	-14,18	-14,12	-14,01	-13,91	-10,40	0
07/02/2020 22:30:00	-10,55	-11,51	-12,05	-12,37	-12,76	-13,43	-14,07	-14,52	-14,60	-14,55	-14,54	-14,51	-14,48	-10,51	0
07/02/2020 22:35:00	-10,45	-11,44	-12,07	-12,56	-13,02	-13,59	-14,09	-14,40	-14,39	-14,26	-14,17	-14,04	-13,91	-10,50	0
07/02/2020 22:40:00	-10,54	-11,52	-12,14	-12,58	-13,12	-13,65	-14,11	-14,43	-14,47	-14,37	-14,30	-14,20	-14,09	-10,53	0
07/02/2020 22:45:00	-10,56	-11,52	-12,06	-12,52	-13,07	-13,62	-14,12	-14,48	-14,54	-14,46	-14,40	-14,29	-14,18	-10,55	0
07/02/2020 22:50:00	-10,53	-11,66	-12,31	-12,68	-13,05	-13,55	-13,98	-14,26	-14,24	-14,10	-14,02	-13,91	-13,81	-10,61	0
07/02/2020 22:55:00	-10,64	-11,70	-12,30	-12,73	-13,14	-13,68	-14,17	-14,49	-14,48	-14,35	-14,27	-14,15	-14,03	-10,64	0
07/02/2020 23:00:00	-10,64	-11,71	-12,30	-12,66	-13,12	-13,67	-14,20	-14,58	-14,63	-14,55	-14,51	-14,44	-14,36	-10,61	0
07/02/2020 23:05:00	-10,68	-11,80	-12,33	-12,68	-13,05	-13,63	-14,19	-14,58	-14,63	-14,54	-14,50	-14,42	-14,34	-10,68	0
07/02/2020 23:10:00	-10,70	-11,77	-12,39	-12,74	-13,16	-13,68	-14,15	-14,47	-14,48	-14,37	-14,32	-14,23	-14,14	-10,68	0
07/02/2020 23:15:00	-10,77	-11,85	-12,44	-12,84	-13,23	-13,80	-14,32	-14,66	-14,66	-14,54	-14,47	-14,37	-14,26	-10,78	0
07/02/2020 23:20:00	-10,82	-11,94	-12,53	-12,88	-13,22	-13,75	-14,25	-14,59	-14,59	-14,47	-14,41	-14,32	-14,24	-10,84	0
07/02/2020 23:25:00	-10,91	-12,03	-12,56	-12,86	-13,20	-13,70	-14,21	-14,57	-14,60	-14,50	-14,47	-14,40	-14,34	-10,85	0
07/02/2020 23:30:00	-10,84	-12,06	-12,61	-13,03	-13,45	-13,85	-14,21	-14,47	-14,47	-14,34	-14,26	-14,12	-13,99	-10,88	0
07/02/2020 23:35:00	-11,00	-12,14	-12,70	-13,02	-13,34	-13,83	-14,30	-14,63	-14,64	-14,54	-14,49	-14,42	-14,35	-10,95	0
07/02/2020 23:40:00	-10,91	-12,07	-12,68	-13,09	-13,43	-13,94	-14,41	-14,70	-14,66	-14,51	-14,42	-14,29	-14,16	-10,99	0
07/02/2020 23:45:00	-11,03	-12,08	-12,71	-13,09	-13,54	-14,05	-14,50	-14,80	-14,81	-14,69	-14,61	-14,50	-14,39	-11,03	0
07/02/2020 23:50:00	-11,07	-12,21	-12,74	-13,15	-13,50	-14,00	-14,45	-14,77	-14,77	-14,65	-14,58	-14,49	-14,39	-11,11	0
07/02/2020 23:55:00	-11,10	-12,32	-12,84	-13,15	-13,56	-14,00	-14,42	-14,75	-14,79	-14,70	-14,65	-14,56	-14,46	-11,15	0
