FileFormat:0002.2 file with temperature of atmosphere
200
local	GMT or Local
0	GMT-Local=[hours]
0	Height[m]
0	0	0	Longitude                [grd]               [min]               [sec]
0	0	0	Latitude                [grd]               [min]               [sec]
N	NS
59,40	Freq[GHz]
0,00	dTemostat[K]
0,150	MessErr[K]
0,248	//[grad/step]
version 14.0.20110218
MTP5H033F5940K-33.00D180214+A1.1
Commentary:
enter comment
End Of Commentary

SYSTEM\summer.dat
data time	0	50	100	150	200	250	300	350	400	450	500	550	600	OutsideTemperature	Quality
17/10/2020 00:00:00	3,91	3,91	3,64	3,19	2,76	2,21	1,64	1,15	0,75	0,38	0,05	-0,26	-0,57	3,91	0
17/10/2020 00:05:00	3,90	3,85	3,53	3,08	2,55	1,95	1,47	1,03	0,61	0,24	-0,09	-0,40	-0,71	3,86	0
17/10/2020 00:10:00	3,85	3,85	3,52	3,05	2,61	2,05	1,55	1,10	0,71	0,36	0,06	-0,22	-0,50	3,88	0
17/10/2020 00:15:00	3,83	3,78	3,48	3,02	2,56	1,97	1,46	1,00	0,60	0,23	-0,09	-0,40	-0,70	3,81	0
17/10/2020 00:20:00	3,86	3,76	3,45	3,07	2,60	2,07	1,53	1,07	0,68	0,32	0,01	-0,30	-0,60	3,80	0
17/10/2020 00:25:00	3,78	3,75	3,45	3,02	2,55	1,99	1,52	1,08	0,68	0,33	0,02	-0,27	-0,56	3,74	0
17/10/2020 00:30:00	3,82	3,73	3,40	3,00	2,51	1,97	1,48	1,04	0,65	0,30	-0,01	-0,30	-0,59	3,88	0
17/10/2020 00:35:00	3,77	3,79	3,45	2,98	2,49	1,93	1,47	1,04	0,64	0,29	-0,01	-0,28	-0,56	3,75	0
17/10/2020 00:40:00	3,77	3,67	3,34	2,87	2,37	1,86	1,38	0,95	0,56	0,22	-0,07	-0,34	-0,61	3,70	0
17/10/2020 00:45:00	3,76	3,65	3,29	2,83	2,35	1,82	1,38	0,96	0,58	0,24	-0,04	-0,30	-0,56	3,80	0
17/10/2020 00:50:00	3,69	3,60	3,25	2,88	2,41	1,96	1,46	1,02	0,65	0,33	0,06	-0,20	-0,46	3,69	0
17/10/2020 00:55:00	3,71	3,56	3,21	2,76	2,32	1,80	1,33	0,90	0,52	0,19	-0,09	-0,35	-0,61	3,70	0
17/10/2020 01:00:00	3,64	3,51	3,19	2,76	2,33	1,79	1,32	0,89	0,51	0,17	-0,12	-0,39	-0,67	3,58	0
17/10/2020 01:05:00	3,56	3,47	3,15	2,72	2,25	1,74	1,29	0,87	0,49	0,16	-0,12	-0,38	-0,64	3,61	0
17/10/2020 01:10:00	3,66	3,51	3,20	2,82	2,34	1,85	1,39	0,96	0,59	0,25	-0,04	-0,31	-0,58	3,62	0
17/10/2020 01:15:00	3,61	3,46	3,13	2,71	2,24	1,78	1,30	0,87	0,50	0,17	-0,10	-0,36	-0,62	3,58	0
17/10/2020 01:20:00	3,62	3,46	3,07	2,64	2,18	1,67	1,23	0,82	0,45	0,12	-0,14	-0,39	-0,64	3,56	0
17/10/2020 01:25:00	3,57	3,40	3,03	2,65	2,22	1,72	1,30	0,91	0,55	0,24	-0,02	-0,27	-0,51	3,53	0
17/10/2020 01:30:00	3,55	3,43	3,10	2,68	2,19	1,70	1,23	0,81	0,43	0,10	-0,18	-0,45	-0,71	3,45	0
17/10/2020 01:35:00	3,42	3,33	2,99	2,56	2,07	1,58	1,13	0,71	0,34	0,01	-0,26	-0,52	-0,77	3,41	0
17/10/2020 01:40:00	3,44	3,29	2,98	2,57	2,14	1,62	1,18	0,78	0,40	0,07	-0,21	-0,48	-0,75	3,52	0
17/10/2020 01:45:00	3,53	3,54	3,24	2,80	2,33	1,82	1,33	0,89	0,50	0,16	-0,13	-0,40	-0,67	3,58	0
17/10/2020 01:50:00	3,58	3,48	3,18	2,77	2,41	1,85	1,46	1,08	0,71	0,38	0,10	-0,16	-0,43	3,53	0
17/10/2020 01:55:00	3,37	3,40	3,14	2,77	2,32	1,79	1,28	0,83	0,44	0,08	-0,23	-0,52	-0,82	3,40	0
17/10/2020 02:00:00	3,33	3,36	3,14	2,76	2,31	1,78	1,29	0,84	0,44	0,09	-0,23	-0,53	-0,84	3,33	0
17/10/2020 02:05:00	3,30	3,47	3,26	2,87	2,35	1,80	1,33	0,88	0,46	0,09	-0,24	-0,55	-0,86	3,30	0
17/10/2020 02:10:00	3,36	3,44	3,21	2,82	2,37	1,84	1,32	0,86	0,47	0,11	-0,20	-0,50	-0,80	3,42	0
17/10/2020 02:15:00	3,34	3,49	3,27	2,87	2,48	1,89	1,36	0,89	0,48	0,12	-0,21	-0,52	-0,83	3,25	0
17/10/2020 02:20:00	3,27	3,37	3,17	2,78	2,35	1,77	1,33	0,90	0,50	0,14	-0,18	-0,49	-0,79	3,27	0
17/10/2020 02:25:00	3,39	3,43	3,19	2,82	2,42	1,89	1,39	0,95	0,56	0,20	-0,10	-0,40	-0,69	3,35	0
17/10/2020 02:30:00	3,30	3,41	3,22	2,78	2,33	1,77	1,28	0,82	0,41	0,04	-0,29	-0,60	-0,90	3,38	0
17/10/2020 02:35:00	3,30	3,37	3,17	2,83	2,35	1,83	1,34	0,90	0,50	0,13	-0,19	-0,50	-0,81	3,48	0
17/10/2020 02:40:00	3,40	3,56	3,41	2,99	2,56	2,11	1,61	1,15	0,76	0,42	0,12	-0,17	-0,45	3,42	0
17/10/2020 02:45:00	3,43	3,62	3,45	3,09	2,69	2,19	1,74	1,32	0,93	0,58	0,28	-0,01	-0,30	3,47	0
17/10/2020 02:50:00	3,51	3,65	3,51	3,14	2,75	2,23	1,71	1,24	0,85	0,48	0,15	-0,17	-0,49	3,46	0
17/10/2020 02:55:00	3,39	3,46	3,21	2,92	2,46	1,95	1,53	1,12	0,74	0,39	0,10	-0,19	-0,47	3,45	0
17/10/2020 03:00:00	3,42	3,51	3,29	2,92	2,52	1,99	1,50	1,06	0,67	0,32	0,01	-0,29	-0,58	3,43	0
17/10/2020 03:05:00	3,45	3,59	3,39	3,00	2,53	1,99	1,46	0,98	0,57	0,20	-0,13	-0,45	-0,76	3,28	0
17/10/2020 03:10:00	3,34	3,40	3,14	2,70	2,26	1,76	1,28	0,85	0,46	0,12	-0,16	-0,43	-0,70	3,30	0
17/10/2020 03:15:00	3,39	3,48	3,22	2,79	2,30	1,76	1,25	0,79	0,39	0,02	-0,29	-0,58	-0,88	3,40	0
17/10/2020 03:20:00	3,47	3,56	3,28	2,85	2,41	1,89	1,38	0,93	0,54	0,20	-0,10	-0,37	-0,65	3,46	0
17/10/2020 03:25:00	3,53	3,54	3,25	2,82	2,33	1,83	1,26	0,77	0,38	0,02	-0,29	-0,59	-0,88	3,36	0
17/10/2020 03:30:00	3,50	3,52	3,22	2,82	2,30	1,76	1,24	0,77	0,37	0,00	-0,31	-0,61	-0,91	3,30	0
17/10/2020 03:35:00	3,33	3,26	2,94	2,55	2,04	1,49	1,00	0,55	0,15	-0,21	-0,52	-0,81	-1,11	3,31	0
17/10/2020 03:40:00	3,38	3,28	2,96	2,57	2,10	1,59	1,13	0,72	0,34	0,01	-0,27	-0,54	-0,80	3,41	0
17/10/2020 03:45:00	3,42	3,38	3,04	2,61	2,08	1,60	1,11	0,66	0,28	-0,06	-0,34	-0,60	-0,86	3,36	0
17/10/2020 03:50:00	3,51	3,31	2,98	2,60	2,12	1,60	1,14	0,72	0,34	0,00	-0,29	-0,56	-0,84	3,52	0
17/10/2020 03:55:00	3,40	3,28	2,92	2,46	1,96	1,46	1,00	0,58	0,20	-0,13	-0,40	-0,66	-0,91	3,43	0
17/10/2020 04:00:00	3,50	3,34	3,08	2,65	2,19	1,61	1,12	0,67	0,27	-0,10	-0,43	-0,74	-1,05	3,52	0
17/10/2020 04:05:00	3,44	3,29	2,98	2,48	2,02	1,43	0,91	0,44	0,04	-0,33	-0,64	-0,94	-1,24	3,46	0
17/10/2020 04:10:00	3,37	3,16	2,79	2,33	1,89	1,37	0,91	0,50	0,13	-0,19	-0,46	-0,71	-0,96	3,35	0
17/10/2020 04:15:00	3,37	3,19	2,84	2,42	1,90	1,41	0,93	0,49	0,11	-0,23	-0,51	-0,78	-1,05	3,30	0
17/10/2020 04:20:00	3,21	3,08	2,71	2,27	1,78	1,28	0,69	0,20	-0,18	-0,52	-0,80	-1,07	-1,34	3,25	0
17/10/2020 04:25:00	3,18	2,95	2,54	2,07	1,60	1,14	0,67	0,26	-0,10	-0,41	-0,65	-0,87	-1,10	3,20	0
17/10/2020 04:30:00	3,25	3,06	2,66	2,24	1,82	1,36	0,84	0,41	0,05	-0,25	-0,50	-0,73	-0,97	3,25	0
17/10/2020 04:35:00	3,21	3,09	2,71	2,24	1,78	1,26	0,81	0,39	0,01	-0,31	-0,57	-0,82	-1,07	3,19	0
17/10/2020 04:40:00	3,23	3,05	2,69	2,30	1,88	1,34	0,84	0,40	0,03	-0,30	-0,58	-0,85	-1,12	3,28	0
17/10/2020 04:45:00	3,32	3,05	2,69	2,32	1,82	1,24	0,74	0,29	-0,10	-0,46	-0,78	-1,08	-1,38	3,15	0
17/10/2020 04:50:00	3,20	3,01	2,65	2,23	1,76	1,20	0,71	0,27	-0,12	-0,46	-0,75	-1,03	-1,31	3,03	0
17/10/2020 04:55:00	2,94	2,70	2,34	1,91	1,43	0,90	0,43	0,01	-0,37	-0,71	-0,99	-1,25	-1,52	2,87	0
17/10/2020 05:00:00	2,88	2,66	2,29	1,84	1,37	0,84	0,34	-0,10	-0,48	-0,81	-1,09	-1,35	-1,61	2,92	0
17/10/2020 05:05:00	2,82	2,60	2,26	1,80	1,32	0,89	0,39	-0,04	-0,40	-0,72	-0,97	-1,21	-1,44	2,76	0
17/10/2020 05:10:00	2,84	2,61	2,26	1,89	1,39	0,93	0,48	0,07	-0,29	-0,61	-0,87	-1,12	-1,37	2,87	0
17/10/2020 05:15:00	2,94	2,78	2,43	1,96	1,53	1,00	0,53	0,10	-0,28	-0,60	-0,87	-1,12	-1,37	2,83	0
17/10/2020 05:20:00	2,74	2,57	2,20	1,83	1,34	0,84	0,39	-0,02	-0,39	-0,71	-0,97	-1,22	-1,46	2,80	0
17/10/2020 05:25:00	2,84	2,59	2,23	1,82	1,37	0,92	0,47	0,06	-0,29	-0,59	-0,83	-1,06	-1,29	2,90	0
17/10/2020 05:30:00	2,90	2,60	2,18	1,78	1,34	0,93	0,45	0,04	-0,30	-0,59	-0,81	-1,02	-1,23	2,84	0
17/10/2020 05:35:00	2,79	2,58	2,23	1,80	1,40	0,93	0,50	0,10	-0,25	-0,56	-0,80	-1,02	-1,25	2,73	0
17/10/2020 05:40:00	2,79	2,65	2,35	1,91	1,48	1,00	0,50	0,06	-0,32	-0,64	-0,91	-1,17	-1,42	2,73	0
17/10/2020 05:45:00	2,78	2,53	2,18	1,77	1,31	0,80	0,38	-0,02	-0,39	-0,71	-0,97	-1,22	-1,47	2,84	0
17/10/2020 05:50:00	2,78	2,51	2,11	1,76	1,33	0,86	0,44	0,05	-0,30	-0,59	-0,83	-1,06	-1,28	2,77	0
17/10/2020 05:55:00	2,73	2,45	2,11	1,69	1,13	0,69	0,23	-0,19	-0,56	-0,89	-1,15	-1,39	-1,64	2,73	0
17/10/2020 06:00:00	2,67	2,43	2,08	1,67	1,19	0,72	0,30	-0,10	-0,46	-0,78	-1,03	-1,26	-1,50	2,78	0
17/10/2020 06:05:00	2,66	2,51	2,17	1,75	1,36	0,90	0,51	0,13	-0,21	-0,51	-0,73	-0,95	-1,16	2,71	0
17/10/2020 06:10:00	2,68	2,48	2,09	1,67	1,20	0,72	0,35	-0,02	-0,37	-0,68	-0,91	-1,13	-1,35	2,72	0
17/10/2020 06:15:00	2,60	2,40	2,05	1,66	1,21	0,73	0,28	-0,12	-0,48	-0,80	-1,05	-1,29	-1,52	2,58	0
17/10/2020 06:20:00	2,52	2,37	2,02	1,59	1,15	0,65	0,20	-0,21	-0,58	-0,89	-1,14	-1,38	-1,62	2,55	0
17/10/2020 06:25:00	2,29	2,21	1,92	1,55	1,10	0,64	0,18	-0,24	-0,60	-0,91	-1,16	-1,39	-1,63	2,35	0
17/10/2020 06:30:00	2,24	2,21	1,99	1,62	1,17	0,70	0,28	-0,12	-0,50	-0,83	-1,10	-1,36	-1,61	2,25	0
17/10/2020 06:35:00	2,14	2,19	1,97	1,61	1,19	0,72	0,29	-0,12	-0,49	-0,81	-1,07	-1,32	-1,56	2,14	0
17/10/2020 06:40:00	2,17	2,26	2,01	1,68	1,28	0,82	0,40	0,01	-0,36	-0,67	-0,93	-1,16	-1,40	2,18	0
17/10/2020 06:45:00	2,17	2,28	2,03	1,67	1,28	0,80	0,41	0,03	-0,33	-0,64	-0,89	-1,12	-1,35	2,20	0
17/10/2020 06:50:00	2,02	2,19	1,95	1,64	1,25	0,79	0,40	0,01	-0,35	-0,66	-0,91	-1,14	-1,38	1,99	0
17/10/2020 06:55:00	1,98	2,19	2,01	1,65	1,29	0,82	0,40	-0,01	-0,38	-0,70	-0,96	-1,20	-1,44	1,91	0
17/10/2020 07:00:00	1,94	2,16	1,95	1,64	1,27	0,83	0,38	-0,03	-0,39	-0,70	-0,95	-1,18	-1,42	1,93	0
17/10/2020 07:05:00	1,85	2,11	1,98	1,62	1,26	0,83	0,41	0,01	-0,36	-0,68	-0,93	-1,17	-1,40	1,87	0
17/10/2020 07:10:00	1,80	1,97	1,81	1,43	1,10	0,70	0,36	0,01	-0,34	-0,63	-0,86	-1,07	-1,28	1,70	0
17/10/2020 07:15:00	1,74	1,96	1,78	1,46	1,05	0,65	0,31	-0,05	-0,41	-0,71	-0,95	-1,16	-1,37	1,60	0
17/10/2020 07:20:00	1,62	1,73	1,52	1,16	0,78	0,40	0,02	-0,35	-0,70	-0,99	-1,21	-1,41	-1,60	1,57	0
17/10/2020 07:25:00	1,59	1,67	1,38	1,03	0,68	0,24	-0,12	-0,48	-0,82	-1,10	-1,31	-1,50	-1,69	1,57	0
17/10/2020 07:30:00	1,58	1,43	1,12	0,77	0,43	0,08	-0,29	-0,64	-0,96	-1,21	-1,39	-1,55	-1,72	1,51	0
17/10/2020 07:35:00	1,58	1,38	0,97	0,61	0,18	-0,19	-0,53	-0,87	-1,19	-1,45	-1,62	-1,78	-1,93	1,56	0
17/10/2020 07:40:00	1,65	1,34	0,99	0,65	0,21	-0,17	-0,58	-0,95	-1,28	-1,55	-1,76	-1,95	-2,15	1,66	0
17/10/2020 07:45:00	1,68	1,41	1,01	0,60	0,22	-0,23	-0,58	-0,93	-1,26	-1,53	-1,72	-1,90	-2,07	1,82	0
17/10/2020 07:50:00	1,83	1,51	1,13	0,71	0,30	-0,13	-0,53	-0,90	-1,24	-1,52	-1,73	-1,92	-2,11	1,89	0
17/10/2020 07:55:00	1,88	1,48	1,12	0,73	0,29	-0,10	-0,49	-0,86	-1,19	-1,46	-1,67	-1,86	-2,05	1,96	0
17/10/2020 08:00:00	2,00	1,63	1,17	0,81	0,43	0,05	-0,34	-0,69	-1,00	-1,24	-1,41	-1,57	-1,72	1,96	0
17/10/2020 08:05:00	2,11	1,61	1,12	0,79	0,36	-0,02	-0,47	-0,85	-1,16	-1,41	-1,60	-1,77	-1,94	2,05	0
17/10/2020 08:10:00	2,18	1,70	1,21	0,80	0,46	0,00	-0,41	-0,77	-1,09	-1,35	-1,53	-1,71	-1,89	2,03	0
17/10/2020 08:15:00	2,20	1,73	1,27	0,82	0,43	0,00	-0,41	-0,77	-1,09	-1,36	-1,54	-1,72	-1,89	2,25	0
17/10/2020 08:20:00	2,28	1,76	1,22	0,80	0,41	-0,05	-0,41	-0,75	-1,07	-1,32	-1,50	-1,67	-1,83	2,18	0
17/10/2020 08:25:00	2,25	1,71	1,19	0,83	0,38	-0,02	-0,45	-0,82	-1,13	-1,38	-1,56	-1,74	-1,91	2,17	0
17/10/2020 08:30:00	2,18	1,66	1,17	0,70	0,22	-0,22	-0,57	-0,92	-1,25	-1,52	-1,71	-1,88	-2,05	2,28	0
17/10/2020 08:35:00	2,21	1,64	1,16	0,66	0,22	-0,25	-0,59	-0,93	-1,27	-1,54	-1,73	-1,91	-2,09	2,11	0
17/10/2020 08:40:00	2,27	1,68	1,19	0,74	0,29	-0,14	-0,49	-0,82	-1,14	-1,41	-1,59	-1,76	-1,93	2,19	0
17/10/2020 08:45:00	2,30	1,71	1,24	0,75	0,35	-0,08	-0,46	-0,81	-1,13	-1,40	-1,58	-1,75	-1,93	2,38	0
17/10/2020 08:50:00	2,34	1,74	1,17	0,75	0,28	-0,10	-0,55	-0,93	-1,24	-1,49	-1,66	-1,82	-1,98	2,30	0
17/10/2020 08:55:00	2,32	1,77	1,17	0,75	0,27	-0,18	-0,54	-0,89	-1,21	-1,46	-1,64	-1,80	-1,96	2,50	0
17/10/2020 09:00:00	2,32	1,71	1,14	0,65	0,20	-0,23	-0,58	-0,91	-1,23	-1,48	-1,64	-1,79	-1,94	2,53	0
17/10/2020 09:05:00	2,30	1,62	1,09	0,59	0,14	-0,30	-0,70	-1,06	-1,38	-1,65	-1,84	-2,01	-2,19	2,07	0
17/10/2020 09:10:00	2,23	1,64	1,04	0,59	0,11	-0,34	-0,69	-1,03	-1,35	-1,60	-1,77	-1,93	-2,09	2,09	0
17/10/2020 09:15:00	2,23	1,67	1,05	0,61	0,14	-0,33	-0,75	-1,12	-1,45	-1,71	-1,89	-2,05	-2,22	2,18	0
17/10/2020 09:20:00	2,27	1,58	1,00	0,48	0,01	-0,39	-0,73	-1,05	-1,36	-1,61	-1,76	-1,90	-2,04	2,26	0
17/10/2020 09:25:00	2,26	1,55	1,00	0,57	0,17	-0,28	-0,67	-1,02	-1,33	-1,58	-1,76	-1,93	-2,10	2,28	0
17/10/2020 09:30:00	2,28	1,65	1,03	0,55	0,11	-0,32	-0,69	-1,03	-1,34	-1,58	-1,73	-1,87	-2,01	2,11	0
17/10/2020 09:35:00	2,43	1,67	1,01	0,47	0,00	-0,43	-0,76	-1,08	-1,39	-1,62	-1,76	-1,89	-2,01	2,28	0
17/10/2020 09:40:00	2,43	1,63	0,96	0,47	-0,01	-0,39	-0,73	-1,05	-1,34	-1,56	-1,69	-1,81	-1,93	2,29	0
17/10/2020 09:45:00	2,51	1,66	1,05	0,56	0,10	-0,29	-0,66	-1,00	-1,29	-1,53	-1,68	-1,83	-1,97	2,23	0
17/10/2020 09:50:00	2,72	1,78	1,12	0,62	0,10	-0,39	-0,80	-1,17	-1,49	-1,76	-1,96	-2,14	-2,32	2,68	0
17/10/2020 09:55:00	2,48	1,67	1,04	0,58	0,13	-0,29	-0,64	-0,97	-1,27	-1,50	-1,66	-1,80	-1,94	2,30	0
17/10/2020 10:00:00	2,46	1,69	1,10	0,67	0,24	-0,23	-0,58	-0,91	-1,22	-1,47	-1,65	-1,82	-1,98	2,26	0
17/10/2020 10:05:00	2,61	1,76	1,08	0,61	0,15	-0,33	-0,60	-0,89	-1,19	-1,43	-1,58	-1,72	-1,86	2,34	0
17/10/2020 10:10:00	2,55	1,82	1,16	0,66	0,19	-0,26	-0,64	-0,99	-1,30	-1,54	-1,70	-1,85	-1,99	2,49	0
17/10/2020 10:15:00	2,76	1,81	1,16	0,62	0,17	-0,22	-0,59	-0,92	-1,21	-1,44	-1,58	-1,71	-1,84	2,46	0
17/10/2020 10:20:00	2,65	1,78	1,12	0,62	0,14	-0,26	-0,60	-0,92	-1,22	-1,46	-1,61	-1,74	-1,88	2,36	0
17/10/2020 10:25:00	2,70	1,87	1,14	0,65	0,20	-0,23	-0,57	-0,88	-1,17	-1,39	-1,52	-1,64	-1,76	2,41	0
17/10/2020 10:30:00	2,96	1,87	1,17	0,59	0,21	-0,24	-0,61	-0,94	-1,23	-1,45	-1,60	-1,73	-1,87	2,66	0
17/10/2020 10:35:00	3,08	2,05	1,19	0,65	0,14	-0,33	-0,71	-1,04	-1,33	-1,55	-1,68	-1,80	-1,92	2,80	0
17/10/2020 10:40:00	3,12	2,06	1,41	0,88	0,33	-0,10	-0,50	-0,86	-1,17	-1,43	-1,61	-1,79	-1,96	2,64	0
17/10/2020 10:45:00	2,94	2,13	1,47	0,98	0,48	-0,03	-0,46	-0,83	-1,16	-1,43	-1,62	-1,81	-1,99	3,35	0
17/10/2020 10:50:00	2,91	2,19	1,42	0,90	0,35	-0,04	-0,43	-0,78	-1,08	-1,31	-1,44	-1,55	-1,67	2,81	0
17/10/2020 10:55:00	3,78	2,34	1,21	0,61	0,13	-0,32	-0,66	-0,94	-1,18	-1,33	-1,39	-1,44	-1,49	3,41	0
17/10/2020 11:00:00	4,00	2,47	1,30	0,65	0,11	-0,36	-0,70	-0,99	-1,24	-1,41	-1,48	-1,53	-1,59	3,68	0
17/10/2020 11:05:00	3,86	2,45	1,58	1,04	0,63	0,14	-0,28	-0,63	-0,90	-1,12	-1,27	-1,42	-1,56	3,46	0
17/10/2020 11:10:00	3,40	2,53	1,70	1,24	0,73	0,21	-0,22	-0,58	-0,89	-1,14	-1,31	-1,47	-1,63	3,41	0
17/10/2020 11:15:00	3,34	2,46	1,80	1,32	0,92	0,51	0,12	-0,22	-0,51	-0,73	-0,88	-1,03	-1,17	3,53	0
17/10/2020 11:20:00	3,58	2,54	1,81	1,32	0,84	0,43	0,02	-0,33	-0,61	-0,85	-1,00	-1,15	-1,29	3,38	0
17/10/2020 11:25:00	3,53	2,93	1,92	1,32	0,83	0,30	-0,17	-0,55	-0,85	-1,06	-1,17	-1,27	-1,36	3,25	0
17/10/2020 11:30:00	3,55	3,00	2,03	1,46	0,83	0,33	-0,04	-0,39	-0,70	-0,93	-1,04	-1,15	-1,25	3,56	0
17/10/2020 11:35:00	3,69	3,14	2,08	1,44	0,83	0,26	-0,22	-0,62	-0,94	-1,18	-1,30	-1,41	-1,52	3,76	0
17/10/2020 11:40:00	3,57	3,09	2,25	1,69	1,11	0,58	0,11	-0,29	-0,63	-0,89	-1,06	-1,22	-1,37	4,33	0
17/10/2020 11:45:00	3,66	3,19	2,43	1,85	1,27	0,74	0,32	-0,06	-0,40	-0,68	-0,87	-1,04	-1,21	4,55	0
17/10/2020 11:50:00	3,93	3,35	2,43	1,87	1,28	0,72	0,23	-0,19	-0,52	-0,78	-0,95	-1,11	-1,27	4,66	0
17/10/2020 11:55:00	3,86	3,42	2,51	1,85	1,26	0,74	0,30	-0,10	-0,42	-0,67	-0,80	-0,92	-1,04	4,90	0
17/10/2020 12:00:00	3,97	3,48	2,59	2,07	1,54	1,00	0,54	0,15	-0,17	-0,42	-0,58	-0,73	-0,88	4,18	0
17/10/2020 12:05:00	4,26	3,64	2,69	2,07	1,46	0,90	0,45	0,06	-0,28	-0,53	-0,70	-0,85	-1,00	4,37	0
17/10/2020 12:10:00	4,07	3,44	2,80	2,27	1,77	1,22	0,70	0,26	-0,09	-0,40	-0,64	-0,87	-1,10	4,72	0
17/10/2020 12:15:00	4,84	3,83	2,89	2,28	1,70	1,07	0,64	0,25	-0,08	-0,35	-0,55	-0,73	-0,92	5,10	0
17/10/2020 12:20:00	4,77	3,66	2,88	2,30	1,85	1,36	0,89	0,50	0,19	-0,07	-0,26	-0,44	-0,63	5,30	0
17/10/2020 12:25:00	4,47	3,56	2,81	2,29	1,83	1,34	0,90	0,52	0,21	-0,04	-0,23	-0,42	-0,60	5,10	0
17/10/2020 12:30:00	4,31	3,55	2,89	2,39	1,91	1,42	1,01	0,65	0,32	0,05	-0,16	-0,35	-0,55	4,88	0
17/10/2020 12:35:00	4,35	3,51	2,84	2,38	1,85	1,42	0,97	0,59	0,28	0,01	-0,19	-0,39	-0,59	4,31	0
17/10/2020 12:40:00	4,31	3,67	3,01	2,49	1,93	1,42	0,95	0,54	0,19	-0,11	-0,33	-0,55	-0,77	4,36	0
17/10/2020 12:45:00	4,40	3,71	3,04	2,54	1,95	1,47	0,97	0,55	0,20	-0,09	-0,32	-0,54	-0,76	4,45	0
17/10/2020 12:50:00	4,47	3,78	3,20	2,69	2,17	1,57	1,16	0,77	0,40	0,08	-0,19	-0,45	-0,70	4,49	0
17/10/2020 12:55:00	4,34	3,75	3,16	2,62	2,13	1,62	1,14	0,73	0,38	0,08	-0,15	-0,37	-0,59	4,34	0
17/10/2020 13:00:00	4,36	3,70	3,14	2,65	2,25	1,71	1,24	0,83	0,50	0,20	-0,04	-0,28	-0,51	4,84	0
17/10/2020 13:05:00	4,21	3,76	3,21	2,72	2,20	1,66	1,23	0,83	0,47	0,15	-0,10	-0,34	-0,57	4,54	0
17/10/2020 13:10:00	4,28	3,71	3,21	2,75	2,20	1,77	1,32	0,91	0,56	0,26	0,01	-0,22	-0,46	4,53	0
17/10/2020 13:15:00	4,21	3,79	3,32	2,86	2,32	1,82	1,35	0,92	0,55	0,23	-0,04	-0,30	-0,55	4,76	0
17/10/2020 13:20:00	4,27	3,65	3,06	2,56	2,12	1,60	1,17	0,78	0,45	0,16	-0,07	-0,28	-0,50	4,48	0
17/10/2020 13:25:00	4,44	3,67	3,04	2,61	2,16	1,67	1,23	0,85	0,53	0,25	0,03	-0,18	-0,40	4,53	0
17/10/2020 13:30:00	4,39	3,70	3,15	2,68	2,20	1,70	1,21	0,79	0,45	0,14	-0,11	-0,35	-0,59	4,28	0
17/10/2020 13:35:00	4,38	3,78	3,21	2,68	2,16	1,61	1,17	0,77	0,41	0,10	-0,15	-0,39	-0,63	4,29	0
17/10/2020 13:40:00	4,24	3,71	3,21	2,78	2,37	1,88	1,39	0,98	0,64	0,34	0,09	-0,15	-0,39	4,18	0
17/10/2020 13:45:00	4,25	3,78	3,27	2,80	2,34	1,82	1,38	0,98	0,63	0,32	0,08	-0,16	-0,40	4,51	0
17/10/2020 13:50:00	4,38	3,86	3,38	2,87	2,39	1,90	1,37	0,92	0,56	0,24	-0,02	-0,28	-0,54	4,90	0
17/10/2020 13:55:00	4,33	3,92	3,42	3,01	2,44	1,88	1,45	1,05	0,67	0,34	0,06	-0,21	-0,47	4,65	0
17/10/2020 14:00:00	4,35	3,98	3,50	2,95	2,45	1,89	1,40	0,95	0,58	0,24	-0,04	-0,30	-0,57	4,40	0
17/10/2020 14:05:00	4,46	3,98	3,39	2,93	2,39	1,87	1,41	1,01	0,65	0,34	0,10	-0,14	-0,37	4,65	0
17/10/2020 14:10:00	4,53	4,10	3,63	3,13	2,63	2,14	1,64	1,21	0,84	0,52	0,25	-0,01	-0,27	4,52	0
17/10/2020 14:15:00	4,57	4,14	3,64	3,17	2,68	2,20	1,71	1,29	0,93	0,62	0,36	0,12	-0,13	4,61	0
17/10/2020 14:20:00	4,52	4,20	3,71	3,23	2,70	2,14	1,68	1,26	0,89	0,55	0,28	0,01	-0,25	4,50	0
17/10/2020 14:25:00	4,64	4,23	3,77	3,31	2,77	2,23	1,76	1,34	0,96	0,62	0,32	0,05	-0,23	4,83	0
17/10/2020 14:30:00	4,88	4,56	4,12	3,62	3,07	2,49	1,97	1,51	1,11	0,76	0,44	0,14	-0,16	4,91	0
17/10/2020 14:35:00	4,85	4,51	4,10	3,66	3,19	2,62	2,16	1,73	1,36	1,01	0,70	0,41	0,11	4,85	0
17/10/2020 14:40:00	4,90	4,60	4,21	3,72	3,23	2,73	2,18	1,72	1,34	0,99	0,69	0,40	0,11	4,90	0
17/10/2020 14:45:00	4,92	4,66	4,22	3,79	3,20	2,62	2,15	1,72	1,32	0,96	0,65	0,34	0,04	4,95	0
17/10/2020 14:50:00	4,95	4,59	4,19	3,68	3,20	2,64	2,14	1,69	1,30	0,95	0,65	0,35	0,05	4,69	0
17/10/2020 14:55:00	4,71	4,38	4,00	3,56	3,04	2,46	1,94	1,48	1,08	0,72	0,39	0,07	-0,24	4,73	0
17/10/2020 15:00:00	4,65	4,28	3,86	3,42	2,85	2,29	1,78	1,33	0,94	0,58	0,26	-0,05	-0,36	4,67	0
17/10/2020 15:05:00	4,60	4,24	3,82	3,37	2,92	2,38	1,90	1,47	1,11	0,77	0,49	0,21	-0,07	4,58	0
17/10/2020 15:10:00	4,67	4,31	3,88	3,46	2,92	2,37	1,95	1,55	1,17	0,83	0,54	0,25	-0,03	4,60	0
17/10/2020 15:15:00	4,68	4,29	3,77	3,28	2,77	2,18	1,68	1,23	0,85	0,51	0,22	-0,05	-0,33	4,78	0
17/10/2020 15:20:00	4,57	4,26	3,81	3,29	2,81	2,32	1,84	1,41	1,05	0,73	0,47	0,22	-0,02	4,33	0
17/10/2020 15:25:00	4,58	4,27	3,83	3,38	2,85	2,37	1,89	1,47	1,10	0,77	0,50	0,24	-0,03	4,70	0
17/10/2020 15:30:00	4,58	4,25	3,81	3,32	2,83	2,30	1,82	1,39	1,01	0,68	0,40	0,13	-0,13	4,41	0
17/10/2020 15:35:00	4,54	4,21	3,77	3,28	2,76	2,22	1,73	1,29	0,91	0,58	0,29	0,01	-0,26	4,46	0
17/10/2020 15:40:00	4,35	4,08	3,68	3,25	2,72	2,21	1,71	1,27	0,89	0,55	0,25	-0,03	-0,31	4,46	0
17/10/2020 15:45:00	4,55	4,29	3,86	3,37	2,91	2,37	1,82	1,36	0,98	0,64	0,35	0,07	-0,21	4,52	0
17/10/2020 15:50:00	4,54	4,21	3,77	3,32	2,80	2,20	1,72	1,29	0,90	0,55	0,24	-0,06	-0,35	4,45	0
17/10/2020 15:55:00	4,51	4,16	3,72	3,34	2,84	2,35	1,85	1,42	1,06	0,73	0,45	0,17	-0,10	4,45	0
17/10/2020 16:00:00	4,52	4,21	3,82	3,35	2,87	2,34	1,89	1,48	1,10	0,77	0,48	0,21	-0,06	4,51	0
17/10/2020 16:05:00	4,53	4,22	3,69	3,24	2,71	2,21	1,75	1,34	0,98	0,67	0,42	0,18	-0,06	4,51	0
17/10/2020 16:10:00	4,41	4,24	3,83	3,31	2,88	2,32	1,78	1,32	0,94	0,59	0,30	0,02	-0,26	4,27	0
17/10/2020 16:15:00	4,42	4,18	3,80	3,36	2,86	2,29	1,83	1,41	1,02	0,67	0,36	0,07	-0,22	4,39	0
17/10/2020 16:20:00	4,43	4,20	3,76	3,28	2,85	2,35	1,80	1,34	0,97	0,65	0,38	0,11	-0,15	4,24	0
17/10/2020 16:25:00	4,33	4,13	3,70	3,23	2,75	2,22	1,75	1,33	0,96	0,63	0,35	0,09	-0,17	4,35	0
17/10/2020 16:30:00	4,34	4,09	3,66	3,19	2,77	2,25	1,80	1,38	1,02	0,71	0,45	0,20	-0,05	4,18	0
17/10/2020 16:35:00	4,30	4,04	3,62	3,15	2,73	2,25	1,73	1,30	0,94	0,63	0,37	0,12	-0,13	4,28	0
17/10/2020 16:40:00	4,27	4,04	3,60	3,16	2,75	2,20	1,77	1,37	1,01	0,70	0,44	0,19	-0,06	4,28	0
17/10/2020 16:45:00	4,29	4,03	3,56	3,18	2,72	2,21	1,78	1,39	1,04	0,73	0,47	0,23	-0,01	4,33	0
17/10/2020 16:50:00	4,26	4,06	3,63	3,18	2,68	2,15	1,66	1,23	0,85	0,52	0,23	-0,03	-0,30	4,20	0
17/10/2020 16:55:00	4,34	4,07	3,68	3,19	2,68	2,19	1,70	1,26	0,88	0,55	0,27	0,00	-0,27	4,26	0
17/10/2020 17:00:00	4,22	3,91	3,43	2,94	2,50	2,08	1,66	1,29	0,95	0,68	0,47	0,27	0,08	4,25	0
17/10/2020 17:05:00	4,17	3,88	3,48	3,06	2,62	2,15	1,76	1,39	1,04	0,74	0,49	0,25	0,01	4,15	0
17/10/2020 17:10:00	4,12	3,79	3,37	2,98	2,53	2,08	1,70	1,34	1,00	0,71	0,48	0,25	0,03	4,05	0
17/10/2020 17:15:00	4,03	3,78	3,37	2,97	2,50	2,04	1,63	1,25	0,90	0,60	0,36	0,13	-0,11	4,03	0
17/10/2020 17:20:00	3,95	3,78	3,35	2,85	2,43	1,95	1,53	1,15	0,80	0,50	0,28	0,06	-0,15	3,98	0
17/10/2020 17:25:00	3,96	3,80	3,35	2,94	2,52	2,04	1,63	1,25	0,91	0,62	0,39	0,17	-0,04	3,95	0
17/10/2020 17:30:00	4,02	3,83	3,42	3,01	2,47	2,05	1,59	1,18	0,82	0,50	0,25	0,01	-0,23	3,98	0
17/10/2020 17:35:00	3,93	3,76	3,33	2,92	2,45	2,04	1,60	1,21	0,87	0,58	0,36	0,14	-0,07	3,93	0
17/10/2020 17:40:00	3,94	3,79	3,38	2,94	2,50	1,99	1,55	1,15	0,78	0,47	0,21	-0,03	-0,27	3,95	0
17/10/2020 17:45:00	3,93	3,79	3,41	2,97	2,57	2,08	1,63	1,22	0,86	0,55	0,30	0,06	-0,17	3,97	0
17/10/2020 17:50:00	3,94	3,79	3,45	3,04	2,58	2,10	1,68	1,28	0,92	0,60	0,33	0,08	-0,17	3,98	0
17/10/2020 17:55:00	3,91	3,79	3,37	2,97	2,47	2,05	1,64	1,26	0,91	0,62	0,39	0,17	-0,05	3,98	0
17/10/2020 18:00:00	3,82	3,79	3,45	2,99	2,60	2,10	1,69	1,30	0,94	0,63	0,38	0,14	-0,09	3,87	0
17/10/2020 18:05:00	3,90	3,82	3,45	2,97	2,45	2,02	1,58	1,17	0,80	0,49	0,24	0,01	-0,22	3,91	0
17/10/2020 18:10:00	3,87	3,77	3,39	3,02	2,53	2,02	1,57	1,16	0,79	0,45	0,17	-0,09	-0,36	3,80	0
17/10/2020 18:15:00	3,78	3,66	3,24	2,82	2,43	1,95	1,49	1,08	0,73	0,43	0,19	-0,04	-0,27	3,78	0
17/10/2020 18:20:00	3,70	3,58	3,16	2,71	2,26	1,75	1,34	0,96	0,60	0,29	0,04	-0,18	-0,41	3,74	0
17/10/2020 18:25:00	3,78	3,58	3,23	2,76	2,28	1,86	1,39	0,98	0,62	0,31	0,06	-0,18	-0,41	3,79	0
17/10/2020 18:30:00	3,77	3,68	3,32	2,92	2,44	1,91	1,48	1,06	0,69	0,35	0,07	-0,19	-0,46	3,76	0
17/10/2020 18:35:00	3,80	3,59	3,19	2,79	2,31	1,85	1,41	1,00	0,64	0,33	0,07	-0,17	-0,42	3,81	0
17/10/2020 18:40:00	3,74	3,64	3,30	2,91	2,42	1,94	1,43	0,99	0,62	0,28	0,00	-0,27	-0,54	3,76	0
17/10/2020 18:45:00	3,77	3,61	3,24	2,82	2,42	1,89	1,43	1,01	0,65	0,33	0,06	-0,20	-0,46	3,81	0
17/10/2020 18:50:00	3,76	3,65	3,30	2,90	2,39	1,90	1,45	1,03	0,66	0,32	0,04	-0,23	-0,49	3,83	0
17/10/2020 18:55:00	3,77	3,61	3,18	2,74	2,26	1,78	1,28	0,85	0,49	0,17	-0,08	-0,32	-0,56	3,78	0
17/10/2020 19:00:00	3,79	3,55	3,13	2,72	2,26	1,83	1,32	0,88	0,53	0,23	-0,02	-0,26	-0,49	3,78	0
17/10/2020 19:05:00	3,81	3,58	3,20	2,74	2,24	1,84	1,41	1,01	0,66	0,36	0,12	-0,10	-0,32	3,82	0
17/10/2020 19:10:00	3,77	3,72	3,35	2,90	2,44	1,94	1,58	1,20	0,84	0,53	0,28	0,05	-0,18	3,78	0
17/10/2020 19:15:00	3,76	3,63	3,28	2,92	2,40	1,95	1,54	1,15	0,78	0,46	0,20	-0,05	-0,31	3,75	0
17/10/2020 19:20:00	3,66	3,79	3,45	2,99	2,53	2,07	1,66	1,26	0,89	0,58	0,33	0,11	-0,12	3,64	0
17/10/2020 19:25:00	3,62	3,70	3,45	3,01	2,57	2,12	1,67	1,26	0,89	0,56	0,29	0,03	-0,22	3,60	0
17/10/2020 19:30:00	3,56	3,67	3,41	3,00	2,57	2,13	1,67	1,25	0,88	0,56	0,29	0,04	-0,21	3,51	0
17/10/2020 19:35:00	3,51	3,70	3,36	2,97	2,53	2,11	1,69	1,30	0,94	0,64	0,40	0,18	-0,04	3,51	0
17/10/2020 19:40:00	3,39	3,66	3,38	2,98	2,56	2,10	1,65	1,23	0,85	0,53	0,27	0,03	-0,21	3,41	0
17/10/2020 19:45:00	3,30	3,57	3,31	2,90	2,50	2,01	1,59	1,18	0,81	0,48	0,22	-0,02	-0,27	3,31	0
17/10/2020 19:50:00	3,30	3,48	3,23	2,87	2,45	2,02	1,59	1,20	0,83	0,52	0,27	0,03	-0,21	3,11	0
17/10/2020 19:55:00	3,21	3,39	3,14	2,78	2,33	1,87	1,50	1,12	0,75	0,43	0,17	-0,07	-0,32	3,12	0
17/10/2020 20:00:00	3,04	3,28	3,02	2,64	2,24	1,78	1,35	0,95	0,58	0,26	0,01	-0,23	-0,47	3,05	0
17/10/2020 20:05:00	2,91	3,23	3,01	2,67	2,19	1,75	1,35	0,96	0,58	0,25	-0,01	-0,26	-0,51	3,03	0
17/10/2020 20:10:00	2,94	3,25	2,99	2,56	2,15	1,73	1,35	0,97	0,61	0,31	0,08	-0,13	-0,34	3,02	0
17/10/2020 20:15:00	2,94	3,09	2,86	2,50	2,10	1,69	1,27	0,88	0,52	0,22	-0,03	-0,26	-0,49	2,91	0
17/10/2020 20:20:00	2,78	3,03	2,78	2,42	2,01	1,62	1,18	0,77	0,42	0,12	-0,11	-0,32	-0,54	2,81	0
17/10/2020 20:25:00	2,84	2,99	2,70	2,30	1,91	1,48	1,09	0,71	0,36	0,06	-0,17	-0,38	-0,59	2,83	0
17/10/2020 20:30:00	2,96	3,06	2,77	2,37	1,95	1,53	1,13	0,76	0,40	0,10	-0,13	-0,34	-0,55	2,98	0
17/10/2020 20:35:00	2,98	2,99	2,66	2,31	1,88	1,48	1,12	0,76	0,42	0,14	-0,08	-0,28	-0,49	3,00	0
17/10/2020 20:40:00	3,00	2,94	2,61	2,19	1,79	1,32	1,00	0,66	0,32	0,02	-0,20	-0,41	-0,61	3,08	0
17/10/2020 20:45:00	3,05	2,89	2,51	2,10	1,69	1,27	0,90	0,55	0,22	-0,06	-0,27	-0,47	-0,66	3,06	0
17/10/2020 20:50:00	3,05	2,84	2,49	2,10	1,73	1,36	0,99	0,65	0,33	0,06	-0,13	-0,32	-0,50	3,06	0
17/10/2020 20:55:00	3,04	2,83	2,48	2,08	1,72	1,32	0,95	0,61	0,28	0,01	-0,19	-0,38	-0,57	3,08	0
17/10/2020 21:00:00	3,03	2,85	2,52	2,15	1,78	1,40	1,01	0,65	0,32	0,05	-0,16	-0,36	-0,56	3,04	0
17/10/2020 21:05:00	3,03	2,93	2,60	2,25	1,83	1,44	1,05	0,68	0,34	0,05	-0,17	-0,38	-0,59	2,95	0
17/10/2020 21:10:00	2,96	2,89	2,60	2,18	1,76	1,34	0,93	0,55	0,20	-0,10	-0,34	-0,56	-0,78	2,96	0
17/10/2020 21:15:00	2,89	2,85	2,54	2,24	1,90	1,56	1,20	0,86	0,56	0,30	0,11	-0,06	-0,24	2,92	0
17/10/2020 21:20:00	2,79	2,87	2,56	2,23	1,91	1,50	1,18	0,85	0,52	0,25	0,05	-0,13	-0,32	2,77	0
17/10/2020 21:25:00	2,80	2,80	2,49	2,19	1,82	1,48	1,16	0,84	0,52	0,26	0,07	-0,10	-0,28	2,75	0
17/10/2020 21:30:00	2,69	2,67	2,37	2,06	1,68	1,35	1,03	0,71	0,40	0,14	-0,04	-0,21	-0,38	2,67	0
17/10/2020 21:35:00	2,75	2,68	2,32	1,99	1,58	1,27	0,99	0,69	0,37	0,13	-0,04	-0,19	-0,35	2,68	0
17/10/2020 21:40:00	2,65	2,57	2,24	1,94	1,57	1,23	0,93	0,61	0,30	0,05	-0,13	-0,30	-0,48	2,58	0
17/10/2020 21:45:00	2,60	2,50	2,18	1,83	1,52	1,20	0,87	0,56	0,26	0,01	-0,15	-0,31	-0,46	2,57	0
17/10/2020 21:50:00	2,56	2,52	2,21	1,86	1,52	1,19	0,90	0,60	0,29	0,05	-0,12	-0,27	-0,43	2,54	0
17/10/2020 21:55:00	2,60	2,46	2,15	1,73	1,38	1,04	0,73	0,41	0,10	-0,15	-0,33	-0,49	-0,65	2,51	0
17/10/2020 22:00:00	2,52	2,35	1,99	1,67	1,28	0,95	0,60	0,27	-0,04	-0,29	-0,47	-0,64	-0,80	2,51	0
17/10/2020 22:05:00	2,51	2,37	2,00	1,57	1,27	0,99	0,63	0,30	0,01	-0,21	-0,35	-0,48	-0,60	2,51	0
17/10/2020 22:10:00	2,46	2,33	1,97	1,61	1,31	1,03	0,75	0,46	0,18	-0,03	-0,16	-0,28	-0,40	2,51	0
17/10/2020 22:15:00	2,51	2,40	2,07	1,69	1,29	0,96	0,68	0,37	0,05	-0,21	-0,38	-0,55	-0,71	2,52	0
17/10/2020 22:20:00	2,49	2,34	2,00	1,62	1,24	0,98	0,72	0,43	0,14	-0,09	-0,23	-0,36	-0,48	2,46	0
17/10/2020 22:25:00	2,48	2,30	2,00	1,62	1,27	0,90	0,62	0,33	0,01	-0,25	-0,44	-0,62	-0,79	2,37	0
17/10/2020 22:30:00	2,35	2,23	1,84	1,51	1,26	0,93	0,69	0,43	0,15	-0,06	-0,19	-0,30	-0,42	2,37	0
17/10/2020 22:35:00	2,42	2,19	1,84	1,42	1,08	0,78	0,47	0,17	-0,13	-0,36	-0,51	-0,65	-0,79	2,45	0
17/10/2020 22:40:00	2,36	2,24	1,89	1,52	1,18	0,78	0,47	0,16	-0,16	-0,42	-0,60	-0,77	-0,94	2,38	0
17/10/2020 22:45:00	2,42	2,17	1,82	1,47	1,21	0,84	0,50	0,18	-0,12	-0,36	-0,53	-0,69	-0,86	2,39	0
17/10/2020 22:50:00	2,47	2,18	1,76	1,35	1,01	0,70	0,40	0,10	-0,19	-0,41	-0,55	-0,68	-0,81	2,41	0
17/10/2020 22:55:00	2,39	2,14	1,74	1,46	1,18	0,89	0,59	0,31	0,04	-0,17	-0,30	-0,43	-0,55	2,41	0
17/10/2020 23:00:00	2,43	2,14	1,76	1,37	1,12	0,82	0,49	0,18	-0,09	-0,31	-0,45	-0,58	-0,71	2,41	0
17/10/2020 23:05:00	2,44	2,17	1,76	1,39	1,09	0,85	0,55	0,26	-0,01	-0,21	-0,32	-0,42	-0,53	2,45	0
17/10/2020 23:10:00	2,44	2,19	1,83	1,46	1,13	0,87	0,58	0,30	0,01	-0,20	-0,33	-0,46	-0,58	2,38	0
17/10/2020 23:15:00	2,45	2,24	1,85	1,48	1,13	0,78	0,47	0,16	-0,14	-0,38	-0,54	-0,69	-0,84	2,46	0
17/10/2020 23:20:00	2,53	2,02	1,55	1,27	1,01	0,79	0,62	0,41	0,18	0,01	-0,07	-0,15	-0,22	2,49	0
17/10/2020 23:25:00	2,07	2,08	1,79	1,50	1,27	0,96	0,72	0,45	0,16	-0,06	-0,20	-0,34	-0,47	2,16	0
17/10/2020 23:30:00	1,99	1,97	1,78	1,52	1,23	1,06	0,87	0,63	0,36	0,15	0,02	-0,10	-0,22	1,97	0
17/10/2020 23:35:00	2,00	1,96	1,69	1,43	1,23	1,05	0,82	0,57	0,31	0,13	0,03	-0,07	-0,16	1,96	0
17/10/2020 23:40:00	1,85	1,84	1,63	1,34	1,10	0,96	0,78	0,55	0,29	0,11	0,01	-0,08	-0,16	1,89	0
17/10/2020 23:45:00	1,79	1,73	1,46	1,23	1,07	0,91	0,75	0,55	0,31	0,14	0,06	-0,01	-0,09	1,73	0
17/10/2020 23:50:00	1,74	1,68	1,43	1,16	0,99	0,84	0,74	0,56	0,32	0,16	0,09	0,03	-0,03	1,76	0
17/10/2020 23:55:00	1,77	1,66	1,41	1,12	0,90	0,73	0,63	0,45	0,19	0,02	-0,07	-0,14	-0,22	1,79	0
