FileFormat:0002.2 file with temperature of atmosphere
200
local	GMT or Local
0	GMT-Local=[hours]
0	Height[m]
0	0	0	Longitude                [grd]               [min]               [sec]
0	0	0	Latitude                [grd]               [min]               [sec]
N	NS
59,40	Freq[GHz]
0,00	dTemostat[K]
0,150	MessErr[K]
0,248	//[grad/step]
version 14.0.20110218
MTP5H033F5940K-33.00D180214+A1.1
Commentary:
enter comment
End Of Commentary

SYSTEM\alaska.dat
data time	0	50	100	150	200	250	300	350	400	450	500	550	600	OutsideTemperature	Quality
25/02/2020 00:00:00	0,88	2,05	2,07	1,47	0,59	-0,47	-1,42	-2,05	-2,36	-2,60	-2,76	-2,82	-2,88	0,83	0
25/02/2020 00:05:00	0,77	2,09	2,08	1,40	0,54	-0,51	-1,44	-2,04	-2,31	-2,54	-2,69	-2,76	-2,83	0,78	0
25/02/2020 00:10:00	0,78	2,00	2,09	1,58	0,76	-0,29	-1,27	-1,95	-2,30	-2,59	-2,80	-2,92	-3,05	0,74	0
25/02/2020 00:15:00	0,74	2,26	2,28	1,69	0,74	-0,34	-1,36	-2,03	-2,35	-2,61	-2,81	-2,93	-3,04	0,78	0
25/02/2020 00:20:00	0,66	1,81	1,78	1,21	0,39	-0,70	-1,72	-2,41	-2,75	-3,03	-3,25	-3,40	-3,56	0,69	0
25/02/2020 00:25:00	0,64	1,84	1,86	1,18	0,33	-0,77	-1,78	-2,44	-2,76	-3,01	-3,18	-3,26	-3,34	0,60	0
25/02/2020 00:30:00	0,53	1,86	1,93	1,31	0,40	-0,73	-1,82	-2,56	-2,93	-3,22	-3,42	-3,54	-3,66	0,53	0
25/02/2020 00:35:00	0,57	1,90	2,02	1,50	0,68	-0,39	-1,40	-2,09	-2,44	-2,72	-2,93	-3,05	-3,18	0,51	0
25/02/2020 00:40:00	0,41	1,84	1,90	1,21	0,27	-0,85	-1,91	-2,60	-2,93	-3,18	-3,35	-3,41	-3,48	0,46	0
25/02/2020 00:45:00	0,34	1,62	1,64	0,98	0,09	-0,98	-1,94	-2,56	-2,87	-3,10	-3,26	-3,32	-3,39	0,38	0
25/02/2020 00:50:00	0,26	1,53	1,53	0,90	0,07	-1,00	-1,95	-2,58	-2,87	-3,10	-3,26	-3,35	-3,43	0,28	0
25/02/2020 00:55:00	0,13	1,48	1,49	0,77	-0,12	-1,18	-2,17	-2,80	-3,09	-3,30	-3,45	-3,50	-3,56	0,26	0
25/02/2020 01:00:00	0,17	1,58	1,66	0,97	0,05	-1,02	-1,96	-2,57	-2,88	-3,10	-3,25	-3,29	-3,33	0,26	0
25/02/2020 01:05:00	0,25	1,49	1,49	0,79	-0,10	-1,18	-2,13	-2,74	-3,02	-3,23	-3,37	-3,40	-3,43	0,21	0
25/02/2020 01:10:00	0,20	1,36	1,40	0,85	0,04	-1,02	-2,01	-2,68	-3,02	-3,28	-3,48	-3,60	-3,71	0,13	0
25/02/2020 01:15:00	-0,10	1,39	1,39	0,79	-0,08	-1,13	-2,04	-2,62	-2,89	-3,11	-3,27	-3,35	-3,43	0,11	0
25/02/2020 01:20:00	-0,01	1,19	1,46	0,96	0,21	-0,93	-2,05	-2,85	-3,29	-3,61	-3,85	-3,99	-4,13	-0,12	0
25/02/2020 01:25:00	-0,05	1,31	1,35	0,70	-0,16	-1,17	-2,13	-2,75	-3,04	-3,26	-3,41	-3,47	-3,54	-0,16	0
25/02/2020 01:30:00	-0,16	1,00	1,02	0,44	-0,39	-1,41	-2,37	-3,00	-3,30	-3,53	-3,69	-3,77	-3,84	-0,20	0
25/02/2020 01:35:00	-0,23	0,91	0,97	0,40	-0,41	-1,52	-2,51	-3,19	-3,53	-3,78	-3,95	-4,03	-4,11	-0,21	0
25/02/2020 01:40:00	-0,26	0,92	1,00	0,44	-0,33	-1,30	-2,21	-2,80	-3,07	-3,28	-3,42	-3,48	-3,53	-0,26	0
25/02/2020 01:45:00	-0,25	1,02	0,99	0,28	-0,64	-1,60	-2,44	-2,93	-3,13	-3,27	-3,34	-3,29	-3,25	-0,27	0
25/02/2020 01:50:00	-0,46	0,86	0,92	0,26	-0,56	-1,51	-2,41	-2,98	-3,22	-3,40	-3,52	-3,54	-3,57	-0,31	0
25/02/2020 01:55:00	-0,44	0,99	1,06	0,39	-0,33	-1,30	-2,24	-2,80	-3,01	-3,17	-3,27	-3,29	-3,31	-0,38	0
25/02/2020 02:00:00	-0,38	1,15	1,40	0,92	0,14	-0,87	-1,86	-2,54	-2,87	-3,14	-3,33	-3,45	-3,56	-0,41	0
25/02/2020 02:05:00	-0,47	0,93	1,06	0,53	-0,32	-1,37	-2,28	-2,90	-3,22	-3,46	-3,63	-3,70	-3,77	-0,41	0
25/02/2020 02:10:00	-0,61	1,01	1,12	0,53	-0,27	-1,26	-2,14	-2,68	-2,91	-3,10	-3,22	-3,26	-3,30	-0,57	0
25/02/2020 02:15:00	-0,46	0,97	1,13	0,61	-0,20	-1,21	-2,15	-2,77	-3,06	-3,29	-3,44	-3,50	-3,56	-0,56	0
25/02/2020 02:20:00	-0,53	0,98	1,06	0,54	-0,27	-1,21	-2,13	-2,70	-2,94	-3,13	-3,26	-3,31	-3,36	-0,43	0
25/02/2020 02:25:00	-0,53	0,78	0,95	0,58	-0,15	-1,12	-2,10	-2,77	-3,09	-3,36	-3,56	-3,69	-3,82	-0,49	0
25/02/2020 02:30:00	-0,62	0,95	1,20	0,55	-0,24	-1,29	-2,25	-2,88	-3,18	-3,41	-3,55	-3,59	-3,63	-0,47	0
25/02/2020 02:35:00	-0,61	0,96	1,08	0,50	-0,32	-1,34	-2,23	-2,79	-3,04	-3,24	-3,36	-3,38	-3,41	-0,55	0
25/02/2020 02:40:00	-0,53	0,86	0,99	0,55	-0,26	-1,23	-2,18	-2,82	-3,14	-3,39	-3,58	-3,69	-3,81	-0,44	0
25/02/2020 02:45:00	-0,54	0,95	1,15	0,70	-0,03	-1,03	-1,96	-2,60	-2,91	-3,16	-3,35	-3,47	-3,58	-0,52	0
25/02/2020 02:50:00	-0,37	0,92	1,09	0,69	-0,03	-1,01	-1,96	-2,61	-2,92	-3,17	-3,36	-3,46	-3,57	-0,50	0
25/02/2020 02:55:00	-0,36	0,94	1,15	0,78	0,00	-1,01	-1,98	-2,66	-3,02	-3,30	-3,51	-3,63	-3,74	-0,59	0
25/02/2020 03:00:00	-0,47	0,96	1,14	0,73	-0,04	-0,93	-1,85	-2,45	-2,73	-2,95	-3,10	-3,18	-3,26	-0,59	0
25/02/2020 03:05:00	-0,48	0,96	1,14	0,71	0,01	-0,89	-1,86	-2,48	-2,75	-2,98	-3,16	-3,27	-3,38	-0,47	0
25/02/2020 03:10:00	-0,51	0,98	1,17	0,68	-0,09	-1,07	-1,97	-2,58	-2,89	-3,13	-3,31	-3,40	-3,50	-0,54	0
25/02/2020 03:15:00	-0,55	0,98	1,08	0,51	-0,32	-1,31	-2,19	-2,73	-2,98	-3,17	-3,28	-3,31	-3,33	-0,46	0
25/02/2020 03:20:00	-0,43	0,81	0,91	0,43	-0,29	-1,24	-2,06	-2,62	-2,90	-3,12	-3,28	-3,37	-3,45	-0,56	0
25/02/2020 03:25:00	-0,64	0,81	0,95	0,44	-0,33	-1,28	-2,16	-2,73	-2,99	-3,21	-3,36	-3,43	-3,50	-0,58	0
25/02/2020 03:30:00	-0,52	1,01	1,04	0,48	-0,37	-1,36	-2,28	-2,86	-3,11	-3,31	-3,46	-3,54	-3,61	-0,51	0
25/02/2020 03:35:00	-0,45	0,87	0,92	0,31	-0,40	-1,33	-2,18	-2,69	-2,88	-3,02	-3,11	-3,11	-3,12	-0,61	0
25/02/2020 03:40:00	-0,47	0,80	0,90	0,55	-0,16	-1,13	-2,02	-2,62	-2,92	-3,16	-3,35	-3,47	-3,59	-0,75	0
25/02/2020 03:45:00	-0,69	0,72	0,86	0,28	-0,45	-1,33	-2,13	-2,61	-2,82	-2,98	-3,07	-3,08	-3,09	-0,69	0
25/02/2020 03:50:00	-0,69	0,77	0,92	0,37	-0,40	-1,41	-2,36	-2,96	-3,24	-3,45	-3,59	-3,65	-3,70	-0,61	0
25/02/2020 03:55:00	-0,77	0,58	0,75	0,21	-0,45	-1,40	-2,23	-2,77	-3,02	-3,22	-3,36	-3,41	-3,47	-0,72	0
25/02/2020 04:00:00	-0,87	0,67	0,71	0,16	-0,68	-1,58	-2,34	-2,80	-2,99	-3,14	-3,23	-3,23	-3,24	-0,84	0
25/02/2020 04:05:00	-0,74	0,56	0,62	0,07	-0,68	-1,60	-2,42	-2,93	-3,14	-3,31	-3,41	-3,43	-3,45	-1,11	0
25/02/2020 04:10:00	-0,84	0,66	0,67	0,06	-0,74	-1,66	-2,50	-2,98	-3,16	-3,31	-3,40	-3,42	-3,43	-0,85	0
25/02/2020 04:15:00	-0,82	0,49	0,57	0,06	-0,65	-1,57	-2,41	-2,94	-3,17	-3,36	-3,50	-3,56	-3,62	-0,84	0
25/02/2020 04:20:00	-0,80	0,39	0,57	0,05	-0,68	-1,56	-2,38	-2,93	-3,19	-3,38	-3,51	-3,54	-3,57	-0,84	0
25/02/2020 04:25:00	-0,92	0,53	0,61	0,03	-0,77	-1,73	-2,54	-3,03	-3,24	-3,39	-3,48	-3,47	-3,46	-0,82	0
25/02/2020 04:30:00	-0,94	0,47	0,52	-0,03	-0,78	-1,70	-2,45	-2,91	-3,11	-3,27	-3,37	-3,40	-3,42	-0,92	0
25/02/2020 04:35:00	-0,88	0,46	0,56	0,07	-0,71	-1,62	-2,46	-2,99	-3,22	-3,39	-3,50	-3,53	-3,55	-0,84	0
25/02/2020 04:40:00	-0,83	0,31	0,50	0,15	-0,45	-1,38	-2,25	-2,86	-3,17	-3,41	-3,60	-3,73	-3,85	-0,89	0
25/02/2020 04:45:00	-1,02	0,40	0,65	0,23	-0,57	-1,61	-2,58	-3,27	-3,62	-3,88	-4,07	-4,17	-4,26	-1,02	0
25/02/2020 04:50:00	-1,01	0,40	0,50	-0,05	-0,85	-1,79	-2,65	-3,19	-3,43	-3,61	-3,72	-3,74	-3,76	-0,84	0
25/02/2020 04:55:00	-0,77	0,65	0,84	0,28	-0,47	-1,51	-2,44	-3,05	-3,35	-3,56	-3,70	-3,73	-3,77	-0,93	0
25/02/2020 05:00:00	-0,91	0,57	0,67	0,12	-0,82	-1,86	-2,81	-3,43	-3,73	-3,94	-4,07	-4,10	-4,13	-0,92	0
25/02/2020 05:05:00	-0,84	0,58	0,66	0,13	-0,67	-1,70	-2,62	-3,21	-3,47	-3,66	-3,79	-3,84	-3,88	-0,93	0
25/02/2020 05:10:00	-0,87	0,43	0,52	-0,02	-0,83	-1,84	-2,77	-3,39	-3,67	-3,87	-4,01	-4,06	-4,10	-0,84	0
25/02/2020 05:15:00	-0,90	0,40	0,49	-0,04	-0,79	-1,77	-2,70	-3,30	-3,57	-3,78	-3,93	-4,00	-4,07	-0,91	0
25/02/2020 05:20:00	-0,80	0,33	0,38	-0,13	-0,85	-1,72	-2,57	-3,11	-3,34	-3,52	-3,64	-3,69	-3,74	-0,96	0
25/02/2020 05:25:00	-0,82	0,38	0,48	-0,11	-0,94	-1,94	-2,86	-3,46	-3,75	-3,95	-4,07	-4,10	-4,12	-0,94	0
25/02/2020 05:30:00	-0,88	0,32	0,44	-0,05	-0,81	-1,78	-2,71	-3,34	-3,62	-3,84	-3,98	-4,05	-4,11	-1,01	0
25/02/2020 05:35:00	-0,95	0,26	0,31	-0,22	-1,02	-1,94	-2,79	-3,34	-3,57	-3,74	-3,85	-3,88	-3,90	-0,99	0
25/02/2020 05:40:00	-0,92	0,23	0,33	-0,10	-0,88	-1,77	-2,68	-3,28	-3,55	-3,76	-3,92	-3,99	-4,06	-1,02	0
25/02/2020 05:45:00	-1,03	0,32	0,44	-0,17	-0,84	-1,82	-2,70	-3,26	-3,49	-3,67	-3,79	-3,83	-3,87	-1,05	0
25/02/2020 05:50:00	-1,02	0,31	0,40	-0,14	-0,92	-1,89	-2,75	-3,30	-3,56	-3,75	-3,88	-3,92	-3,97	-0,97	0
25/02/2020 05:55:00	-1,10	0,46	0,45	-0,19	-1,12	-2,14	-3,04	-3,59	-3,81	-3,97	-4,06	-4,06	-4,05	-1,06	0
25/02/2020 06:00:00	-1,04	0,41	0,45	-0,13	-0,96	-1,98	-2,91	-3,49	-3,74	-3,92	-4,05	-4,09	-4,13	-0,99	0
25/02/2020 06:05:00	-1,12	0,28	0,34	-0,20	-0,98	-1,92	-2,83	-3,39	-3,61	-3,79	-3,91	-3,95	-3,99	-1,04	0
25/02/2020 06:10:00	-1,01	0,21	0,32	-0,17	-0,94	-1,88	-2,84	-3,45	-3,71	-3,91	-4,03	-4,07	-4,11	-1,07	0
25/02/2020 06:15:00	-1,13	0,27	0,29	-0,31	-1,14	-2,11	-2,96	-3,47	-3,69	-3,85	-3,94	-3,95	-3,96	-1,07	0
25/02/2020 06:20:00	-1,15	0,27	0,46	-0,03	-0,87	-1,88	-2,84	-3,48	-3,79	-4,00	-4,14	-4,18	-4,22	-1,07	0
25/02/2020 06:25:00	-1,23	0,37	0,51	-0,10	-0,93	-1,93	-2,88	-3,46	-3,71	-3,89	-4,00	-4,02	-4,04	-1,17	0
25/02/2020 06:30:00	-1,15	0,18	0,35	-0,20	-1,04	-2,03	-2,98	-3,63	-3,93	-4,15	-4,30	-4,35	-4,40	-1,19	0
25/02/2020 06:35:00	-1,22	0,03	0,15	-0,40	-1,22	-2,23	-3,18	-3,83	-4,13	-4,34	-4,49	-4,54	-4,59	-1,17	0
25/02/2020 06:40:00	-1,18	0,07	0,08	-0,46	-1,28	-2,28	-3,23	-3,84	-4,11	-4,31	-4,46	-4,52	-4,59	-1,16	0
25/02/2020 06:45:00	-1,28	0,04	0,10	-0,48	-1,35	-2,35	-3,24	-3,82	-4,09	-4,28	-4,40	-4,43	-4,45	-1,26	0
25/02/2020 06:50:00	-1,16	0,01	0,07	-0,46	-1,26	-2,22	-3,15	-3,76	-4,03	-4,22	-4,35	-4,39	-4,44	-1,21	0
25/02/2020 06:55:00	-1,34	0,06	0,11	-0,50	-1,32	-2,35	-3,28	-3,87	-4,12	-4,29	-4,41	-4,43	-4,46	-1,31	0
25/02/2020 07:00:00	-1,29	-0,03	0,00	-0,62	-1,49	-2,49	-3,36	-3,93	-4,20	-4,39	-4,52	-4,55	-4,58	-1,30	0
25/02/2020 07:05:00	-1,31	-0,06	-0,03	-0,58	-1,45	-2,44	-3,31	-3,89	-4,16	-4,36	-4,49	-4,53	-4,57	-1,29	0
25/02/2020 07:10:00	-1,42	-0,10	-0,09	-0,71	-1,55	-2,54	-3,42	-3,98	-4,22	-4,39	-4,50	-4,53	-4,55	-1,39	0
25/02/2020 07:15:00	-1,44	-0,04	0,01	-0,65	-1,53	-2,53	-3,41	-3,97	-4,21	-4,37	-4,47	-4,47	-4,47	-1,44	0
25/02/2020 07:20:00	-1,27	-0,21	-0,16	-0,61	-1,32	-2,26	-3,18	-3,80	-4,08	-4,29	-4,46	-4,55	-4,64	-1,31	0
25/02/2020 07:25:00	-1,40	-0,09	-0,07	-0,62	-1,47	-2,46	-3,31	-3,86	-4,11	-4,29	-4,40	-4,43	-4,46	-1,39	0
25/02/2020 07:30:00	-1,32	-0,14	-0,14	-0,71	-1,46	-2,36	-3,18	-3,69	-3,89	-4,05	-4,16	-4,19	-4,23	-1,31	0
25/02/2020 07:35:00	-1,40	-0,21	-0,05	-0,48	-1,26	-2,27	-3,21	-3,87	-4,20	-4,43	-4,60	-4,67	-4,75	-1,19	0
25/02/2020 07:40:00	-1,47	-0,17	-0,07	-0,53	-1,27	-2,19	-3,07	-3,64	-3,90	-4,09	-4,23	-4,29	-4,35	-1,26	0
25/02/2020 07:45:00	-1,33	0,09	0,23	-0,34	-1,09	-2,10	-2,99	-3,58	-3,84	-4,04	-4,18	-4,23	-4,28	-1,22	0
25/02/2020 07:50:00	-1,22	0,10	0,07	-0,58	-1,37	-2,35	-3,21	-3,73	-3,93	-4,07	-4,16	-4,17	-4,18	-1,30	0
25/02/2020 07:55:00	-1,36	0,03	0,14	-0,41	-1,24	-2,25	-3,19	-3,81	-4,09	-4,30	-4,44	-4,50	-4,55	-1,32	0
25/02/2020 08:00:00	-1,30	-0,17	-0,13	-0,67	-1,43	-2,41	-3,31	-3,90	-4,17	-4,36	-4,49	-4,55	-4,60	-1,32	0
25/02/2020 08:05:00	-1,17	-0,12	0,04	-0,48	-1,30	-2,39	-3,42	-4,16	-4,54	-4,80	-4,98	-5,05	-5,13	-1,30	0
25/02/2020 08:10:00	-1,31	-0,22	-0,14	-0,83	-1,74	-2,82	-3,81	-4,50	-4,83	-5,06	-5,20	-5,23	-5,26	-1,34	0
25/02/2020 08:15:00	-1,32	-0,06	-0,12	-0,80	-1,66	-2,69	-3,67	-4,28	-4,53	-4,71	-4,83	-4,87	-4,90	-1,31	0
25/02/2020 08:20:00	-1,19	-0,13	-0,15	-0,79	-1,68	-2,71	-3,69	-4,35	-4,65	-4,87	-5,02	-5,08	-5,14	-1,29	0
25/02/2020 08:25:00	-1,27	-0,21	-0,35	-1,12	-2,00	-3,05	-3,95	-4,52	-4,74	-4,89	-4,99	-4,99	-4,99	-1,37	0
25/02/2020 08:30:00	-1,30	-0,24	-0,38	-1,06	-2,04	-3,08	-3,97	-4,55	-4,83	-5,02	-5,15	-5,20	-5,24	-1,36	0
25/02/2020 08:35:00	-1,41	-0,43	-0,68	-1,39	-2,24	-3,22	-4,08	-4,61	-4,82	-4,97	-5,09	-5,14	-5,20	-1,33	0
25/02/2020 08:40:00	-1,41	-0,60	-0,85	-1,56	-2,45	-3,40	-4,24	-4,77	-4,98	-5,12	-5,22	-5,24	-5,26	-1,39	0
25/02/2020 08:45:00	-1,33	-0,73	-1,05	-1,75	-2,55	-3,40	-4,22	-4,70	-4,85	-4,96	-5,03	-5,04	-5,06	-1,36	0
25/02/2020 08:50:00	-1,26	-0,62	-0,98	-1,76	-2,57	-3,50	-4,33	-4,81	-4,96	-5,06	-5,14	-5,14	-5,14	-1,30	0
25/02/2020 08:55:00	-1,22	-0,77	-1,10	-1,77	-2,55	-3,43	-4,31	-4,86	-5,06	-5,20	-5,31	-5,37	-5,44	-1,26	0
25/02/2020 09:00:00	-1,17	-0,83	-1,32	-2,05	-2,83	-3,70	-4,40	-4,81	-4,94	-5,03	-5,10	-5,12	-5,14	-1,34	0
25/02/2020 09:05:00	-1,31	-1,03	-1,47	-2,13	-3,00	-3,83	-4,59	-5,06	-5,24	-5,36	-5,46	-5,48	-5,51	-1,33	0
25/02/2020 09:10:00	-1,26	-1,09	-1,60	-2,41	-3,18	-3,97	-4,72	-5,16	-5,26	-5,34	-5,40	-5,42	-5,43	-1,29	0
25/02/2020 09:15:00	-1,31	-1,14	-1,67	-2,45	-3,31	-4,18	-4,90	-5,35	-5,50	-5,60	-5,68	-5,69	-5,70	-1,33	0
25/02/2020 09:20:00	-1,24	-1,11	-1,76	-2,70	-3,50	-4,39	-5,07	-5,44	-5,53	-5,58	-5,62	-5,60	-5,59	-1,22	0
25/02/2020 09:25:00	-1,08	-1,17	-1,83	-2,57	-3,40	-4,25	-4,99	-5,44	-5,58	-5,67	-5,76	-5,79	-5,83	-1,06	0
25/02/2020 09:30:00	-1,11	-1,23	-1,92	-2,68	-3,41	-4,25	-4,94	-5,35	-5,47	-5,56	-5,65	-5,71	-5,77	-1,09	0
25/02/2020 09:35:00	-1,02	-1,30	-1,88	-2,59	-3,37	-4,18	-4,90	-5,37	-5,54	-5,65	-5,74	-5,78	-5,82	-1,21	0
25/02/2020 09:40:00	-0,81	-1,18	-1,80	-2,37	-3,08	-3,88	-4,64	-5,16	-5,37	-5,53	-5,69	-5,83	-5,97	-0,94	0
25/02/2020 09:45:00	-0,75	-1,12	-1,81	-2,55	-3,24	-4,04	-4,77	-5,23	-5,38	-5,50	-5,61	-5,71	-5,80	-0,81	0
25/02/2020 09:50:00	-0,71	-1,09	-1,81	-2,51	-3,18	-3,97	-4,70	-5,15	-5,29	-5,40	-5,52	-5,62	-5,71	-0,97	0
25/02/2020 09:55:00	-0,63	-1,07	-1,82	-2,57	-3,33	-4,11	-4,75	-5,15	-5,28	-5,38	-5,48	-5,54	-5,60	-0,77	0
25/02/2020 10:00:00	-0,36	-1,06	-1,83	-2,49	-3,19	-3,99	-4,69	-5,17	-5,36	-5,52	-5,67	-5,80	-5,93	-0,57	0
25/02/2020 10:05:00	-0,59	-1,02	-1,73	-2,48	-3,22	-4,05	-4,90	-5,44	-5,63	-5,78	-5,93	-6,06	-6,18	-0,74	0
25/02/2020 10:10:00	-0,26	-0,99	-1,92	-2,65	-3,37	-4,14	-4,77	-5,16	-5,28	-5,39	-5,51	-5,61	-5,72	-0,67	0
25/02/2020 10:15:00	-0,41	-1,04	-1,66	-2,36	-3,12	-3,94	-4,66	-5,16	-5,38	-5,53	-5,66	-5,73	-5,81	-0,61	0
25/02/2020 10:20:00	-0,57	-0,82	-1,67	-2,55	-3,35	-4,12	-4,79	-5,15	-5,21	-5,27	-5,32	-5,35	-5,38	-0,78	0
25/02/2020 10:25:00	-0,30	-0,81	-1,58	-2,49	-3,40	-4,27	-4,96	-5,40	-5,56	-5,66	-5,73	-5,74	-5,75	-0,80	0
25/02/2020 10:30:00	-0,45	-0,90	-1,76	-2,60	-3,39	-4,19	-4,94	-5,37	-5,47	-5,54	-5,63	-5,68	-5,74	-0,64	0
25/02/2020 10:35:00	-0,07	-1,13	-2,06	-2,69	-3,37	-4,04	-4,69	-5,13	-5,27	-5,39	-5,53	-5,67	-5,80	-0,67	0
25/02/2020 10:40:00	0,26	-1,14	-2,15	-2,75	-3,45	-4,13	-4,75	-5,16	-5,30	-5,40	-5,52	-5,61	-5,70	-0,47	1
25/02/2020 10:45:00	0,16	-1,17	-2,19	-2,89	-3,47	-4,14	-4,67	-5,01	-5,11	-5,20	-5,31	-5,41	-5,51	-0,50	0
25/02/2020 10:50:00	-0,19	-0,92	-1,70	-2,35	-3,01	-3,83	-4,54	-5,04	-5,25	-5,41	-5,59	-5,75	-5,91	-0,61	0
25/02/2020 10:55:00	0,06	-0,86	-1,77	-2,56	-3,23	-3,99	-4,62	-5,00	-5,12	-5,21	-5,30	-5,37	-5,45	-0,32	0
25/02/2020 11:00:00	0,43	-0,96	-1,96	-2,62	-3,23	-3,87	-4,47	-4,85	-4,96	-5,06	-5,17	-5,27	-5,37	-0,57	0
25/02/2020 11:05:00	-0,14	-0,79	-1,57	-2,18	-2,81	-3,56	-4,28	-4,72	-4,85	-4,97	-5,10	-5,22	-5,34	-0,54	0
25/02/2020 11:10:00	0,38	-0,46	-1,37	-2,16	-3,01	-3,82	-4,62	-5,15	-5,34	-5,49	-5,64	-5,77	-5,89	-0,44	0
25/02/2020 11:15:00	0,72	-0,66	-1,82	-2,69	-3,39	-3,97	-4,41	-4,63	-4,64	-4,65	-4,69	-4,70	-4,71	0,16	1
25/02/2020 11:20:00	0,69	-0,60	-1,64	-2,38	-3,08	-3,78	-4,42	-4,84	-4,97	-5,09	-5,22	-5,34	-5,46	0,03	1
25/02/2020 11:25:00	0,84	-0,46	-1,51	-2,20	-2,91	-3,60	-4,23	-4,67	-4,84	-5,00	-5,18	-5,36	-5,54	-0,02	1
25/02/2020 11:30:00	0,87	-0,47	-1,54	-2,27	-2,89	-3,50	-4,08	-4,43	-4,51	-4,59	-4,70	-4,80	-4,91	-0,12	0
25/02/2020 11:35:00	1,37	-0,41	-1,65	-2,24	-2,72	-3,43	-3,94	-4,29	-4,41	-4,54	-4,71	-4,90	-5,10	0,31	1
25/02/2020 11:40:00	1,39	-0,08	-1,27	-2,22	-2,80	-3,43	-3,89	-4,13	-4,15	-4,18	-4,24	-4,30	-4,35	0,71	1
25/02/2020 11:45:00	1,06	-0,23	-1,24	-1,88	-2,50	-3,23	-3,84	-4,29	-4,49	-4,67	-4,88	-5,09	-5,31	0,36	0
25/02/2020 11:50:00	0,93	-0,13	-1,11	-1,78	-2,41	-3,07	-3,76	-4,20	-4,33	-4,48	-4,65	-4,82	-5,00	0,43	0
25/02/2020 11:55:00	1,14	0,04	-1,06	-1,85	-2,63	-3,41	-4,08	-4,49	-4,60	-4,71	-4,82	-4,93	-5,03	0,46	1
25/02/2020 12:00:00	1,29	-0,04	-1,18	-2,04	-2,74	-3,42	-4,03	-4,36	-4,43	-4,49	-4,57	-4,64	-4,71	0,22	1
25/02/2020 12:05:00	1,63	-0,10	-1,13	-1,73	-2,30	-2,99	-3,58	-4,00	-4,18	-4,33	-4,48	-4,62	-4,77	0,78	1
25/02/2020 12:10:00	1,73	0,15	-0,85	-1,63	-2,37	-3,18	-3,97	-4,52	-4,75	-4,92	-5,09	-5,22	-5,35	0,75	1
25/02/2020 12:15:00	1,33	0,36	-0,68	-1,60	-2,39	-3,18	-3,81	-4,19	-4,30	-4,41	-4,50	-4,58	-4,65	0,51	1
25/02/2020 12:20:00	1,66	0,09	-1,10	-1,96	-2,64	-3,30	-3,82	-4,13	-4,20	-4,27	-4,35	-4,42	-4,49	0,59	1
25/02/2020 12:25:00	1,76	0,18	-0,93	-1,63	-2,19	-2,97	-3,67	-4,17	-4,38	-4,58	-4,80	-5,04	-5,29	0,66	1
25/02/2020 12:30:00	1,82	0,26	-0,82	-1,46	-2,06	-2,78	-3,46	-3,93	-4,11	-4,29	-4,48	-4,67	-4,87	0,86	1
25/02/2020 12:35:00	2,32	0,16	-0,88	-1,09	-1,36	-1,96	-2,68	-3,27	-3,55	-3,83	-4,17	-4,56	-4,95	1,02	0
25/02/2020 12:40:00	1,92	0,66	-0,25	-0,77	-1,52	-2,36	-3,22	-3,87	-4,18	-4,45	-4,72	-4,99	-5,25	1,11	1
25/02/2020 12:45:00	2,29	0,42	-0,79	-1,47	-2,04	-2,69	-3,30	-3,68	-3,80	-3,93	-4,08	-4,23	-4,38	1,09	1
25/02/2020 12:50:00	2,02	0,22	-0,84	-1,29	-1,76	-2,30	-2,86	-3,23	-3,35	-3,48	-3,64	-3,82	-3,99	0,88	0
25/02/2020 12:55:00	1,82	0,44	-0,36	-0,78	-1,40	-2,18	-3,04	-3,69	-4,01	-4,28	-4,56	-4,82	-5,09	1,26	0
25/02/2020 13:00:00	1,91	0,52	-0,26	-0,69	-1,18	-2,08	-2,95	-3,61	-3,94	-4,21	-4,49	-4,76	-5,03	1,15	0
25/02/2020 13:05:00	1,73	0,72	0,04	-0,45	-1,20	-2,10	-3,01	-3,67	-4,00	-4,26	-4,50	-4,70	-4,89	0,93	0
25/02/2020 13:10:00	1,83	0,54	-0,12	-0,54	-1,02	-1,89	-2,75	-3,40	-3,72	-3,99	-4,25	-4,49	-4,73	0,86	0
25/02/2020 13:15:00	1,71	0,65	-0,01	-0,42	-1,00	-1,92	-2,82	-3,49	-3,81	-4,08	-4,34	-4,57	-4,80	1,23	0
25/02/2020 13:20:00	1,74	1,01	0,25	-0,37	-1,15	-2,14	-3,02	-3,60	-3,85	-4,05	-4,22	-4,34	-4,46	1,40	0
25/02/2020 13:25:00	1,38	1,48	0,76	-0,14	-1,16	-2,23	-3,11	-3,62	-3,81	-3,95	-4,04	-4,07	-4,10	1,52	0
25/02/2020 13:30:00	1,04	1,64	1,07	0,17	-1,02	-2,18	-3,14	-3,72	-3,96	-4,14	-4,25	-4,27	-4,29	1,61	0
25/02/2020 13:35:00	0,88	1,61	1,02	-0,06	-1,25	-2,26	-3,29	-3,86	-4,05	-4,19	-4,28	-4,29	-4,31	1,38	0
25/02/2020 13:40:00	0,67	1,73	1,24	0,37	-0,62	-1,73	-2,68	-3,27	-3,51	-3,74	-3,94	-4,11	-4,27	1,41	0
25/02/2020 13:45:00	0,63	1,87	1,35	0,20	-1,01	-2,18	-3,20	-3,77	-3,96	-4,11	-4,21	-4,23	-4,25	1,41	0
25/02/2020 13:50:00	0,60	2,17	1,56	0,34	-1,00	-2,23	-3,17	-3,70	-3,88	-4,04	-4,15	-4,19	-4,24	1,65	0
25/02/2020 13:55:00	0,59	2,21	1,52	0,17	-1,06	-2,26	-3,25	-3,75	-3,88	-4,02	-4,12	-4,19	-4,26	1,73	0
25/02/2020 14:00:00	0,78	2,43	1,52	-0,04	-1,50	-2,63	-3,42	-3,72	-3,70	-3,71	-3,67	-3,57	-3,47	1,70	0
25/02/2020 14:05:00	1,37	2,25	1,20	-0,20	-1,45	-2,35	-3,08	-3,35	-3,31	-3,32	-3,32	-3,28	-3,24	1,58	0
25/02/2020 14:10:00	1,93	1,59	0,62	-0,37	-1,29	-2,17	-2,85	-3,25	-3,38	-3,51	-3,63	-3,72	-3,81	1,68	0
25/02/2020 14:15:00	2,14	1,51	0,62	-0,25	-1,11	-2,00	-2,75	-3,21	-3,39	-3,55	-3,68	-3,77	-3,87	1,64	0
25/02/2020 14:20:00	2,35	1,47	0,37	-0,48	-1,21	-1,95	-2,53	-2,85	-2,93	-3,04	-3,16	-3,27	-3,38	1,96	0
25/02/2020 14:25:00	2,26	1,79	0,81	-0,23	-1,18	-2,03	-2,82	-3,26	-3,39	-3,51	-3,61	-3,67	-3,73	2,03	1
25/02/2020 14:30:00	2,56	1,75	0,83	-0,02	-0,80	-1,67	-2,40	-2,86	-3,04	-3,21	-3,37	-3,49	-3,62	1,91	0
25/02/2020 14:35:00	2,54	1,64	0,81	0,09	-0,55	-1,35	-2,11	-2,65	-2,89	-3,12	-3,35	-3,57	-3,79	2,18	0
25/02/2020 14:40:00	2,21	1,72	0,91	0,25	-0,49	-1,31	-2,09	-2,61	-2,83	-3,04	-3,25	-3,46	-3,66	1,91	0
25/02/2020 14:45:00	2,26	1,92	1,07	0,11	-0,85	-1,76	-2,51	-2,97	-3,15	-3,30	-3,43	-3,50	-3,57	2,15	0
25/02/2020 14:50:00	2,52	2,00	1,17	0,35	-0,51	-1,42	-2,25	-2,78	-3,00	-3,20	-3,37	-3,51	-3,65	2,36	0
25/02/2020 14:55:00	2,03	2,17	1,43	0,57	-0,38	-1,31	-2,20	-2,75	-2,96	-3,16	-3,35	-3,51	-3,67	2,45	0
25/02/2020 15:00:00	2,67	2,01	1,18	0,41	-0,25	-1,10	-1,86	-2,34	-2,54	-2,74	-2,92	-3,10	-3,27	2,45	0
25/02/2020 15:05:00	2,24	2,14	1,45	0,79	0,02	-0,86	-1,74	-2,33	-2,57	-2,81	-3,05	-3,27	-3,50	2,71	0
25/02/2020 15:10:00	2,60	2,17	1,34	0,61	-0,10	-0,97	-1,75	-2,28	-2,50	-2,74	-2,97	-3,21	-3,45	2,50	0
25/02/2020 15:15:00	2,57	2,29	1,57	0,73	-0,06	-1,02	-1,85	-2,40	-2,66	-2,90	-3,11	-3,29	-3,48	2,55	0
25/02/2020 15:20:00	2,68	2,18	1,54	1,09	0,45	-0,45	-1,54	-2,31	-2,68	-3,02	-3,36	-3,71	-4,06	2,39	0
25/02/2020 15:25:00	2,55	2,17	1,46	0,74	-0,02	-0,95	-1,82	-2,39	-2,64	-2,87	-3,07	-3,25	-3,42	2,45	0
25/02/2020 15:30:00	2,61	2,37	1,57	0,68	-0,18	-1,09	-1,95	-2,47	-2,66	-2,84	-3,00	-3,12	-3,24	2,62	0
25/02/2020 15:35:00	2,13	2,47	1,94	1,23	0,25	-0,76	-1,77	-2,45	-2,77	-3,04	-3,28	-3,49	-3,69	2,48	0
25/02/2020 15:40:00	2,01	2,39	1,90	1,12	0,16	-0,89	-1,86	-2,50	-2,79	-3,04	-3,24	-3,38	-3,52	2,45	0
25/02/2020 15:45:00	2,41	2,70	2,24	1,49	0,64	-0,40	-1,40	-2,08	-2,40	-2,67	-2,91	-3,11	-3,30	2,38	0
25/02/2020 15:50:00	2,33	2,65	2,20	1,43	0,55	-0,40	-1,38	-2,02	-2,30	-2,55	-2,76	-2,92	-3,08	2,46	0
25/02/2020 15:55:00	2,35	2,72	2,29	1,65	0,85	-0,22	-1,14	-1,78	-2,10	-2,39	-2,65	-2,86	-3,08	2,51	0
25/02/2020 16:00:00	2,21	2,78	2,33	1,55	0,57	-0,46	-1,41	-2,02	-2,31	-2,56	-2,76	-2,90	-3,05	2,61	0
25/02/2020 16:05:00	2,25	2,82	2,41	1,73	0,84	-0,35	-1,42	-2,16	-2,53	-2,84	-3,11	-3,33	-3,56	2,75	0
25/02/2020 16:10:00	2,01	2,82	2,47	1,76	0,80	-0,32	-1,41	-2,13	-2,45	-2,73	-2,96	-3,13	-3,30	2,51	0
25/02/2020 16:15:00	2,34	3,01	2,71	1,98	1,13	0,06	-0,98	-1,67	-1,99	-2,27	-2,49	-2,66	-2,83	2,37	0
25/02/2020 16:20:00	2,23	3,11	2,68	1,85	0,86	-0,20	-1,18	-1,77	-2,01	-2,22	-2,38	-2,49	-2,59	2,74	0
25/02/2020 16:25:00	2,03	3,07	2,79	1,90	0,84	-0,29	-1,32	-1,97	-2,27	-2,51	-2,68	-2,77	-2,85	2,33	0
25/02/2020 16:30:00	2,22	3,33	3,12	2,34	1,31	0,16	-0,93	-1,63	-1,96	-2,23	-2,43	-2,55	-2,67	2,31	0
25/02/2020 16:35:00	2,28	3,45	3,24	2,37	1,36	0,10	-0,96	-1,65	-2,00	-2,29	-2,49	-2,60	-2,72	2,32	0
25/02/2020 16:40:00	2,22	3,46	3,32	2,54	1,51	0,30	-0,74	-1,44	-1,81	-2,10	-2,32	-2,44	-2,57	2,15	0
25/02/2020 16:45:00	2,10	3,59	3,45	2,65	1,53	0,36	-0,74	-1,43	-1,75	-2,02	-2,21	-2,30	-2,40	2,26	0
25/02/2020 16:50:00	2,06	3,65	3,52	2,67	1,57	0,32	-0,79	-1,50	-1,83	-2,11	-2,30	-2,39	-2,49	2,30	0
25/02/2020 16:55:00	1,92	3,59	3,57	2,70	1,64	0,37	-0,79	-1,51	-1,84	-2,11	-2,27	-2,33	-2,39	2,23	0
25/02/2020 17:00:00	1,96	3,84	3,99	3,36	2,30	0,98	-0,24	-1,10	-1,56	-1,94	-2,23	-2,42	-2,61	2,23	0
25/02/2020 17:05:00	2,20	4,02	4,15	3,38	2,35	1,12	-0,02	-0,76	-1,15	-1,46	-1,67	-1,78	-1,88	2,23	0
25/02/2020 17:10:00	1,86	4,07	4,26	3,48	2,32	1,05	-0,15	-0,93	-1,33	-1,65	-1,86	-1,97	-2,07	1,97	0
25/02/2020 17:15:00	1,82	4,09	4,29	3,55	2,47	1,16	-0,09	-0,90	-1,30	-1,62	-1,85	-1,98	-2,10	2,13	0
25/02/2020 17:20:00	1,93	4,08	4,27	3,58	2,48	1,16	-0,06	-0,87	-1,30	-1,65	-1,91	-2,06	-2,21	1,92	0
25/02/2020 17:25:00	1,89	4,11	4,40	3,74	2,65	1,36	0,13	-0,71	-1,15	-1,51	-1,76	-1,90	-2,04	2,05	0
25/02/2020 17:30:00	1,90	4,21	4,51	3,93	2,87	1,45	0,13	-0,77	-1,25	-1,64	-1,93	-2,10	-2,28	1,95	0
25/02/2020 17:35:00	1,75	4,08	4,42	3,71	2,67	1,34	0,08	-0,76	-1,20	-1,54	-1,78	-1,90	-2,01	1,90	0
25/02/2020 17:40:00	2,05	4,18	4,60	4,00	3,03	1,72	0,42	-0,50	-1,00	-1,41	-1,72	-1,91	-2,11	1,86	0
25/02/2020 17:45:00	1,93	4,28	4,63	4,02	2,90	1,59	0,35	-0,49	-0,95	-1,32	-1,57	-1,71	-1,84	1,76	0
25/02/2020 17:50:00	1,70	4,05	4,46	3,82	2,77	1,35	0,04	-0,87	-1,37	-1,76	-2,03	-2,19	-2,34	1,84	0
25/02/2020 17:55:00	1,49	4,05	4,45	3,71	2,67	1,26	-0,05	-0,92	-1,36	-1,71	-1,94	-2,05	-2,17	1,73	0
25/02/2020 18:00:00	1,18	4,11	4,60	3,81	2,63	1,17	-0,16	-1,02	-1,47	-1,81	-2,01	-2,08	-2,14	1,64	0
25/02/2020 18:05:00	1,27	3,98	4,53	3,93	2,80	1,37	-0,03	-0,98	-1,49	-1,88	-2,14	-2,27	-2,39	1,64	0
25/02/2020 18:10:00	1,28	3,92	4,42	3,79	2,72	1,33	0,01	-0,89	-1,37	-1,74	-2,00	-2,13	-2,26	1,43	0
25/02/2020 18:15:00	1,22	3,78	4,29	3,72	2,69	1,34	0,07	-0,80	-1,26	-1,63	-1,88	-2,00	-2,12	1,69	0
25/02/2020 18:20:00	1,41	4,09	4,67	4,14	3,08	1,67	0,38	-0,51	-1,01	-1,40	-1,65	-1,77	-1,90	1,64	0
25/02/2020 18:25:00	1,86	4,22	4,74	4,23	3,37	2,10	0,88	0,02	-0,45	-0,84	-1,13	-1,32	-1,50	1,53	0
25/02/2020 18:30:00	1,88	4,34	4,95	4,49	3,44	2,08	0,76	-0,18	-0,71	-1,13	-1,41	-1,56	-1,70	1,51	0
25/02/2020 18:35:00	1,65	4,39	5,00	4,54	3,49	2,10	0,78	-0,16	-0,69	-1,11	-1,41	-1,59	-1,77	1,52	0
25/02/2020 18:40:00	1,70	4,38	4,95	4,40	3,31	1,89	0,58	-0,31	-0,80	-1,18	-1,42	-1,52	-1,62	1,47	0
25/02/2020 18:45:00	1,39	4,39	5,01	4,32	3,29	1,95	0,66	-0,18	-0,62	-0,97	-1,19	-1,28	-1,38	1,28	0
25/02/2020 18:50:00	1,35	4,31	5,00	4,51	3,44	2,07	0,74	-0,16	-0,66	-1,05	-1,31	-1,43	-1,55	1,14	0
25/02/2020 18:55:00	1,23	4,34	5,14	4,60	3,50	2,03	0,64	-0,33	-0,87	-1,28	-1,54	-1,64	-1,74	1,07	0
25/02/2020 19:00:00	1,47	4,25	4,88	4,35	3,32	1,97	0,70	-0,16	-0,63	-0,99	-1,23	-1,33	-1,42	1,04	0
25/02/2020 19:05:00	1,02	4,02	4,66	4,15	3,10	1,72	0,40	-0,49	-0,98	-1,38	-1,66	-1,81	-1,97	1,03	0
25/02/2020 19:10:00	1,28	4,26	4,88	4,32	3,28	1,91	0,59	-0,28	-0,74	-1,09	-1,33	-1,44	-1,54	1,06	0
25/02/2020 19:15:00	1,43	4,13	4,72	4,25	3,30	1,97	0,70	-0,18	-0,66	-1,06	-1,34	-1,51	-1,67	1,07	0
25/02/2020 19:20:00	0,99	4,29	4,88	4,16	2,97	1,61	0,38	-0,38	-0,78	-1,08	-1,26	-1,28	-1,31	0,84	0
25/02/2020 19:25:00	1,03	4,13	4,88	4,35	3,33	1,99	0,69	-0,19	-0,66	-1,04	-1,28	-1,38	-1,49	0,67	0
25/02/2020 19:30:00	1,38	3,97	4,61	4,20	3,23	1,98	0,76	-0,11	-0,60	-1,00	-1,28	-1,45	-1,61	0,88	0
25/02/2020 19:35:00	1,26	4,11	4,71	4,12	3,08	1,74	0,50	-0,32	-0,76	-1,10	-1,30	-1,37	-1,44	0,80	0
25/02/2020 19:40:00	0,77	3,83	4,57	4,06	3,01	1,63	0,36	-0,51	-1,01	-1,39	-1,64	-1,74	-1,85	0,67	0
25/02/2020 19:45:00	0,57	4,01	4,76	4,05	2,89	1,45	0,12	-0,73	-1,17	-1,50	-1,68	-1,69	-1,70	0,49	0
25/02/2020 19:50:00	0,57	4,02	4,72	4,03	2,89	1,48	0,22	-0,58	-1,00	-1,33	-1,52	-1,56	-1,60	0,66	0
25/02/2020 19:55:00	0,68	4,03	4,67	4,01	2,92	1,56	0,32	-0,45	-0,83	-1,14	-1,31	-1,35	-1,38	0,65	0
25/02/2020 20:00:00	0,76	4,02	4,74	4,18	3,06	1,67	0,42	-0,42	-0,88	-1,23	-1,45	-1,52	-1,58	0,43	0
25/02/2020 20:05:00	0,75	3,88	4,67	4,30	3,30	2,01	0,72	-0,18	-0,68	-1,08	-1,37	-1,53	-1,70	0,45	0
25/02/2020 20:10:00	0,83	4,01	4,74	4,09	3,02	1,64	0,34	-0,50	-0,94	-1,28	-1,47	-1,51	-1,55	0,61	0
25/02/2020 20:15:00	0,97	3,87	4,64	4,19	3,16	1,86	0,53	-0,38	-0,88	-1,26	-1,51	-1,61	-1,71	0,48	0
25/02/2020 20:20:00	0,77	3,52	4,16	3,76	2,75	1,45	0,24	-0,60	-1,07	-1,45	-1,70	-1,83	-1,97	0,41	0
25/02/2020 20:25:00	0,28	3,50	4,22	3,61	2,57	1,18	-0,03	-0,83	-1,28	-1,62	-1,83	-1,90	-1,97	0,43	0
25/02/2020 20:30:00	0,47	3,63	4,25	3,60	2,52	1,20	0,06	-0,67	-1,06	-1,36	-1,53	-1,57	-1,60	0,34	0
25/02/2020 20:35:00	0,89	3,43	3,98	3,38	2,44	1,20	0,09	-0,63	-1,00	-1,29	-1,46	-1,48	-1,51	0,37	0
25/02/2020 20:40:00	0,61	3,44	4,04	3,43	2,40	1,17	0,07	-0,64	-1,02	-1,30	-1,46	-1,48	-1,50	0,41	0
25/02/2020 20:45:00	0,54	3,48	4,09	3,55	2,46	1,18	0,01	-0,74	-1,14	-1,44	-1,61	-1,63	-1,64	0,18	0
25/02/2020 20:50:00	0,42	2,90	3,45	2,98	2,11	0,94	-0,15	-0,87	-1,26	-1,56	-1,76	-1,85	-1,93	0,26	0
25/02/2020 20:55:00	0,74	2,78	3,32	2,99	2,19	1,03	-0,06	-0,83	-1,27	-1,61	-1,85	-1,97	-2,09	0,39	0
25/02/2020 21:00:00	0,41	2,82	3,42	2,98	2,18	0,99	-0,19	-0,98	-1,39	-1,72	-1,94	-2,05	-2,16	0,20	0
25/02/2020 21:05:00	0,18	2,60	3,12	2,61	1,65	0,49	-0,61	-1,34	-1,72	-2,02	-2,20	-2,26	-2,32	0,21	0
25/02/2020 21:10:00	0,16	2,50	3,05	2,59	1,76	0,62	-0,45	-1,16	-1,54	-1,83	-2,03	-2,11	-2,20	0,30	0
25/02/2020 21:15:00	0,14	2,65	3,19	2,69	1,78	0,61	-0,47	-1,19	-1,57	-1,87	-2,06	-2,13	-2,21	0,25	0
25/02/2020 21:20:00	0,27	2,51	3,08	2,70	1,92	0,82	-0,25	-0,99	-1,38	-1,70	-1,92	-2,04	-2,15	0,01	0
25/02/2020 21:25:00	0,13	2,54	3,04	2,65	1,81	0,76	-0,24	-0,90	-1,24	-1,52	-1,72	-1,81	-1,91	0,11	0
25/02/2020 21:30:00	0,03	2,49	3,00	2,46	1,57	0,47	-0,53	-1,18	-1,52	-1,79	-1,96	-2,02	-2,07	-0,04	0
25/02/2020 21:35:00	0,18	2,32	2,78	2,46	1,66	0,65	-0,27	-0,89	-1,22	-1,49	-1,68	-1,77	-1,86	0,04	0
25/02/2020 21:40:00	0,22	2,28	2,80	2,47	1,74	0,71	-0,32	-1,03	-1,41	-1,72	-1,95	-2,08	-2,22	-0,09	0
25/02/2020 21:45:00	-0,08	2,09	2,64	2,30	1,67	0,63	-0,38	-1,06	-1,41	-1,70	-1,92	-2,05	-2,17	-0,15	0
25/02/2020 21:50:00	-0,36	2,22	2,69	2,08	1,22	0,15	-0,81	-1,40	-1,67	-1,89	-2,02	-2,03	-2,04	-0,13	0
25/02/2020 21:55:00	-0,16	2,12	2,52	2,00	1,23	0,23	-0,68	-1,25	-1,51	-1,74	-1,89	-1,95	-2,01	-0,25	0
25/02/2020 22:00:00	-0,36	2,10	2,60	2,15	1,36	0,27	-0,66	-1,27	-1,58	-1,84	-2,01	-2,08	-2,16	-0,25	0
25/02/2020 22:05:00	-0,08	2,01	2,45	2,01	1,27	0,27	-0,77	-1,42	-1,72	-1,97	-2,14	-2,21	-2,28	-0,24	0
25/02/2020 22:10:00	-0,40	2,14	2,66	2,15	1,35	0,29	-0,69	-1,30	-1,59	-1,82	-1,96	-2,00	-2,04	-0,19	0
25/02/2020 22:15:00	-0,25	2,18	2,61	2,13	1,29	0,28	-0,65	-1,21	-1,47	-1,69	-1,83	-1,86	-1,89	-0,29	0
25/02/2020 22:20:00	-0,06	2,10	2,47	1,97	1,23	0,25	-0,62	-1,14	-1,38	-1,58	-1,71	-1,74	-1,77	-0,13	0
25/02/2020 22:25:00	-0,17	2,15	2,73	2,27	1,48	0,41	-0,54	-1,17	-1,51	-1,77	-1,93	-1,98	-2,02	-0,31	0
25/02/2020 22:30:00	-0,08	2,05	2,39	1,92	1,12	0,15	-0,67	-1,16	-1,38	-1,57	-1,67	-1,67	-1,67	-0,38	0
25/02/2020 22:35:00	-0,23	2,09	2,54	2,04	1,24	0,28	-0,60	-1,15	-1,40	-1,62	-1,75	-1,78	-1,80	-0,52	0
25/02/2020 22:40:00	-0,09	2,00	2,43	2,07	1,36	0,46	-0,41	-0,96	-1,21	-1,44	-1,59	-1,65	-1,71	-0,34	0
25/02/2020 22:45:00	-0,47	1,93	2,45	2,12	1,35	0,35	-0,61	-1,24	-1,55	-1,82	-2,01	-2,11	-2,22	-0,44	0
25/02/2020 22:50:00	-0,56	1,86	2,41	2,06	1,25	0,29	-0,62	-1,21	-1,52	-1,79	-1,97	-2,06	-2,15	-0,60	0
25/02/2020 22:55:00	-0,54	1,78	2,30	1,96	1,32	0,41	-0,47	-1,01	-1,27	-1,49	-1,65	-1,72	-1,79	-0,56	0
25/02/2020 23:00:00	-0,47	1,81	2,26	1,80	1,05	0,12	-0,69	-1,19	-1,43	-1,64	-1,77	-1,80	-1,83	-0,48	0
25/02/2020 23:05:00	-0,48	1,75	2,24	1,82	1,02	0,12	-0,71	-1,23	-1,48	-1,69	-1,80	-1,81	-1,81	-0,59	0
25/02/2020 23:10:00	-0,45	1,71	2,12	1,75	1,04	0,12	-0,69	-1,19	-1,43	-1,65	-1,79	-1,84	-1,90	-0,65	0
25/02/2020 23:15:00	-0,72	1,39	1,79	1,31	0,50	-0,39	-1,16	-1,63	-1,86	-2,04	-2,14	-2,14	-2,13	-0,72	0
25/02/2020 23:20:00	-0,74	1,31	1,70	1,30	0,63	-0,23	-1,09	-1,61	-1,83	-2,03	-2,15	-2,20	-2,25	-0,77	0
25/02/2020 23:25:00	-0,75	1,31	1,80	1,60	1,08	0,19	-0,65	-1,23	-1,52	-1,79	-2,01	-2,17	-2,34	-0,75	0
25/02/2020 23:30:00	-0,74	1,64	2,02	1,46	0,64	-0,26	-1,00	-1,41	-1,59	-1,74	-1,81	-1,77	-1,74	-0,72	0
25/02/2020 23:35:00	-0,91	1,29	1,77	1,43	0,68	-0,28	-1,13	-1,68	-1,95	-2,17	-2,31	-2,35	-2,38	-0,82	0
25/02/2020 23:40:00	-0,88	1,21	1,79	1,53	0,95	0,01	-0,89	-1,51	-1,83	-2,11	-2,32	-2,46	-2,59	-0,90	0
25/02/2020 23:45:00	-0,95	1,49	2,08	1,91	1,23	0,32	-0,59	-1,20	-1,52	-1,80	-2,01	-2,15	-2,29	-0,97	0
25/02/2020 23:50:00	-0,84	1,34	1,82	1,50	0,88	-0,03	-0,94	-1,50	-1,76	-1,98	-2,14	-2,22	-2,30	-0,85	0
25/02/2020 23:55:00	-1,04	1,61	2,16	1,70	0,81	-0,18	-1,07	-1,61	-1,85	-2,04	-2,12	-2,08	-2,05	-0,96	0
