FileFormat:0002.2 file with temperature of atmosphere
200
local	GMT or Local
0	GMT-Local=[hours]
0	Height[m]
0	0	0	Longitude                [grd]               [min]               [sec]
0	0	0	Latitude                [grd]               [min]               [sec]
N	NS
59,40	Freq[GHz]
0,00	dTemostat[K]
0,150	MessErr[K]
0,248	//[grad/step]
version 14.0.20110218
MTP5H033F5940K-33.00D180214+A1.1
Commentary:
enter comment
End Of Commentary

SYSTEM\summer.dat
data time	0	50	100	150	200	250	300	350	400	450	500	550	600	OutsideTemperature	Quality
29/05/2020 00:00:00	14,33	18,13	20,11	20,44	20,32	19,93	19,35	18,75	18,11	17,38	16,47	15,55	14,63	14,24	0
29/05/2020 00:05:00	14,01	17,88	19,95	20,34	20,26	19,85	19,30	18,70	18,07	17,33	16,41	15,48	14,54	14,06	0
29/05/2020 00:10:00	13,94	17,86	19,95	20,34	20,23	19,82	19,27	18,68	18,04	17,29	16,36	15,42	14,48	13,82	0
29/05/2020 00:15:00	13,69	17,76	19,90	20,30	20,21	19,84	19,31	18,72	18,09	17,35	16,44	15,53	14,61	13,52	0
29/05/2020 00:20:00	13,76	17,62	19,75	20,20	20,20	19,82	19,31	18,74	18,12	17,39	16,48	15,55	14,61	13,57	0
29/05/2020 00:25:00	13,57	17,57	19,77	20,23	20,21	19,85	19,33	18,75	18,13	17,39	16,47	15,54	14,60	13,37	0
29/05/2020 00:30:00	13,52	17,57	19,79	20,15	20,08	19,77	19,25	18,67	18,05	17,33	16,43	15,53	14,63	13,09	0
29/05/2020 00:35:00	13,44	17,50	19,78	20,21	20,19	19,83	19,31	18,73	18,09	17,35	16,41	15,47	14,53	12,73	0
29/05/2020 00:40:00	13,48	17,38	19,69	20,16	20,14	19,84	19,31	18,74	18,11	17,37	16,43	15,48	14,53	12,49	0
29/05/2020 00:45:00	13,19	17,11	19,41	19,88	19,86	19,48	18,98	18,41	17,77	17,02	16,07	15,11	14,16	12,50	0
29/05/2020 00:50:00	13,00	16,70	18,90	19,41	19,44	19,08	18,61	18,07	17,46	16,74	15,83	14,90	13,98	12,32	0
29/05/2020 00:55:00	12,94	16,38	18,50	18,96	18,97	18,69	18,18	17,63	17,04	16,34	15,45	14,55	13,64	12,37	0
29/05/2020 01:00:00	12,77	15,93	17,91	18,47	18,51	18,29	17,84	17,35	16,81	16,15	15,32	14,46	13,61	12,47	0
29/05/2020 01:05:00	12,65	15,76	17,75	18,22	18,25	17,92	17,44	16,92	16,35	15,66	14,78	13,89	13,00	12,59	0
29/05/2020 01:10:00	12,58	15,74	17,71	18,22	18,20	17,90	17,44	16,92	16,36	15,68	14,82	13,94	13,06	12,33	0
29/05/2020 01:15:00	12,87	15,80	17,66	18,13	18,13	17,82	17,39	16,91	16,36	15,71	14,88	14,03	13,19	12,53	0
29/05/2020 01:20:00	13,18	15,82	17,59	18,03	18,01	17,70	17,23	16,74	16,19	15,54	14,71	13,85	13,00	12,75	0
29/05/2020 01:25:00	13,39	15,81	17,46	17,82	17,82	17,54	17,09	16,62	16,11	15,49	14,71	13,91	13,11	12,93	0
29/05/2020 01:30:00	13,55	15,76	17,34	17,74	17,72	17,47	17,08	16,64	16,15	15,56	14,81	14,03	13,25	13,25	0
29/05/2020 01:35:00	13,31	15,49	17,09	17,47	17,47	17,20	16,80	16,35	15,85	15,25	14,49	13,70	12,90	13,31	0
29/05/2020 01:40:00	13,40	15,43	16,95	17,38	17,35	17,11	16,74	16,32	15,85	15,26	14,52	13,75	12,98	13,67	0
29/05/2020 01:45:00	13,59	15,62	17,21	17,55	17,52	17,30	16,88	16,44	15,94	15,35	14,58	13,80	13,01	13,60	0
29/05/2020 01:50:00	13,56	15,65	17,13	17,49	17,48	17,23	16,83	16,39	15,91	15,33	14,60	13,85	13,09	13,52	0
29/05/2020 01:55:00	13,48	15,47	16,96	17,32	17,31	17,04	16,67	16,26	15,78	15,21	14,48	13,72	12,97	13,52	0
29/05/2020 02:00:00	13,61	15,55	16,89	17,21	17,20	16,91	16,55	16,14	15,68	15,13	14,43	13,72	13,00	13,54	0
29/05/2020 02:05:00	13,55	15,26	16,53	16,86	16,86	16,65	16,28	15,89	15,46	14,94	14,28	13,59	12,91	13,54	0
29/05/2020 02:10:00	13,66	15,45	16,69	16,94	16,88	16,63	16,26	15,85	15,40	14,87	14,21	13,53	12,84	13,64	0
29/05/2020 02:15:00	13,58	15,18	16,29	16,44	16,38	16,15	15,81	15,43	15,00	14,51	13,92	13,30	12,68	13,62	0
29/05/2020 02:20:00	13,46	15,13	16,29	16,49	16,38	16,16	15,85	15,48	15,05	14,56	13,95	13,33	12,70	14,03	0
29/05/2020 02:25:00	13,63	15,20	16,47	16,77	16,81	16,66	16,33	15,97	15,56	15,06	14,44	13,78	13,13	13,95	0
29/05/2020 02:30:00	13,55	15,28	16,61	16,88	16,86	16,70	16,37	15,99	15,56	15,05	14,41	13,75	13,09	13,67	0
29/05/2020 02:35:00	13,49	15,32	16,65	16,93	16,95	16,77	16,40	16,01	15,57	15,05	14,41	13,73	13,05	13,50	0
29/05/2020 02:40:00	13,33	15,32	16,73	17,05	17,02	16,78	16,41	16,01	15,54	14,99	14,30	13,59	12,88	13,44	0
29/05/2020 02:45:00	13,30	15,45	16,85	17,19	17,14	16,84	16,48	16,07	15,59	15,03	14,33	13,61	12,88	13,40	0
29/05/2020 02:50:00	13,35	15,37	16,67	17,01	17,02	16,84	16,48	16,09	15,66	15,15	14,51	13,85	13,18	13,53	0
29/05/2020 02:55:00	13,41	15,42	16,76	17,10	17,02	16,81	16,45	16,05	15,60	15,06	14,39	13,70	13,01	13,32	0
29/05/2020 03:00:00	13,27	15,44	16,77	17,05	17,04	16,82	16,46	16,05	15,60	15,08	14,43	13,76	13,10	13,35	0
29/05/2020 03:05:00	13,37	15,43	16,72	17,00	16,95	16,73	16,38	15,99	15,54	15,03	14,39	13,73	13,07	13,75	0
29/05/2020 03:10:00	13,64	15,34	16,49	16,85	16,83	16,63	16,36	16,03	15,63	15,15	14,56	13,93	13,30	13,67	0
29/05/2020 03:15:00	13,73	15,27	16,39	16,68	16,71	16,60	16,28	15,93	15,55	15,09	14,52	13,91	13,31	13,49	0
29/05/2020 03:20:00	13,76	15,28	16,47	16,79	16,80	16,71	16,40	16,06	15,67	15,21	14,61	13,99	13,37	13,23	0
29/05/2020 03:25:00	13,69	15,15	16,34	16,70	16,74	16,61	16,36	16,05	15,67	15,21	14,63	14,02	13,40	13,21	0
29/05/2020 03:30:00	13,74	15,03	16,12	16,50	16,63	16,59	16,37	16,10	15,77	15,37	14,85	14,29	13,73	12,99	0
29/05/2020 03:35:00	13,74	15,00	16,17	16,66	16,78	16,70	16,49	16,23	15,88	15,45	14,89	14,27	13,66	12,78	0
29/05/2020 03:40:00	13,70	15,02	16,19	16,60	16,70	16,59	16,36	16,07	15,72	15,27	14,70	14,09	13,48	12,62	0
29/05/2020 03:45:00	13,58	15,00	16,06	16,48	16,54	16,43	16,20	15,92	15,57	15,14	14,60	14,02	13,43	12,97	0
29/05/2020 03:50:00	13,31	14,66	15,69	16,14	16,22	16,13	15,86	15,56	15,21	14,78	14,23	13,64	13,05	12,95	0
29/05/2020 03:55:00	13,08	14,36	15,22	15,57	15,61	15,52	15,30	15,03	14,70	14,31	13,84	13,32	12,81	12,97	0
29/05/2020 04:00:00	13,02	14,54	15,46	15,73	15,70	15,54	15,24	14,91	14,54	14,11	13,58	13,02	12,47	13,04	0
29/05/2020 04:05:00	13,16	14,58	15,30	15,59	15,63	15,44	15,16	14,85	14,50	14,11	13,62	13,10	12,59	13,24	0
29/05/2020 04:10:00	13,19	14,52	15,29	15,61	15,65	15,51	15,24	14,95	14,61	14,22	13,74	13,22	12,70	13,52	0
29/05/2020 04:15:00	13,43	14,78	15,51	15,81	15,82	15,69	15,41	15,11	14,78	14,39	13,91	13,40	12,88	13,37	0
29/05/2020 04:20:00	13,29	14,46	15,27	15,62	15,64	15,52	15,26	14,97	14,63	14,23	13,73	13,19	12,65	13,27	0
29/05/2020 04:25:00	13,28	14,36	15,17	15,53	15,60	15,51	15,26	14,99	14,67	14,29	13,80	13,27	12,75	13,50	0
29/05/2020 04:30:00	13,27	14,38	15,21	15,60	15,66	15,55	15,31	15,04	14,71	14,31	13,81	13,27	12,73	13,38	0
29/05/2020 04:35:00	13,26	14,45	15,27	15,64	15,68	15,55	15,28	14,98	14,64	14,24	13,73	13,18	12,63	13,22	0
29/05/2020 04:40:00	13,26	14,44	15,22	15,60	15,68	15,51	15,23	14,93	14,60	14,20	13,69	13,13	12,58	13,25	0
29/05/2020 04:45:00	13,31	14,57	15,30	15,51	15,48	15,32	15,02	14,70	14,35	13,95	13,46	12,94	12,42	13,32	0
29/05/2020 04:50:00	13,39	14,56	15,24	15,47	15,48	15,30	15,06	14,78	14,44	14,06	13,60	13,10	12,61	13,60	0
29/05/2020 04:55:00	13,40	14,57	15,25	15,52	15,54	15,39	15,07	14,75	14,41	14,01	13,52	13,00	12,47	13,69	0
29/05/2020 05:00:00	13,65	14,73	15,36	15,69	15,71	15,58	15,34	15,08	14,76	14,40	13,94	13,45	12,96	13,60	0
29/05/2020 05:05:00	13,72	14,72	15,36	15,58	15,61	15,47	15,25	14,98	14,67	14,31	13,87	13,40	12,92	13,82	0
29/05/2020 05:10:00	13,71	14,94	15,53	15,62	15,55	15,43	15,13	14,81	14,47	14,11	13,67	13,21	12,75	13,73	0
29/05/2020 05:15:00	13,82	15,08	15,61	15,81	15,80	15,60	15,26	14,92	14,58	14,19	13,72	13,21	12,71	13,93	0
29/05/2020 05:20:00	13,85	15,07	15,55	15,61	15,57	15,40	15,06	14,73	14,39	14,03	13,60	13,15	12,70	14,39	0
29/05/2020 05:25:00	14,02	14,97	15,29	15,39	15,29	15,12	14,88	14,61	14,30	13,98	13,60	13,20	12,80	14,44	0
29/05/2020 05:30:00	13,71	14,51	14,95	15,02	14,97	14,94	14,73	14,49	14,21	13,91	13,57	13,20	12,82	14,22	0
29/05/2020 05:35:00	13,48	14,37	14,91	14,91	14,83	14,79	14,58	14,33	14,03	13,71	13,36	12,98	12,60	13,99	0
29/05/2020 05:40:00	13,48	14,33	14,86	15,05	15,01	14,91	14,77	14,56	14,27	13,95	13,58	13,17	12,77	13,74	0
29/05/2020 05:45:00	13,43	14,38	14,86	14,94	14,96	14,89	14,67	14,42	14,13	13,83	13,47	13,09	12,71	13,59	0
29/05/2020 05:50:00	13,54	14,35	14,82	15,02	14,98	14,91	14,69	14,44	14,15	13,83	13,44	13,02	12,60	13,73	0
29/05/2020 05:55:00	13,43	14,20	14,72	14,92	15,00	14,88	14,70	14,49	14,21	13,90	13,51	13,09	12,67	13,59	0
29/05/2020 06:00:00	13,42	14,29	14,66	14,77	14,75	14,67	14,45	14,21	13,93	13,63	13,29	12,92	12,55	13,42	0
29/05/2020 06:05:00	13,44	14,36	14,66	14,75	14,73	14,57	14,33	14,07	13,78	13,47	13,12	12,74	12,36	13,35	0
29/05/2020 06:10:00	13,40	14,12	14,30	14,32	14,28	14,14	13,93	13,69	13,42	13,15	12,84	12,51	12,17	13,53	0
29/05/2020 06:15:00	13,03	13,31	13,52	13,51	13,54	13,62	13,60	13,50	13,32	13,15	12,98	12,78	12,58	13,35	0
29/05/2020 06:20:00	12,85	13,00	13,15	13,17	13,20	13,27	13,26	13,18	13,01	12,85	12,69	12,50	12,30	12,89	0
29/05/2020 06:25:00	12,78	13,06	13,33	13,36	13,36	13,33	13,23	13,08	12,85	12,62	12,37	12,08	11,80	12,57	0
29/05/2020 06:30:00	12,74	12,91	13,11	13,20	13,20	13,20	13,14	13,01	12,81	12,60	12,37	12,11	11,85	12,44	0
29/05/2020 06:35:00	12,68	12,79	12,96	12,97	12,99	13,01	12,96	12,85	12,65	12,46	12,26	12,02	11,79	12,19	0
29/05/2020 06:40:00	12,66	12,78	12,87	12,90	12,84	12,85	12,82	12,71	12,52	12,34	12,15	11,93	11,72	12,10	0
29/05/2020 06:45:00	12,71	12,80	12,89	12,90	12,89	12,85	12,81	12,71	12,51	12,32	12,13	11,90	11,68	12,14	0
29/05/2020 06:50:00	12,70	12,81	12,84	12,81	12,77	12,72	12,64	12,50	12,29	12,10	11,90	11,67	11,45	12,08	0
29/05/2020 06:55:00	12,69	12,73	12,76	12,72	12,73	12,75	12,71	12,61	12,43	12,27	12,11	11,93	11,74	12,04	0
29/05/2020 07:00:00	12,64	12,67	12,66	12,61	12,63	12,65	12,59	12,49	12,31	12,16	12,01	11,83	11,65	11,95	0
29/05/2020 07:05:00	12,66	12,64	12,64	12,59	12,60	12,63	12,55	12,43	12,26	12,10	11,93	11,74	11,55	11,89	0
29/05/2020 07:10:00	12,47	12,34	12,31	12,28	12,26	12,31	12,26	12,15	11,99	11,83	11,69	11,51	11,33	11,86	0
29/05/2020 07:15:00	12,06	12,04	11,93	11,80	11,78	11,79	11,79	11,71	11,55	11,42	11,32	11,20	11,08	11,83	0
29/05/2020 07:20:00	11,86	11,90	11,89	11,85	11,82	11,77	11,69	11,55	11,36	11,17	10,99	10,78	10,57	11,83	0
29/05/2020 07:25:00	11,77	11,68	11,56	11,45	11,44	11,45	11,37	11,24	11,07	10,92	10,79	10,64	10,48	11,78	0
29/05/2020 07:30:00	11,69	11,63	11,51	11,42	11,36	11,36	11,29	11,18	11,00	10,85	10,72	10,56	10,41	11,65	0
29/05/2020 07:35:00	11,64	11,64	11,47	11,40	11,39	11,42	11,40	11,32	11,16	11,04	10,95	10,84	10,72	11,57	0
29/05/2020 07:40:00	11,73	11,57	11,44	11,36	11,35	11,31	11,32	11,25	11,09	10,95	10,83	10,69	10,55	11,55	0
29/05/2020 07:45:00	11,73	11,62	11,47	11,38	11,35	11,39	11,35	11,26	11,10	10,97	10,86	10,72	10,59	11,55	0
29/05/2020 07:50:00	11,48	11,34	11,18	11,04	10,94	10,92	10,81	10,66	10,47	10,31	10,17	10,00	9,83	11,56	0
29/05/2020 07:55:00	11,42	11,32	11,14	11,00	10,93	10,87	10,73	10,56	10,36	10,18	10,03	9,84	9,66	11,51	0
29/05/2020 08:00:00	11,48	11,31	11,11	10,93	10,82	10,86	10,81	10,71	10,54	10,41	10,32	10,21	10,10	11,58	0
29/05/2020 08:05:00	11,54	11,41	11,30	11,25	11,22	11,17	11,14	11,05	10,87	10,71	10,57	10,40	10,23	11,65	0
29/05/2020 08:10:00	11,57	11,42	11,25	11,14	11,14	11,09	11,08	11,00	10,83	10,69	10,58	10,44	10,30	11,67	0
29/05/2020 08:15:00	11,49	11,33	11,14	11,03	11,02	11,07	11,03	10,94	10,79	10,67	10,59	10,47	10,36	11,45	0
29/05/2020 08:20:00	11,52	11,47	11,33	11,24	11,17	11,11	11,07	10,96	10,78	10,62	10,48	10,32	10,16	11,57	0
29/05/2020 08:25:00	11,50	11,44	11,34	11,23	11,20	11,19	11,15	11,04	10,86	10,71	10,58	10,43	10,27	11,51	0
29/05/2020 08:30:00	11,42	11,43	11,27	11,14	11,09	11,07	10,98	10,85	10,67	10,51	10,38	10,23	10,08	11,47	0
29/05/2020 08:35:00	11,51	11,53	11,43	11,36	11,28	11,19	11,14	11,02	10,82	10,64	10,49	10,31	10,12	11,52	0
29/05/2020 08:40:00	11,58	11,46	11,40	11,33	11,33	11,41	11,32	11,20	11,03	10,89	10,76	10,60	10,44	11,54	0
29/05/2020 08:45:00	11,67	11,54	11,39	11,30	11,33	11,41	11,32	11,21	11,06	10,94	10,84	10,71	10,58	11,67	0
29/05/2020 08:50:00	11,79	11,55	11,40	11,32	11,31	11,35	11,34	11,27	11,12	11,00	10,90	10,78	10,65	11,81	0
29/05/2020 08:55:00	11,76	11,62	11,47	11,41	11,39	11,42	11,39	11,31	11,15	11,02	10,91	10,78	10,64	11,82	0
29/05/2020 09:00:00	11,72	11,61	11,49	11,39	11,34	11,31	11,28	11,18	11,00	10,85	10,72	10,56	10,41	11,63	0
29/05/2020 09:05:00	11,70	11,61	11,46	11,31	11,26	11,26	11,19	11,07	10,89	10,75	10,63	10,49	10,35	11,75	0
29/05/2020 09:10:00	11,68	11,55	11,44	11,30	11,24	11,19	11,18	11,09	10,91	10,76	10,63	10,49	10,34	11,67	0
29/05/2020 09:15:00	11,58	11,53	11,41	11,31	11,29	11,34	11,29	11,19	11,02	10,90	10,79	10,67	10,54	11,63	0
29/05/2020 09:20:00	11,63	11,53	11,45	11,41	11,34	11,29	11,26	11,16	10,97	10,80	10,65	10,47	10,29	11,65	0
29/05/2020 09:25:00	11,67	11,57	11,48	11,44	11,39	11,45	11,45	11,37	11,22	11,10	10,99	10,87	10,74	11,72	0
29/05/2020 09:30:00	11,75	11,69	11,53	11,42	11,37	11,37	11,34	11,24	11,07	10,94	10,83	10,71	10,58	11,73	0
29/05/2020 09:35:00	11,73	11,62	11,46	11,34	11,37	11,35	11,30	11,21	11,04	10,91	10,80	10,67	10,53	11,66	0
29/05/2020 09:40:00	11,62	11,54	11,41	11,32	11,34	11,40	11,40	11,33	11,19	11,08	11,00	10,90	10,79	11,65	0
29/05/2020 09:45:00	11,71	11,59	11,44	11,35	11,29	11,27	11,28	11,20	11,04	10,90	10,79	10,66	10,53	11,78	0
29/05/2020 09:50:00	11,61	11,52	11,43	11,37	11,35	11,47	11,47	11,40	11,26	11,15	11,07	10,97	10,86	11,69	0
29/05/2020 09:55:00	11,65	11,54	11,43	11,42	11,40	11,45	11,46	11,40	11,25	11,13	11,02	10,89	10,76	11,65	0
29/05/2020 10:00:00	11,75	11,55	11,42	11,36	11,32	11,36	11,40	11,35	11,20	11,08	10,99	10,88	10,76	11,74	0
29/05/2020 10:05:00	11,72	11,63	11,51	11,39	11,34	11,32	11,31	11,22	11,05	10,90	10,79	10,65	10,51	11,78	0
29/05/2020 10:10:00	11,77	11,63	11,50	11,41	11,37	11,38	11,38	11,31	11,15	11,02	10,91	10,78	10,64	11,87	0
29/05/2020 10:15:00	11,77	11,62	11,43	11,34	11,33	11,37	11,34	11,25	11,11	10,99	10,90	10,78	10,66	11,75	0
29/05/2020 10:20:00	11,67	11,51	11,42	11,40	11,38	11,40	11,39	11,32	11,16	11,02	10,89	10,74	10,58	11,74	0
29/05/2020 10:25:00	11,74	11,56	11,40	11,28	11,27	11,32	11,29	11,21	11,06	10,94	10,85	10,73	10,61	11,80	0
29/05/2020 10:30:00	11,88	11,60	11,38	11,28	11,26	11,34	11,31	11,23	11,09	10,98	10,90	10,80	10,69	11,99	0
29/05/2020 10:35:00	11,73	11,59	11,40	11,30	11,28	11,33	11,34	11,27	11,13	11,03	10,96	10,87	10,77	11,70	0
29/05/2020 10:40:00	11,70	11,46	11,26	11,18	11,17	11,25	11,26	11,20	11,07	10,98	10,91	10,82	10,73	11,73	0
29/05/2020 10:45:00	11,84	11,55	11,34	11,22	11,19	11,18	11,17	11,09	10,93	10,81	10,71	10,58	10,46	11,81	0
29/05/2020 10:50:00	11,86	11,56	11,25	11,08	11,04	11,08	11,00	10,89	10,75	10,64	10,56	10,46	10,36	11,97	0
29/05/2020 10:55:00	12,02	11,57	11,26	11,10	11,01	10,98	10,90	10,77	10,61	10,47	10,36	10,22	10,08	12,10	0
29/05/2020 11:00:00	12,00	11,62	11,34	11,22	11,15	11,16	11,16	11,10	10,96	10,85	10,77	10,66	10,56	12,06	0
29/05/2020 11:05:00	11,93	11,65	11,40	11,24	11,16	11,15	11,08	10,97	10,80	10,66	10,55	10,42	10,29	12,09	0
29/05/2020 11:10:00	11,99	11,77	11,62	11,53	11,54	11,59	11,57	11,49	11,34	11,22	11,12	10,99	10,87	12,09	0
29/05/2020 11:15:00	12,09	11,95	11,82	11,73	11,63	11,70	11,63	11,52	11,35	11,22	11,10	10,96	10,82	12,15	0
29/05/2020 11:20:00	12,20	12,03	11,92	11,86	11,84	11,88	11,89	11,82	11,67	11,54	11,44	11,31	11,17	12,30	0
29/05/2020 11:25:00	12,25	12,11	11,91	11,82	11,82	11,87	11,81	11,71	11,56	11,44	11,34	11,21	11,09	12,33	0
29/05/2020 11:30:00	12,39	12,06	11,87	11,76	11,79	11,88	11,89	11,84	11,71	11,62	11,55	11,46	11,36	12,39	0
29/05/2020 11:35:00	12,45	12,08	11,85	11,73	11,70	11,74	11,70	11,62	11,47	11,35	11,26	11,13	11,00	12,44	0
29/05/2020 11:40:00	12,47	12,12	11,92	11,76	11,72	11,74	11,74	11,67	11,52	11,40	11,31	11,19	11,07	12,46	0
29/05/2020 11:45:00	12,51	12,21	11,99	11,83	11,76	11,79	11,75	11,65	11,50	11,37	11,27	11,14	11,02	12,65	0
29/05/2020 11:50:00	12,61	12,23	11,98	11,85	11,78	11,82	11,77	11,67	11,52	11,40	11,29	11,16	11,02	12,64	0
29/05/2020 11:55:00	12,67	12,12	11,80	11,65	11,73	11,87	11,94	11,95	11,87	11,84	11,85	11,83	11,80	12,40	0
29/05/2020 12:00:00	12,62	12,24	12,00	11,89	11,93	12,09	12,15	12,15	12,05	12,00	11,99	11,95	11,91	12,59	0
29/05/2020 12:05:00	12,66	12,22	11,98	11,90	11,93	12,06	12,15	12,16	12,06	12,01	11,98	11,93	11,88	12,49	0
29/05/2020 12:10:00	12,71	12,27	12,00	11,84	11,78	11,86	11,94	11,93	11,82	11,75	11,72	11,66	11,61	12,62	0
29/05/2020 12:15:00	12,65	12,24	12,00	11,88	11,87	11,97	11,99	11,95	11,83	11,75	11,69	11,61	11,53	12,59	0
29/05/2020 12:20:00	12,68	12,33	12,04	11,97	11,94	12,08	12,11	12,07	11,96	11,90	11,86	11,80	11,73	12,70	0
29/05/2020 12:25:00	12,75	12,29	12,10	12,03	12,13	12,25	12,28	12,26	12,16	12,08	12,03	11,95	11,86	12,72	0
29/05/2020 12:30:00	12,72	12,40	12,15	12,11	12,12	12,19	12,24	12,21	12,10	12,02	11,96	11,88	11,79	12,64	0
29/05/2020 12:35:00	12,79	12,47	12,27	12,21	12,29	12,44	12,45	12,41	12,31	12,23	12,18	12,09	12,01	12,71	0
29/05/2020 12:40:00	12,82	12,51	12,23	12,11	12,13	12,21	12,26	12,24	12,13	12,07	12,04	11,98	11,93	12,80	0
29/05/2020 12:45:00	12,83	12,51	12,24	12,14	12,12	12,19	12,17	12,10	11,97	11,87	11,80	11,69	11,59	12,72	0
29/05/2020 12:50:00	12,80	12,63	12,42	12,31	12,25	12,27	12,29	12,23	12,08	11,97	11,89	11,78	11,67	12,77	0
29/05/2020 12:55:00	12,78	12,56	12,37	12,23	12,22	12,27	12,27	12,21	12,07	11,96	11,89	11,78	11,68	12,74	0
29/05/2020 13:00:00	12,89	12,62	12,41	12,26	12,26	12,25	12,28	12,24	12,09	11,99	11,90	11,79	11,68	12,96	0
29/05/2020 13:05:00	12,90	12,63	12,44	12,29	12,31	12,35	12,30	12,21	12,07	11,95	11,85	11,72	11,59	12,81	0
29/05/2020 13:10:00	12,91	12,63	12,42	12,32	12,27	12,34	12,28	12,18	12,03	11,91	11,81	11,67	11,53	12,82	0
29/05/2020 13:15:00	12,86	12,53	12,34	12,24	12,20	12,27	12,31	12,27	12,14	12,04	11,97	11,87	11,77	12,85	0
29/05/2020 13:20:00	12,91	12,62	12,43	12,32	12,29	12,34	12,32	12,25	12,11	12,00	11,91	11,78	11,66	13,00	0
29/05/2020 13:25:00	13,04	12,83	12,63	12,50	12,45	12,49	12,46	12,38	12,23	12,12	12,02	11,90	11,78	13,04	0
29/05/2020 13:30:00	13,04	12,77	12,62	12,55	12,55	12,64	12,63	12,56	12,43	12,32	12,22	12,09	11,96	13,14	0
29/05/2020 13:35:00	13,12	12,90	12,63	12,51	12,50	12,49	12,46	12,37	12,22	12,10	12,00	11,87	11,74	13,05	0
29/05/2020 13:40:00	13,07	12,85	12,65	12,56	12,53	12,58	12,53	12,43	12,29	12,16	12,05	11,92	11,78	13,15	0
29/05/2020 13:45:00	13,17	12,87	12,62	12,45	12,47	12,49	12,49	12,43	12,30	12,20	12,13	12,02	11,92	13,30	0
29/05/2020 13:50:00	13,08	12,81	12,64	12,57	12,55	12,59	12,59	12,52	12,37	12,25	12,14	12,00	11,86	13,17	0
29/05/2020 13:55:00	13,21	12,97	12,76	12,68	12,61	12,66	12,64	12,56	12,42	12,30	12,19	12,06	11,93	13,18	0
29/05/2020 14:00:00	12,73	12,22	12,12	12,19	12,31	12,37	12,44	12,44	12,33	12,23	12,13	11,99	11,85	13,22	0
29/05/2020 14:05:00	12,64	12,43	12,22	12,08	12,03	12,07	12,03	11,94	11,79	11,67	11,58	11,47	11,35	13,22	0
29/05/2020 14:10:00	12,99	12,65	12,48	12,41	12,39	12,46	12,47	12,42	12,28	12,17	12,08	11,96	11,84	13,23	0
29/05/2020 14:15:00	13,26	12,95	12,78	12,68	12,66	12,73	12,75	12,70	12,56	12,46	12,37	12,26	12,14	13,17	0
29/05/2020 14:20:00	13,15	12,86	12,64	12,53	12,54	12,61	12,58	12,51	12,37	12,27	12,19	12,07	11,96	13,24	0
29/05/2020 14:25:00	13,09	12,96	12,77	12,71	12,69	12,74	12,71	12,63	12,48	12,36	12,26	12,13	11,99	13,25	0
29/05/2020 14:30:00	13,17	12,87	12,73	12,67	12,69	12,76	12,77	12,72	12,58	12,47	12,37	12,24	12,11	13,14	0
29/05/2020 14:35:00	13,27	12,97	12,75	12,72	12,78	12,82	12,85	12,82	12,70	12,61	12,53	12,42	12,31	13,31	0
29/05/2020 14:40:00	13,29	12,94	12,76	12,66	12,70	12,72	12,76	12,72	12,58	12,48	12,39	12,27	12,15	13,22	0
29/05/2020 14:45:00	13,24	12,92	12,72	12,63	12,63	12,67	12,70	12,66	12,53	12,43	12,35	12,23	12,12	13,30	0
29/05/2020 14:50:00	13,29	12,98	12,78	12,67	12,74	12,85	12,87	12,83	12,72	12,64	12,59	12,51	12,42	13,39	0
29/05/2020 14:55:00	13,29	13,06	12,87	12,84	12,87	12,98	13,05	13,04	12,93	12,85	12,80	12,72	12,64	13,31	0
29/05/2020 15:00:00	13,37	12,87	12,70	12,66	12,74	12,96	13,03	13,04	12,96	12,91	12,88	12,82	12,76	13,33	0
29/05/2020 15:05:00	13,32	12,96	12,72	12,70	12,76	12,90	12,92	12,88	12,78	12,71	12,65	12,56	12,47	13,40	0
29/05/2020 15:10:00	13,44	13,00	12,75	12,71	12,79	12,90	12,96	12,95	12,86	12,80	12,75	12,67	12,60	13,38	0
29/05/2020 15:15:00	13,37	13,10	12,88	12,81	12,87	13,03	13,07	13,05	12,96	12,90	12,87	12,81	12,74	13,45	0
29/05/2020 15:20:00	13,49	13,12	12,93	12,93	13,06	13,24	13,29	13,28	13,21	13,15	13,11	13,03	12,95	13,53	0
29/05/2020 15:25:00	13,61	13,27	13,10	13,13	13,16	13,27	13,33	13,31	13,20	13,12	13,04	12,93	12,81	13,67	0
29/05/2020 15:30:00	13,72	13,26	13,06	13,06	13,15	13,29	13,32	13,30	13,20	13,13	13,06	12,96	12,85	13,76	0
29/05/2020 15:35:00	13,65	13,21	12,98	12,96	13,00	13,10	13,19	13,20	13,10	13,04	12,99	12,90	12,82	13,69	0
29/05/2020 15:40:00	13,75	13,31	13,06	13,03	13,14	13,24	13,33	13,35	13,26	13,20	13,17	13,09	13,01	13,67	0
29/05/2020 15:45:00	13,85	13,33	13,01	12,99	13,11	13,23	13,29	13,30	13,22	13,17	13,14	13,07	13,00	13,88	0
29/05/2020 15:50:00	13,78	13,49	13,33	13,25	13,38	13,46	13,49	13,45	13,34	13,25	13,18	13,08	12,97	13,74	0
29/05/2020 15:55:00	13,99	13,45	13,19	13,17	13,32	13,50	13,62	13,67	13,62	13,59	13,60	13,56	13,53	14,02	0
29/05/2020 16:00:00	14,07	13,69	13,40	13,31	13,42	13,49	13,53	13,51	13,41	13,34	13,30	13,21	13,13	14,20	0
29/05/2020 16:05:00	14,18	13,49	13,17	13,15	13,26	13,38	13,50	13,54	13,48	13,44	13,43	13,37	13,31	14,00	0
29/05/2020 16:10:00	14,25	13,60	13,24	13,18	13,22	13,37	13,44	13,44	13,37	13,32	13,30	13,23	13,17	14,04	0
29/05/2020 16:15:00	14,14	13,64	13,30	13,20	13,22	13,37	13,41	13,40	13,32	13,27	13,26	13,20	13,15	13,98	0
29/05/2020 16:20:00	14,14	13,64	13,39	13,37	13,41	13,55	13,56	13,52	13,42	13,34	13,27	13,15	13,04	14,21	0
29/05/2020 16:25:00	14,09	13,67	13,45	13,38	13,43	13,51	13,52	13,48	13,37	13,28	13,19	13,08	12,96	14,21	0
29/05/2020 16:30:00	14,17	13,68	13,43	13,36	13,40	13,50	13,51	13,46	13,35	13,26	13,18	13,07	12,95	14,30	0
29/05/2020 16:35:00	14,37	13,82	13,52	13,38	13,37	13,42	13,40	13,33	13,21	13,10	13,01	12,88	12,75	14,35	0
29/05/2020 16:40:00	14,38	13,75	13,45	13,32	13,34	13,51	13,49	13,44	13,34	13,27	13,21	13,11	13,01	14,27	0
29/05/2020 16:45:00	14,31	13,85	13,56	13,48	13,50	13,53	13,52	13,46	13,34	13,23	13,14	13,01	12,88	14,32	0
29/05/2020 16:50:00	14,38	13,90	13,62	13,51	13,51	13,54	13,50	13,42	13,28	13,17	13,05	12,91	12,76	14,30	0
29/05/2020 16:55:00	14,33	14,07	13,98	13,94	13,82	13,82	13,73	13,59	13,41	13,22	13,03	12,79	12,56	14,32	0
29/05/2020 17:00:00	14,31	14,00	13,77	13,75	13,73	13,75	13,70	13,61	13,46	13,33	13,19	13,01	12,83	14,37	0
29/05/2020 17:05:00	14,47	14,05	13,75	13,65	13,67	13,81	13,87	13,87	13,78	13,73	13,71	13,65	13,60	14,36	0
29/05/2020 17:10:00	14,41	14,09	13,83	13,76	13,80	13,91	13,89	13,84	13,72	13,64	13,56	13,44	13,33	14,43	0
29/05/2020 17:15:00	14,32	14,02	13,79	13,74	13,81	13,89	13,90	13,85	13,74	13,65	13,57	13,45	13,33	14,32	0
29/05/2020 17:20:00	14,40	14,01	13,79	13,72	13,76	13,88	13,93	13,92	13,82	13,74	13,69	13,60	13,51	14,47	0
29/05/2020 17:25:00	14,52	14,21	13,91	13,79	13,72	13,81	13,82	13,77	13,65	13,56	13,49	13,40	13,30	14,29	0
29/05/2020 17:30:00	14,54	14,16	13,99	13,92	13,82	13,93	13,99	13,97	13,84	13,75	13,67	13,56	13,44	14,55	0
29/05/2020 17:35:00	14,44	13,99	13,72	13,62	13,59	13,61	13,56	13,48	13,33	13,21	13,08	12,92	12,77	14,49	0
29/05/2020 17:40:00	14,65	14,06	13,72	13,61	13,62	13,65	13,67	13,64	13,53	13,44	13,37	13,26	13,15	14,63	0
29/05/2020 17:45:00	14,60	13,98	13,64	13,57	13,63	13,75	13,77	13,75	13,66	13,60	13,54	13,45	13,36	14,69	0
29/05/2020 17:50:00	14,61	14,08	13,74	13,64	13,71	13,84	13,83	13,79	13,70	13,63	13,58	13,49	13,40	14,51	0
29/05/2020 17:55:00	14,69	14,14	13,79	13,73	13,78	13,82	13,88	13,87	13,77	13,70	13,64	13,55	13,45	14,64	0
29/05/2020 18:00:00	14,46	14,13	13,82	13,77	13,84	13,93	13,95	13,92	13,82	13,75	13,69	13,60	13,51	14,52	0
29/05/2020 18:05:00	14,57	14,13	13,81	13,76	13,80	13,88	13,89	13,85	13,75	13,66	13,59	13,48	13,37	14,66	0
29/05/2020 18:10:00	14,64	14,14	13,89	13,82	13,83	13,89	13,90	13,85	13,73	13,62	13,52	13,38	13,25	14,76	0
29/05/2020 18:15:00	14,46	14,09	13,84	13,78	13,81	13,89	13,91	13,88	13,77	13,68	13,61	13,50	13,39	14,62	0
29/05/2020 18:20:00	14,42	14,10	13,85	13,78	13,79	13,88	13,88	13,82	13,70	13,61	13,52	13,41	13,29	14,54	0
29/05/2020 18:25:00	14,42	14,14	13,89	13,84	13,90	14,05	14,05	14,01	13,91	13,84	13,78	13,68	13,59	14,54	0
29/05/2020 18:30:00	14,46	14,16	13,91	13,87	13,90	13,98	14,01	13,98	13,87	13,78	13,71	13,60	13,50	14,73	0
29/05/2020 18:35:00	14,72	14,34	14,06	14,05	14,17	14,30	14,31	14,28	14,19	14,12	14,06	13,95	13,84	14,67	0
29/05/2020 18:40:00	14,75	14,34	14,10	14,11	14,21	14,31	14,36	14,35	14,26	14,18	14,11	14,00	13,89	14,65	0
29/05/2020 18:45:00	14,64	14,22	13,96	13,96	14,08	14,26	14,29	14,28	14,20	14,14	14,10	14,01	13,92	14,62	0
29/05/2020 18:50:00	14,69	14,32	14,06	14,07	14,22	14,35	14,35	14,32	14,24	14,17	14,10	13,98	13,87	14,83	0
29/05/2020 18:55:00	14,83	14,37	14,16	14,22	14,38	14,51	14,59	14,60	14,53	14,47	14,40	14,29	14,19	14,86	0
29/05/2020 19:00:00	14,83	14,39	14,13	14,13	14,28	14,46	14,51	14,52	14,45	14,40	14,37	14,29	14,21	14,87	0
29/05/2020 19:05:00	14,81	14,42	14,17	14,19	14,35	14,53	14,54	14,52	14,45	14,39	14,33	14,23	14,13	14,85	0
29/05/2020 19:10:00	14,83	14,46	14,23	14,30	14,43	14,55	14,58	14,56	14,47	14,39	14,31	14,18	14,05	15,25	0
29/05/2020 19:15:00	14,71	14,45	14,28	14,37	14,52	14,68	14,68	14,65	14,56	14,48	14,39	14,26	14,12	14,87	0
29/05/2020 19:20:00	14,76	14,52	14,37	14,49	14,61	14,77	14,84	14,85	14,76	14,69	14,62	14,50	14,38	14,79	0
29/05/2020 19:25:00	14,72	14,49	14,33	14,42	14,62	14,89	14,92	14,92	14,86	14,82	14,78	14,69	14,60	14,85	0
29/05/2020 19:30:00	14,82	14,58	14,36	14,40	14,55	14,75	14,86	14,89	14,83	14,80	14,78	14,72	14,67	14,89	0
29/05/2020 19:35:00	14,78	14,57	14,38	14,49	14,66	14,85	14,90	14,91	14,83	14,78	14,72	14,62	14,52	14,78	0
29/05/2020 19:40:00	14,81	14,58	14,42	14,48	14,65	14,79	14,83	14,82	14,73	14,65	14,57	14,45	14,33	14,90	0
29/05/2020 19:45:00	14,98	14,88	14,72	14,74	14,91	15,08	15,11	15,10	15,01	14,95	14,89	14,78	14,68	14,91	0
29/05/2020 19:50:00	14,93	14,78	14,55	14,62	14,72	14,90	14,95	14,95	14,87	14,81	14,76	14,67	14,58	14,89	0
29/05/2020 19:55:00	14,87	14,69	14,56	14,66	14,87	15,04	15,13	15,15	15,08	15,03	14,98	14,88	14,78	14,92	0
29/05/2020 20:00:00	14,83	14,72	14,60	14,67	14,91	15,08	15,13	15,13	15,05	14,99	14,93	14,83	14,73	14,87	0
29/05/2020 20:05:00	14,86	14,85	14,72	14,80	14,91	15,06	15,08	15,05	14,95	14,86	14,77	14,64	14,51	14,82	0
29/05/2020 20:10:00	14,84	14,75	14,64	14,67	14,79	14,96	14,99	14,97	14,87	14,79	14,72	14,61	14,49	14,88	0
29/05/2020 20:15:00	14,83	14,82	14,71	14,75	14,85	14,97	14,99	14,94	14,83	14,73	14,63	14,50	14,36	14,80	0
29/05/2020 20:20:00	14,88	14,85	14,67	14,71	14,86	14,95	15,00	14,97	14,88	14,80	14,73	14,61	14,50	14,90	0
29/05/2020 20:25:00	14,91	14,86	14,72	14,78	14,90	15,04	15,08	15,05	14,95	14,86	14,78	14,66	14,53	14,87	0
29/05/2020 20:30:00	14,87	14,82	14,64	14,71	14,81	14,97	15,02	15,00	14,91	14,84	14,77	14,67	14,56	14,84	0
29/05/2020 20:35:00	14,83	14,79	14,67	14,70	14,80	14,94	14,94	14,90	14,79	14,70	14,60	14,47	14,34	14,85	0
29/05/2020 20:40:00	14,81	14,71	14,63	14,69	14,81	14,95	14,97	14,94	14,83	14,73	14,63	14,49	14,35	14,86	0
29/05/2020 20:45:00	14,85	14,88	14,75	14,81	14,99	15,27	15,29	15,28	15,20	15,16	15,12	15,04	14,96	14,82	0
29/05/2020 20:50:00	14,81	14,83	14,67	14,69	14,83	14,99	15,02	14,99	14,90	14,83	14,77	14,68	14,58	14,80	0
29/05/2020 20:55:00	14,73	14,83	14,70	14,74	14,91	15,04	15,08	15,06	14,97	14,90	14,83	14,73	14,63	14,80	0
29/05/2020 21:00:00	14,62	14,74	14,73	14,79	14,89	15,02	15,05	15,02	14,90	14,79	14,69	14,55	14,41	14,77	0
29/05/2020 21:05:00	14,84	14,76	14,64	14,67	14,82	15,00	15,03	15,01	14,92	14,85	14,79	14,68	14,57	14,75	0
29/05/2020 21:10:00	14,77	14,76	14,64	14,65	14,71	14,83	14,87	14,85	14,74	14,65	14,57	14,46	14,34	14,76	0
29/05/2020 21:15:00	14,71	14,73	14,58	14,50	14,61	14,72	14,73	14,69	14,58	14,50	14,43	14,33	14,23	14,72	0
29/05/2020 21:20:00	14,69	14,66	14,52	14,53	14,60	14,71	14,75	14,73	14,61	14,53	14,45	14,34	14,22	14,72	0
29/05/2020 21:25:00	14,66	14,65	14,47	14,44	14,54	14,62	14,60	14,53	14,41	14,31	14,21	14,08	13,95	14,62	0
29/05/2020 21:30:00	14,64	14,46	14,15	14,19	14,31	14,45	14,50	14,49	14,41	14,36	14,33	14,25	14,17	14,60	0
29/05/2020 21:35:00	14,61	14,63	14,46	14,43	14,50	14,60	14,58	14,52	14,40	14,30	14,21	14,09	13,96	14,62	0
29/05/2020 21:40:00	14,62	14,62	14,42	14,36	14,40	14,47	14,50	14,46	14,34	14,25	14,18	14,07	13,97	14,64	0
29/05/2020 21:45:00	14,68	14,68	14,49	14,37	14,43	14,58	14,56	14,50	14,39	14,30	14,24	14,15	14,06	14,73	0
29/05/2020 21:50:00	14,66	14,69	14,54	14,42	14,41	14,46	14,41	14,32	14,17	14,04	13,93	13,78	13,64	14,67	0
29/05/2020 21:55:00	14,67	14,66	14,44	14,30	14,26	14,22	14,15	14,03	13,86	13,71	13,58	13,41	13,24	14,92	0
29/05/2020 22:00:00	14,86	14,84	14,74	14,63	14,56	14,58	14,59	14,52	14,36	14,22	14,10	13,94	13,79	14,64	0
29/05/2020 22:05:00	14,66	14,55	14,43	14,28	14,19	14,20	14,14	14,03	13,85	13,70	13,55	13,37	13,20	14,73	0
29/05/2020 22:10:00	14,66	14,68	14,52	14,34	14,27	14,27	14,19	14,07	13,90	13,75	13,62	13,46	13,29	14,68	0
29/05/2020 22:15:00	14,66	14,77	14,70	14,66	14,67	14,69	14,66	14,56	14,40	14,26	14,11	13,94	13,76	14,62	0
29/05/2020 22:20:00	14,50	14,54	14,42	14,26	14,19	14,19	14,08	13,94	13,75	13,58	13,42	13,23	13,04	14,57	0
29/05/2020 22:25:00	14,61	14,57	14,50	14,40	14,30	14,28	14,14	13,97	13,77	13,57	13,36	13,12	12,88	14,61	0
29/05/2020 22:30:00	14,56	14,54	14,43	14,28	14,22	14,15	14,07	13,94	13,75	13,57	13,40	13,19	12,99	14,57	0
29/05/2020 22:35:00	14,55	14,59	14,46	14,31	14,25	14,17	14,02	13,85	13,64	13,44	13,24	13,00	12,77	14,57	0
29/05/2020 22:40:00	14,57	14,46	14,32	14,21	14,14	14,20	14,14	14,03	13,87	13,73	13,60	13,43	13,27	14,56	0
29/05/2020 22:45:00	14,55	14,44	14,31	14,21	14,15	14,15	14,08	13,97	13,79	13,64	13,48	13,29	13,10	14,54	0
29/05/2020 22:50:00	14,54	14,46	14,30	14,21	14,21	14,28	14,29	14,23	14,10	13,99	13,90	13,77	13,65	14,49	0
29/05/2020 22:55:00	14,50	14,58	14,51	14,44	14,37	14,31	14,19	14,04	13,84	13,64	13,44	13,20	12,96	14,62	0
29/05/2020 23:00:00	14,45	14,46	14,35	14,22	14,13	14,07	13,94	13,78	13,57	13,38	13,18	12,95	12,72	14,41	0
29/05/2020 23:05:00	14,40	14,32	14,28	14,21	14,18	14,17	14,09	13,96	13,78	13,60	13,41	13,19	12,97	14,37	0
29/05/2020 23:10:00	14,31	14,33	14,34	14,34	14,34	14,38	14,31	14,20	14,03	13,86	13,68	13,46	13,25	14,35	0
29/05/2020 23:15:00	14,35	14,38	14,35	14,27	14,24	14,20	14,16	14,05	13,86	13,69	13,52	13,31	13,11	14,37	0
29/05/2020 23:20:00	14,45	14,37	14,27	14,12	14,05	14,14	14,16	14,10	13,96	13,84	13,75	13,64	13,53	14,42	0
29/05/2020 23:25:00	14,41	14,39	14,33	14,29	14,29	14,38	14,36	14,29	14,14	14,02	13,89	13,73	13,58	14,40	0
29/05/2020 23:30:00	14,39	14,40	14,37	14,35	14,35	14,42	14,42	14,35	14,20	14,06	13,93	13,76	13,60	14,38	0
29/05/2020 23:35:00	14,30	14,36	14,33	14,32	14,35	14,43	14,42	14,35	14,20	14,08	13,95	13,79	13,63	14,26	0
29/05/2020 23:40:00	14,23	14,28	14,30	14,27	14,27	14,30	14,28	14,20	14,03	13,88	13,72	13,53	13,34	14,25	0
29/05/2020 23:45:00	14,18	14,12	14,02	14,03	14,08	14,10	14,13	14,08	13,95	13,82	13,70	13,55	13,40	14,20	0
29/05/2020 23:50:00	14,14	14,15	14,09	14,05	14,07	14,07	14,07	14,00	13,84	13,70	13,57	13,40	13,23	14,19	0
29/05/2020 23:55:00	14,16	14,15	14,11	14,04	14,11	14,15	14,15	14,09	13,95	13,82	13,70	13,55	13,40	14,13	0
