FileFormat:0002.2 file with temperature of atmosphere
200
local	GMT or Local
0	GMT-Local=[hours]
0	Height[m]
0	0	0	Longitude                [grd]               [min]               [sec]
0	0	0	Latitude                [grd]               [min]               [sec]
N	NS
59,40	Freq[GHz]
0,00	dTemostat[K]
0,150	MessErr[K]
0,248	//[grad/step]
version 14.0.20110218
MTP5H033F5940K-33.00D180214+A1.1
Commentary:
enter comment
End Of Commentary

SYSTEM\alaska.dat
data time	0	50	100	150	200	250	300	350	400	450	500	550	600	OutsideTemperature	Quality
26/03/2020 00:00:00	4,30	8,24	8,93	8,20	7,26	6,46	5,92	5,84	5,86	5,79	5,87	6,11	6,35	5,75	0
26/03/2020 00:05:00	3,95	8,35	9,16	8,44	7,48	6,61	6,07	5,99	6,01	5,94	6,03	6,29	6,54	5,42	0
26/03/2020 00:10:00	4,01	8,22	9,04	8,34	7,36	6,54	5,99	5,92	5,94	5,90	6,02	6,32	6,62	5,38	0
26/03/2020 00:15:00	3,69	8,29	9,03	8,19	7,09	6,24	5,86	5,92	6,02	6,02	6,19	6,55	6,91	5,47	0
26/03/2020 00:20:00	3,43	8,31	9,14	8,39	7,27	6,42	5,95	5,92	5,96	5,90	5,99	6,24	6,48	5,30	0
26/03/2020 00:25:00	3,89	7,96	8,72	7,96	6,97	6,24	5,86	5,92	6,02	6,04	6,23	6,62	7,01	5,27	0
26/03/2020 00:30:00	3,85	7,86	8,65	8,05	7,23	6,53	6,11	6,11	6,18	6,15	6,26	6,53	6,79	5,12	0
26/03/2020 00:35:00	3,58	7,85	8,53	7,84	6,98	6,32	6,00	6,13	6,29	6,31	6,47	6,77	7,07	4,89	0
26/03/2020 00:40:00	4,05	7,55	8,28	7,89	7,31	6,77	6,45	6,50	6,59	6,55	6,62	6,82	7,02	4,65	0
26/03/2020 00:45:00	3,61	7,69	8,48	7,98	7,24	6,66	6,31	6,37	6,47	6,45	6,55	6,78	7,01	4,83	0
26/03/2020 00:50:00	3,85	7,57	8,34	7,89	7,09	6,53	6,24	6,31	6,38	6,35	6,45	6,71	6,98	4,83	0
26/03/2020 00:55:00	3,39	7,64	8,46	7,86	7,08	6,43	6,18	6,32	6,45	6,46	6,62	6,93	7,24	4,69	0
26/03/2020 01:00:00	3,60	7,58	8,22	7,54	6,71	6,25	6,07	6,32	6,55	6,64	6,87	7,24	7,62	4,75	0
26/03/2020 01:05:00	2,87	7,68	8,56	7,83	6,98	6,35	6,07	6,25	6,44	6,50	6,69	7,04	7,39	4,43	0
26/03/2020 01:10:00	3,71	7,71	8,53	8,05	7,21	6,68	6,43	6,56	6,69	6,70	6,86	7,19	7,51	4,38	0
26/03/2020 01:15:00	3,28	7,78	8,74	8,14	7,31	6,71	6,38	6,48	6,60	6,61	6,78	7,11	7,45	4,16	0
26/03/2020 01:20:00	3,48	7,66	8,56	8,09	7,29	6,76	6,45	6,54	6,64	6,64	6,77	7,06	7,35	4,20	0
26/03/2020 01:25:00	3,63	7,55	8,38	7,88	7,24	6,72	6,51	6,66	6,79	6,80	6,94	7,21	7,49	4,09	0
26/03/2020 01:30:00	3,58	7,52	8,35	7,96	7,22	6,74	6,55	6,69	6,81	6,79	6,91	7,17	7,43	4,33	0
26/03/2020 01:35:00	3,30	7,55	8,37	7,85	7,08	6,60	6,39	6,59	6,78	6,83	7,02	7,35	7,69	4,26	0
26/03/2020 01:40:00	3,57	7,76	8,66	8,20	7,43	6,88	6,66	6,81	6,93	6,92	7,06	7,36	7,66	4,16	0
26/03/2020 01:45:00	3,71	7,81	8,50	7,84	7,02	6,56	6,45	6,75	7,01	7,12	7,37	7,79	8,21	4,01	0
26/03/2020 01:50:00	3,26	7,85	8,74	8,05	7,28	6,71	6,53	6,78	7,00	7,08	7,31	7,71	8,11	4,03	0
26/03/2020 01:55:00	3,42	7,80	8,50	7,79	6,99	6,58	6,49	6,84	7,14	7,27	7,52	7,92	8,32	4,12	0
26/03/2020 02:00:00	4,01	7,89	8,59	7,93	7,20	6,84	6,82	7,17	7,44	7,55	7,80	8,20	8,61	4,15	0
26/03/2020 02:05:00	4,13	7,85	8,53	7,99	7,26	6,82	6,69	6,93	7,13	7,18	7,37	7,70	8,04	4,01	0
26/03/2020 02:10:00	3,64	7,88	8,61	7,94	7,23	6,74	6,55	6,81	7,06	7,14	7,36	7,72	8,08	4,19	0
26/03/2020 02:15:00	3,86	7,70	8,36	7,77	7,08	6,76	6,74	7,10	7,38	7,48	7,71	8,06	8,42	3,99	0
26/03/2020 02:20:00	3,98	7,02	7,66	7,48	7,05	6,85	6,91	7,24	7,48	7,54	7,69	7,95	8,22	3,85	0
26/03/2020 02:25:00	3,92	7,07	7,80	7,45	6,91	6,58	6,55	6,80	6,98	7,02	7,18	7,49	7,79	3,84	0
26/03/2020 02:30:00	4,13	6,96	7,44	7,07	6,82	6,61	6,82	7,29	7,62	7,74	7,94	8,24	8,54	3,60	0
26/03/2020 02:35:00	3,93	7,01	7,64	7,34	6,89	6,72	6,85	7,25	7,52	7,60	7,79	8,09	8,40	3,76	0
26/03/2020 02:40:00	3,35	7,18	7,82	7,39	6,93	6,63	6,79	7,27	7,62	7,75	7,98	8,32	8,66	3,70	0
26/03/2020 02:45:00	3,95	7,06	7,61	7,18	6,77	6,75	7,01	7,56	7,95	8,12	8,38	8,76	9,14	3,59	0
26/03/2020 02:50:00	3,94	7,00	7,61	7,33	7,01	6,92	7,15	7,62	7,95	8,06	8,26	8,55	8,85	3,67	0
26/03/2020 02:55:00	3,63	7,06	7,76	7,48	7,10	6,99	7,15	7,60	7,92	8,02	8,22	8,53	8,83	3,53	0
26/03/2020 03:00:00	3,54	6,67	7,21	6,83	6,54	6,51	6,78	7,32	7,72	7,87	8,10	8,42	8,73	3,55	0
26/03/2020 03:05:00	3,42	6,61	7,17	6,92	6,52	6,53	6,74	7,23	7,60	7,74	7,96	8,26	8,56	3,36	0
26/03/2020 03:10:00	3,61	6,51	6,99	6,56	6,21	6,24	6,50	7,05	7,44	7,61	7,86	8,20	8,54	3,24	0
26/03/2020 03:15:00	3,49	6,59	6,96	6,35	5,81	5,77	6,08	6,71	7,18	7,43	7,78	8,25	8,72	3,40	0
26/03/2020 03:20:00	3,73	6,29	6,71	6,33	6,00	6,00	6,32	6,90	7,31	7,49	7,77	8,15	8,54	3,28	0
26/03/2020 03:25:00	3,04	6,17	6,66	6,23	5,88	5,74	6,02	6,56	6,94	7,10	7,34	7,67	8,00	3,36	0
26/03/2020 03:30:00	2,88	6,12	6,67	6,20	5,81	5,66	5,92	6,45	6,83	7,01	7,27	7,64	8,02	3,16	0
26/03/2020 03:35:00	3,08	5,96	6,42	6,00	5,64	5,63	6,01	6,64	7,09	7,32	7,63	8,07	8,50	2,91	0
26/03/2020 03:40:00	3,07	6,34	6,79	6,16	5,80	5,73	6,12	6,82	7,33	7,59	7,95	8,43	8,91	3,09	0
26/03/2020 03:45:00	2,85	6,33	6,87	6,30	5,78	5,69	5,97	6,58	7,04	7,28	7,63	8,11	8,59	3,08	0
26/03/2020 03:50:00	2,73	6,30	7,03	6,61	6,20	6,02	6,19	6,67	7,03	7,20	7,47	7,88	8,29	2,93	0
26/03/2020 03:55:00	2,76	6,38	6,90	6,29	5,96	5,86	6,14	6,79	7,30	7,56	7,91	8,37	8,83	3,11	0
26/03/2020 04:00:00	2,95	6,20	6,78	6,30	5,92	5,91	6,16	6,72	7,15	7,36	7,66	8,08	8,50	3,08	0
26/03/2020 04:05:00	2,91	6,17	6,70	6,14	5,84	5,80	6,19	6,88	7,37	7,63	7,98	8,45	8,93	2,93	0
26/03/2020 04:10:00	2,61	6,27	6,91	6,54	6,14	6,11	6,37	6,93	7,35	7,53	7,80	8,15	8,51	2,84	0
26/03/2020 04:15:00	2,48	6,34	7,05	6,58	6,02	5,85	5,99	6,48	6,84	7,01	7,29	7,69	8,09	2,93	0
26/03/2020 04:20:00	2,93	6,50	7,17	6,77	6,28	6,15	6,32	6,81	7,18	7,34	7,61	8,01	8,40	2,78	0
26/03/2020 04:25:00	3,11	6,36	7,07	6,87	6,61	6,49	6,70	7,16	7,49	7,60	7,80	8,10	8,40	2,90	0
26/03/2020 04:30:00	3,17	6,47	7,09	6,67	6,26	6,16	6,38	6,91	7,30	7,49	7,78	8,19	8,60	2,85	0
26/03/2020 04:35:00	2,69	6,71	7,43	6,83	6,27	6,10	6,25	6,77	7,18	7,38	7,69	8,15	8,60	3,14	0
26/03/2020 04:40:00	3,11	6,52	7,13	6,60	6,22	6,06	6,27	6,79	7,18	7,36	7,65	8,05	8,46	3,03	0
26/03/2020 04:45:00	3,34	6,51	7,05	6,60	6,26	6,20	6,30	6,76	7,15	7,31	7,56	7,90	8,25	3,05	0
26/03/2020 04:50:00	3,23	6,25	6,94	6,64	6,39	6,33	6,55	7,03	7,38	7,52	7,76	8,11	8,46	2,99	0
26/03/2020 04:55:00	2,83	6,50	7,12	6,69	6,13	6,00	6,26	6,81	7,19	7,36	7,64	8,03	8,42	2,85	0
26/03/2020 05:00:00	2,77	6,51	7,27	6,80	6,19	6,07	6,16	6,60	6,95	7,12	7,42	7,86	8,30	3,05	0
26/03/2020 05:05:00	2,79	6,48	7,07	6,54	6,03	5,93	6,19	6,78	7,21	7,43	7,74	8,18	8,61	2,81	0
26/03/2020 05:10:00	2,87	6,48	7,00	6,29	5,79	5,67	5,97	6,64	7,13	7,41	7,80	8,34	8,87	2,71	0
26/03/2020 05:15:00	2,54	6,97	7,66	6,99	6,31	6,08	6,30	6,90	7,35	7,58	7,93	8,43	8,93	2,78	0
26/03/2020 05:20:00	3,17	6,61	7,19	6,66	6,12	6,06	6,31	6,89	7,32	7,54	7,88	8,35	8,83	2,72	0
26/03/2020 05:25:00	3,37	6,44	6,85	6,34	5,91	5,83	6,14	6,76	7,21	7,44	7,75	8,18	8,61	2,48	0
26/03/2020 05:30:00	3,15	6,32	6,79	6,30	5,83	5,89	6,21	6,84	7,32	7,56	7,89	8,34	8,78	2,53	0
26/03/2020 05:35:00	2,87	6,01	6,42	5,88	5,47	5,39	5,74	6,39	6,86	7,10	7,43	7,87	8,31	2,48	0
26/03/2020 05:40:00	2,38	5,86	6,37	5,80	5,16	5,12	5,40	6,01	6,46	6,71	7,06	7,54	8,03	2,40	0
26/03/2020 05:45:00	2,12	5,30	5,85	5,47	5,08	5,04	5,30	5,84	6,24	6,44	6,71	7,09	7,47	2,31	0
26/03/2020 05:50:00	2,11	5,53	6,20	5,81	5,34	5,22	5,45	5,95	6,32	6,49	6,78	7,19	7,60	2,25	0
26/03/2020 05:55:00	2,36	5,49	5,96	5,44	5,01	5,03	5,44	6,13	6,62	6,89	7,24	7,72	8,19	1,94	0
26/03/2020 06:00:00	2,26	5,41	5,90	5,38	4,92	4,97	5,28	5,93	6,43	6,71	7,08	7,59	8,10	2,20	0
26/03/2020 06:05:00	2,27	5,30	5,80	5,40	5,26	5,41	5,79	6,49	7,03	7,31	7,65	8,08	8,51	1,99	0
26/03/2020 06:10:00	2,11	4,89	5,30	4,90	4,71	4,82	5,22	5,89	6,39	6,65	6,96	7,34	7,73	2,08	0
26/03/2020 06:15:00	2,21	4,75	5,25	4,89	4,73	4,82	5,27	5,94	6,40	6,64	6,95	7,37	7,79	1,90	0
26/03/2020 06:20:00	1,81	4,76	5,13	4,58	4,22	4,30	4,73	5,47	6,02	6,34	6,74	7,25	7,76	1,90	0
26/03/2020 06:25:00	1,86	4,60	5,06	4,55	4,18	4,23	4,63	5,27	5,73	5,99	6,34	6,81	7,28	1,91	0
26/03/2020 06:30:00	2,01	4,40	4,87	4,57	4,28	4,36	4,87	5,52	5,93	6,13	6,42	6,82	7,23	1,68	0
26/03/2020 06:35:00	1,83	4,47	4,69	4,25	3,94	4,15	4,72	5,55	6,14	6,47	6,85	7,32	7,78	1,67	0
26/03/2020 06:40:00	2,15	4,18	4,42	4,01	3,84	4,05	4,64	5,42	5,96	6,27	6,63	7,09	7,55	1,58	0
26/03/2020 06:45:00	1,91	4,33	4,69	4,28	3,98	4,14	4,69	5,41	5,89	6,15	6,46	6,88	7,29	1,66	0
26/03/2020 06:50:00	1,63	3,97	4,20	3,70	3,55	3,92	4,46	5,31	5,97	6,37	6,81	7,34	7,87	1,63	0
26/03/2020 06:55:00	1,62	4,05	4,27	3,74	3,41	3,64	4,21	5,03	5,63	5,98	6,40	6,92	7,43	1,56	0
26/03/2020 07:00:00	1,73	3,89	4,10	3,91	3,75	4,10	4,71	5,52	6,10	6,41	6,75	7,15	7,55	1,62	0
26/03/2020 07:05:00	1,74	4,04	4,30	3,93	3,70	4,06	4,71	5,57	6,17	6,50	6,88	7,35	7,81	1,54	0
26/03/2020 07:10:00	1,75	4,07	4,32	4,01	3,93	4,23	4,78	5,55	6,12	6,42	6,74	7,11	7,49	1,56	0
26/03/2020 07:15:00	1,77	4,15	4,39	3,96	3,82	4,14	4,74	5,56	6,15	6,46	6,80	7,20	7,60	1,73	0
26/03/2020 07:20:00	1,96	3,91	4,06	3,69	3,55	3,77	4,33	5,07	5,60	5,88	6,19	6,55	6,92	1,72	0
26/03/2020 07:25:00	1,94	3,89	3,94	3,47	3,41	3,69	4,24	5,05	5,68	6,03	6,40	6,82	7,25	1,88	0
26/03/2020 07:30:00	1,90	3,79	3,70	3,11	2,89	3,22	3,85	4,72	5,38	5,75	6,15	6,60	7,05	2,00	0
26/03/2020 07:35:00	2,01	3,80	3,72	3,11	2,90	3,13	3,69	4,49	5,08	5,40	5,75	6,15	6,55	1,95	0
26/03/2020 07:40:00	1,87	3,52	3,54	3,14	2,94	3,10	3,61	4,28	4,76	5,00	5,27	5,60	5,92	1,98	0
26/03/2020 07:45:00	1,98	3,55	3,40	2,85	2,58	2,83	3,39	4,17	4,76	5,09	5,44	5,85	6,26	1,92	0
26/03/2020 07:50:00	1,96	3,60	3,51	2,93	2,63	2,78	3,34	4,10	4,64	4,95	5,29	5,70	6,11	1,91	0
26/03/2020 07:55:00	2,07	3,55	3,25	2,57	2,35	2,64	3,39	4,35	5,05	5,47	5,90	6,40	6,89	1,89	0
26/03/2020 08:00:00	2,40	3,16	2,65	2,17	2,03	2,49	3,24	4,16	4,83	5,20	5,54	5,89	6,24	2,04	0
26/03/2020 08:05:00	2,29	2,92	2,31	1,72	1,63	2,07	2,91	3,91	4,63	5,04	5,43	5,83	6,23	2,16	0
26/03/2020 08:10:00	2,65	3,03	2,35	1,77	1,75	2,28	3,10	4,08	4,80	5,20	5,56	5,90	6,24	2,35	0
26/03/2020 08:15:00	2,34	3,12	2,56	2,03	2,00	2,53	3,44	4,53	5,31	5,76	6,19	6,63	7,07	2,47	0
26/03/2020 08:20:00	2,86	3,19	2,49	1,72	1,56	2,00	2,84	3,85	4,58	5,02	5,44	5,89	6,34	2,50	0
26/03/2020 08:25:00	3,12	3,02	2,31	1,96	1,91	2,66	3,50	4,47	5,18	5,57	5,91	6,23	6,55	2,75	0
26/03/2020 08:30:00	2,51	3,17	2,72	2,18	2,18	2,74	3,54	4,52	5,24	5,65	6,03	6,43	6,83	2,65	0
26/03/2020 08:35:00	2,62	3,38	3,09	2,75	2,70	3,21	3,82	4,62	5,23	5,56	5,87	6,20	6,52	2,63	0
26/03/2020 08:40:00	2,57	3,41	3,12	2,75	2,71	2,98	3,62	4,39	4,93	5,20	5,47	5,76	6,04	2,56	0
26/03/2020 08:45:00	2,64	3,32	3,00	2,64	2,60	3,03	3,58	4,31	4,86	5,13	5,39	5,65	5,91	2,65	0
26/03/2020 08:50:00	2,91	3,01	2,46	2,04	2,02	2,50	3,18	4,01	4,63	4,96	5,27	5,59	5,90	2,79	0
26/03/2020 08:55:00	2,73	3,25	2,65	2,00	1,89	2,29	3,06	4,01	4,71	5,12	5,51	5,93	6,35	2,91	0
26/03/2020 09:00:00	2,82	3,50	3,07	2,61	2,49	2,79	3,33	4,08	4,64	4,94	5,24	5,55	5,86	2,90	0
26/03/2020 09:05:00	2,84	3,48	3,05	2,62	2,54	2,86	3,42	4,16	4,72	5,01	5,29	5,58	5,86	2,76	0
26/03/2020 09:10:00	3,52	3,46	2,77	2,24	2,16	2,61	3,32	4,18	4,82	5,17	5,50	5,84	6,18	3,06	0
26/03/2020 09:15:00	3,88	3,60	2,82	2,31	2,23	2,69	3,43	4,30	4,93	5,27	5,58	5,90	6,21	3,11	0
26/03/2020 09:20:00	4,79	3,51	2,48	2,02	1,99	2,51	3,37	4,28	4,91	5,24	5,55	5,85	6,16	3,48	0
26/03/2020 09:25:00	4,92	3,75	2,60	1,99	2,06	2,65	3,56	4,55	5,27	5,66	5,99	6,29	6,59	3,81	0
26/03/2020 09:30:00	5,23	3,81	2,64	2,01	2,03	2,69	3,72	4,82	5,59	6,03	6,44	6,85	7,25	4,03	0
26/03/2020 09:35:00	5,45	4,08	2,93	2,30	2,39	3,03	3,81	4,71	5,39	5,74	6,04	6,29	6,55	4,21	0
26/03/2020 09:40:00	5,89	4,23	3,02	2,49	2,48	3,05	3,91	4,82	5,46	5,79	6,07	6,34	6,60	4,64	0
26/03/2020 09:45:00	6,47	4,34	2,94	2,35	2,47	3,07	3,96	4,91	5,59	5,95	6,26	6,53	6,79	4,56	0
26/03/2020 09:50:00	6,42	4,79	3,42	2,76	2,81	3,24	4,06	4,98	5,64	5,97	6,25	6,49	6,73	4,91	0
26/03/2020 09:55:00	7,08	4,85	3,38	2,82	2,85	3,47	4,30	5,20	5,84	6,15	6,41	6,62	6,82	5,48	0
26/03/2020 10:00:00	7,06	5,15	3,62	2,83	2,63	2,96	3,70	4,55	5,16	5,48	5,76	6,03	6,30	5,49	0
26/03/2020 10:05:00	7,11	5,28	3,79	2,99	2,93	3,25	3,95	4,76	5,36	5,64	5,89	6,09	6,29	5,48	0
26/03/2020 10:10:00	7,01	5,44	4,13	3,39	3,05	3,34	3,83	4,47	4,95	5,17	5,37	5,56	5,76	5,63	0
26/03/2020 10:15:00	7,33	5,78	4,31	3,31	2,87	3,06	3,60	4,32	4,87	5,16	5,44	5,73	6,02	5,90	0
26/03/2020 10:20:00	7,34	5,76	4,40	3,64	3,48	3,69	4,22	4,89	5,40	5,63	5,83	5,99	6,16	6,87	0
26/03/2020 10:25:00	8,15	6,06	4,66	4,03	3,86	4,05	4,62	5,27	5,72	5,92	6,09	6,24	6,40	6,70	0
26/03/2020 10:30:00	8,20	6,32	4,88	4,12	3,88	4,03	4,42	4,97	5,39	5,57	5,71	5,84	5,96	6,88	0
26/03/2020 10:35:00	8,09	6,74	5,37	4,47	4,02	4,02	4,41	4,98	5,40	5,59	5,77	5,97	6,16	7,21	0
26/03/2020 10:40:00	8,59	7,09	5,38	4,15	3,65	3,90	4,34	5,07	5,69	6,01	6,31	6,60	6,88	7,16	0
26/03/2020 10:45:00	8,74	6,95	5,44	4,59	4,11	4,14	4,59	5,18	5,60	5,77	5,94	6,11	6,29	7,13	0
26/03/2020 10:50:00	8,93	7,16	5,73	4,98	4,66	4,63	4,89	5,30	5,60	5,67	5,72	5,74	5,75	7,26	0
26/03/2020 10:55:00	9,31	7,41	5,91	5,02	4,59	4,51	4,76	5,18	5,51	5,63	5,73	5,84	5,94	7,84	0
26/03/2020 11:00:00	9,98	7,32	5,73	5,05	4,76	4,83	5,10	5,49	5,78	5,85	5,90	5,92	5,94	8,73	0
26/03/2020 11:05:00	9,82	7,74	6,15	5,29	4,78	4,69	4,77	5,02	5,25	5,26	5,27	5,25	5,22	8,60	1
26/03/2020 11:10:00	9,60	7,83	6,33	5,43	4,93	4,89	5,07	5,46	5,78	5,89	5,98	6,07	6,17	8,09	0
26/03/2020 11:15:00	9,82	7,98	6,28	5,29	4,77	4,81	5,09	5,58	5,97	6,10	6,21	6,30	6,38	8,07	0
26/03/2020 11:20:00	10,08	7,93	6,16	5,10	4,56	4,43	4,67	5,13	5,49	5,63	5,77	5,89	6,01	8,68	1
26/03/2020 11:25:00	10,15	7,99	6,30	5,35	4,93	4,90	5,05	5,41	5,73	5,81	5,87	5,90	5,92	9,07	1
26/03/2020 11:30:00	10,18	8,32	6,80	5,83	5,25	4,93	4,93	5,14	5,34	5,34	5,36	5,38	5,40	8,62	1
26/03/2020 11:35:00	10,27	8,27	6,64	5,67	5,04	4,91	5,05	5,38	5,66	5,72	5,79	5,85	5,92	9,21	1
26/03/2020 11:40:00	10,13	8,42	7,02	6,21	5,68	5,48	5,50	5,70	5,87	5,85	5,83	5,81	5,78	9,20	0
26/03/2020 11:45:00	10,36	8,49	7,26	6,50	5,95	5,64	5,62	5,74	5,83	5,77	5,75	5,75	5,76	9,29	0
26/03/2020 11:50:00	10,71	8,78	7,25	6,31	5,75	5,52	5,64	5,93	6,16	6,18	6,22	6,26	6,30	9,61	1
26/03/2020 11:55:00	11,06	9,03	7,57	6,67	6,14	5,90	5,80	5,92	6,06	6,01	5,98	5,95	5,92	10,22	1
26/03/2020 12:00:00	10,94	8,98	7,44	6,56	6,15	6,10	6,28	6,64	6,93	6,96	6,99	6,99	6,99	10,05	0
26/03/2020 12:05:00	11,24	9,09	7,74	7,08	6,75	6,59	6,60	6,77	6,91	6,86	6,80	6,74	6,67	10,48	0
26/03/2020 12:10:00	11,10	9,29	8,10	7,40	6,91	6,63	6,55	6,62	6,69	6,59	6,52	6,47	6,41	10,40	0
26/03/2020 12:15:00	11,53	9,58	8,18	7,39	7,04	6,89	6,88	7,06	7,22	7,16	7,10	7,01	6,92	10,80	0
26/03/2020 12:20:00	11,76	9,82	8,37	7,49	6,97	6,84	6,85	7,08	7,27	7,26	7,25	7,24	7,23	11,08	0
26/03/2020 12:25:00	11,62	9,87	8,58	7,81	7,29	7,02	6,97	7,11	7,22	7,15	7,11	7,07	7,04	11,11	0
26/03/2020 12:30:00	12,33	9,88	8,49	7,94	7,69	7,51	7,45	7,52	7,57	7,42	7,26	7,07	6,87	11,45	0
26/03/2020 12:35:00	12,81	10,17	8,60	7,94	7,57	7,33	7,17	7,17	7,19	7,02	6,84	6,62	6,40	11,76	1
26/03/2020 12:40:00	12,35	10,23	9,18	8,79	8,46	8,16	7,77	7,56	7,43	7,17	6,93	6,68	6,42	11,25	0
26/03/2020 12:45:00	12,59	10,42	9,24	8,66	8,17	7,76	7,47	7,36	7,30	7,10	6,95	6,82	6,69	11,66	1
26/03/2020 12:50:00	12,16	10,46	9,66	9,34	9,06	8,52	8,09	7,80	7,60	7,27	7,00	6,72	6,45	11,53	0
26/03/2020 12:55:00	12,48	10,61	9,82	9,49	9,10	8,53	8,11	7,84	7,63	7,34	7,11	6,93	6,74	11,98	0
26/03/2020 13:00:00	12,15	10,92	10,25	9,77	9,25	8,63	8,06	7,72	7,51	7,22	7,01	6,84	6,68	11,85	0
26/03/2020 13:05:00	12,49	10,94	10,12	9,70	9,24	8,60	8,09	7,79	7,59	7,30	7,07	6,89	6,70	12,24	0
26/03/2020 13:10:00	12,34	11,20	10,67	10,41	9,85	9,02	8,36	7,89	7,55	7,16	6,86	6,64	6,41	12,60	0
26/03/2020 13:15:00	11,47	11,84	11,21	10,38	9,51	8,59	7,99	7,75	7,63	7,41	7,29	7,25	7,21	12,77	0
26/03/2020 13:20:00	10,94	12,53	11,96	10,84	9,62	8,67	7,95	7,71	7,64	7,44	7,35	7,35	7,34	12,61	0
26/03/2020 13:25:00	10,90	13,01	12,23	10,74	9,36	8,37	7,77	7,70	7,77	7,68	7,69	7,78	7,87	13,21	0
26/03/2020 13:30:00	10,71	13,15	12,28	10,65	9,22	8,31	7,78	7,81	7,95	7,90	7,94	8,03	8,13	13,27	0
26/03/2020 13:35:00	10,67	13,46	12,71	10,87	9,16	8,03	7,36	7,27	7,33	7,25	7,30	7,46	7,62	13,14	0
26/03/2020 13:40:00	11,16	13,44	12,39	10,44	8,86	7,92	7,49	7,61	7,81	7,81	7,91	8,10	8,28	13,58	0
26/03/2020 13:45:00	12,05	12,87	11,92	10,65	9,51	8,68	8,13	7,96	7,91	7,69	7,55	7,43	7,31	13,01	0
26/03/2020 13:50:00	13,04	12,34	11,34	10,52	9,74	9,06	8,59	8,37	8,23	7,95	7,73	7,53	7,33	13,29	0
26/03/2020 13:55:00	13,10	12,30	11,32	10,53	9,87	9,26	8,82	8,64	8,54	8,28	8,09	7,90	7,71	13,24	0
26/03/2020 14:00:00	13,74	12,40	11,17	10,38	9,81	9,36	9,04	8,96	8,93	8,71	8,52	8,32	8,11	13,62	0
26/03/2020 14:05:00	13,52	12,44	11,34	10,42	9,67	9,01	8,66	8,55	8,49	8,29	8,16	8,08	7,99	14,35	0
26/03/2020 14:10:00	13,50	12,80	11,80	11,04	10,35	9,67	9,18	8,94	8,78	8,47	8,20	7,94	7,67	14,04	0
26/03/2020 14:15:00	13,63	12,82	11,81	11,01	10,28	9,63	9,15	8,91	8,75	8,44	8,18	7,94	7,69	13,90	0
26/03/2020 14:20:00	13,48	12,72	11,89	11,18	10,46	9,76	9,15	8,80	8,57	8,23	7,96	7,71	7,46	13,95	0
26/03/2020 14:25:00	13,22	12,96	12,14	11,32	10,55	9,84	9,27	9,00	8,83	8,53	8,29	8,07	7,86	14,12	0
26/03/2020 14:30:00	13,93	12,96	11,98	11,28	10,73	10,19	9,69	9,44	9,28	8,95	8,67	8,37	8,07	14,38	0
26/03/2020 14:35:00	14,04	13,29	12,34	11,42	10,57	9,76	9,12	8,79	8,58	8,27	8,04	7,86	7,68	14,15	0
26/03/2020 14:40:00	13,96	13,14	12,17	11,44	10,75	10,15	9,68	9,46	9,32	9,02	8,78	8,55	8,32	14,53	0
26/03/2020 14:45:00	14,41	13,18	12,11	11,44	10,85	10,27	9,80	9,57	9,42	9,11	8,85	8,58	8,31	15,06	0
26/03/2020 14:50:00	14,02	13,52	12,65	11,91	11,13	10,41	9,82	9,50	9,29	8,94	8,66	8,40	8,14	15,05	0
26/03/2020 14:55:00	14,33	13,60	12,68	12,03	11,44	10,81	10,28	9,99	9,80	9,43	9,12	8,79	8,45	14,71	0
26/03/2020 15:00:00	14,14	13,81	12,95	12,21	11,42	10,68	10,08	9,75	9,54	9,18	8,89	8,61	8,34	15,49	0
26/03/2020 15:05:00	14,38	13,74	12,77	11,99	11,29	10,74	10,35	10,23	10,15	9,88	9,68	9,50	9,31	14,97	0
26/03/2020 15:10:00	14,21	13,97	13,20	12,56	11,85	11,15	10,60	10,31	10,10	9,73	9,43	9,14	8,84	15,69	0
26/03/2020 15:15:00	14,61	14,01	13,17	12,48	11,79	11,11	10,55	10,25	10,03	9,67	9,38	9,10	8,83	15,63	0
26/03/2020 15:20:00	14,37	14,30	13,54	12,73	11,88	11,08	10,41	10,05	9,83	9,47	9,19	8,95	8,71	15,68	0
26/03/2020 15:25:00	14,28	14,22	13,60	12,86	12,13	11,28	10,52	10,08	9,79	9,38	9,06	8,77	8,47	15,37	0
26/03/2020 15:30:00	14,24	14,09	13,44	12,74	11,98	11,21	10,52	10,13	9,88	9,49	9,20	8,93	8,67	15,60	0
26/03/2020 15:35:00	14,12	14,22	13,61	12,90	12,07	11,20	10,51	10,11	9,84	9,44	9,14	8,89	8,64	15,34	0
26/03/2020 15:40:00	14,15	14,20	13,50	12,67	11,86	11,06	10,42	10,11	9,91	9,58	9,33	9,13	8,92	15,54	0
26/03/2020 15:45:00	13,92	14,21	13,52	12,78	12,07	11,31	10,69	10,37	10,16	9,79	9,48	9,17	8,86	15,18	0
26/03/2020 15:50:00	13,85	14,32	13,63	12,76	11,86	11,04	10,41	10,12	9,95	9,62	9,39	9,19	8,99	15,40	0
26/03/2020 15:55:00	13,92	14,12	13,41	12,66	11,95	11,21	10,60	10,30	10,12	9,76	9,47	9,18	8,90	15,29	0
26/03/2020 16:00:00	13,92	14,29	13,69	12,80	11,91	11,05	10,35	10,01	9,80	9,47	9,24	9,07	8,90	15,65	0
26/03/2020 16:05:00	13,91	14,31	13,62	12,72	11,81	10,97	10,34	10,05	9,88	9,57	9,36	9,19	9,02	15,52	0
26/03/2020 16:10:00	13,51	14,32	13,82	12,96	12,01	11,11	10,36	9,97	9,73	9,37	9,11	8,90	8,70	15,35	0
26/03/2020 16:15:00	12,92	14,17	13,90	13,08	12,12	11,07	10,23	9,75	9,45	9,06	8,79	8,60	8,40	15,09	0
26/03/2020 16:20:00	13,08	14,26	13,88	12,94	11,95	11,02	10,29	9,95	9,75	9,42	9,22	9,10	8,97	15,24	0
26/03/2020 16:25:00	13,14	14,21	13,79	12,98	12,05	11,16	10,43	10,06	9,84	9,48	9,23	9,02	8,82	15,34	0
26/03/2020 16:30:00	13,16	14,30	13,88	13,05	12,18	11,33	10,64	10,33	10,15	9,82	9,59	9,41	9,22	15,37	0
26/03/2020 16:35:00	13,13	14,51	14,25	13,38	12,30	11,18	10,32	9,84	9,53	9,14	8,88	8,71	8,55	15,34	0
26/03/2020 16:40:00	12,79	14,50	14,35	13,49	12,36	11,24	10,29	9,76	9,44	9,04	8,78	8,62	8,47	15,17	0
26/03/2020 16:45:00	12,90	14,44	14,24	13,50	12,53	11,46	10,60	10,11	9,79	9,37	9,07	8,84	8,61	15,56	0
26/03/2020 16:50:00	12,66	14,58	14,41	13,46	12,25	11,08	10,18	9,69	9,38	8,99	8,76	8,62	8,49	15,11	0
26/03/2020 16:55:00	12,98	14,61	14,49	13,66	12,64	11,66	10,80	10,36	10,08	9,71	9,47	9,33	9,20	15,34	0
26/03/2020 17:00:00	12,69	14,72	14,71	13,83	12,75	11,61	10,70	10,21	9,91	9,52	9,29	9,17	9,06	15,19	0
26/03/2020 17:05:00	12,73	14,84	14,81	13,97	12,86	11,69	10,72	10,16	9,81	9,38	9,08	8,89	8,69	15,47	0
26/03/2020 17:10:00	12,36	14,81	14,95	14,08	12,89	11,66	10,66	10,11	9,75	9,35	9,10	8,99	8,88	15,14	0
26/03/2020 17:15:00	12,17	14,76	14,94	14,05	12,93	11,75	10,73	10,18	9,86	9,46	9,22	9,10	8,98	15,36	0
26/03/2020 17:20:00	12,14	14,58	14,76	14,00	12,92	11,74	10,68	10,06	9,67	9,21	8,90	8,70	8,49	15,14	0
26/03/2020 17:25:00	11,84	14,62	14,92	14,06	12,87	11,63	10,57	9,99	9,63	9,23	9,01	8,93	8,85	15,04	0
26/03/2020 17:30:00	11,64	14,69	14,99	14,07	12,85	11,59	10,51	9,93	9,59	9,19	8,97	8,89	8,81	15,00	0
26/03/2020 17:35:00	11,72	15,05	15,41	14,51	13,21	11,85	10,72	10,09	9,71	9,28	9,03	8,93	8,82	15,06	0
26/03/2020 17:40:00	11,54	14,90	15,35	14,52	13,29	11,99	10,86	10,24	9,85	9,42	9,17	9,06	8,95	14,74	0
26/03/2020 17:45:00	11,37	14,92	15,54	14,79	13,54	12,06	10,83	10,11	9,64	9,17	8,90	8,80	8,70	14,92	0
26/03/2020 17:50:00	11,00	15,42	16,19	15,32	13,90	12,34	11,02	10,27	9,80	9,32	9,07	9,00	8,92	14,87	0
26/03/2020 17:55:00	10,78	15,30	16,23	15,43	14,08	12,48	11,10	10,27	9,76	9,26	8,98	8,90	8,81	14,78	0
26/03/2020 18:00:00	10,13	15,44	16,33	15,29	13,76	12,16	10,87	10,20	9,81	9,41	9,23	9,26	9,28	14,60	0
26/03/2020 18:05:00	10,43	15,67	16,72	15,78	14,27	12,64	11,23	10,42	9,92	9,43	9,18	9,13	9,09	14,43	0
26/03/2020 18:10:00	10,64	15,49	16,49	15,62	14,21	12,60	11,24	10,46	9,97	9,49	9,25	9,21	9,17	14,51	0
26/03/2020 18:15:00	9,66	15,76	17,04	16,03	14,37	12,60	11,05	10,18	9,67	9,18	8,97	8,99	9,02	14,34	0
26/03/2020 18:20:00	10,03	15,55	16,75	15,87	14,36	12,65	11,18	10,33	9,81	9,31	9,07	9,05	9,03	14,22	0
26/03/2020 18:25:00	10,01	15,32	16,57	15,85	14,46	12,79	11,30	10,39	9,83	9,28	8,98	8,89	8,80	14,11	0
26/03/2020 18:30:00	9,47	15,59	16,86	15,89	14,20	12,44	10,91	10,06	9,55	9,08	8,88	8,92	8,96	14,06	0
26/03/2020 18:35:00	9,55	15,35	16,72	15,90	14,37	12,59	11,09	10,21	9,67	9,17	8,94	8,97	8,99	13,74	0
26/03/2020 18:40:00	9,34	15,26	16,85	16,21	14,64	12,79	11,12	10,07	9,39	8,80	8,51	8,47	8,44	13,98	0
26/03/2020 18:45:00	8,63	15,44	17,10	16,21	14,51	12,57	10,91	9,94	9,36	8,85	8,65	8,73	8,82	13,76	0
26/03/2020 18:50:00	9,25	15,18	16,64	15,90	14,37	12,69	11,12	10,19	9,62	9,09	8,82	8,80	8,78	13,69	0
26/03/2020 18:55:00	8,57	15,40	17,04	16,15	14,42	12,46	10,81	9,84	9,24	8,72	8,49	8,56	8,62	13,77	0
26/03/2020 19:00:00	9,38	14,84	16,32	15,72	14,36	12,66	11,17	10,25	9,66	9,12	8,86	8,83	8,81	13,45	0
26/03/2020 19:05:00	8,76	15,11	16,58	15,69	14,07	12,39	10,86	10,00	9,50	9,03	8,85	8,91	8,98	13,47	0
26/03/2020 19:10:00	8,61	14,97	16,64	15,96	14,41	12,58	10,96	9,98	9,36	8,81	8,55	8,56	8,56	13,12	0
26/03/2020 19:15:00	7,88	15,07	16,95	16,22	14,49	12,54	10,83	9,80	9,17	8,63	8,41	8,49	8,57	13,08	0
26/03/2020 19:20:00	8,97	14,55	16,11	15,56	14,27	12,64	11,12	10,17	9,57	9,01	8,71	8,64	8,57	12,90	0
26/03/2020 19:25:00	8,31	14,77	16,50	15,84	14,39	12,54	10,93	9,96	9,34	8,80	8,54	8,54	8,54	12,94	0
26/03/2020 19:30:00	7,38	15,01	17,01	16,17	14,45	12,42	10,73	9,74	9,11	8,59	8,40	8,52	8,64	12,55	0
26/03/2020 19:35:00	8,00	14,74	16,37	15,54	13,98	12,25	10,75	9,91	9,40	8,93	8,74	8,81	8,88	12,49	0
26/03/2020 19:40:00	6,86	15,19	17,12	16,08	14,21	12,12	10,47	9,57	9,04	8,58	8,44	8,60	8,77	12,51	0
26/03/2020 19:45:00	7,04	14,93	16,83	15,87	14,07	12,24	10,64	9,80	9,32	8,89	8,79	8,99	9,20	12,32	0
26/03/2020 19:50:00	7,21	14,78	16,78	16,02	14,36	12,46	10,84	9,90	9,32	8,81	8,61	8,71	8,82	12,41	0
26/03/2020 19:55:00	6,96	14,79	16,77	16,04	14,39	12,53	10,89	9,94	9,37	8,85	8,63	8,68	8,72	12,22	0
26/03/2020 20:00:00	6,69	14,83	16,98	16,19	14,53	12,55	10,84	9,87	9,30	8,81	8,64	8,78	8,93	11,83	0
26/03/2020 20:05:00	6,53	14,91	16,98	16,05	14,28	12,28	10,55	9,60	9,06	8,59	8,44	8,60	8,75	12,23	0
26/03/2020 20:10:00	6,78	14,64	16,62	15,80	14,15	12,30	10,73	9,87	9,35	8,89	8,74	8,87	9,01	11,97	0
26/03/2020 20:15:00	6,33	14,81	16,98	16,07	14,24	12,24	10,52	9,56	8,99	8,52	8,38	8,57	8,76	11,63	0
26/03/2020 20:20:00	6,02	14,72	16,97	16,20	14,51	12,44	10,72	9,76	9,19	8,69	8,52	8,66	8,80	11,33	0
26/03/2020 20:25:00	6,20	14,57	16,81	16,11	14,43	12,54	10,86	9,92	9,35	8,86	8,69	8,82	8,96	10,95	0
26/03/2020 20:30:00	6,09	14,52	16,88	16,19	14,59	12,59	10,87	9,87	9,25	8,72	8,53	8,66	8,79	10,93	0
26/03/2020 20:35:00	5,87	14,66	17,05	16,32	14,54	12,45	10,67	9,63	8,97	8,43	8,22	8,35	8,48	11,13	0
26/03/2020 20:40:00	5,57	14,34	16,96	16,45	14,84	12,78	10,97	9,86	9,16	8,58	8,35	8,45	8,56	10,80	0
26/03/2020 20:45:00	5,77	14,25	16,75	16,23	14,64	12,73	10,99	9,96	9,31	8,77	8,56	8,68	8,80	10,08	0
26/03/2020 20:50:00	5,49	14,57	17,14	16,51	14,75	12,67	10,79	9,67	8,99	8,43	8,23	8,36	8,49	9,88	0
26/03/2020 20:55:00	5,62	14,46	16,88	16,22	14,57	12,50	10,74	9,75	9,15	8,65	8,49	8,66	8,82	10,14	0
26/03/2020 21:00:00	5,26	14,28	17,06	16,56	14,92	12,81	10,91	9,73	8,97	8,36	8,12	8,24	8,36	9,83	0
26/03/2020 21:05:00	5,40	14,21	16,96	16,58	14,90	12,81	10,89	9,66	8,87	8,23	7,95	8,03	8,10	9,72	0
26/03/2020 21:10:00	5,50	14,07	16,63	16,16	14,73	12,70	10,94	9,89	9,23	8,69	8,47	8,57	8,68	9,70	0
26/03/2020 21:15:00	5,45	14,30	16,80	16,16	14,50	12,45	10,68	9,63	8,99	8,45	8,26	8,40	8,53	10,98	0
26/03/2020 21:20:00	5,53	14,25	16,65	15,98	14,25	12,26	10,58	9,61	9,01	8,51	8,35	8,51	8,68	10,34	0
26/03/2020 21:25:00	5,35	14,28	16,73	16,03	14,28	12,28	10,56	9,56	8,94	8,42	8,23	8,37	8,50	10,91	0
26/03/2020 21:30:00	5,49	14,36	16,56	15,69	13,91	11,93	10,23	9,33	8,81	8,36	8,23	8,40	8,58	10,43	0
26/03/2020 21:35:00	5,57	14,19	16,43	15,65	13,95	11,91	10,28	9,39	8,84	8,38	8,25	8,44	8,62	10,52	0
26/03/2020 21:40:00	5,77	14,09	16,33	15,48	13,79	11,79	10,14	9,22	8,67	8,23	8,12	8,36	8,60	10,58	0
26/03/2020 21:45:00	5,52	14,05	16,17	15,40	13,76	11,85	10,25	9,42	8,94	8,52	8,40	8,58	8,75	10,92	0
26/03/2020 21:50:00	5,28	14,03	16,36	15,43	13,64	11,76	10,08	9,20	8,70	8,30	8,24	8,53	8,83	10,25	0
26/03/2020 21:55:00	5,13	14,07	16,44	15,68	13,91	11,90	10,16	9,19	8,61	8,13	7,98	8,16	8,34	10,36	0
26/03/2020 22:00:00	5,19	13,84	16,24	15,55	13,95	12,02	10,36	9,43	8,88	8,41	8,28	8,46	8,65	9,48	0
26/03/2020 22:05:00	5,22	13,89	16,15	15,33	13,64	11,65	10,08	9,22	8,69	8,25	8,13	8,33	8,52	9,95	0
26/03/2020 22:10:00	5,29	13,95	16,08	15,14	13,42	11,60	10,05	9,27	8,84	8,44	8,36	8,57	8,78	10,45	0
26/03/2020 22:15:00	5,66	13,69	15,62	14,85	13,34	11,65	10,26	9,58	9,20	8,83	8,72	8,88	9,04	10,53	0
26/03/2020 22:20:00	5,93	13,30	15,39	14,89	13,60	12,01	10,60	9,81	9,32	8,86	8,68	8,75	8,81	10,02	0
26/03/2020 22:25:00	5,62	13,41	15,42	14,80	13,28	11,60	10,23	9,50	9,05	8,63	8,49	8,61	8,74	9,84	0
26/03/2020 22:30:00	5,25	13,42	15,55	14,93	13,44	11,78	10,31	9,53	9,08	8,64	8,47	8,56	8,64	9,57	0
26/03/2020 22:35:00	5,11	12,95	15,32	14,89	13,64	11,97	10,54	9,72	9,19	8,72	8,54	8,64	8,74	9,22	0
26/03/2020 22:40:00	4,83	12,99	15,51	15,28	13,99	12,23	10,67	9,70	9,08	8,52	8,26	8,26	8,27	8,88	0
26/03/2020 22:45:00	4,82	12,91	15,45	15,27	14,07	12,39	10,77	9,79	9,18	8,64	8,39	8,40	8,40	8,62	0
26/03/2020 22:50:00	4,62	12,88	15,40	15,09	13,88	12,15	10,60	9,69	9,13	8,62	8,40	8,46	8,51	8,75	0
26/03/2020 22:55:00	4,45	13,01	15,67	15,37	13,91	12,03	10,35	9,31	8,63	8,07	7,83	7,91	7,98	8,43	0
26/03/2020 23:00:00	4,38	12,74	15,38	15,09	13,76	12,00	10,46	9,54	8,95	8,44	8,26	8,40	8,53	8,14	0
26/03/2020 23:05:00	4,31	12,48	15,41	15,41	14,26	12,50	10,89	9,82	9,07	8,45	8,15	8,17	8,18	7,53	0
26/03/2020 23:10:00	4,30	12,48	15,50	15,65	14,45	12,70	10,89	9,64	8,80	8,10	7,73	7,66	7,59	7,43	0
26/03/2020 23:15:00	4,15	12,36	15,44	15,64	14,51	12,72	10,92	9,67	8,82	8,13	7,76	7,71	7,66	7,34	0
26/03/2020 23:20:00	4,19	12,36	15,51	15,69	14,64	12,79	10,99	9,71	8,81	8,08	7,67	7,57	7,48	7,03	0
26/03/2020 23:25:00	4,08	12,24	15,17	15,15	13,98	12,32	10,64	9,56	8,86	8,29	8,06	8,15	8,24	7,01	0
26/03/2020 23:30:00	4,06	12,26	15,28	15,41	14,22	12,44	10,73	9,54	8,72	8,03	7,68	7,63	7,58	6,53	0
26/03/2020 23:35:00	4,17	12,15	15,23	15,51	14,53	12,75	11,00	9,75	8,89	8,17	7,77	7,66	7,55	6,69	0
26/03/2020 23:40:00	4,08	12,07	15,11	15,36	14,36	12,66	10,91	9,68	8,85	8,16	7,76	7,65	7,54	6,42	0
26/03/2020 23:45:00	3,90	12,10	15,22	15,45	14,34	12,56	10,82	9,57	8,70	7,98	7,58	7,48	7,38	6,29	0
26/03/2020 23:50:00	3,95	11,87	14,99	15,34	14,40	12,67	10,89	9,63	8,77	8,06	7,66	7,55	7,44	6,27	0
26/03/2020 23:55:00	3,88	11,67	14,92	15,40	14,58	12,85	11,09	9,79	8,86	8,10	7,64	7,47	7,30	6,09	0
