FileFormat:0002.2 file with temperature of atmosphere
200
local	GMT or Local
0	GMT-Local=[hours]
0	Height[m]
0	0	0	Longitude                [grd]               [min]               [sec]
0	0	0	Latitude                [grd]               [min]               [sec]
N	NS
59,40	Freq[GHz]
0,00	dTemostat[K]
0,150	MessErr[K]
0,248	//[grad/step]
version 14.0.20110218
MTP5H033F5940K-33.00D180214+A1.1
Commentary:
enter comment
End Of Commentary

SYSTEM\alaska.dat
data time	0	50	100	150	200	250	300	350	400	450	500	550	600	OutsideTemperature	Quality
16/12/2020 00:00:00	-3,35	-3,57	-3,82	-4,16	-4,56	-5,01	-5,35	-5,56	-5,61	-5,62	-5,64	-5,60	-5,56	-3,38	0
16/12/2020 00:05:00	-3,36	-3,50	-3,78	-4,15	-4,57	-5,01	-5,41	-5,62	-5,63	-5,62	-5,61	-5,56	-5,50	-3,34	0
16/12/2020 00:10:00	-3,50	-3,57	-3,92	-4,34	-4,82	-5,22	-5,52	-5,64	-5,60	-5,56	-5,51	-5,41	-5,30	-3,41	0
16/12/2020 00:15:00	-3,39	-3,60	-3,84	-4,16	-4,56	-4,97	-5,35	-5,57	-5,61	-5,63	-5,65	-5,62	-5,60	-3,37	0
16/12/2020 00:20:00	-3,35	-3,54	-3,80	-4,13	-4,54	-5,00	-5,37	-5,57	-5,60	-5,60	-5,59	-5,53	-5,47	-3,31	0
16/12/2020 00:25:00	-3,36	-3,61	-3,93	-4,24	-4,59	-5,02	-5,40	-5,60	-5,61	-5,61	-5,61	-5,58	-5,54	-3,38	0
16/12/2020 00:30:00	-3,42	-3,60	-3,82	-4,14	-4,56	-5,03	-5,45	-5,71	-5,76	-5,78	-5,80	-5,75	-5,71	-3,44	0
16/12/2020 00:35:00	-3,43	-3,72	-3,97	-4,22	-4,59	-5,03	-5,42	-5,67	-5,73	-5,77	-5,81	-5,80	-5,80	-3,44	0
16/12/2020 00:40:00	-3,46	-3,64	-3,98	-4,40	-4,81	-5,23	-5,54	-5,68	-5,66	-5,63	-5,60	-5,52	-5,45	-3,34	0
16/12/2020 00:45:00	-3,51	-3,72	-4,05	-4,47	-4,87	-5,26	-5,54	-5,65	-5,61	-5,57	-5,52	-5,43	-5,34	-3,49	0
16/12/2020 00:50:00	-3,40	-3,72	-4,00	-4,26	-4,62	-5,04	-5,40	-5,61	-5,66	-5,68	-5,70	-5,68	-5,67	-3,46	0
16/12/2020 00:55:00	-3,53	-3,71	-3,97	-4,33	-4,79	-5,25	-5,68	-5,94	-5,99	-6,00	-6,01	-5,97	-5,93	-3,51	0
16/12/2020 01:00:00	-3,52	-3,73	-3,96	-4,39	-4,79	-5,28	-5,70	-5,95	-6,00	-6,01	-6,01	-5,96	-5,91	-3,56	0
16/12/2020 01:05:00	-3,52	-3,80	-4,09	-4,45	-4,84	-5,27	-5,57	-5,74	-5,77	-5,77	-5,77	-5,72	-5,67	-3,49	0
16/12/2020 01:10:00	-3,62	-3,83	-4,16	-4,64	-5,03	-5,42	-5,72	-5,83	-5,76	-5,69	-5,62	-5,50	-5,37	-3,63	0
16/12/2020 01:15:00	-3,63	-3,85	-4,10	-4,35	-4,70	-5,14	-5,50	-5,73	-5,78	-5,80	-5,84	-5,83	-5,83	-3,58	0
16/12/2020 01:20:00	-3,50	-3,75	-4,07	-4,43	-4,81	-5,22	-5,53	-5,68	-5,67	-5,65	-5,63	-5,57	-5,51	-3,48	0
16/12/2020 01:25:00	-3,51	-3,80	-4,11	-4,52	-4,87	-5,24	-5,50	-5,59	-5,54	-5,49	-5,43	-5,32	-5,21	-3,50	0
16/12/2020 01:30:00	-3,52	-3,77	-4,04	-4,39	-4,79	-5,15	-5,41	-5,53	-5,51	-5,48	-5,44	-5,34	-5,25	-3,58	0
16/12/2020 01:35:00	-3,51	-3,76	-4,05	-4,37	-4,73	-5,06	-5,28	-5,37	-5,34	-5,30	-5,26	-5,18	-5,10	-3,52	0
16/12/2020 01:40:00	-3,59	-3,79	-4,10	-4,38	-4,72	-5,06	-5,27	-5,35	-5,30	-5,26	-5,22	-5,15	-5,07	-3,58	0
16/12/2020 01:45:00	-3,56	-3,76	-4,08	-4,39	-4,73	-5,07	-5,30	-5,38	-5,33	-5,28	-5,24	-5,16	-5,08	-3,56	0
16/12/2020 01:50:00	-3,64	-3,83	-4,09	-4,37	-4,72	-5,07	-5,36	-5,49	-5,47	-5,44	-5,41	-5,33	-5,26	-3,65	0
16/12/2020 01:55:00	-3,63	-3,87	-4,11	-4,32	-4,64	-5,00	-5,28	-5,43	-5,44	-5,44	-5,44	-5,40	-5,36	-3,64	0
16/12/2020 02:00:00	-3,66	-3,85	-4,10	-4,43	-4,76	-5,08	-5,30	-5,38	-5,35	-5,31	-5,28	-5,20	-5,12	-3,59	0
16/12/2020 02:05:00	-3,63	-3,87	-4,10	-4,34	-4,62	-4,93	-5,20	-5,33	-5,31	-5,29	-5,27	-5,23	-5,18	-3,61	0
16/12/2020 02:10:00	-3,61	-3,86	-4,05	-4,37	-4,68	-5,02	-5,24	-5,35	-5,34	-5,32	-5,30	-5,22	-5,15	-3,64	0
16/12/2020 02:15:00	-3,66	-3,84	-4,05	-4,38	-4,64	-4,96	-5,22	-5,32	-5,26	-5,22	-5,18	-5,09	-5,01	-3,66	0
16/12/2020 02:20:00	-3,69	-3,87	-4,14	-4,50	-4,82	-5,12	-5,32	-5,36	-5,28	-5,21	-5,13	-5,01	-4,89	-3,71	0
16/12/2020 02:25:00	-3,70	-3,89	-4,22	-4,63	-4,94	-5,20	-5,30	-5,26	-5,12	-5,00	-4,88	-4,72	-4,55	-3,71	0
16/12/2020 02:30:00	-3,71	-3,89	-4,14	-4,44	-4,73	-5,02	-5,22	-5,27	-5,20	-5,14	-5,09	-4,99	-4,89	-3,73	0
16/12/2020 02:35:00	-3,76	-3,88	-4,12	-4,43	-4,75	-5,07	-5,31	-5,40	-5,35	-5,31	-5,26	-5,17	-5,09	-3,74	0
16/12/2020 02:40:00	-3,75	-3,95	-4,21	-4,52	-4,78	-5,06	-5,26	-5,30	-5,21	-5,13	-5,06	-4,95	-4,83	-3,73	0
16/12/2020 02:45:00	-3,66	-3,81	-4,09	-4,40	-4,75	-5,10	-5,34	-5,43	-5,37	-5,32	-5,27	-5,16	-5,06	-3,70	0
16/12/2020 02:50:00	-3,68	-3,83	-4,06	-4,33	-4,62	-4,94	-5,20	-5,31	-5,26	-5,21	-5,17	-5,09	-5,00	-3,64	0
16/12/2020 02:55:00	-3,65	-3,83	-4,09	-4,39	-4,69	-4,97	-5,16	-5,20	-5,12	-5,05	-4,99	-4,88	-4,78	-3,68	0
16/12/2020 03:00:00	-3,70	-3,87	-4,11	-4,41	-4,67	-4,97	-5,15	-5,21	-5,15	-5,10	-5,06	-4,98	-4,90	-3,71	0
16/12/2020 03:05:00	-3,76	-3,79	-4,01	-4,35	-4,72	-5,07	-5,37	-5,50	-5,46	-5,41	-5,36	-5,27	-5,17	-3,75	0
16/12/2020 03:10:00	-3,72	-3,83	-4,09	-4,49	-4,84	-5,20	-5,46	-5,54	-5,47	-5,40	-5,31	-5,18	-5,04	-3,71	0
16/12/2020 03:15:00	-3,66	-3,72	-3,98	-4,32	-4,68	-4,98	-5,19	-5,25	-5,18	-5,12	-5,06	-4,95	-4,85	-3,64	0
16/12/2020 03:20:00	-3,58	-3,70	-3,94	-4,30	-4,69	-5,03	-5,31	-5,43	-5,40	-5,36	-5,32	-5,24	-5,15	-3,53	0
16/12/2020 03:25:00	-3,48	-3,56	-3,90	-4,28	-4,64	-5,02	-5,28	-5,35	-5,27	-5,20	-5,14	-5,03	-4,92	-3,43	0
16/12/2020 03:30:00	-3,40	-3,61	-3,93	-4,31	-4,69	-5,08	-5,31	-5,40	-5,37	-5,33	-5,28	-5,18	-5,09	-3,36	0
16/12/2020 03:35:00	-3,38	-3,52	-3,84	-4,27	-4,68	-5,05	-5,35	-5,45	-5,39	-5,32	-5,25	-5,13	-5,01	-3,34	0
16/12/2020 03:40:00	-3,30	-3,59	-3,91	-4,19	-4,56	-4,87	-5,14	-5,26	-5,24	-5,21	-5,19	-5,13	-5,07	-3,39	0
16/12/2020 03:45:00	-3,37	-3,59	-3,96	-4,38	-4,71	-5,05	-5,27	-5,31	-5,21	-5,13	-5,06	-4,94	-4,83	-3,43	0
16/12/2020 03:50:00	-3,41	-3,62	-3,97	-4,36	-4,74	-5,07	-5,26	-5,30	-5,21	-5,14	-5,06	-4,94	-4,81	-3,44	0
16/12/2020 03:55:00	-3,43	-3,71	-4,05	-4,39	-4,73	-5,02	-5,18	-5,20	-5,11	-5,04	-4,97	-4,85	-4,74	-3,46	0
16/12/2020 04:00:00	-3,47	-3,73	-4,04	-4,35	-4,69	-4,98	-5,09	-5,11	-5,05	-5,00	-4,95	-4,86	-4,76	-3,48	0
16/12/2020 04:05:00	-3,51	-3,73	-4,05	-4,41	-4,66	-4,92	-5,07	-5,07	-4,94	-4,85	-4,76	-4,64	-4,51	-3,50	0
16/12/2020 04:10:00	-3,49	-3,82	-4,13	-4,46	-4,69	-4,89	-5,02	-5,00	-4,86	-4,76	-4,66	-4,53	-4,40	-3,44	0
16/12/2020 04:15:00	-3,47	-3,70	-4,07	-4,44	-4,74	-4,98	-5,09	-5,03	-4,88	-4,76	-4,64	-4,48	-4,33	-3,46	0
16/12/2020 04:20:00	-3,48	-3,73	-4,02	-4,39	-4,72	-5,00	-5,15	-5,16	-5,08	-5,00	-4,92	-4,79	-4,66	-3,52	0
16/12/2020 04:25:00	-3,56	-3,83	-4,17	-4,54	-4,84	-5,04	-5,11	-5,04	-4,89	-4,77	-4,66	-4,51	-4,35	-3,57	0
16/12/2020 04:30:00	-3,62	-3,86	-4,15	-4,52	-4,76	-4,96	-5,03	-4,97	-4,83	-4,71	-4,61	-4,46	-4,31	-3,60	0
16/12/2020 04:35:00	-3,55	-3,81	-4,08	-4,42	-4,66	-4,87	-4,99	-4,98	-4,86	-4,77	-4,69	-4,57	-4,44	-3,52	0
16/12/2020 04:40:00	-3,55	-3,81	-4,19	-4,55	-4,78	-4,92	-4,94	-4,82	-4,62	-4,48	-4,35	-4,19	-4,04	-3,58	0
16/12/2020 04:45:00	-3,57	-3,78	-4,05	-4,39	-4,69	-4,92	-5,04	-5,03	-4,93	-4,84	-4,75	-4,62	-4,49	-3,60	0
16/12/2020 04:50:00	-3,58	-3,86	-4,16	-4,49	-4,75	-4,96	-5,09	-5,06	-4,92	-4,81	-4,71	-4,56	-4,41	-3,58	0
16/12/2020 04:55:00	-3,51	-3,80	-4,12	-4,37	-4,57	-4,75	-4,83	-4,79	-4,65	-4,55	-4,46	-4,35	-4,23	-3,52	0
16/12/2020 05:00:00	-3,59	-3,79	-4,09	-4,41	-4,68	-4,90	-4,99	-4,96	-4,85	-4,77	-4,69	-4,58	-4,47	-3,53	0
16/12/2020 05:05:00	-3,51	-3,73	-4,10	-4,44	-4,70	-4,93	-5,03	-4,98	-4,84	-4,74	-4,65	-4,52	-4,40	-3,47	0
16/12/2020 05:10:00	-3,42	-3,64	-3,99	-4,28	-4,56	-4,76	-4,84	-4,79	-4,65	-4,56	-4,47	-4,36	-4,24	-3,39	0
16/12/2020 05:15:00	-3,44	-3,72	-4,04	-4,35	-4,62	-4,84	-4,97	-4,96	-4,85	-4,76	-4,69	-4,58	-4,47	-3,49	0
16/12/2020 05:20:00	-3,42	-3,70	-4,01	-4,34	-4,57	-4,80	-4,93	-4,91	-4,79	-4,69	-4,61	-4,49	-4,37	-3,46	0
16/12/2020 05:25:00	-3,41	-3,76	-4,04	-4,27	-4,51	-4,69	-4,80	-4,79	-4,69	-4,62	-4,56	-4,47	-4,38	-3,46	0
16/12/2020 05:30:00	-3,41	-3,73	-3,95	-4,21	-4,45	-4,69	-4,81	-4,83	-4,76	-4,71	-4,65	-4,56	-4,46	-3,39	0
16/12/2020 05:35:00	-3,43	-3,69	-4,01	-4,29	-4,54	-4,75	-4,84	-4,81	-4,69	-4,61	-4,53	-4,42	-4,30	-3,45	0
16/12/2020 05:40:00	-3,46	-3,64	-3,97	-4,35	-4,68	-4,90	-4,98	-4,93	-4,80	-4,69	-4,59	-4,44	-4,30	-3,43	0
16/12/2020 05:45:00	-3,36	-3,62	-3,95	-4,30	-4,61	-4,83	-4,93	-4,89	-4,77	-4,68	-4,59	-4,45	-4,32	-3,37	0
16/12/2020 05:50:00	-3,39	-3,59	-3,92	-4,27	-4,52	-4,75	-4,90	-4,88	-4,76	-4,66	-4,58	-4,47	-4,37	-3,39	0
16/12/2020 05:55:00	-3,39	-3,70	-4,04	-4,31	-4,58	-4,73	-4,77	-4,71	-4,58	-4,48	-4,40	-4,30	-4,19	-3,41	0
16/12/2020 06:00:00	-3,40	-3,63	-4,00	-4,43	-4,76	-4,96	-5,04	-4,96	-4,79	-4,66	-4,53	-4,36	-4,18	-3,41	0
16/12/2020 06:05:00	-3,34	-3,59	-3,92	-4,30	-4,60	-4,78	-4,84	-4,76	-4,61	-4,48	-4,36	-4,19	-4,02	-3,31	0
16/12/2020 06:10:00	-3,28	-3,57	-3,92	-4,23	-4,43	-4,58	-4,62	-4,52	-4,35	-4,23	-4,13	-4,01	-3,89	-3,25	0
16/12/2020 06:15:00	-3,20	-3,48	-3,77	-4,09	-4,29	-4,44	-4,51	-4,44	-4,29	-4,17	-4,07	-3,92	-3,78	-3,23	0
16/12/2020 06:20:00	-3,29	-3,52	-3,87	-4,17	-4,52	-4,70	-4,75	-4,68	-4,54	-4,42	-4,31	-4,16	-4,00	-3,29	0
16/12/2020 06:25:00	-3,29	-3,53	-3,87	-4,26	-4,51	-4,73	-4,79	-4,71	-4,55	-4,43	-4,32	-4,17	-4,01	-3,27	0
16/12/2020 06:30:00	-3,27	-3,50	-3,86	-4,19	-4,47	-4,67	-4,76	-4,70	-4,55	-4,44	-4,35	-4,22	-4,09	-3,27	0
16/12/2020 06:35:00	-3,31	-3,62	-3,89	-4,20	-4,44	-4,66	-4,77	-4,76	-4,65	-4,57	-4,49	-4,36	-4,23	-3,28	0
16/12/2020 06:40:00	-3,30	-3,50	-3,78	-4,16	-4,45	-4,73	-4,88	-4,88	-4,77	-4,69	-4,60	-4,46	-4,32	-3,25	0
16/12/2020 06:45:00	-3,38	-3,64	-3,87	-4,13	-4,43	-4,66	-4,75	-4,76	-4,70	-4,64	-4,58	-4,48	-4,37	-3,44	0
16/12/2020 06:50:00	-3,53	-3,78	-4,05	-4,29	-4,49	-4,70	-4,79	-4,78	-4,69	-4,63	-4,58	-4,51	-4,43	-3,56	0
16/12/2020 06:55:00	-3,53	-3,72	-4,01	-4,33	-4,64	-4,86	-4,96	-4,93	-4,81	-4,71	-4,62	-4,48	-4,35	-3,55	0
16/12/2020 07:00:00	-3,59	-3,78	-4,08	-4,37	-4,72	-4,92	-4,99	-4,95	-4,84	-4,75	-4,66	-4,52	-4,38	-3,54	0
16/12/2020 07:05:00	-3,59	-3,81	-4,14	-4,49	-4,79	-5,00	-5,09	-5,04	-4,89	-4,78	-4,67	-4,51	-4,36	-3,60	0
16/12/2020 07:10:00	-3,64	-3,83	-4,15	-4,51	-4,82	-5,01	-5,15	-5,11	-4,96	-4,84	-4,73	-4,57	-4,41	-3,69	0
16/12/2020 07:15:00	-3,71	-3,96	-4,31	-4,68	-4,97	-5,18	-5,31	-5,27	-5,12	-5,00	-4,88	-4,73	-4,57	-3,71	0
16/12/2020 07:20:00	-3,65	-3,91	-4,33	-4,78	-5,13	-5,34	-5,37	-5,26	-5,07	-4,92	-4,77	-4,57	-4,37	-3,69	0
16/12/2020 07:25:00	-3,74	-4,05	-4,43	-4,73	-4,99	-5,17	-5,24	-5,17	-5,02	-4,91	-4,82	-4,69	-4,57	-3,72	0
16/12/2020 07:30:00	-3,80	-4,17	-4,50	-4,80	-5,07	-5,23	-5,26	-5,19	-5,06	-4,96	-4,86	-4,73	-4,60	-3,88	0
16/12/2020 07:35:00	-3,71	-3,98	-4,33	-4,69	-4,96	-5,15	-5,24	-5,17	-5,01	-4,88	-4,76	-4,61	-4,45	-3,71	0
16/12/2020 07:40:00	-3,76	-4,02	-4,34	-4,74	-4,93	-5,09	-5,16	-5,07	-4,88	-4,73	-4,61	-4,44	-4,28	-3,71	0
16/12/2020 07:45:00	-3,75	-4,05	-4,44	-4,77	-4,96	-5,09	-5,12	-5,01	-4,81	-4,66	-4,54	-4,40	-4,25	-3,74	0
16/12/2020 07:50:00	-3,73	-4,03	-4,43	-4,81	-5,03	-5,13	-5,15	-4,99	-4,76	-4,59	-4,43	-4,24	-4,06	-3,77	0
16/12/2020 07:55:00	-3,79	-4,14	-4,54	-4,88	-5,09	-5,22	-5,25	-5,13	-4,92	-4,75	-4,61	-4,44	-4,27	-3,86	0
16/12/2020 08:00:00	-3,86	-4,17	-4,57	-4,85	-5,13	-5,23	-5,21	-5,08	-4,89	-4,75	-4,62	-4,46	-4,30	-3,82	0
16/12/2020 08:05:00	-3,79	-4,20	-4,54	-4,77	-4,91	-4,99	-4,95	-4,82	-4,63	-4,49	-4,38	-4,24	-4,10	-3,88	0
16/12/2020 08:10:00	-3,94	-4,30	-4,59	-4,91	-5,11	-5,22	-5,24	-5,14	-4,97	-4,84	-4,72	-4,57	-4,41	-3,93	0
16/12/2020 08:15:00	-3,90	-4,33	-4,66	-4,97	-5,21	-5,25	-5,20	-5,04	-4,85	-4,70	-4,55	-4,37	-4,19	-3,92	0
16/12/2020 08:20:00	-3,99	-4,39	-4,79	-5,14	-5,31	-5,39	-5,34	-5,17	-4,94	-4,77	-4,62	-4,44	-4,26	-4,06	0
16/12/2020 08:25:00	-4,18	-4,58	-4,96	-5,27	-5,54	-5,63	-5,60	-5,46	-5,27	-5,11	-4,96	-4,78	-4,59	-4,24	0
16/12/2020 08:30:00	-4,23	-4,62	-5,02	-5,34	-5,55	-5,62	-5,58	-5,42	-5,21	-5,04	-4,90	-4,72	-4,55	-4,21	0
16/12/2020 08:35:00	-4,26	-4,68	-5,09	-5,44	-5,67	-5,74	-5,64	-5,45	-5,22	-5,05	-4,89	-4,69	-4,49	-4,29	0
16/12/2020 08:40:00	-4,34	-4,78	-5,13	-5,35	-5,55	-5,63	-5,54	-5,40	-5,23	-5,11	-5,00	-4,87	-4,73	-4,36	0
16/12/2020 08:45:00	-4,29	-4,79	-5,22	-5,53	-5,68	-5,69	-5,58	-5,35	-5,10	-4,90	-4,73	-4,54	-4,35	-4,28	0
16/12/2020 08:50:00	-4,39	-4,76	-5,15	-5,44	-5,66	-5,73	-5,68	-5,51	-5,29	-5,11	-4,95	-4,76	-4,57	-4,33	0
16/12/2020 08:55:00	-4,37	-4,84	-5,26	-5,51	-5,69	-5,70	-5,63	-5,45	-5,21	-5,03	-4,88	-4,71	-4,53	-4,40	0
16/12/2020 09:00:00	-4,41	-4,84	-5,31	-5,60	-5,77	-5,85	-5,80	-5,63	-5,39	-5,20	-5,05	-4,87	-4,70	-4,43	0
16/12/2020 09:05:00	-4,47	-4,99	-5,42	-5,76	-5,94	-5,94	-5,83	-5,61	-5,35	-5,14	-4,96	-4,75	-4,53	-4,50	0
16/12/2020 09:10:00	-4,60	-5,11	-5,54	-5,86	-6,00	-6,05	-5,99	-5,79	-5,54	-5,35	-5,18	-4,99	-4,80	-4,70	0
16/12/2020 09:15:00	-4,74	-5,24	-5,65	-5,93	-6,10	-6,12	-6,00	-5,81	-5,59	-5,41	-5,27	-5,11	-4,94	-4,73	0
16/12/2020 09:20:00	-4,69	-5,25	-5,67	-5,97	-6,14	-6,19	-6,09	-5,88	-5,64	-5,44	-5,26	-5,05	-4,83	-4,71	0
16/12/2020 09:25:00	-4,82	-5,29	-5,75	-6,20	-6,38	-6,38	-6,23	-5,95	-5,65	-5,40	-5,18	-4,93	-4,68	-4,75	0
16/12/2020 09:30:00	-4,86	-5,44	-5,92	-6,25	-6,40	-6,37	-6,19	-5,92	-5,63	-5,41	-5,21	-5,00	-4,78	-5,03	0
16/12/2020 09:35:00	-5,09	-5,59	-6,06	-6,48	-6,65	-6,60	-6,42	-6,12	-5,80	-5,54	-5,31	-5,06	-4,81	-5,07	0
16/12/2020 09:40:00	-5,04	-5,58	-5,98	-6,29	-6,45	-6,47	-6,36	-6,14	-5,89	-5,68	-5,49	-5,28	-5,06	-5,05	0
16/12/2020 09:45:00	-5,00	-5,53	-6,00	-6,30	-6,42	-6,46	-6,38	-6,16	-5,87	-5,65	-5,46	-5,25	-5,04	-4,99	0
16/12/2020 09:50:00	-5,03	-5,58	-6,02	-6,38	-6,60	-6,61	-6,49	-6,27	-6,01	-5,80	-5,62	-5,40	-5,17	-5,00	0
16/12/2020 09:55:00	-5,11	-5,68	-6,14	-6,45	-6,59	-6,62	-6,53	-6,32	-6,06	-5,84	-5,66	-5,46	-5,25	-5,15	0
16/12/2020 10:00:00	-5,18	-5,70	-6,18	-6,60	-6,75	-6,73	-6,53	-6,22	-5,90	-5,65	-5,42	-5,17	-4,91	-5,17	0
16/12/2020 10:05:00	-5,16	-5,75	-6,20	-6,57	-6,69	-6,63	-6,45	-6,16	-5,84	-5,58	-5,36	-5,10	-4,85	-5,19	0
16/12/2020 10:10:00	-5,13	-5,71	-6,18	-6,46	-6,60	-6,55	-6,35	-6,07	-5,78	-5,55	-5,35	-5,13	-4,91	-5,12	0
16/12/2020 10:15:00	-5,09	-5,65	-6,18	-6,49	-6,67	-6,64	-6,45	-6,16	-5,84	-5,59	-5,38	-5,14	-4,90	-5,06	0
16/12/2020 10:20:00	-5,12	-5,67	-6,16	-6,50	-6,62	-6,60	-6,44	-6,17	-5,86	-5,63	-5,44	-5,22	-5,01	-5,09	0
16/12/2020 10:25:00	-5,08	-5,60	-6,10	-6,44	-6,62	-6,61	-6,47	-6,20	-5,90	-5,65	-5,44	-5,21	-4,97	-5,06	0
16/12/2020 10:30:00	-4,93	-5,45	-5,94	-6,34	-6,52	-6,54	-6,39	-6,13	-5,83	-5,59	-5,38	-5,14	-4,90	-4,97	0
16/12/2020 10:35:00	-4,90	-5,43	-5,88	-6,27	-6,52	-6,56	-6,42	-6,19	-5,95	-5,74	-5,55	-5,33	-5,10	-4,86	0
16/12/2020 10:40:00	-4,98	-5,62	-6,09	-6,42	-6,61	-6,62	-6,48	-6,25	-5,99	-5,78	-5,59	-5,37	-5,15	-4,95	0
16/12/2020 10:45:00	-5,09	-5,64	-6,06	-6,41	-6,57	-6,56	-6,42	-6,19	-5,93	-5,72	-5,53	-5,32	-5,10	-5,14	0
16/12/2020 10:50:00	-5,11	-5,71	-6,21	-6,54	-6,71	-6,67	-6,49	-6,22	-5,93	-5,70	-5,51	-5,29	-5,07	-5,13	0
16/12/2020 10:55:00	-5,14	-5,66	-6,17	-6,62	-6,73	-6,73	-6,56	-6,26	-5,92	-5,65	-5,43	-5,18	-4,93	-5,13	0
16/12/2020 11:00:00	-5,10	-5,62	-6,05	-6,38	-6,57	-6,60	-6,48	-6,27	-6,05	-5,86	-5,71	-5,53	-5,35	-5,13	0
16/12/2020 11:05:00	-4,95	-5,52	-6,01	-6,36	-6,55	-6,60	-6,48	-6,25	-5,99	-5,77	-5,58	-5,37	-5,15	-4,94	0
16/12/2020 11:10:00	-4,94	-5,51	-6,03	-6,41	-6,68	-6,67	-6,48	-6,22	-5,94	-5,72	-5,52	-5,29	-5,05	-4,90	0
16/12/2020 11:15:00	-4,97	-5,55	-6,00	-6,38	-6,57	-6,58	-6,46	-6,23	-5,96	-5,74	-5,55	-5,32	-5,09	-4,91	0
16/12/2020 11:20:00	-4,91	-5,40	-5,91	-6,33	-6,56	-6,57	-6,42	-6,15	-5,85	-5,61	-5,39	-5,14	-4,89	-4,94	0
16/12/2020 11:25:00	-4,87	-5,37	-5,91	-6,25	-6,47	-6,48	-6,34	-6,07	-5,78	-5,55	-5,35	-5,13	-4,90	-4,78	0
16/12/2020 11:30:00	-4,85	-5,37	-5,79	-6,14	-6,34	-6,38	-6,23	-6,00	-5,76	-5,56	-5,38	-5,17	-4,95	-4,87	0
16/12/2020 11:35:00	-4,81	-5,41	-5,82	-6,07	-6,13	-6,08	-5,96	-5,73	-5,46	-5,25	-5,08	-4,90	-4,72	-4,85	0
16/12/2020 11:40:00	-4,70	-5,29	-5,70	-5,99	-6,11	-6,12	-6,03	-5,84	-5,60	-5,41	-5,25	-5,07	-4,88	-4,74	0
16/12/2020 11:45:00	-4,63	-5,08	-5,60	-6,00	-6,12	-6,12	-5,94	-5,63	-5,29	-5,03	-4,80	-4,55	-4,30	-4,65	0
16/12/2020 11:50:00	-4,52	-5,05	-5,54	-5,86	-6,03	-5,98	-5,79	-5,50	-5,19	-4,95	-4,75	-4,52	-4,29	-4,49	0
16/12/2020 11:55:00	-4,54	-5,14	-5,58	-5,85	-5,96	-5,89	-5,71	-5,45	-5,16	-4,95	-4,76	-4,56	-4,36	-4,52	0
16/12/2020 12:00:00	-4,49	-5,01	-5,54	-5,96	-6,10	-6,04	-5,82	-5,49	-5,14	-4,87	-4,65	-4,40	-4,16	-4,46	0
16/12/2020 12:05:00	-4,47	-4,94	-5,34	-5,68	-5,86	-5,87	-5,80	-5,59	-5,33	-5,12	-4,94	-4,72	-4,51	-4,42	0
16/12/2020 12:10:00	-4,45	-4,93	-5,39	-5,71	-5,84	-5,83	-5,66	-5,39	-5,10	-4,88	-4,70	-4,49	-4,28	-4,44	0
16/12/2020 12:15:00	-4,43	-4,85	-5,32	-5,74	-5,97	-5,94	-5,71	-5,38	-5,07	-4,83	-4,60	-4,34	-4,07	-4,40	0
16/12/2020 12:20:00	-4,38	-4,80	-5,28	-5,67	-5,82	-5,81	-5,63	-5,33	-5,01	-4,77	-4,56	-4,32	-4,07	-4,37	0
16/12/2020 12:25:00	-4,35	-4,82	-5,24	-5,62	-5,79	-5,76	-5,60	-5,33	-5,04	-4,80	-4,60	-4,35	-4,10	-4,31	0
16/12/2020 12:30:00	-4,33	-4,84	-5,26	-5,63	-5,71	-5,66	-5,43	-5,11	-4,81	-4,58	-4,39	-4,17	-3,95	-4,30	0
16/12/2020 12:35:00	-4,21	-4,70	-5,13	-5,47	-5,63	-5,63	-5,50	-5,25	-4,98	-4,77	-4,59	-4,38	-4,17	-4,21	0
16/12/2020 12:40:00	-4,15	-4,60	-5,02	-5,47	-5,69	-5,76	-5,67	-5,46	-5,21	-5,01	-4,82	-4,59	-4,36	-4,20	0
16/12/2020 12:45:00	-4,12	-4,56	-5,04	-5,39	-5,65	-5,66	-5,50	-5,24	-4,97	-4,76	-4,58	-4,35	-4,13	-4,09	0
16/12/2020 12:50:00	-4,09	-4,48	-4,86	-5,26	-5,48	-5,60	-5,55	-5,38	-5,17	-5,00	-4,84	-4,64	-4,44	-4,08	0
16/12/2020 12:55:00	-4,03	-4,45	-4,84	-5,14	-5,28	-5,27	-5,12	-4,87	-4,59	-4,39	-4,21	-3,99	-3,78	-4,02	0
16/12/2020 13:00:00	-3,93	-4,44	-4,91	-5,21	-5,37	-5,38	-5,26	-5,02	-4,75	-4,55	-4,37	-4,18	-3,98	-3,94	0
16/12/2020 13:05:00	-3,99	-4,35	-4,80	-5,23	-5,43	-5,46	-5,32	-5,05	-4,77	-4,56	-4,37	-4,16	-3,94	-3,95	0
16/12/2020 13:10:00	-3,82	-4,30	-4,72	-5,04	-5,23	-5,29	-5,23	-5,04	-4,81	-4,63	-4,47	-4,27	-4,08	-3,86	0
16/12/2020 13:15:00	-3,76	-4,23	-4,67	-4,93	-5,13	-5,16	-5,06	-4,87	-4,65	-4,49	-4,35	-4,19	-4,04	-3,78	0
16/12/2020 13:20:00	-3,73	-4,16	-4,55	-4,85	-5,07	-5,16	-5,14	-5,00	-4,80	-4,65	-4,52	-4,35	-4,18	-3,76	0
16/12/2020 13:25:00	-3,70	-4,05	-4,41	-4,80	-5,01	-5,02	-4,93	-4,71	-4,46	-4,27	-4,10	-3,88	-3,67	-3,66	0
16/12/2020 13:30:00	-3,61	-3,99	-4,40	-4,73	-4,91	-4,94	-4,84	-4,61	-4,35	-4,16	-3,99	-3,79	-3,59	-3,57	0
16/12/2020 13:35:00	-3,46	-3,85	-4,27	-4,55	-4,77	-4,79	-4,70	-4,48	-4,24	-4,05	-3,89	-3,69	-3,50	-3,47	0
16/12/2020 13:40:00	-3,34	-3,77	-4,16	-4,51	-4,71	-4,78	-4,71	-4,52	-4,29	-4,11	-3,95	-3,75	-3,55	-3,39	0
16/12/2020 13:45:00	-3,29	-3,68	-4,10	-4,51	-4,64	-4,63	-4,47	-4,18	-3,88	-3,66	-3,47	-3,24	-3,02	-3,32	0
16/12/2020 13:50:00	-3,28	-3,64	-4,03	-4,34	-4,50	-4,52	-4,39	-4,16	-3,91	-3,73	-3,58	-3,39	-3,21	-3,28	0
16/12/2020 13:55:00	-3,22	-3,61	-4,01	-4,33	-4,51	-4,54	-4,46	-4,25	-4,00	-3,82	-3,66	-3,47	-3,27	-3,26	0
16/12/2020 14:00:00	-3,17	-3,56	-3,94	-4,27	-4,44	-4,48	-4,40	-4,19	-3,94	-3,76	-3,59	-3,39	-3,18	-3,19	0
16/12/2020 14:05:00	-3,21	-3,54	-3,94	-4,23	-4,35	-4,33	-4,19	-3,93	-3,64	-3,45	-3,28	-3,10	-2,91	-3,17	0
16/12/2020 14:10:00	-3,12	-3,45	-3,89	-4,18	-4,32	-4,28	-4,12	-3,83	-3,53	-3,33	-3,16	-2,97	-2,79	-3,13	0
16/12/2020 14:15:00	-3,16	-3,44	-3,78	-4,13	-4,34	-4,37	-4,25	-4,02	-3,78	-3,62	-3,46	-3,27	-3,07	-3,12	0
16/12/2020 14:20:00	-3,05	-3,38	-3,70	-3,95	-4,13	-4,17	-4,10	-3,93	-3,73	-3,59	-3,46	-3,30	-3,15	-3,03	0
16/12/2020 14:25:00	-3,04	-3,33	-3,72	-4,05	-4,25	-4,30	-4,22	-4,00	-3,76	-3,58	-3,42	-3,24	-3,05	-3,02	0
16/12/2020 14:30:00	-3,01	-3,31	-3,64	-3,97	-4,12	-4,19	-4,13	-3,95	-3,74	-3,58	-3,45	-3,28	-3,12	-2,94	0
16/12/2020 14:35:00	-2,98	-3,23	-3,62	-3,98	-4,18	-4,21	-4,08	-3,84	-3,59	-3,41	-3,25	-3,05	-2,86	-2,92	0
16/12/2020 14:40:00	-2,90	-3,24	-3,57	-3,85	-4,01	-4,05	-4,01	-3,84	-3,62	-3,46	-3,33	-3,16	-2,99	-2,93	0
16/12/2020 14:45:00	-2,83	-3,19	-3,56	-3,89	-4,07	-4,12	-3,99	-3,77	-3,55	-3,39	-3,25	-3,07	-2,89	-2,86	0
16/12/2020 14:50:00	-2,84	-3,08	-3,46	-3,84	-4,05	-4,09	-3,99	-3,75	-3,49	-3,30	-3,13	-2,92	-2,70	-2,82	0
16/12/2020 14:55:00	-2,80	-3,08	-3,45	-3,90	-4,11	-4,10	-3,84	-3,49	-3,20	-2,98	-2,76	-2,49	-2,22	-2,85	0
16/12/2020 15:00:00	-2,82	-3,11	-3,50	-3,81	-4,04	-3,98	-3,70	-3,35	-3,05	-2,84	-2,63	-2,37	-2,11	-2,84	0
16/12/2020 15:05:00	-2,77	-3,13	-3,44	-3,80	-3,88	-3,83	-3,68	-3,41	-3,13	-2,94	-2,76	-2,56	-2,36	-2,76	0
16/12/2020 15:10:00	-2,71	-3,04	-3,39	-3,55	-3,58	-3,45	-3,26	-2,96	-2,66	-2,47	-2,32	-2,15	-1,99	-2,76	0
16/12/2020 15:15:00	-2,68	-3,02	-3,37	-3,68	-3,86	-3,83	-3,64	-3,35	-3,08	-2,90	-2,72	-2,50	-2,28	-2,69	0
16/12/2020 15:20:00	-2,77	-3,10	-3,38	-3,69	-3,75	-3,76	-3,60	-3,35	-3,10	-2,93	-2,77	-2,58	-2,39	-2,77	0
16/12/2020 15:25:00	-2,78	-2,96	-3,38	-3,79	-3,99	-4,00	-3,87	-3,58	-3,26	-3,04	-2,83	-2,59	-2,34	-2,72	0
16/12/2020 15:30:00	-2,71	-2,96	-3,28	-3,69	-3,91	-3,93	-3,76	-3,48	-3,22	-3,02	-2,83	-2,57	-2,31	-2,69	0
16/12/2020 15:35:00	-2,74	-2,97	-3,31	-3,66	-3,82	-3,94	-3,95	-3,82	-3,62	-3,49	-3,37	-3,24	-3,10	-2,74	0
16/12/2020 15:40:00	-2,67	-2,90	-3,21	-3,62	-3,88	-3,98	-3,99	-3,84	-3,64	-3,49	-3,35	-3,16	-2,96	-2,66	0
16/12/2020 15:45:00	-2,62	-2,88	-3,21	-3,49	-3,77	-3,97	-4,04	-3,98	-3,86	-3,77	-3,69	-3,57	-3,45	-2,66	0
16/12/2020 15:50:00	-2,71	-2,93	-3,20	-3,52	-3,75	-3,96	-4,03	-3,98	-3,86	-3,79	-3,71	-3,60	-3,48	-2,73	0
16/12/2020 15:55:00	-2,69	-2,93	-3,26	-3,62	-3,91	-4,11	-4,14	-4,06	-3,92	-3,82	-3,71	-3,57	-3,42	-2,66	0
16/12/2020 16:00:00	-2,65	-2,92	-3,27	-3,51	-3,83	-4,00	-4,04	-3,98	-3,85	-3,77	-3,69	-3,58	-3,46	-2,67	0
16/12/2020 16:05:00	-2,60	-2,91	-3,21	-3,53	-3,70	-3,80	-3,76	-3,60	-3,41	-3,28	-3,17	-3,01	-2,86	-2,67	0
16/12/2020 16:10:00	-2,69	-3,06	-3,43	-3,68	-3,82	-3,83	-3,71	-3,49	-3,27	-3,12	-3,00	-2,85	-2,71	-2,72	0
16/12/2020 16:15:00	-2,67	-3,01	-3,31	-3,64	-3,80	-3,86	-3,81	-3,63	-3,41	-3,26	-3,11	-2,93	-2,74	-2,69	0
16/12/2020 16:20:00	-2,72	-2,93	-3,21	-3,54	-3,67	-3,76	-3,74	-3,59	-3,38	-3,25	-3,13	-2,98	-2,83	-2,74	0
16/12/2020 16:25:00	-2,65	-2,81	-3,23	-3,65	-3,89	-3,79	-3,43	-2,97	-2,61	-2,35	-2,09	-1,78	-1,47	-2,63	0
16/12/2020 16:30:00	-2,62	-2,84	-3,17	-3,47	-3,53	-3,48	-3,27	-2,94	-2,64	-2,44	-2,26	-2,05	-1,85	-2,62	0
16/12/2020 16:35:00	-2,62	-2,80	-3,12	-3,44	-3,67	-3,73	-3,60	-3,37	-3,16	-3,01	-2,86	-2,67	-2,49	-2,57	0
16/12/2020 16:40:00	-2,55	-2,80	-3,10	-3,38	-3,58	-3,64	-3,55	-3,36	-3,16	-3,02	-2,89	-2,72	-2,55	-2,54	0
16/12/2020 16:45:00	-2,54	-2,76	-3,01	-3,30	-3,45	-3,53	-3,45	-3,27	-3,08	-2,96	-2,84	-2,69	-2,54	-2,52	0
16/12/2020 16:50:00	-2,52	-2,62	-2,95	-3,39	-3,63	-3,67	-3,59	-3,34	-3,07	-2,88	-2,69	-2,44	-2,20	-2,51	0
16/12/2020 16:55:00	-2,50	-2,70	-3,07	-3,45	-3,70	-3,79	-3,64	-3,39	-3,16	-2,99	-2,82	-2,60	-2,39	-2,47	0
16/12/2020 17:00:00	-2,42	-2,60	-2,92	-3,18	-3,35	-3,38	-3,31	-3,11	-2,89	-2,75	-2,62	-2,47	-2,32	-2,48	0
16/12/2020 17:05:00	-2,51	-2,69	-3,02	-3,35	-3,56	-3,58	-3,43	-3,18	-2,93	-2,75	-2,59	-2,37	-2,16	-2,46	0
16/12/2020 17:10:00	-2,47	-2,61	-2,95	-3,36	-3,58	-3,65	-3,46	-3,18	-2,93	-2,76	-2,59	-2,37	-2,15	-2,43	0
16/12/2020 17:15:00	-2,38	-2,58	-2,99	-3,45	-3,70	-3,74	-3,60	-3,31	-3,02	-2,80	-2,60	-2,34	-2,08	-2,42	0
16/12/2020 17:20:00	-2,41	-2,55	-2,85	-3,24	-3,50	-3,60	-3,49	-3,28	-3,07	-2,92	-2,76	-2,55	-2,33	-2,37	0
16/12/2020 17:25:00	-2,33	-2,52	-2,85	-3,17	-3,34	-3,36	-3,25	-3,01	-2,76	-2,60	-2,45	-2,26	-2,08	-2,31	0
16/12/2020 17:30:00	-2,34	-2,56	-2,91	-3,25	-3,42	-3,40	-3,19	-2,88	-2,60	-2,41	-2,23	-2,01	-1,79	-2,36	0
16/12/2020 17:35:00	-2,36	-2,54	-2,91	-3,25	-3,45	-3,46	-3,29	-3,01	-2,74	-2,56	-2,39	-2,18	-1,98	-2,35	0
16/12/2020 17:40:00	-2,35	-2,56	-2,93	-3,20	-3,35	-3,37	-3,25	-3,01	-2,77	-2,62	-2,49	-2,33	-2,18	-2,34	0
16/12/2020 17:45:00	-2,37	-2,57	-2,83	-3,15	-3,28	-3,33	-3,23	-3,02	-2,79	-2,65	-2,51	-2,33	-2,15	-2,34	0
16/12/2020 17:50:00	-2,28	-2,51	-2,79	-3,09	-3,23	-3,29	-3,24	-3,06	-2,85	-2,72	-2,60	-2,45	-2,30	-2,29	0
16/12/2020 17:55:00	-2,28	-2,46	-2,74	-2,99	-3,22	-3,31	-3,27	-3,13	-2,96	-2,86	-2,76	-2,63	-2,49	-2,27	0
16/12/2020 18:00:00	-2,25	-2,40	-2,74	-3,05	-3,24	-3,24	-3,13	-2,89	-2,64	-2,47	-2,32	-2,14	-1,96	-2,21	0
16/12/2020 18:05:00	-2,15	-2,39	-2,68	-3,01	-3,13	-3,21	-3,13	-2,94	-2,73	-2,60	-2,48	-2,33	-2,18	-2,15	0
16/12/2020 18:10:00	-2,16	-2,37	-2,68	-3,11	-3,37	-3,45	-3,31	-3,07	-2,84	-2,68	-2,50	-2,26	-2,03	-2,17	0
16/12/2020 18:15:00	-2,20	-2,38	-2,63	-2,98	-3,19	-3,32	-3,30	-3,16	-2,99	-2,87	-2,75	-2,58	-2,41	-2,18	0
16/12/2020 18:20:00	-2,15	-2,30	-2,68	-2,99	-3,27	-3,35	-3,29	-3,08	-2,86	-2,72	-2,58	-2,40	-2,22	-2,13	0
16/12/2020 18:25:00	-2,12	-2,27	-2,59	-3,01	-3,30	-3,43	-3,37	-3,19	-2,99	-2,85	-2,70	-2,51	-2,31	-2,14	0
16/12/2020 18:30:00	-2,08	-2,30	-2,59	-2,92	-3,12	-3,34	-3,41	-3,35	-3,22	-3,14	-3,06	-2,95	-2,83	-2,09	0
16/12/2020 18:35:00	-2,08	-2,31	-2,61	-2,88	-3,10	-3,28	-3,36	-3,30	-3,17	-3,09	-3,02	-2,92	-2,82	-2,06	0
16/12/2020 18:40:00	-2,05	-2,24	-2,53	-2,99	-3,22	-3,37	-3,45	-3,34	-3,15	-3,02	-2,88	-2,70	-2,52	-2,07	0
16/12/2020 18:45:00	-2,05	-2,23	-2,54	-2,87	-3,13	-3,33	-3,41	-3,36	-3,23	-3,15	-3,07	-2,95	-2,84	-2,05	0
16/12/2020 18:50:00	-2,08	-2,26	-2,57	-2,97	-3,28	-3,45	-3,44	-3,31	-3,16	-3,05	-2,93	-2,76	-2,59	-2,07	0
16/12/2020 18:55:00	-2,13	-2,29	-2,62	-2,95	-3,24	-3,43	-3,45	-3,33	-3,17	-3,06	-2,95	-2,79	-2,62	-2,10	0
16/12/2020 19:00:00	-2,12	-2,29	-2,53	-2,92	-3,20	-3,40	-3,45	-3,37	-3,23	-3,13	-3,02	-2,85	-2,68	-2,11	0
16/12/2020 19:05:00	-2,08	-2,27	-2,52	-2,80	-3,02	-3,22	-3,30	-3,27	-3,17	-3,11	-3,05	-2,96	-2,87	-2,11	0
16/12/2020 19:10:00	-2,05	-2,25	-2,55	-2,86	-3,09	-3,27	-3,35	-3,28	-3,14	-3,06	-2,97	-2,86	-2,74	-2,09	0
16/12/2020 19:15:00	-2,04	-2,22	-2,56	-2,88	-3,12	-3,29	-3,34	-3,24	-3,07	-2,96	-2,85	-2,70	-2,56	-2,03	0
16/12/2020 19:20:00	-1,98	-2,23	-2,57	-2,95	-3,20	-3,28	-3,21	-3,01	-2,80	-2,65	-2,50	-2,31	-2,12	-1,99	0
16/12/2020 19:25:00	-2,04	-2,19	-2,52	-2,86	-3,10	-3,24	-3,22	-3,07	-2,89	-2,77	-2,66	-2,51	-2,36	-2,02	0
16/12/2020 19:30:00	-2,02	-2,17	-2,50	-2,92	-3,22	-3,31	-3,24	-3,03	-2,80	-2,64	-2,47	-2,24	-2,01	-2,04	0
16/12/2020 19:35:00	-1,99	-2,15	-2,49	-2,90	-3,13	-3,32	-3,34	-3,21	-3,03	-2,91	-2,79	-2,63	-2,47	-1,99	0
16/12/2020 19:40:00	-2,03	-2,11	-2,37	-2,74	-3,02	-3,27	-3,35	-3,30	-3,19	-3,12	-3,05	-2,93	-2,82	-1,97	0
16/12/2020 19:45:00	-1,91	-2,08	-2,39	-2,76	-3,06	-3,23	-3,25	-3,14	-2,98	-2,87	-2,76	-2,60	-2,44	-1,97	0
16/12/2020 19:50:00	-1,89	-2,06	-2,36	-2,68	-2,94	-3,14	-3,22	-3,16	-3,03	-2,96	-2,88	-2,77	-2,66	-1,89	0
16/12/2020 19:55:00	-1,92	-2,06	-2,38	-2,75	-3,06	-3,27	-3,31	-3,20	-3,05	-2,95	-2,84	-2,68	-2,52	-1,89	0
16/12/2020 20:00:00	-1,88	-2,06	-2,37	-2,68	-2,91	-3,05	-3,11	-3,03	-2,87	-2,78	-2,69	-2,57	-2,46	-1,91	0
16/12/2020 20:05:00	-1,91	-2,01	-2,30	-2,72	-2,95	-3,13	-3,13	-2,99	-2,81	-2,69	-2,56	-2,39	-2,21	-1,87	0
16/12/2020 20:10:00	-1,86	-2,06	-2,37	-2,76	-3,02	-3,19	-3,22	-3,08	-2,90	-2,77	-2,63	-2,44	-2,25	-1,87	0
16/12/2020 20:15:00	-1,82	-2,08	-2,32	-2,68	-2,92	-3,09	-3,14	-3,07	-2,94	-2,86	-2,77	-2,64	-2,50	-1,86	0
16/12/2020 20:20:00	-1,89	-1,97	-2,22	-2,59	-2,88	-3,15	-3,27	-3,24	-3,15	-3,08	-3,01	-2,89	-2,78	-1,85	0
16/12/2020 20:25:00	-1,78	-1,91	-2,24	-2,59	-2,85	-3,05	-3,10	-3,00	-2,84	-2,74	-2,64	-2,49	-2,34	-1,79	0
16/12/2020 20:30:00	-1,80	-1,92	-2,18	-2,56	-2,85	-3,11	-3,23	-3,21	-3,10	-3,02	-2,94	-2,81	-2,67	-1,80	0
16/12/2020 20:35:00	-1,80	-1,92	-2,21	-2,60	-2,95	-3,17	-3,24	-3,16	-3,03	-2,93	-2,82	-2,66	-2,49	-1,79	0
16/12/2020 20:40:00	-1,76	-1,86	-2,21	-2,59	-2,94	-3,14	-3,16	-3,03	-2,87	-2,76	-2,64	-2,47	-2,30	-1,79	0
16/12/2020 20:45:00	-1,83	-1,89	-2,20	-2,63	-2,97	-3,12	-3,14	-3,00	-2,81	-2,67	-2,52	-2,32	-2,11	-1,81	0
16/12/2020 20:50:00	-1,79	-2,04	-2,33	-2,63	-2,90	-2,99	-2,92	-2,76	-2,59	-2,48	-2,36	-2,19	-2,03	-1,82	0
16/12/2020 20:55:00	-1,79	-1,97	-2,30	-2,69	-2,99	-3,13	-3,16	-3,04	-2,85	-2,73	-2,59	-2,41	-2,23	-1,81	0
16/12/2020 21:00:00	-1,81	-1,91	-2,22	-2,56	-2,86	-3,06	-3,11	-3,03	-2,88	-2,79	-2,70	-2,56	-2,42	-1,76	0
16/12/2020 21:05:00	-1,79	-1,90	-2,22	-2,65	-2,95	-3,16	-3,18	-3,06	-2,90	-2,78	-2,66	-2,49	-2,31	-1,78	0
16/12/2020 21:10:00	-1,82	-1,99	-2,21	-2,48	-2,78	-3,02	-3,18	-3,22	-3,17	-3,15	-3,12	-3,06	-2,99	-1,79	0
16/12/2020 21:15:00	-1,74	-1,90	-2,21	-2,59	-2,93	-3,16	-3,27	-3,22	-3,11	-3,04	-2,96	-2,83	-2,69	-1,76	0
16/12/2020 21:20:00	-1,73	-1,84	-2,14	-2,56	-2,92	-3,23	-3,34	-3,31	-3,21	-3,15	-3,06	-2,92	-2,78	-1,70	0
16/12/2020 21:25:00	-1,61	-1,76	-2,04	-2,40	-2,76	-3,08	-3,25	-3,28	-3,22	-3,18	-3,12	-3,01	-2,90	-1,67	0
16/12/2020 21:30:00	-1,68	-1,77	-2,11	-2,57	-2,95	-3,16	-3,24	-3,15	-3,00	-2,89	-2,78	-2,60	-2,43	-1,69	0
16/12/2020 21:35:00	-1,65	-1,86	-2,18	-2,50	-2,85	-3,04	-3,11	-3,04	-2,91	-2,83	-2,73	-2,59	-2,44	-1,66	0
16/12/2020 21:40:00	-1,64	-1,77	-2,08	-2,49	-2,89	-3,17	-3,30	-3,29	-3,21	-3,15	-3,08	-2,96	-2,83	-1,68	0
16/12/2020 21:45:00	-1,60	-1,77	-2,06	-2,42	-2,83	-3,15	-3,32	-3,36	-3,30	-3,27	-3,22	-3,11	-3,00	-1,67	0
16/12/2020 21:50:00	-1,67	-1,78	-2,06	-2,39	-2,82	-3,11	-3,27	-3,29	-3,23	-3,19	-3,13	-3,01	-2,89	-1,65	0
16/12/2020 21:55:00	-1,63	-1,74	-2,02	-2,43	-2,74	-3,07	-3,22	-3,23	-3,15	-3,11	-3,06	-2,96	-2,86	-1,61	0
16/12/2020 22:00:00	-1,59	-1,72	-1,98	-2,31	-2,65	-3,00	-3,24	-3,32	-3,29	-3,28	-3,26	-3,19	-3,11	-1,60	0
16/12/2020 22:05:00	-1,56	-1,67	-1,97	-2,38	-2,77	-3,12	-3,34	-3,40	-3,35	-3,33	-3,28	-3,19	-3,09	-1,58	0
16/12/2020 22:10:00	-1,60	-1,76	-2,09	-2,44	-2,75	-3,11	-3,35	-3,41	-3,35	-3,32	-3,28	-3,21	-3,14	-1,64	0
16/12/2020 22:15:00	-1,64	-1,74	-2,05	-2,39	-2,66	-2,91	-3,09	-3,09	-2,98	-2,93	-2,87	-2,78	-2,69	-1,64	0
16/12/2020 22:20:00	-1,62	-1,77	-2,03	-2,37	-2,70	-3,00	-3,26	-3,34	-3,29	-3,27	-3,24	-3,16	-3,08	-1,61	0
16/12/2020 22:25:00	-1,64	-1,74	-1,98	-2,33	-2,68	-3,00	-3,26	-3,34	-3,29	-3,27	-3,23	-3,14	-3,05	-1,62	0
16/12/2020 22:30:00	-1,62	-1,82	-2,06	-2,42	-2,76	-3,08	-3,29	-3,36	-3,33	-3,31	-3,29	-3,21	-3,13	-1,62	0
16/12/2020 22:35:00	-1,63	-1,72	-2,03	-2,41	-2,82	-3,13	-3,27	-3,26	-3,19	-3,14	-3,07	-2,95	-2,83	-1,57	0
16/12/2020 22:40:00	-1,65	-1,70	-2,03	-2,44	-2,88	-3,25	-3,43	-3,46	-3,39	-3,35	-3,29	-3,18	-3,06	-1,65	0
16/12/2020 22:45:00	-1,64	-1,80	-2,16	-2,54	-2,90	-3,16	-3,34	-3,34	-3,23	-3,17	-3,10	-2,99	-2,88	-1,62	0
16/12/2020 22:50:00	-1,66	-1,80	-2,10	-2,51	-2,93	-3,27	-3,44	-3,46	-3,39	-3,35	-3,28	-3,14	-3,01	-1,67	0
16/12/2020 22:55:00	-1,70	-1,81	-2,07	-2,51	-2,90	-3,23	-3,40	-3,44	-3,39	-3,36	-3,31	-3,20	-3,09	-1,67	0
16/12/2020 23:00:00	-1,66	-1,81	-2,08	-2,40	-2,69	-3,07	-3,32	-3,42	-3,40	-3,40	-3,40	-3,36	-3,32	-1,64	0
16/12/2020 23:05:00	-1,67	-1,82	-2,05	-2,42	-2,76	-3,12	-3,38	-3,49	-3,46	-3,45	-3,43	-3,36	-3,29	-1,65	0
16/12/2020 23:10:00	-1,63	-1,81	-2,09	-2,49	-2,86	-3,17	-3,37	-3,41	-3,36	-3,32	-3,27	-3,16	-3,06	-1,66	0
16/12/2020 23:15:00	-1,65	-1,73	-2,00	-2,40	-2,86	-3,19	-3,38	-3,43	-3,39	-3,36	-3,31	-3,19	-3,07	-1,64	0
16/12/2020 23:20:00	-1,65	-1,69	-2,02	-2,40	-2,77	-3,10	-3,32	-3,35	-3,27	-3,22	-3,16	-3,05	-2,95	-1,62	0
16/12/2020 23:25:00	-1,63	-1,80	-2,08	-2,43	-2,81	-3,10	-3,27	-3,31	-3,26	-3,23	-3,19	-3,10	-3,01	-1,65	0
16/12/2020 23:30:00	-1,66	-1,79	-2,09	-2,50	-2,82	-3,16	-3,39	-3,44	-3,36	-3,32	-3,27	-3,17	-3,08	-1,64	0
16/12/2020 23:35:00	-1,65	-1,66	-1,86	-2,24	-2,62	-3,01	-3,26	-3,35	-3,35	-3,35	-3,33	-3,25	-3,18	-1,59	0
16/12/2020 23:40:00	-1,59	-1,73	-1,96	-2,25	-2,58	-2,89	-3,16	-3,26	-3,24	-3,23	-3,22	-3,16	-3,10	-1,58	0
16/12/2020 23:45:00	-1,58	-1,74	-2,00	-2,35	-2,65	-2,92	-3,11	-3,15	-3,08	-3,04	-3,01	-2,93	-2,85	-1,60	0
16/12/2020 23:50:00	-1,53	-1,66	-1,91	-2,21	-2,57	-2,86	-3,07	-3,13	-3,09	-3,06	-3,03	-2,94	-2,85	-1,59	0
16/12/2020 23:55:00	-1,53	-1,59	-1,89	-2,26	-2,59	-2,87	-2,99	-2,96	-2,86	-2,79	-2,71	-2,58	-2,45	-1,51	0
