FileFormat:0002.2 file with temperature of atmosphere
200
local	GMT or Local
0	GMT-Local=[hours]
0	Height[m]
0	0	0	Longitude                [grd]               [min]               [sec]
0	0	0	Latitude                [grd]               [min]               [sec]
N	NS
59,40	Freq[GHz]
0,00	dTemostat[K]
0,150	MessErr[K]
0,248	//[grad/step]
version 14.0.20110218
MTP5H033F5940K-33.00D180214+A1.1
Commentary:
enter comment
End Of Commentary

SYSTEM\alaska.dat
data time	0	50	100	150	200	250	300	350	400	450	500	550	600	OutsideTemperature	Quality
20/12/2020 00:00:00	-2,72	-2,98	-3,39	-3,77	-4,14	-4,47	-4,68	-4,73	-4,66	-4,61	-4,57	-4,49	-4,41	-2,67	0
20/12/2020 00:05:00	-2,71	-2,96	-3,33	-3,68	-4,00	-4,38	-4,68	-4,80	-4,75	-4,72	-4,70	-4,64	-4,58	-2,69	0
20/12/2020 00:10:00	-2,69	-2,93	-3,24	-3,60	-3,95	-4,33	-4,62	-4,76	-4,75	-4,75	-4,74	-4,70	-4,65	-2,62	0
20/12/2020 00:15:00	-2,65	-3,03	-3,36	-3,69	-3,98	-4,30	-4,55	-4,64	-4,59	-4,55	-4,52	-4,46	-4,39	-2,65	0
20/12/2020 00:20:00	-2,66	-2,96	-3,23	-3,62	-3,94	-4,31	-4,65	-4,81	-4,80	-4,79	-4,78	-4,72	-4,67	-2,64	0
20/12/2020 00:25:00	-2,65	-2,91	-3,25	-3,62	-3,91	-4,27	-4,56	-4,69	-4,65	-4,64	-4,63	-4,59	-4,56	-2,62	0
20/12/2020 00:30:00	-2,59	-2,99	-3,31	-3,66	-3,97	-4,31	-4,55	-4,64	-4,60	-4,57	-4,54	-4,46	-4,38	-2,60	0
20/12/2020 00:35:00	-2,64	-2,93	-3,27	-3,62	-3,94	-4,28	-4,56	-4,68	-4,64	-4,61	-4,59	-4,53	-4,48	-2,62	0
20/12/2020 00:40:00	-2,53	-2,90	-3,23	-3,52	-3,81	-4,13	-4,41	-4,54	-4,50	-4,48	-4,47	-4,43	-4,38	-2,54	0
20/12/2020 00:45:00	-2,51	-2,76	-3,16	-3,55	-3,89	-4,22	-4,42	-4,47	-4,40	-4,36	-4,32	-4,25	-4,19	-2,55	0
20/12/2020 00:50:00	-2,56	-2,76	-3,12	-3,54	-3,95	-4,33	-4,64	-4,76	-4,73	-4,71	-4,68	-4,62	-4,56	-2,53	0
20/12/2020 00:55:00	-2,54	-2,82	-3,18	-3,61	-3,97	-4,37	-4,59	-4,67	-4,63	-4,60	-4,56	-4,48	-4,40	-2,56	0
20/12/2020 01:00:00	-2,50	-2,81	-3,20	-3,51	-3,84	-4,19	-4,45	-4,56	-4,52	-4,51	-4,50	-4,47	-4,44	-2,53	0
20/12/2020 01:05:00	-2,50	-2,83	-3,18	-3,61	-3,95	-4,30	-4,55	-4,62	-4,56	-4,51	-4,45	-4,35	-4,25	-2,54	0
20/12/2020 01:10:00	-2,53	-2,78	-3,09	-3,55	-3,98	-4,32	-4,55	-4,63	-4,59	-4,55	-4,49	-4,38	-4,26	-2,52	0
20/12/2020 01:15:00	-2,51	-2,74	-3,08	-3,51	-3,88	-4,27	-4,58	-4,71	-4,68	-4,65	-4,61	-4,53	-4,46	-2,47	0
20/12/2020 01:20:00	-2,48	-2,68	-3,12	-3,61	-3,97	-4,34	-4,60	-4,64	-4,53	-4,45	-4,37	-4,26	-4,14	-2,42	0
20/12/2020 01:25:00	-2,44	-2,73	-3,07	-3,49	-3,84	-4,22	-4,49	-4,59	-4,56	-4,54	-4,51	-4,45	-4,38	-2,49	0
20/12/2020 01:30:00	-2,46	-2,65	-3,08	-3,50	-3,92	-4,29	-4,56	-4,65	-4,59	-4,55	-4,51	-4,43	-4,36	-2,44	0
20/12/2020 01:35:00	-2,44	-2,68	-2,98	-3,39	-3,76	-4,17	-4,54	-4,72	-4,71	-4,70	-4,68	-4,62	-4,55	-2,46	0
20/12/2020 01:40:00	-2,41	-2,61	-2,99	-3,35	-3,75	-4,19	-4,49	-4,64	-4,63	-4,63	-4,63	-4,60	-4,56	-2,41	0
20/12/2020 01:45:00	-2,41	-2,64	-3,00	-3,40	-3,82	-4,26	-4,62	-4,80	-4,80	-4,80	-4,78	-4,73	-4,67	-2,44	0
20/12/2020 01:50:00	-2,37	-2,61	-2,93	-3,31	-3,66	-4,09	-4,40	-4,55	-4,55	-4,55	-4,54	-4,50	-4,46	-2,37	0
20/12/2020 01:55:00	-2,35	-2,56	-2,92	-3,32	-3,69	-4,10	-4,43	-4,57	-4,54	-4,53	-4,51	-4,46	-4,41	-2,35	0
20/12/2020 02:00:00	-2,32	-2,51	-2,81	-3,18	-3,58	-4,02	-4,42	-4,64	-4,67	-4,68	-4,70	-4,67	-4,65	-2,33	0
20/12/2020 02:05:00	-2,36	-2,57	-2,88	-3,32	-3,74	-4,11	-4,42	-4,55	-4,53	-4,51	-4,48	-4,40	-4,33	-2,33	0
20/12/2020 02:10:00	-2,33	-2,51	-2,88	-3,27	-3,69	-4,10	-4,43	-4,57	-4,55	-4,53	-4,51	-4,45	-4,39	-2,36	0
20/12/2020 02:15:00	-2,35	-2,56	-2,92	-3,34	-3,70	-4,09	-4,40	-4,51	-4,47	-4,44	-4,41	-4,34	-4,28	-2,31	0
20/12/2020 02:20:00	-2,27	-2,54	-2,86	-3,18	-3,48	-3,88	-4,21	-4,37	-4,36	-4,36	-4,37	-4,34	-4,31	-2,27	0
20/12/2020 02:25:00	-2,23	-2,44	-2,82	-3,21	-3,63	-4,03	-4,34	-4,48	-4,45	-4,44	-4,42	-4,36	-4,30	-2,25	0
20/12/2020 02:30:00	-2,24	-2,46	-2,88	-3,33	-3,71	-4,06	-4,27	-4,31	-4,22	-4,16	-4,10	-4,00	-3,90	-2,20	0
20/12/2020 02:35:00	-2,18	-2,47	-2,85	-3,23	-3,55	-3,88	-4,15	-4,23	-4,17	-4,13	-4,10	-4,03	-3,97	-2,20	0
20/12/2020 02:40:00	-2,24	-2,42	-2,78	-3,23	-3,61	-4,02	-4,35	-4,48	-4,44	-4,42	-4,39	-4,32	-4,25	-2,23	0
20/12/2020 02:45:00	-2,16	-2,48	-2,80	-3,08	-3,42	-3,83	-4,16	-4,35	-4,38	-4,40	-4,43	-4,42	-4,41	-2,15	0
20/12/2020 02:50:00	-2,14	-2,35	-2,74	-3,15	-3,60	-4,03	-4,34	-4,48	-4,46	-4,45	-4,43	-4,36	-4,29	-2,17	0
20/12/2020 02:55:00	-2,18	-2,43	-2,83	-3,24	-3,60	-3,90	-4,09	-4,11	-4,01	-3,94	-3,88	-3,77	-3,66	-2,19	0
20/12/2020 03:00:00	-2,24	-2,44	-2,85	-3,26	-3,68	-4,10	-4,40	-4,51	-4,48	-4,46	-4,43	-4,37	-4,30	-2,27	0
20/12/2020 03:05:00	-2,28	-2,50	-2,87	-3,27	-3,68	-4,06	-4,31	-4,40	-4,37	-4,35	-4,32	-4,25	-4,18	-2,31	0
20/12/2020 03:10:00	-2,30	-2,50	-2,80	-3,23	-3,60	-3,99	-4,27	-4,39	-4,36	-4,34	-4,32	-4,24	-4,17	-2,24	0
20/12/2020 03:15:00	-2,34	-2,52	-2,87	-3,35	-3,76	-4,12	-4,37	-4,44	-4,37	-4,32	-4,26	-4,15	-4,04	-2,30	0
20/12/2020 03:20:00	-2,30	-2,53	-2,87	-3,21	-3,62	-4,01	-4,26	-4,37	-4,36	-4,35	-4,33	-4,27	-4,20	-2,28	0
20/12/2020 03:25:00	-2,28	-2,49	-2,82	-3,26	-3,69	-4,11	-4,40	-4,52	-4,52	-4,51	-4,49	-4,42	-4,35	-2,30	0
20/12/2020 03:30:00	-2,30	-2,45	-2,82	-3,18	-3,58	-3,98	-4,30	-4,44	-4,42	-4,42	-4,42	-4,39	-4,36	-2,28	0
20/12/2020 03:35:00	-2,28	-2,51	-2,82	-3,16	-3,52	-3,91	-4,24	-4,39	-4,39	-4,39	-4,39	-4,35	-4,31	-2,27	0
20/12/2020 03:40:00	-2,27	-2,56	-2,94	-3,26	-3,60	-3,91	-4,12	-4,19	-4,14	-4,11	-4,10	-4,05	-4,01	-2,32	0
20/12/2020 03:45:00	-2,41	-2,58	-2,92	-3,29	-3,66	-4,02	-4,30	-4,40	-4,35	-4,31	-4,28	-4,19	-4,11	-2,31	0
20/12/2020 03:50:00	-2,33	-2,59	-2,99	-3,36	-3,70	-4,01	-4,21	-4,24	-4,15	-4,10	-4,04	-3,95	-3,86	-2,35	0
20/12/2020 03:55:00	-2,34	-2,66	-3,01	-3,38	-3,73	-4,07	-4,31	-4,40	-4,36	-4,33	-4,31	-4,24	-4,18	-2,34	0
20/12/2020 04:00:00	-2,36	-2,63	-2,97	-3,29	-3,57	-3,96	-4,22	-4,33	-4,30	-4,28	-4,28	-4,24	-4,20	-2,37	0
20/12/2020 04:05:00	-2,31	-2,68	-3,05	-3,40	-3,66	-4,00	-4,23	-4,30	-4,23	-4,20	-4,17	-4,11	-4,06	-2,39	0
20/12/2020 04:10:00	-2,41	-2,62	-2,98	-3,36	-3,74	-4,11	-4,38	-4,49	-4,44	-4,41	-4,38	-4,31	-4,23	-2,40	0
20/12/2020 04:15:00	-2,35	-2,64	-3,02	-3,41	-3,75	-4,08	-4,25	-4,29	-4,21	-4,17	-4,12	-4,04	-3,95	-2,41	0
20/12/2020 04:20:00	-2,45	-2,76	-3,12	-3,45	-3,78	-4,07	-4,24	-4,28	-4,22	-4,18	-4,15	-4,09	-4,03	-2,45	0
20/12/2020 04:25:00	-2,42	-2,69	-3,07	-3,49	-3,77	-4,06	-4,27	-4,31	-4,22	-4,15	-4,10	-4,02	-3,95	-2,44	0
20/12/2020 04:30:00	-2,50	-2,78	-3,14	-3,48	-3,82	-4,12	-4,34	-4,39	-4,32	-4,27	-4,23	-4,15	-4,07	-2,49	0
20/12/2020 04:35:00	-2,48	-2,70	-3,05	-3,44	-3,81	-4,13	-4,39	-4,46	-4,39	-4,33	-4,27	-4,17	-4,07	-2,51	0
20/12/2020 04:40:00	-2,50	-2,77	-3,14	-3,45	-3,76	-4,07	-4,26	-4,31	-4,25	-4,21	-4,19	-4,13	-4,08	-2,48	0
20/12/2020 04:45:00	-2,42	-2,72	-3,11	-3,41	-3,73	-4,00	-4,21	-4,26	-4,19	-4,15	-4,12	-4,06	-4,00	-2,44	0
20/12/2020 04:50:00	-2,36	-2,55	-2,91	-3,30	-3,77	-4,12	-4,32	-4,38	-4,34	-4,29	-4,24	-4,13	-4,02	-2,35	0
20/12/2020 04:55:00	-2,40	-2,66	-3,01	-3,31	-3,64	-3,97	-4,21	-4,30	-4,27	-4,26	-4,25	-4,21	-4,17	-2,42	0
20/12/2020 05:00:00	-2,38	-2,63	-2,93	-3,34	-3,60	-3,98	-4,25	-4,36	-4,30	-4,27	-4,24	-4,17	-4,10	-2,39	0
20/12/2020 05:05:00	-2,36	-2,57	-2,95	-3,28	-3,63	-3,98	-4,22	-4,29	-4,22	-4,18	-4,14	-4,07	-3,99	-2,36	0
20/12/2020 05:10:00	-2,31	-2,55	-2,88	-3,25	-3,58	-3,90	-4,15	-4,25	-4,20	-4,17	-4,15	-4,10	-4,04	-2,30	0
20/12/2020 05:15:00	-2,34	-2,58	-2,96	-3,34	-3,68	-3,95	-4,13	-4,16	-4,07	-4,01	-3,96	-3,87	-3,79	-2,31	0
20/12/2020 05:20:00	-2,34	-2,60	-2,90	-3,20	-3,53	-3,88	-4,14	-4,26	-4,23	-4,22	-4,21	-4,15	-4,10	-2,34	0
20/12/2020 05:25:00	-2,32	-2,65	-2,92	-3,28	-3,50	-3,84	-4,05	-4,12	-4,07	-4,04	-4,00	-3,93	-3,86	-2,35	0
20/12/2020 05:30:00	-2,30	-2,70	-3,03	-3,22	-3,42	-3,68	-3,91	-4,01	-3,96	-3,96	-3,97	-3,97	-3,97	-2,36	0
20/12/2020 05:35:00	-2,43	-2,72	-3,06	-3,36	-3,61	-3,88	-4,07	-4,11	-4,02	-3,98	-3,95	-3,89	-3,83	-2,44	0
20/12/2020 05:40:00	-2,42	-2,75	-3,09	-3,42	-3,69	-3,92	-4,03	-4,02	-3,91	-3,85	-3,79	-3,69	-3,60	-2,42	0
20/12/2020 05:45:00	-2,42	-2,68	-2,99	-3,28	-3,56	-3,82	-3,95	-3,97	-3,90	-3,86	-3,83	-3,76	-3,69	-2,37	0
20/12/2020 05:50:00	-2,46	-2,80	-3,14	-3,43	-3,66	-3,87	-3,94	-3,89	-3,78	-3,71	-3,64	-3,55	-3,45	-2,43	0
20/12/2020 05:55:00	-2,46	-2,85	-3,10	-3,37	-3,59	-3,82	-3,96	-4,00	-3,95	-3,92	-3,90	-3,84	-3,79	-2,45	0
20/12/2020 06:00:00	-2,41	-2,73	-3,12	-3,41	-3,62	-3,82	-4,00	-3,99	-3,84	-3,75	-3,68	-3,59	-3,50	-2,46	0
20/12/2020 06:05:00	-2,55	-2,83	-3,21	-3,55	-3,79	-4,00	-4,11	-4,06	-3,92	-3,84	-3,76	-3,66	-3,55	-2,52	0
20/12/2020 06:10:00	-2,48	-2,81	-3,19	-3,47	-3,71	-3,89	-4,01	-3,98	-3,85	-3,76	-3,69	-3,60	-3,50	-2,49	0
20/12/2020 06:15:00	-2,49	-2,83	-3,18	-3,52	-3,83	-4,04	-4,11	-4,07	-3,96	-3,88	-3,80	-3,68	-3,57	-2,47	0
20/12/2020 06:20:00	-2,52	-2,82	-3,22	-3,50	-3,79	-4,01	-4,12	-4,09	-3,97	-3,89	-3,82	-3,72	-3,62	-2,54	0
20/12/2020 06:25:00	-2,58	-2,89	-3,20	-3,49	-3,64	-3,92	-4,10	-4,14	-4,06	-4,03	-4,01	-3,97	-3,93	-2,52	0
20/12/2020 06:30:00	-2,55	-2,86	-3,24	-3,57	-3,84	-4,07	-4,15	-4,10	-3,97	-3,89	-3,81	-3,69	-3,58	-2,59	0
20/12/2020 06:35:00	-2,63	-2,93	-3,26	-3,61	-3,83	-4,07	-4,25	-4,27	-4,17	-4,11	-4,06	-3,99	-3,92	-2,59	0
20/12/2020 06:40:00	-2,57	-2,89	-3,23	-3,52	-3,75	-3,95	-4,06	-4,04	-3,93	-3,86	-3,81	-3,74	-3,67	-2,58	0
20/12/2020 06:45:00	-2,52	-2,88	-3,22	-3,56	-3,81	-3,98	-4,08	-4,03	-3,90	-3,81	-3,73	-3,63	-3,52	-2,56	0
20/12/2020 06:50:00	-2,56	-2,87	-3,22	-3,48	-3,78	-3,98	-4,06	-4,03	-3,93	-3,86	-3,81	-3,72	-3,63	-2,54	0
20/12/2020 06:55:00	-2,56	-2,85	-3,24	-3,62	-3,92	-4,16	-4,29	-4,26	-4,11	-4,01	-3,91	-3,77	-3,63	-2,54	0
20/12/2020 07:00:00	-2,50	-2,88	-3,23	-3,51	-3,72	-3,95	-4,09	-4,08	-3,97	-3,89	-3,82	-3,73	-3,63	-2,57	0
20/12/2020 07:05:00	-2,55	-2,87	-3,28	-3,58	-3,84	-4,06	-4,18	-4,15	-4,02	-3,94	-3,88	-3,79	-3,71	-2,54	0
20/12/2020 07:10:00	-2,61	-2,84	-3,13	-3,40	-3,69	-3,94	-4,05	-4,06	-3,99	-3,95	-3,90	-3,82	-3,74	-2,53	0
20/12/2020 07:15:00	-2,53	-2,84	-3,20	-3,49	-3,76	-3,98	-4,12	-4,12	-4,01	-3,94	-3,89	-3,80	-3,71	-2,56	0
20/12/2020 07:20:00	-2,49	-2,78	-3,09	-3,35	-3,58	-3,88	-4,11	-4,19	-4,13	-4,09	-4,07	-4,01	-3,96	-2,49	0
20/12/2020 07:25:00	-2,44	-2,75	-3,06	-3,34	-3,60	-3,87	-4,03	-4,06	-3,99	-3,96	-3,93	-3,87	-3,81	-2,48	0
20/12/2020 07:30:00	-2,48	-2,76	-3,08	-3,33	-3,58	-3,83	-3,99	-4,02	-3,95	-3,92	-3,90	-3,85	-3,81	-2,51	0
20/12/2020 07:35:00	-2,47	-2,75	-3,02	-3,29	-3,57	-3,85	-4,06	-4,14	-4,10	-4,08	-4,06	-4,01	-3,96	-2,47	0
20/12/2020 07:40:00	-2,43	-2,65	-2,99	-3,37	-3,69	-3,98	-4,10	-4,07	-3,97	-3,89	-3,81	-3,68	-3,55	-2,44	0
20/12/2020 07:45:00	-2,41	-2,70	-3,03	-3,36	-3,62	-3,90	-4,06	-4,08	-3,99	-3,94	-3,89	-3,80	-3,71	-2,43	0
20/12/2020 07:50:00	-2,38	-2,66	-3,00	-3,27	-3,56	-3,84	-3,96	-3,98	-3,92	-3,88	-3,85	-3,79	-3,73	-2,39	0
20/12/2020 07:55:00	-2,40	-2,63	-2,96	-3,27	-3,54	-3,84	-4,02	-4,05	-3,97	-3,93	-3,89	-3,81	-3,74	-2,35	0
20/12/2020 08:00:00	-2,31	-2,58	-2,87	-3,17	-3,45	-3,73	-3,94	-4,01	-3,96	-3,93	-3,90	-3,84	-3,78	-2,30	0
20/12/2020 08:05:00	-2,30	-2,53	-2,85	-3,24	-3,54	-3,79	-3,91	-3,91	-3,82	-3,77	-3,72	-3,64	-3,55	-2,26	0
20/12/2020 08:10:00	-2,23	-2,51	-2,82	-3,09	-3,35	-3,70	-4,00	-4,13	-4,11	-4,11	-4,11	-4,09	-4,08	-2,29	0
20/12/2020 08:15:00	-2,27	-2,48	-2,77	-3,04	-3,36	-3,68	-3,94	-4,04	-4,01	-3,99	-3,98	-3,94	-3,89	-2,27	0
20/12/2020 08:20:00	-2,21	-2,40	-2,69	-3,10	-3,46	-3,83	-4,10	-4,20	-4,15	-4,12	-4,07	-3,97	-3,87	-2,22	0
20/12/2020 08:25:00	-2,17	-2,40	-2,78	-3,10	-3,39	-3,75	-3,95	-3,99	-3,93	-3,90	-3,88	-3,83	-3,78	-2,23	0
20/12/2020 08:30:00	-2,21	-2,45	-2,73	-3,04	-3,34	-3,67	-3,90	-3,99	-3,96	-3,95	-3,94	-3,90	-3,85	-2,19	0
20/12/2020 08:35:00	-2,17	-2,43	-2,72	-3,04	-3,36	-3,67	-3,89	-3,96	-3,92	-3,89	-3,86	-3,80	-3,73	-2,17	0
20/12/2020 08:40:00	-2,15	-2,38	-2,66	-2,98	-3,27	-3,60	-3,84	-3,92	-3,89	-3,87	-3,85	-3,79	-3,74	-2,15	0
20/12/2020 08:45:00	-2,18	-2,44	-2,79	-3,09	-3,37	-3,68	-3,91	-3,98	-3,92	-3,90	-3,88	-3,83	-3,79	-2,18	0
20/12/2020 08:50:00	-2,13	-2,36	-2,63	-3,00	-3,32	-3,65	-3,87	-3,95	-3,91	-3,88	-3,85	-3,77	-3,68	-2,14	0
20/12/2020 08:55:00	-2,14	-2,39	-2,72	-3,06	-3,37	-3,67	-3,84	-3,86	-3,78	-3,73	-3,67	-3,58	-3,48	-2,14	0
20/12/2020 09:00:00	-2,08	-2,39	-2,70	-3,00	-3,27	-3,58	-3,75	-3,79	-3,74	-3,72	-3,69	-3,63	-3,57	-2,14	0
20/12/2020 09:05:00	-2,12	-2,33	-2,67	-3,02	-3,31	-3,58	-3,75	-3,77	-3,67	-3,61	-3,56	-3,46	-3,37	-2,09	0
20/12/2020 09:10:00	-2,00	-2,32	-2,63	-2,93	-3,20	-3,51	-3,71	-3,76	-3,71	-3,68	-3,64	-3,58	-3,51	-2,05	0
20/12/2020 09:15:00	-2,13	-2,38	-2,67	-2,98	-3,25	-3,53	-3,71	-3,76	-3,70	-3,67	-3,65	-3,59	-3,53	-2,11	0
20/12/2020 09:20:00	-2,10	-2,43	-2,72	-3,00	-3,27	-3,50	-3,63	-3,65	-3,58	-3,54	-3,51	-3,44	-3,36	-2,11	0
20/12/2020 09:25:00	-2,04	-2,33	-2,68	-2,91	-3,17	-3,42	-3,60	-3,64	-3,57	-3,54	-3,52	-3,48	-3,44	-2,04	0
20/12/2020 09:30:00	-1,98	-2,24	-2,62	-2,88	-3,13	-3,39	-3,50	-3,49	-3,40	-3,36	-3,34	-3,29	-3,24	-1,96	0
20/12/2020 09:35:00	-1,94	-2,22	-2,52	-2,82	-3,08	-3,36	-3,58	-3,64	-3,57	-3,54	-3,51	-3,44	-3,38	-1,97	0
20/12/2020 09:40:00	-1,89	-2,20	-2,51	-2,81	-3,06	-3,30	-3,44	-3,45	-3,37	-3,32	-3,28	-3,20	-3,13	-1,94	0
20/12/2020 09:45:00	-1,93	-2,07	-2,43	-2,77	-3,12	-3,37	-3,51	-3,50	-3,40	-3,33	-3,27	-3,18	-3,08	-1,86	0
20/12/2020 09:50:00	-1,85	-2,04	-2,36	-2,70	-3,01	-3,23	-3,37	-3,36	-3,26	-3,21	-3,15	-3,06	-2,98	-1,83	0
20/12/2020 09:55:00	-1,79	-1,98	-2,31	-2,64	-2,94	-3,22	-3,35	-3,34	-3,26	-3,21	-3,16	-3,07	-2,99	-1,74	0
20/12/2020 10:00:00	-1,69	-1,89	-2,25	-2,61	-2,91	-3,17	-3,32	-3,32	-3,21	-3,16	-3,10	-3,02	-2,93	-1,70	0
20/12/2020 10:05:00	-1,62	-1,87	-2,18	-2,45	-2,73	-3,02	-3,22	-3,28	-3,24	-3,24	-3,23	-3,20	-3,17	-1,63	0
20/12/2020 10:10:00	-1,62	-1,83	-2,23	-2,63	-2,86	-3,11	-3,22	-3,18	-3,05	-2,98	-2,93	-2,86	-2,79	-1,60	0
20/12/2020 10:15:00	-1,44	-1,81	-2,11	-2,38	-2,59	-2,85	-3,00	-3,04	-2,99	-2,98	-2,97	-2,94	-2,91	-1,51	0
20/12/2020 10:20:00	-1,50	-1,68	-2,05	-2,42	-2,68	-2,98	-3,12	-3,11	-3,01	-2,96	-2,91	-2,84	-2,77	-1,46	0
20/12/2020 10:25:00	-1,46	-1,61	-1,98	-2,31	-2,61	-2,90	-3,07	-3,07	-2,98	-2,94	-2,91	-2,84	-2,78	-1,44	0
20/12/2020 10:30:00	-1,36	-1,63	-1,90	-2,20	-2,42	-2,70	-2,85	-2,89	-2,83	-2,82	-2,81	-2,77	-2,73	-1,38	0
20/12/2020 10:35:00	-1,31	-1,53	-1,88	-2,18	-2,44	-2,73	-2,89	-2,92	-2,85	-2,84	-2,83	-2,79	-2,76	-1,35	0
20/12/2020 10:40:00	-1,26	-1,50	-1,79	-2,04	-2,34	-2,63	-2,85	-2,94	-2,91	-2,92	-2,93	-2,91	-2,89	-1,28	0
20/12/2020 10:45:00	-1,23	-1,44	-1,72	-1,98	-2,27	-2,56	-2,78	-2,87	-2,85	-2,86	-2,87	-2,85	-2,83	-1,23	0
20/12/2020 10:50:00	-1,25	-1,43	-1,71	-1,96	-2,24	-2,53	-2,74	-2,83	-2,81	-2,83	-2,86	-2,87	-2,87	-1,24	0
20/12/2020 10:55:00	-1,21	-1,36	-1,67	-2,01	-2,27	-2,56	-2,73	-2,76	-2,69	-2,68	-2,66	-2,62	-2,58	-1,17	0
20/12/2020 11:00:00	-1,15	-1,36	-1,66	-1,96	-2,31	-2,56	-2,77	-2,83	-2,79	-2,79	-2,78	-2,74	-2,70	-1,15	0
20/12/2020 11:05:00	-1,17	-1,33	-1,65	-2,04	-2,38	-2,66	-2,88	-2,94	-2,88	-2,85	-2,83	-2,77	-2,71	-1,16	0
20/12/2020 11:10:00	-1,13	-1,36	-1,65	-1,94	-2,22	-2,55	-2,83	-2,95	-2,94	-2,96	-2,98	-2,97	-2,96	-1,07	0
20/12/2020 11:15:00	-1,03	-1,26	-1,65	-2,04	-2,37	-2,63	-2,77	-2,77	-2,67	-2,63	-2,59	-2,52	-2,45	-1,01	0
20/12/2020 11:20:00	-0,96	-1,17	-1,49	-1,81	-2,15	-2,51	-2,75	-2,84	-2,83	-2,84	-2,84	-2,81	-2,77	-1,00	0
20/12/2020 11:25:00	-0,98	-1,16	-1,52	-1,86	-2,24	-2,57	-2,81	-2,88	-2,84	-2,84	-2,83	-2,80	-2,76	-0,96	0
20/12/2020 11:30:00	-0,89	-1,16	-1,46	-1,74	-2,06	-2,42	-2,74	-2,90	-2,91	-2,95	-2,98	-2,99	-3,00	-0,79	0
20/12/2020 11:35:00	-0,81	-0,97	-1,32	-1,62	-2,00	-2,34	-2,61	-2,72	-2,70	-2,72	-2,74	-2,73	-2,71	-0,76	0
20/12/2020 11:40:00	-0,77	-0,90	-1,20	-1,66	-2,02	-2,37	-2,62	-2,71	-2,68	-2,68	-2,68	-2,63	-2,58	-0,71	0
20/12/2020 11:45:00	-0,75	-0,97	-1,30	-1,71	-2,10	-2,45	-2,65	-2,73	-2,70	-2,71	-2,70	-2,65	-2,60	-0,66	0
20/12/2020 11:50:00	-0,65	-0,86	-1,26	-1,70	-2,01	-2,37	-2,58	-2,64	-2,58	-2,57	-2,56	-2,52	-2,49	-0,65	0
20/12/2020 11:55:00	-0,70	-0,87	-1,28	-1,76	-2,15	-2,49	-2,74	-2,80	-2,73	-2,70	-2,67	-2,60	-2,54	-0,69	0
20/12/2020 12:00:00	-0,61	-0,78	-1,17	-1,60	-2,00	-2,37	-2,58	-2,64	-2,61	-2,61	-2,61	-2,57	-2,53	-0,52	0
20/12/2020 12:05:00	-0,58	-0,77	-1,16	-1,61	-1,98	-2,33	-2,61	-2,71	-2,68	-2,69	-2,70	-2,69	-2,67	-0,58	0
20/12/2020 12:10:00	-0,51	-0,60	-1,07	-1,61	-2,03	-2,44	-2,66	-2,69	-2,60	-2,55	-2,50	-2,41	-2,31	-0,37	0
20/12/2020 12:15:00	-0,44	-0,63	-1,01	-1,48	-1,84	-2,25	-2,53	-2,65	-2,64	-2,66	-2,67	-2,66	-2,64	-0,47	0
20/12/2020 12:20:00	-0,35	-0,58	-1,04	-1,55	-1,92	-2,23	-2,50	-2,56	-2,46	-2,42	-2,37	-2,30	-2,23	-0,32	0
20/12/2020 12:25:00	-0,34	-0,56	-1,01	-1,39	-1,74	-2,13	-2,39	-2,49	-2,46	-2,49	-2,52	-2,53	-2,54	-0,32	0
20/12/2020 12:30:00	-0,29	-0,55	-0,91	-1,33	-1,70	-2,08	-2,33	-2,43	-2,42	-2,45	-2,46	-2,43	-2,40	-0,24	0
20/12/2020 12:35:00	-0,31	-0,49	-0,87	-1,22	-1,64	-2,04	-2,38	-2,54	-2,56	-2,60	-2,64	-2,64	-2,65	-0,27	0
20/12/2020 12:40:00	-0,18	-0,38	-0,75	-1,20	-1,59	-2,01	-2,32	-2,45	-2,45	-2,48	-2,50	-2,48	-2,46	-0,20	0
20/12/2020 12:45:00	-0,22	-0,38	-0,79	-1,33	-1,68	-2,08	-2,35	-2,42	-2,37	-2,37	-2,36	-2,32	-2,27	-0,16	0
20/12/2020 12:50:00	-0,21	-0,45	-0,83	-1,23	-1,67	-2,10	-2,43	-2,60	-2,63	-2,68	-2,72	-2,72	-2,72	-0,20	0
20/12/2020 12:55:00	-0,23	-0,41	-0,82	-1,23	-1,57	-1,98	-2,35	-2,51	-2,50	-2,54	-2,57	-2,60	-2,62	-0,26	0
20/12/2020 13:00:00	-0,20	-0,43	-0,87	-1,27	-1,64	-1,98	-2,30	-2,42	-2,37	-2,38	-2,38	-2,37	-2,35	-0,23	0
20/12/2020 13:05:00	-0,16	-0,45	-0,87	-1,22	-1,60	-1,99	-2,25	-2,36	-2,36	-2,39	-2,43	-2,44	-2,45	-0,25	0
20/12/2020 13:10:00	-0,15	-0,43	-0,85	-1,24	-1,51	-1,87	-2,15	-2,25	-2,21	-2,22	-2,25	-2,26	-2,26	-0,15	0
20/12/2020 13:15:00	-0,13	-0,35	-0,74	-1,20	-1,55	-1,98	-2,31	-2,45	-2,43	-2,45	-2,47	-2,44	-2,42	-0,11	0
20/12/2020 13:20:00	-0,16	-0,34	-0,73	-1,13	-1,59	-2,00	-2,30	-2,42	-2,42	-2,44	-2,45	-2,42	-2,38	-0,14	0
20/12/2020 13:25:00	-0,10	-0,29	-0,78	-1,26	-1,71	-2,06	-2,27	-2,31	-2,24	-2,21	-2,18	-2,12	-2,05	-0,03	0
20/12/2020 13:30:00	-0,10	-0,34	-0,70	-1,12	-1,51	-1,91	-2,15	-2,25	-2,25	-2,29	-2,30	-2,28	-2,26	-0,16	0
20/12/2020 13:35:00	-0,15	-0,37	-0,75	-1,21	-1,56	-1,94	-2,28	-2,41	-2,38	-2,39	-2,39	-2,36	-2,33	-0,19	0
20/12/2020 13:40:00	-0,18	-0,33	-0,75	-1,26	-1,62	-2,01	-2,22	-2,27	-2,22	-2,21	-2,20	-2,15	-2,11	-0,14	0
20/12/2020 13:45:00	-0,20	-0,37	-0,78	-1,22	-1,58	-1,93	-2,16	-2,22	-2,16	-2,15	-2,14	-2,10	-2,07	-0,17	0
20/12/2020 13:50:00	-0,16	-0,36	-0,78	-1,16	-1,57	-1,91	-2,12	-2,17	-2,13	-2,13	-2,12	-2,08	-2,04	-0,19	0
20/12/2020 13:55:00	-0,18	-0,41	-0,83	-1,19	-1,55	-1,84	-2,07	-2,12	-2,06	-2,05	-2,04	-2,00	-1,97	-0,16	0
20/12/2020 14:00:00	-0,13	-0,31	-0,70	-1,21	-1,60	-2,01	-2,19	-2,22	-2,17	-2,15	-2,12	-2,04	-1,95	-0,14	0
20/12/2020 14:05:00	-0,12	-0,32	-0,70	-1,11	-1,55	-1,88	-2,14	-2,24	-2,21	-2,22	-2,22	-2,18	-2,15	-0,06	0
20/12/2020 14:10:00	-0,13	-0,29	-0,72	-1,15	-1,54	-1,94	-2,14	-2,19	-2,14	-2,15	-2,14	-2,10	-2,06	-0,09	0
20/12/2020 14:15:00	-0,13	-0,35	-0,75	-1,04	-1,25	-1,48	-1,68	-1,71	-1,62	-1,61	-1,61	-1,62	-1,62	-0,18	0
20/12/2020 14:20:00	-0,10	-0,23	-0,62	-1,02	-1,49	-1,84	-2,06	-2,12	-2,08	-2,07	-2,06	-1,99	-1,93	-0,14	0
20/12/2020 14:25:00	-0,14	-0,29	-0,66	-1,04	-1,47	-1,82	-2,10	-2,20	-2,17	-2,19	-2,19	-2,15	-2,11	-0,12	0
20/12/2020 14:30:00	-0,07	-0,20	-0,50	-0,90	-1,31	-1,73	-2,05	-2,20	-2,22	-2,26	-2,28	-2,26	-2,23	-0,07	0
20/12/2020 14:35:00	-0,04	-0,17	-0,49	-0,86	-1,27	-1,67	-1,93	-2,05	-2,06	-2,10	-2,12	-2,10	-2,08	-0,07	0
20/12/2020 14:40:00	0,01	-0,12	-0,44	-0,85	-1,19	-1,59	-1,88	-2,00	-2,00	-2,04	-2,06	-2,06	-2,05	0,01	0
20/12/2020 14:45:00	0,00	-0,08	-0,46	-0,86	-1,23	-1,60	-1,90	-2,00	-1,95	-1,95	-1,95	-1,91	-1,87	-0,01	0
20/12/2020 14:50:00	0,02	-0,10	-0,42	-0,87	-1,24	-1,62	-1,93	-2,05	-2,02	-2,03	-2,02	-1,97	-1,93	-0,01	0
20/12/2020 14:55:00	0,05	-0,03	-0,30	-0,73	-1,17	-1,60	-1,93	-2,08	-2,10	-2,13	-2,15	-2,10	-2,06	-0,01	0
20/12/2020 15:00:00	0,03	-0,05	-0,36	-0,77	-1,14	-1,54	-1,85	-1,98	-1,98	-2,01	-2,03	-2,00	-1,98	0,06	0
20/12/2020 15:05:00	-0,03	0,00	-0,35	-0,84	-1,25	-1,66	-1,95	-2,03	-1,99	-1,98	-1,96	-1,90	-1,84	0,00	0
20/12/2020 15:10:00	0,04	-0,01	-0,35	-0,73	-1,20	-1,62	-1,88	-2,00	-2,01	-2,05	-2,07	-2,04	-2,01	0,01	0
20/12/2020 15:15:00	0,01	0,02	-0,36	-0,80	-1,24	-1,63	-1,92	-2,01	-1,96	-1,96	-1,95	-1,90	-1,85	0,03	0
20/12/2020 15:20:00	0,08	0,01	-0,33	-0,72	-1,09	-1,49	-1,76	-1,85	-1,82	-1,84	-1,83	-1,79	-1,75	0,06	0
20/12/2020 15:25:00	0,12	0,01	-0,27	-0,66	-1,07	-1,44	-1,73	-1,85	-1,85	-1,89	-1,91	-1,88	-1,85	0,09	0
20/12/2020 15:30:00	0,11	0,10	-0,16	-0,62	-1,01	-1,47	-1,81	-1,96	-1,98	-2,02	-2,03	-2,00	-1,96	0,12	0
20/12/2020 15:35:00	0,10	0,06	-0,27	-0,64	-1,11	-1,56	-1,84	-1,95	-1,97	-2,01	-2,02	-1,99	-1,95	0,12	0
20/12/2020 15:40:00	0,14	0,11	-0,26	-0,65	-1,09	-1,47	-1,76	-1,86	-1,83	-1,86	-1,87	-1,84	-1,81	0,11	0
20/12/2020 15:45:00	0,20	0,11	-0,19	-0,64	-1,05	-1,50	-1,83	-1,97	-1,98	-2,01	-2,02	-1,98	-1,93	0,15	0
20/12/2020 15:50:00	0,14	0,16	-0,17	-0,64	-1,13	-1,56	-1,88	-2,00	-1,99	-2,01	-2,00	-1,95	-1,89	0,18	0
20/12/2020 15:55:00	0,26	0,13	-0,13	-0,45	-0,80	-1,20	-1,58	-1,79	-1,83	-1,90	-1,96	-1,98	-2,01	0,16	0
20/12/2020 16:00:00	0,24	0,15	-0,13	-0,45	-0,80	-1,24	-1,62	-1,83	-1,87	-1,95	-2,02	-2,06	-2,09	0,20	0
20/12/2020 16:05:00	0,19	0,23	-0,12	-0,51	-0,93	-1,38	-1,71	-1,86	-1,88	-1,94	-1,98	-1,99	-2,01	0,19	0
20/12/2020 16:10:00	0,21	0,27	-0,03	-0,45	-0,92	-1,43	-1,78	-1,95	-1,98	-2,04	-2,08	-2,06	-2,05	0,22	0
20/12/2020 16:15:00	0,22	0,26	0,00	-0,40	-0,80	-1,29	-1,69	-1,90	-1,94	-2,01	-2,05	-2,06	-2,06	0,24	0
20/12/2020 16:20:00	0,25	0,28	0,05	-0,35	-0,82	-1,31	-1,67	-1,87	-1,94	-2,02	-2,06	-2,05	-2,04	0,26	0
20/12/2020 16:25:00	0,29	0,24	0,01	-0,31	-0,67	-1,20	-1,64	-1,91	-2,00	-2,12	-2,21	-2,27	-2,33	0,27	0
20/12/2020 16:30:00	0,28	0,28	0,07	-0,35	-0,78	-1,30	-1,72	-1,97	-2,05	-2,15	-2,21	-2,23	-2,24	0,28	0
20/12/2020 16:35:00	0,25	0,32	0,07	-0,36	-0,84	-1,37	-1,78	-2,01	-2,07	-2,15	-2,19	-2,18	-2,17	0,28	0
20/12/2020 16:40:00	0,28	0,30	0,03	-0,29	-0,71	-1,19	-1,66	-1,92	-1,99	-2,08	-2,16	-2,21	-2,26	0,28	0
20/12/2020 16:45:00	0,32	0,41	0,09	-0,36	-0,83	-1,32	-1,72	-1,91	-1,94	-2,00	-2,04	-2,03	-2,03	0,29	0
20/12/2020 16:50:00	0,33	0,41	0,10	-0,33	-0,79	-1,35	-1,74	-1,95	-2,00	-2,07	-2,12	-2,12	-2,12	0,28	0
20/12/2020 16:55:00	0,26	0,32	0,05	-0,35	-0,79	-1,31	-1,70	-1,91	-1,97	-2,05	-2,11	-2,12	-2,13	0,31	0
20/12/2020 17:00:00	0,38	0,39	0,09	-0,26	-0,69	-1,19	-1,58	-1,79	-1,86	-1,95	-2,02	-2,06	-2,10	0,33	0
20/12/2020 17:05:00	0,40	0,29	0,02	-0,26	-0,70	-1,17	-1,55	-1,78	-1,86	-1,96	-2,04	-2,07	-2,11	0,33	0
20/12/2020 17:10:00	0,33	0,35	0,06	-0,34	-0,83	-1,32	-1,72	-1,93	-1,98	-2,05	-2,09	-2,09	-2,08	0,33	0
20/12/2020 17:15:00	0,31	0,34	0,10	-0,32	-0,78	-1,23	-1,67	-1,90	-1,94	-2,01	-2,05	-2,04	-2,04	0,34	0
20/12/2020 17:20:00	0,31	0,38	0,16	-0,29	-0,76	-1,28	-1,68	-1,90	-1,96	-2,03	-2,06	-2,03	-2,01	0,35	0
20/12/2020 17:25:00	0,45	0,43	0,18	-0,20	-0,70	-1,21	-1,63	-1,88	-1,97	-2,06	-2,12	-2,12	-2,12	0,36	0
20/12/2020 17:30:00	0,43	0,42	0,11	-0,27	-0,67	-1,15	-1,50	-1,68	-1,72	-1,80	-1,86	-1,88	-1,91	0,41	0
20/12/2020 17:35:00	0,42	0,51	0,28	-0,19	-0,71	-1,21	-1,62	-1,84	-1,91	-1,98	-2,02	-1,99	-1,97	0,41	0
20/12/2020 17:40:00	0,44	0,48	0,21	-0,19	-0,66	-1,16	-1,57	-1,78	-1,85	-1,93	-1,98	-1,99	-1,99	0,42	0
20/12/2020 17:45:00	0,39	0,46	0,19	-0,20	-0,66	-1,09	-1,49	-1,69	-1,73	-1,80	-1,85	-1,86	-1,87	0,42	0
20/12/2020 17:50:00	0,42	0,48	0,22	-0,20	-0,66	-1,10	-1,49	-1,68	-1,71	-1,78	-1,81	-1,80	-1,79	0,44	0
20/12/2020 17:55:00	0,47	0,40	0,15	-0,27	-0,69	-1,12	-1,51	-1,71	-1,75	-1,81	-1,85	-1,85	-1,84	0,43	0
20/12/2020 18:00:00	0,43	0,54	0,29	-0,13	-0,60	-1,12	-1,54	-1,76	-1,83	-1,91	-1,96	-1,96	-1,96	0,46	0
20/12/2020 18:05:00	0,40	0,50	0,18	-0,25	-0,72	-1,20	-1,53	-1,67	-1,68	-1,73	-1,75	-1,73	-1,70	0,44	0
20/12/2020 18:10:00	0,41	0,41	0,16	-0,23	-0,61	-1,08	-1,45	-1,64	-1,68	-1,76	-1,81	-1,82	-1,83	0,42	0
20/12/2020 18:15:00	0,41	0,44	0,17	-0,21	-0,64	-1,07	-1,45	-1,63	-1,66	-1,72	-1,76	-1,76	-1,75	0,43	0
20/12/2020 18:20:00	0,41	0,52	0,25	-0,21	-0,70	-1,22	-1,60	-1,78	-1,83	-1,89	-1,93	-1,90	-1,88	0,45	0
20/12/2020 18:25:00	0,42	0,47	0,23	-0,23	-0,69	-1,16	-1,51	-1,68	-1,70	-1,75	-1,76	-1,72	-1,67	0,44	0
20/12/2020 18:30:00	0,46	0,47	0,19	-0,19	-0,60	-1,06	-1,40	-1,57	-1,61	-1,68	-1,73	-1,73	-1,74	0,44	0
20/12/2020 18:35:00	0,43	0,51	0,18	-0,27	-0,70	-1,10	-1,39	-1,48	-1,44	-1,46	-1,45	-1,40	-1,35	0,45	0
20/12/2020 18:40:00	0,47	0,48	0,25	-0,12	-0,54	-0,97	-1,32	-1,50	-1,54	-1,61	-1,66	-1,66	-1,66	0,45	0
20/12/2020 18:45:00	0,46	0,47	0,21	-0,20	-0,53	-0,98	-1,31	-1,46	-1,48	-1,53	-1,57	-1,57	-1,56	0,51	0
20/12/2020 18:50:00	0,45	0,47	0,21	-0,15	-0,55	-1,01	-1,38	-1,56	-1,61	-1,68	-1,73	-1,74	-1,76	0,48	0
20/12/2020 18:55:00	0,47	0,43	0,19	-0,18	-0,60	-1,05	-1,35	-1,50	-1,55	-1,62	-1,67	-1,66	-1,66	0,47	0
20/12/2020 19:00:00	0,46	0,52	0,23	-0,16	-0,63	-1,06	-1,42	-1,59	-1,61	-1,66	-1,69	-1,67	-1,65	0,46	0
20/12/2020 19:05:00	0,46	0,44	0,20	-0,13	-0,52	-0,96	-1,33	-1,54	-1,60	-1,69	-1,76	-1,80	-1,83	0,43	0
20/12/2020 19:10:00	0,47	0,48	0,19	-0,19	-0,57	-1,00	-1,31	-1,45	-1,46	-1,51	-1,55	-1,54	-1,54	0,43	0
20/12/2020 19:15:00	0,43	0,48	0,14	-0,29	-0,69	-1,08	-1,35	-1,43	-1,39	-1,40	-1,40	-1,36	-1,32	0,44	0
20/12/2020 19:20:00	0,47	0,46	0,23	-0,15	-0,50	-0,95	-1,28	-1,45	-1,48	-1,54	-1,58	-1,57	-1,56	0,44	0
20/12/2020 19:25:00	0,45	0,46	0,21	-0,18	-0,59	-1,02	-1,34	-1,47	-1,49	-1,53	-1,55	-1,52	-1,48	0,46	0
20/12/2020 19:30:00	0,44	0,44	0,20	-0,15	-0,60	-0,96	-1,28	-1,43	-1,45	-1,50	-1,53	-1,50	-1,48	0,46	0
20/12/2020 19:35:00	0,48	0,49	0,20	-0,15	-0,56	-0,94	-1,25	-1,39	-1,40	-1,46	-1,50	-1,51	-1,52	0,48	0
20/12/2020 19:40:00	0,47	0,55	0,32	-0,07	-0,56	-1,02	-1,33	-1,49	-1,53	-1,60	-1,63	-1,60	-1,57	0,53	0
20/12/2020 19:45:00	0,51	0,56	0,29	-0,13	-0,59	-1,00	-1,29	-1,40	-1,40	-1,44	-1,45	-1,41	-1,37	0,52	0
20/12/2020 19:50:00	0,51	0,51	0,24	-0,07	-0,45	-0,85	-1,20	-1,37	-1,40	-1,46	-1,51	-1,53	-1,54	0,53	0
20/12/2020 19:55:00	0,56	0,49	0,19	-0,12	-0,51	-0,89	-1,15	-1,26	-1,27	-1,31	-1,34	-1,32	-1,31	0,51	0
20/12/2020 20:00:00	0,49	0,51	0,26	-0,15	-0,51	-0,91	-1,22	-1,36	-1,36	-1,40	-1,42	-1,41	-1,39	0,49	0
20/12/2020 20:05:00	0,47	0,48	0,18	-0,20	-0,62	-0,97	-1,24	-1,34	-1,32	-1,35	-1,37	-1,33	-1,30	0,51	0
20/12/2020 20:10:00	0,54	0,46	0,25	-0,09	-0,46	-0,85	-1,14	-1,29	-1,31	-1,37	-1,41	-1,39	-1,37	0,48	0
20/12/2020 20:15:00	0,51	0,48	0,15	-0,24	-0,61	-0,95	-1,16	-1,20	-1,14	-1,15	-1,14	-1,09	-1,04	0,46	0
20/12/2020 20:20:00	0,45	0,38	0,10	-0,20	-0,54	-0,90	-1,09	-1,16	-1,15	-1,19	-1,21	-1,19	-1,18	0,46	0
20/12/2020 20:25:00	0,47	0,41	0,14	-0,23	-0,57	-0,88	-1,07	-1,11	-1,06	-1,07	-1,06	-1,00	-0,94	0,45	0
20/12/2020 20:30:00	0,44	0,45	0,16	-0,17	-0,50	-0,77	-0,98	-1,02	-0,96	-0,97	-0,97	-0,93	-0,90	0,46	0
20/12/2020 20:35:00	0,45	0,48	0,25	-0,02	-0,38	-0,72	-0,92	-1,00	-1,00	-1,06	-1,09	-1,09	-1,08	0,48	0
20/12/2020 20:40:00	0,52	0,50	0,25	-0,05	-0,43	-0,79	-0,98	-1,05	-1,05	-1,09	-1,10	-1,08	-1,05	0,51	0
20/12/2020 20:45:00	0,52	0,44	0,14	-0,16	-0,52	-0,78	-0,92	-0,94	-0,88	-0,90	-0,90	-0,86	-0,82	0,49	0
20/12/2020 20:50:00	0,44	0,52	0,26	-0,07	-0,44	-0,78	-1,03	-1,10	-1,07	-1,10	-1,11	-1,08	-1,05	0,49	0
20/12/2020 20:55:00	0,57	0,53	0,22	-0,11	-0,42	-0,75	-0,96	-1,00	-0,95	-0,97	-0,97	-0,94	-0,92	0,53	0
20/12/2020 21:00:00	0,54	0,52	0,27	-0,05	-0,37	-0,72	-0,94	-1,02	-1,00	-1,04	-1,07	-1,05	-1,04	0,53	0
20/12/2020 21:05:00	0,53	0,61	0,35	-0,04	-0,43	-0,74	-0,95	-0,99	-0,95	-0,96	-0,95	-0,89	-0,84	0,57	0
20/12/2020 21:10:00	0,62	0,52	0,31	0,00	-0,26	-0,55	-0,82	-0,91	-0,89	-0,92	-0,94	-0,93	-0,92	0,55	0
20/12/2020 21:15:00	0,56	0,67	0,40	-0,06	-0,39	-0,71	-0,94	-0,96	-0,88	-0,86	-0,83	-0,75	-0,67	0,56	0
20/12/2020 21:20:00	0,55	0,59	0,40	0,11	-0,22	-0,50	-0,74	-0,82	-0,80	-0,84	-0,86	-0,84	-0,82	0,57	0
20/12/2020 21:25:00	0,51	0,60	0,36	0,01	-0,35	-0,70	-0,89	-0,93	-0,89	-0,91	-0,90	-0,85	-0,79	0,54	0
20/12/2020 21:30:00	0,57	0,63	0,39	0,08	-0,28	-0,60	-0,87	-0,96	-0,95	-0,99	-1,01	-0,99	-0,97	0,56	0
20/12/2020 21:35:00	0,60	0,66	0,44	0,12	-0,13	-0,42	-0,63	-0,68	-0,63	-0,65	-0,66	-0,64	-0,62	0,60	0
20/12/2020 21:40:00	0,63	0,66	0,44	0,16	-0,13	-0,48	-0,70	-0,77	-0,76	-0,80	-0,83	-0,82	-0,81	0,61	0
20/12/2020 21:45:00	0,59	0,62	0,40	0,11	-0,20	-0,45	-0,66	-0,71	-0,68	-0,71	-0,73	-0,72	-0,71	0,61	0
20/12/2020 21:50:00	0,61	0,64	0,41	0,11	-0,20	-0,46	-0,63	-0,65	-0,58	-0,58	-0,57	-0,52	-0,46	0,60	0
20/12/2020 21:55:00	0,58	0,71	0,48	0,05	-0,29	-0,58	-0,72	-0,69	-0,59	-0,56	-0,50	-0,38	-0,26	0,61	0
20/12/2020 22:00:00	0,66	0,67	0,53	0,27	0,05	-0,21	-0,42	-0,47	-0,44	-0,47	-0,49	-0,47	-0,45	0,61	0
20/12/2020 22:05:00	0,61	0,64	0,44	0,13	-0,14	-0,36	-0,47	-0,42	-0,32	-0,29	-0,24	-0,14	-0,04	0,62	0
20/12/2020 22:10:00	0,64	0,62	0,44	0,24	0,02	-0,20	-0,33	-0,33	-0,27	-0,28	-0,28	-0,25	-0,22	0,64	0
20/12/2020 22:15:00	0,66	0,66	0,51	0,29	0,08	-0,12	-0,25	-0,25	-0,19	-0,21	-0,21	-0,17	-0,14	0,64	0
20/12/2020 22:20:00	0,66	0,70	0,54	0,26	-0,02	-0,26	-0,39	-0,36	-0,29	-0,29	-0,25	-0,17	-0,09	0,65	0
20/12/2020 22:25:00	0,67	0,73	0,57	0,36	0,06	-0,12	-0,29	-0,31	-0,25	-0,26	-0,26	-0,21	-0,17	0,67	0
20/12/2020 22:30:00	0,67	0,77	0,57	0,28	-0,05	-0,30	-0,43	-0,42	-0,35	-0,35	-0,33	-0,25	-0,18	0,71	0
20/12/2020 22:35:00	0,70	0,76	0,65	0,44	0,21	-0,05	-0,22	-0,26	-0,23	-0,28	-0,30	-0,29	-0,28	0,70	0
20/12/2020 22:40:00	0,72	0,72	0,60	0,27	0,04	-0,16	-0,24	-0,20	-0,12	-0,10	-0,06	0,03	0,12	0,74	0
20/12/2020 22:45:00	0,67	0,80	0,61	0,35	0,03	-0,28	-0,41	-0,41	-0,37	-0,39	-0,38	-0,33	-0,28	0,73	0
20/12/2020 22:50:00	0,75	0,82	0,61	0,27	-0,04	-0,29	-0,38	-0,33	-0,23	-0,21	-0,16	-0,05	0,06	0,74	0
20/12/2020 22:55:00	0,73	0,78	0,65	0,36	0,06	-0,24	-0,41	-0,44	-0,42	-0,44	-0,44	-0,38	-0,33	0,71	0
20/12/2020 23:00:00	0,74	0,82	0,61	0,27	-0,07	-0,34	-0,45	-0,41	-0,33	-0,32	-0,27	-0,18	-0,08	0,73	0
20/12/2020 23:05:00	0,73	0,78	0,63	0,36	0,08	-0,23	-0,42	-0,46	-0,43	-0,46	-0,46	-0,40	-0,35	0,75	0
20/12/2020 23:10:00	0,72	0,81	0,60	0,28	-0,02	-0,24	-0,40	-0,38	-0,29	-0,27	-0,24	-0,16	-0,07	0,74	0
20/12/2020 23:15:00	0,78	0,77	0,57	0,27	0,00	-0,19	-0,32	-0,29	-0,19	-0,18	-0,14	-0,06	0,01	0,73	0
20/12/2020 23:20:00	0,69	0,73	0,54	0,28	0,05	-0,16	-0,28	-0,26	-0,17	-0,16	-0,13	-0,07	0,00	0,73	0
20/12/2020 23:25:00	0,73	0,84	0,65	0,29	-0,04	-0,32	-0,49	-0,49	-0,41	-0,40	-0,36	-0,26	-0,16	0,74	0
20/12/2020 23:30:00	0,79	0,76	0,60	0,39	0,16	-0,09	-0,20	-0,20	-0,16	-0,19	-0,19	-0,16	-0,13	0,78	0
20/12/2020 23:35:00	0,75	0,95	0,75	0,44	0,06	-0,25	-0,36	-0,34	-0,28	-0,28	-0,25	-0,17	-0,08	0,78	0
20/12/2020 23:40:00	0,76	0,91	0,75	0,37	0,07	-0,21	-0,36	-0,35	-0,29	-0,29	-0,27	-0,20	-0,12	0,81	0
20/12/2020 23:45:00	0,79	0,88	0,68	0,35	0,08	-0,16	-0,25	-0,20	-0,12	-0,11	-0,08	-0,01	0,06	0,83	0
20/12/2020 23:50:00	0,81	0,90	0,74	0,40	0,08	-0,13	-0,21	-0,17	-0,10	-0,10	-0,08	0,00	0,07	0,83	0
20/12/2020 23:55:00	0,88	0,98	0,77	0,39	0,13	-0,12	-0,28	-0,27	-0,19	-0,18	-0,16	-0,10	-0,04	0,90	0
