FileFormat:0002.2 file with temperature of atmosphere
200
local	GMT or Local
0	GMT-Local=[hours]
0	Height[m]
0	0	0	Longitude                [grd]               [min]               [sec]
0	0	0	Latitude                [grd]               [min]               [sec]
N	NS
59,40	Freq[GHz]
0,00	dTemostat[K]
0,150	MessErr[K]
0,248	//[grad/step]
version 14.0.20110218
MTP5H033F5940K-33.00D180214+A1.1
Commentary:
enter comment
End Of Commentary

SYSTEM\summer.dat
data time	0	50	100	150	200	250	300	350	400	450	500	550	600	OutsideTemperature	Quality
01/06/2020 00:00:00	8,58	8,81	8,66	8,29	7,88	7,39	6,89	6,44	6,04	5,65	5,27	4,88	4,50	8,63	0
01/06/2020 00:05:00	8,59	8,82	8,64	8,29	7,87	7,44	6,96	6,52	6,14	5,78	5,42	5,07	4,71	8,60	0
01/06/2020 00:10:00	8,59	8,72	8,51	8,22	7,83	7,48	7,03	6,63	6,28	5,95	5,63	5,30	4,98	8,50	0
01/06/2020 00:15:00	8,58	8,76	8,57	8,27	7,87	7,48	6,97	6,52	6,15	5,79	5,44	5,08	4,72	8,46	0
01/06/2020 00:20:00	8,41	8,66	8,44	8,12	7,71	7,31	6,83	6,41	6,05	5,70	5,37	5,04	4,71	8,39	0
01/06/2020 00:25:00	8,42	8,66	8,43	8,09	7,68	7,29	6,81	6,38	6,01	5,67	5,34	5,02	4,69	8,43	0
01/06/2020 00:30:00	8,49	8,67	8,45	8,18	7,74	7,28	6,79	6,35	5,97	5,60	5,23	4,85	4,48	8,48	0
01/06/2020 00:35:00	8,48	8,74	8,53	8,23	7,85	7,37	6,86	6,41	6,02	5,65	5,28	4,90	4,53	8,55	0
01/06/2020 00:40:00	8,49	8,72	8,50	8,16	7,71	7,26	6,75	6,30	5,90	5,53	5,16	4,79	4,43	8,40	0
01/06/2020 00:45:00	8,43	8,60	8,29	8,00	7,55	7,24	6,77	6,36	6,01	5,69	5,40	5,10	4,81	8,48	0
01/06/2020 00:50:00	8,41	8,66	8,37	8,06	7,65	7,14	6,67	6,25	5,87	5,51	5,16	4,81	4,45	8,48	0
01/06/2020 00:55:00	8,45	8,65	8,37	7,96	7,54	7,09	6,58	6,13	5,75	5,39	5,05	4,72	4,38	8,48	0
01/06/2020 01:00:00	8,44	8,61	8,32	7,97	7,54	7,06	6,56	6,13	5,74	5,38	5,03	4,68	4,33	8,58	0
01/06/2020 01:05:00	8,43	8,52	8,27	7,96	7,55	7,11	6,71	6,32	5,96	5,62	5,29	4,96	4,63	8,40	0
01/06/2020 01:10:00	8,35	8,51	8,36	8,03	7,66	7,22	6,82	6,43	6,06	5,71	5,37	5,03	4,69	8,37	0
01/06/2020 01:15:00	8,33	8,48	8,31	8,00	7,63	7,23	6,85	6,48	6,13	5,79	5,47	5,16	4,84	8,41	0
01/06/2020 01:20:00	8,26	8,38	8,23	7,88	7,54	7,15	6,74	6,36	6,00	5,67	5,35	5,03	4,71	8,25	0
01/06/2020 01:25:00	8,24	8,40	8,21	7,90	7,50	7,12	6,65	6,23	5,87	5,52	5,18	4,84	4,51	8,48	0
01/06/2020 01:30:00	8,19	8,35	8,17	7,85	7,42	6,97	6,53	6,12	5,74	5,38	5,02	4,67	4,32	8,24	0
01/06/2020 01:35:00	8,21	8,33	8,12	7,85	7,42	7,01	6,56	6,15	5,78	5,43	5,09	4,74	4,40	8,19	0
01/06/2020 01:40:00	8,21	8,30	8,05	7,77	7,40	7,05	6,59	6,20	5,85	5,53	5,22	4,91	4,59	8,25	0
01/06/2020 01:45:00	8,20	8,30	8,08	7,80	7,39	6,92	6,53	6,15	5,78	5,43	5,10	4,76	4,42	8,08	0
01/06/2020 01:50:00	8,23	8,34	8,16	7,79	7,43	6,99	6,56	6,16	5,79	5,44	5,10	4,77	4,44	8,12	0
01/06/2020 01:55:00	8,23	8,28	8,06	7,78	7,45	7,03	6,56	6,16	5,80	5,46	5,13	4,79	4,45	8,13	0
01/06/2020 02:00:00	8,09	8,20	8,02	7,75	7,36	6,89	6,46	6,05	5,68	5,31	4,95	4,59	4,23	8,11	0
01/06/2020 02:05:00	8,06	8,15	7,96	7,65	7,28	6,89	6,44	6,04	5,68	5,34	5,01	4,69	4,36	8,10	0
01/06/2020 02:10:00	8,07	8,14	7,93	7,65	7,33	6,95	6,48	6,08	5,73	5,40	5,08	4,76	4,43	8,08	0
01/06/2020 02:15:00	7,99	8,14	7,94	7,57	7,25	6,80	6,36	5,96	5,60	5,27	4,95	4,63	4,31	8,07	0
01/06/2020 02:20:00	8,02	8,05	7,82	7,52	7,19	6,80	6,45	6,11	5,78	5,47	5,18	4,89	4,60	8,05	0
01/06/2020 02:25:00	7,98	8,03	7,78	7,47	7,11	6,73	6,34	5,98	5,64	5,33	5,04	4,75	4,46	7,93	0
01/06/2020 02:30:00	7,92	8,08	7,82	7,49	7,12	6,75	6,32	5,93	5,58	5,27	4,98	4,69	4,40	8,04	0
01/06/2020 02:35:00	7,98	7,98	7,79	7,55	7,18	6,77	6,37	5,99	5,64	5,30	4,97	4,64	4,30	7,95	0
01/06/2020 02:40:00	7,95	8,09	7,94	7,60	7,29	6,78	6,30	5,87	5,49	5,11	4,75	4,38	4,01	7,96	0
01/06/2020 02:45:00	7,97	8,14	7,94	7,64	7,21	6,73	6,29	5,88	5,49	5,13	4,77	4,42	4,06	8,12	0
01/06/2020 02:50:00	8,05	8,24	8,07	7,76	7,29	6,88	6,42	6,00	5,61	5,25	4,90	4,55	4,20	8,10	0
01/06/2020 02:55:00	8,09	8,28	8,06	7,67	7,30	6,86	6,39	5,96	5,59	5,24	4,92	4,59	4,26	8,10	0
01/06/2020 03:00:00	8,11	8,21	7,97	7,61	7,25	6,90	6,42	6,01	5,66	5,33	5,03	4,72	4,41	8,17	0
01/06/2020 03:05:00	8,13	8,27	7,99	7,67	7,22	6,85	6,36	5,94	5,58	5,24	4,92	4,60	4,28	8,11	0
01/06/2020 03:10:00	8,10	8,22	8,00	7,71	7,34	6,87	6,43	6,02	5,66	5,31	4,96	4,62	4,27	8,04	0
01/06/2020 03:15:00	8,15	8,31	8,11	7,75	7,35	6,88	6,36	5,91	5,52	5,15	4,78	4,41	4,04	7,99	0
01/06/2020 03:20:00	8,15	8,27	8,06	7,80	7,46	6,95	6,47	6,05	5,68	5,31	4,94	4,56	4,19	8,13	0
01/06/2020 03:25:00	8,05	8,27	8,00	7,71	7,33	6,84	6,38	5,96	5,60	5,24	4,90	4,56	4,22	8,25	0
01/06/2020 03:30:00	8,14	8,29	7,97	7,59	7,24	6,83	6,32	5,89	5,53	5,20	4,89	4,59	4,28	8,14	0
01/06/2020 03:35:00	8,10	8,23	7,98	7,67	7,24	6,86	6,44	6,05	5,69	5,36	5,06	4,75	4,45	8,11	0
01/06/2020 03:40:00	8,04	8,17	8,01	7,69	7,30	6,88	6,42	6,01	5,63	5,28	4,93	4,58	4,23	8,02	0
01/06/2020 03:45:00	8,03	8,16	7,99	7,69	7,32	6,85	6,41	5,99	5,62	5,26	4,90	4,55	4,19	8,11	0
01/06/2020 03:50:00	7,96	8,10	7,92	7,62	7,31	6,79	6,35	5,95	5,58	5,22	4,86	4,50	4,14	7,95	0
01/06/2020 03:55:00	8,00	8,11	7,88	7,54	7,16	6,71	6,25	5,84	5,47	5,12	4,79	4,46	4,12	7,86	0
01/06/2020 04:00:00	8,06	8,15	7,88	7,48	7,11	6,66	6,21	5,80	5,43	5,10	4,78	4,46	4,15	8,02	0
01/06/2020 04:05:00	8,04	8,13	7,92	7,56	7,13	6,70	6,24	5,82	5,44	5,09	4,75	4,41	4,07	7,82	0
01/06/2020 04:10:00	7,96	8,00	7,71	7,37	7,02	6,61	6,20	5,83	5,49	5,18	4,89	4,60	4,31	7,88	0
01/06/2020 04:15:00	7,93	7,91	7,65	7,35	7,00	6,64	6,28	5,94	5,61	5,31	5,04	4,76	4,48	7,88	0
01/06/2020 04:20:00	7,92	7,92	7,65	7,35	7,02	6,59	6,28	5,96	5,63	5,32	5,05	4,77	4,49	7,83	0
01/06/2020 04:25:00	7,94	7,87	7,67	7,39	7,13	6,78	6,48	6,18	5,87	5,59	5,32	5,05	4,78	7,84	0
01/06/2020 04:30:00	7,71	7,71	7,58	7,27	6,93	6,69	6,33	6,00	5,68	5,39	5,13	4,86	4,59	7,73	0
01/06/2020 04:35:00	7,66	7,68	7,48	7,20	6,88	6,61	6,27	5,95	5,64	5,36	5,11	4,86	4,61	7,69	0
01/06/2020 04:40:00	7,76	7,81	7,71	7,49	7,15	6,86	6,45	6,08	5,74	5,42	5,11	4,79	4,47	7,68	0
01/06/2020 04:45:00	7,72	7,93	7,77	7,48	7,13	6,67	6,28	5,90	5,53	5,18	4,85	4,52	4,19	7,68	0
01/06/2020 04:50:00	7,80	7,98	7,88	7,52	7,09	6,63	6,20	5,79	5,39	5,02	4,65	4,30	3,94	7,88	0
01/06/2020 04:55:00	7,84	7,97	7,90	7,68	7,32	6,85	6,39	5,98	5,59	5,21	4,82	4,43	4,04	7,89	0
01/06/2020 05:00:00	7,82	8,00	7,89	7,61	7,24	6,80	6,26	5,79	5,40	5,02	4,64	4,25	3,86	7,92	0
01/06/2020 05:05:00	7,81	8,01	7,91	7,58	7,15	6,76	6,29	5,86	5,47	5,11	4,75	4,40	4,05	7,99	0
01/06/2020 05:10:00	7,86	8,06	7,93	7,58	7,19	6,70	6,22	5,79	5,39	5,01	4,64	4,27	3,90	7,94	0
01/06/2020 05:15:00	7,84	8,12	7,92	7,63	7,17	6,67	6,16	5,70	5,30	4,91	4,53	4,15	3,77	7,91	0
01/06/2020 05:20:00	7,91	8,16	7,95	7,61	7,18	6,65	6,14	5,69	5,29	4,90	4,52	4,15	3,78	8,04	0
01/06/2020 05:25:00	8,06	8,28	8,08	7,69	7,25	6,75	6,26	5,81	5,42	5,04	4,67	4,31	3,94	8,14	0
01/06/2020 05:30:00	8,06	8,23	8,04	7,69	7,30	6,82	6,31	5,86	5,47	5,09	4,73	4,36	3,99	7,98	0
01/06/2020 05:35:00	8,02	8,16	7,96	7,59	7,19	6,80	6,40	6,02	5,66	5,33	5,03	4,73	4,43	8,00	0
01/06/2020 05:40:00	8,04	8,08	7,93	7,61	7,24	6,96	6,54	6,16	5,82	5,50	5,21	4,91	4,61	8,01	0
01/06/2020 05:45:00	8,03	8,03	7,81	7,55	7,28	6,96	6,54	6,18	5,86	5,56	5,28	4,99	4,70	8,03	0
01/06/2020 05:50:00	8,05	8,00	7,81	7,56	7,22	6,86	6,55	6,23	5,91	5,60	5,31	5,02	4,73	7,98	0
01/06/2020 05:55:00	7,92	8,01	7,78	7,45	7,10	6,81	6,36	5,97	5,64	5,34	5,06	4,78	4,50	7,79	0
01/06/2020 06:00:00	8,00	7,98	7,76	7,39	7,07	6,69	6,31	5,95	5,62	5,31	5,02	4,74	4,46	7,95	0
01/06/2020 06:05:00	8,01	7,98	7,81	7,51	7,21	6,80	6,38	6,00	5,66	5,33	5,00	4,68	4,35	7,87	0
01/06/2020 06:10:00	7,96	8,03	7,84	7,53	7,12	6,74	6,35	5,98	5,62	5,29	4,98	4,67	4,36	7,89	0
01/06/2020 06:15:00	8,06	8,08	7,88	7,51	7,16	6,78	6,31	5,89	5,54	5,20	4,88	4,56	4,25	7,91	0
01/06/2020 06:20:00	8,04	8,20	7,95	7,53	7,16	6,64	6,17	5,74	5,35	4,99	4,65	4,31	3,97	8,12	0
01/06/2020 06:25:00	8,16	8,18	7,95	7,60	7,16	6,71	6,21	5,77	5,39	5,02	4,66	4,30	3,94	8,08	0
01/06/2020 06:30:00	8,06	8,20	8,01	7,65	7,21	6,69	6,22	5,78	5,38	5,00	4,62	4,25	3,88	7,95	0
01/06/2020 06:35:00	8,04	8,21	8,04	7,61	7,22	6,74	6,24	5,80	5,40	5,03	4,66	4,30	3,95	7,98	0
01/06/2020 06:40:00	8,00	8,07	7,79	7,45	7,09	6,71	6,21	5,79	5,44	5,11	4,80	4,48	4,17	7,89	0
01/06/2020 06:45:00	7,99	8,02	7,77	7,41	7,02	6,67	6,31	5,96	5,63	5,32	5,05	4,78	4,51	7,87	0
01/06/2020 06:50:00	8,03	8,02	7,78	7,44	7,11	6,73	6,36	6,02	5,69	5,38	5,10	4,82	4,54	7,89	0
01/06/2020 06:55:00	8,05	7,98	7,72	7,39	7,09	6,76	6,45	6,13	5,83	5,55	5,31	5,07	4,82	7,83	0
01/06/2020 07:00:00	7,79	7,70	7,51	7,23	6,96	6,71	6,51	6,26	5,98	5,74	5,53	5,32	5,11	7,80	0
01/06/2020 07:05:00	7,83	7,76	7,52	7,24	6,93	6,65	6,30	5,97	5,67	5,39	5,14	4,89	4,64	7,83	0
01/06/2020 07:10:00	7,82	7,71	7,51	7,20	6,87	6,59	6,29	5,99	5,68	5,41	5,16	4,91	4,66	7,78	0
01/06/2020 07:15:00	7,88	7,68	7,46	7,21	6,93	6,77	6,53	6,28	6,02	5,80	5,61	5,41	5,21	7,94	0
01/06/2020 07:20:00	7,68	7,69	7,53	7,31	7,05	6,75	6,42	6,10	5,79	5,51	5,24	4,97	4,70	7,63	0
01/06/2020 07:25:00	7,62	7,65	7,51	7,22	6,92	6,54	6,23	5,91	5,58	5,27	4,99	4,70	4,42	7,69	0
01/06/2020 07:30:00	7,75	7,71	7,50	7,26	6,96	6,51	6,17	5,83	5,49	5,17	4,86	4,55	4,24	7,74	0
01/06/2020 07:35:00	7,84	7,75	7,54	7,18	6,87	6,50	6,12	5,77	5,44	5,13	4,84	4,56	4,27	7,86	0
01/06/2020 07:40:00	7,78	7,79	7,59	7,33	7,00	6,62	6,18	5,79	5,45	5,12	4,81	4,49	4,16	7,83	0
01/06/2020 07:45:00	7,73	7,78	7,54	7,31	6,98	6,66	6,28	5,93	5,60	5,31	5,03	4,75	4,47	7,87	0
01/06/2020 07:50:00	7,86	7,72	7,45	7,11	6,84	6,46	6,13	5,80	5,49	5,20	4,94	4,68	4,42	8,05	0
01/06/2020 07:55:00	7,74	7,76	7,59	7,32	6,94	6,54	6,18	5,82	5,47	5,14	4,82	4,50	4,18	7,83	0
01/06/2020 08:00:00	7,64	7,84	7,71	7,41	7,04	6,61	6,16	5,76	5,38	5,02	4,68	4,33	3,99	7,73	0
01/06/2020 08:05:00	7,76	7,78	7,64	7,34	6,98	6,58	6,18	5,80	5,44	5,10	4,78	4,45	4,12	7,85	0
01/06/2020 08:10:00	7,77	7,86	7,75	7,44	7,06	6,63	6,12	5,68	5,30	4,93	4,56	4,19	3,82	7,91	0
01/06/2020 08:15:00	7,83	7,93	7,78	7,41	7,00	6,55	6,08	5,65	5,26	4,89	4,53	4,17	3,81	7,90	0
01/06/2020 08:20:00	7,81	8,02	7,85	7,52	7,06	6,56	6,10	5,67	5,27	4,89	4,52	4,16	3,79	7,98	0
01/06/2020 08:25:00	7,81	8,04	7,87	7,50	7,08	6,58	6,10	5,66	5,26	4,88	4,52	4,16	3,79	7,98	0
01/06/2020 08:30:00	7,87	8,03	7,83	7,51	7,13	6,62	6,13	5,69	5,31	4,93	4,56	4,20	3,83	8,16	0
01/06/2020 08:35:00	7,92	8,06	7,94	7,60	7,18	6,80	6,26	5,80	5,42	5,05	4,68	4,32	3,96	8,06	0
01/06/2020 08:40:00	7,98	8,15	7,96	7,68	7,30	6,78	6,28	5,84	5,45	5,07	4,69	4,31	3,93	8,12	0
01/06/2020 08:45:00	7,98	8,24	8,03	7,63	7,30	6,76	6,26	5,82	5,43	5,06	4,71	4,35	3,99	8,24	0
01/06/2020 08:50:00	8,17	8,21	7,93	7,58	7,18	6,70	6,22	5,80	5,43	5,08	4,74	4,40	4,06	8,45	0
01/06/2020 08:55:00	8,23	8,30	8,00	7,61	7,17	6,67	6,22	5,81	5,44	5,08	4,75	4,42	4,09	8,38	0
01/06/2020 09:00:00	8,15	8,35	8,15	7,81	7,40	6,90	6,38	5,92	5,53	5,15	4,77	4,39	4,01	8,42	0
01/06/2020 09:05:00	8,22	8,43	8,17	7,77	7,32	6,83	6,32	5,86	5,47	5,10	4,74	4,39	4,04	8,51	0
01/06/2020 09:10:00	8,49	8,54	8,18	7,75	7,26	6,81	6,29	5,84	5,46	5,11	4,77	4,45	4,12	8,63	0
01/06/2020 09:15:00	8,79	8,60	8,25	7,83	7,40	6,87	6,34	5,88	5,49	5,12	4,74	4,37	4,00	8,68	0
01/06/2020 09:20:00	8,82	8,69	8,23	7,79	7,37	6,83	6,36	5,93	5,57	5,22	4,90	4,58	4,26	9,00	0
01/06/2020 09:25:00	8,93	8,70	8,30	7,92	7,44	6,88	6,40	5,97	5,58	5,21	4,84	4,47	4,10	9,04	0
01/06/2020 09:30:00	8,89	8,77	8,41	7,98	7,52	7,01	6,52	6,09	5,71	5,35	4,99	4,65	4,30	9,07	0
01/06/2020 09:35:00	9,17	8,87	8,44	8,01	7,54	7,04	6,52	6,07	5,70	5,34	4,99	4,63	4,28	9,32	0
01/06/2020 09:40:00	8,93	8,96	8,64	8,25	7,73	7,26	6,72	6,26	5,86	5,48	5,11	4,74	4,37	9,17	0
01/06/2020 09:45:00	8,83	9,03	8,75	8,31	7,77	7,22	6,73	6,28	5,86	5,47	5,09	4,72	4,35	9,12	0
01/06/2020 09:50:00	8,93	8,99	8,72	8,31	7,87	7,37	6,80	6,32	5,92	5,53	5,14	4,76	4,37	9,37	0
01/06/2020 09:55:00	8,74	9,04	8,79	8,35	7,87	7,33	6,81	6,34	5,92	5,53	5,14	4,77	4,39	9,18	0
01/06/2020 10:00:00	8,72	9,00	8,79	8,41	7,93	7,40	6,86	6,38	5,97	5,56	5,17	4,77	4,37	9,30	0
01/06/2020 10:05:00	8,99	9,07	8,77	8,37	7,92	7,38	6,84	6,37	5,96	5,57	5,18	4,79	4,41	9,27	0
01/06/2020 10:10:00	9,16	9,15	8,78	8,36	7,86	7,37	6,85	6,39	6,00	5,63	5,27	4,91	4,55	9,56	0
01/06/2020 10:15:00	9,06	9,16	8,85	8,42	7,95	7,43	6,89	6,41	6,01	5,62	5,24	4,87	4,49	9,60	0
01/06/2020 10:20:00	8,98	9,18	8,88	8,51	8,03	7,49	6,97	6,50	6,10	5,70	5,32	4,93	4,55	9,52	0
01/06/2020 10:25:00	9,04	9,12	8,87	8,57	8,15	7,63	7,08	6,60	6,21	5,81	5,41	5,00	4,59	9,44	0
01/06/2020 10:30:00	9,24	9,23	8,91	8,54	8,08	7,53	7,02	6,58	6,18	5,79	5,40	5,02	4,63	9,61	0
01/06/2020 10:35:00	9,13	9,12	8,86	8,52	8,15	7,74	7,43	7,11	6,77	6,46	6,17	5,88	5,59	9,87	0
01/06/2020 10:40:00	8,78	8,81	8,66	8,37	8,08	7,64	7,26	6,90	6,55	6,22	5,88	5,55	5,21	9,31	0
01/06/2020 10:45:00	9,87	9,12	8,55	8,09	7,67	7,23	6,84	6,49	6,17	5,88	5,61	5,33	5,05	9,62	0
01/06/2020 10:50:00	9,99	9,29	8,64	8,23	7,77	7,32	6,85	6,46	6,14	5,84	5,55	5,25	4,95	9,74	0
01/06/2020 10:55:00	10,31	9,47	8,78	8,31	7,81	7,37	6,89	6,49	6,16	5,86	5,57	5,27	4,97	10,17	0
01/06/2020 11:00:00	10,26	9,70	9,05	8,53	8,00	7,53	6,99	6,54	6,18	5,85	5,53	5,21	4,89	10,02	0
01/06/2020 11:05:00	10,24	9,70	9,16	8,68	8,22	7,69	7,23	6,83	6,48	6,14	5,81	5,48	5,14	10,35	0
01/06/2020 11:10:00	9,91	9,80	9,43	9,02	8,56	7,99	7,46	7,00	6,60	6,21	5,81	5,42	5,02	10,32	0
01/06/2020 11:15:00	9,67	9,75	9,49	9,11	8,64	8,13	7,59	7,12	6,72	6,32	5,92	5,52	5,11	10,26	0
01/06/2020 11:20:00	10,19	10,21	9,89	9,47	8,97	8,43	7,86	7,38	6,96	6,56	6,14	5,72	5,30	10,38	0
01/06/2020 11:25:00	10,13	10,21	9,91	9,48	9,02	8,50	7,91	7,41	7,00	6,59	6,18	5,76	5,35	10,43	0
01/06/2020 11:30:00	10,11	10,25	9,95	9,51	9,03	8,42	7,90	7,43	7,01	6,59	6,18	5,77	5,35	10,43	0
01/06/2020 11:35:00	10,96	10,28	9,77	9,30	8,82	8,30	7,77	7,33	6,96	6,59	6,21	5,82	5,44	10,72	0
01/06/2020 11:40:00	10,95	10,40	9,88	9,40	8,95	8,42	7,87	7,42	7,05	6,67	6,30	5,91	5,53	10,79	0
01/06/2020 11:45:00	10,80	10,48	10,02	9,55	9,06	8,50	7,95	7,48	7,08	6,69	6,29	5,89	5,48	10,93	0
01/06/2020 11:50:00	10,41	10,53	10,20	9,76	9,27	8,72	8,17	7,69	7,27	6,87	6,47	6,06	5,65	10,81	0
01/06/2020 11:55:00	10,38	10,46	10,24	9,82	9,35	8,81	8,29	7,82	7,40	6,99	6,56	6,13	5,71	10,91	0
01/06/2020 12:00:00	10,52	10,52	10,22	9,81	9,35	8,79	8,25	7,78	7,37	6,96	6,54	6,12	5,70	10,88	0
01/06/2020 12:05:00	11,02	10,54	10,08	9,62	9,13	8,60	8,07	7,61	7,23	6,84	6,46	6,06	5,66	11,16	0
01/06/2020 12:10:00	11,04	10,81	10,39	9,92	9,41	8,91	8,36	7,89	7,50	7,12	6,73	6,34	5,95	11,00	0
01/06/2020 12:15:00	11,39	10,85	10,35	9,94	9,48	8,92	8,42	7,99	7,61	7,23	6,84	6,43	6,03	11,22	0
01/06/2020 12:20:00	10,97	10,97	10,66	10,22	9,73	9,20	8,63	8,14	7,73	7,32	6,90	6,47	6,05	11,33	0
01/06/2020 12:25:00	10,63	10,99	10,80	10,39	9,93	9,37	8,78	8,27	7,84	7,40	6,96	6,51	6,06	11,14	0
01/06/2020 12:30:00	10,90	11,30	11,12	10,75	10,32	9,69	9,18	8,71	8,28	7,84	7,39	6,94	6,49	11,11	0
01/06/2020 12:35:00	11,01	11,47	11,40	11,08	10,63	10,08	9,53	9,03	8,59	8,14	7,66	7,17	6,69	11,12	0
01/06/2020 12:40:00	10,99	11,34	11,22	10,87	10,46	10,06	9,66	9,27	8,90	8,54	8,18	7,82	7,46	11,15	0
01/06/2020 12:45:00	10,72	10,89	10,97	10,73	10,47	10,01	9,59	9,20	8,82	8,42	7,99	7,55	7,11	10,73	0
01/06/2020 12:50:00	10,95	10,96	10,89	10,64	10,34	9,95	9,51	9,12	8,76	8,39	8,00	7,59	7,19	10,60	0
01/06/2020 12:55:00	10,91	10,89	10,89	10,64	10,32	9,90	9,49	9,10	8,73	8,35	7,93	7,51	7,08	10,59	0
01/06/2020 13:00:00	10,76	10,74	10,65	10,37	10,06	9,66	9,27	8,90	8,55	8,19	7,82	7,44	7,06	10,38	0
01/06/2020 13:05:00	10,73	10,69	10,55	10,21	9,89	9,58	9,20	8,84	8,51	8,19	7,87	7,54	7,21	10,19	0
01/06/2020 13:10:00	10,68	10,63	10,54	10,29	10,03	9,67	9,32	8,99	8,66	8,33	7,99	7,63	7,28	10,14	0
01/06/2020 13:15:00	10,77	10,56	10,42	10,15	9,86	9,57	9,34	9,09	8,79	8,51	8,23	7,94	7,65	10,17	0
01/06/2020 13:20:00	10,49	10,55	10,49	10,29	10,05	9,73	9,40	9,09	8,77	8,45	8,12	7,77	7,43	9,99	0
01/06/2020 13:25:00	10,31	10,40	10,30	10,03	9,79	9,54	9,24	8,95	8,65	8,37	8,10	7,81	7,53	9,89	0
01/06/2020 13:30:00	10,53	10,35	10,25	10,03	9,76	9,55	9,19	8,87	8,57	8,27	7,96	7,64	7,32	9,93	0
01/06/2020 13:35:00	10,57	10,40	10,24	9,99	9,73	9,46	9,17	8,88	8,59	8,31	8,03	7,74	7,45	9,89	0
01/06/2020 13:40:00	10,61	10,40	10,31	10,11	9,80	9,57	9,37	9,14	8,85	8,58	8,31	8,04	7,76	9,90	0
01/06/2020 13:45:00	10,54	10,39	10,32	10,06	9,85	9,64	9,41	9,16	8,89	8,63	8,37	8,11	7,84	9,83	0
01/06/2020 13:50:00	10,57	10,25	10,12	9,94	9,75	9,55	9,32	9,08	8,82	8,56	8,31	8,04	7,77	9,77	0
01/06/2020 13:55:00	10,62	10,29	10,10	9,89	9,72	9,54	9,29	9,05	8,80	8,56	8,33	8,08	7,83	9,68	0
01/06/2020 14:00:00	10,68	10,28	10,07	9,78	9,62	9,51	9,26	9,02	8,78	8,57	8,37	8,15	7,94	9,69	0
01/06/2020 14:05:00	10,79	10,44	10,19	9,94	9,73	9,59	9,34	9,10	8,86	8,63	8,43	8,20	7,98	9,85	0
01/06/2020 14:10:00	10,82	10,35	10,16	10,03	9,83	9,69	9,48	9,26	9,02	8,79	8,55	8,29	8,04	9,89	0
01/06/2020 14:15:00	10,71	10,38	10,27	10,06	9,81	9,67	9,38	9,11	8,84	8,58	8,31	8,03	7,75	9,80	0
01/06/2020 14:20:00	10,49	10,44	10,35	10,16	9,92	9,65	9,38	9,10	8,81	8,52	8,23	7,93	7,62	9,81	0
01/06/2020 14:25:00	10,63	10,37	10,21	9,93	9,71	9,52	9,23	8,96	8,69	8,43	8,19	7,93	7,66	9,78	0
01/06/2020 14:30:00	10,72	10,34	10,16	9,97	9,77	9,54	9,31	9,07	8,81	8,56	8,31	8,03	7,76	9,78	0
01/06/2020 14:35:00	10,79	10,40	10,16	9,90	9,61	9,36	9,05	8,76	8,47	8,19	7,92	7,63	7,34	9,78	0
01/06/2020 14:40:00	11,25	10,38	10,00	9,70	9,49	9,29	9,08	8,88	8,65	8,43	8,22	8,00	7,77	10,11	0
01/06/2020 14:45:00	11,45	10,58	10,13	9,78	9,51	9,23	8,99	8,76	8,51	8,28	8,06	7,82	7,58	10,14	0
01/06/2020 14:50:00	11,35	10,58	10,15	9,84	9,67	9,46	9,22	9,00	8,78	8,57	8,38	8,17	7,95	10,00	0
01/06/2020 14:55:00	11,20	10,51	10,21	9,90	9,66	9,51	9,30	9,09	8,85	8,63	8,43	8,21	8,00	10,10	0
01/06/2020 15:00:00	10,88	10,63	10,40	10,14	9,91	9,64	9,39	9,13	8,86	8,60	8,35	8,09	7,82	10,00	0
01/06/2020 15:05:00	11,31	10,51	10,19	9,94	9,72	9,52	9,25	9,00	8,76	8,51	8,27	8,00	7,74	9,97	0
01/06/2020 15:10:00	11,35	10,59	10,26	9,93	9,68	9,36	9,10	8,83	8,56	8,29	8,02	7,74	7,45	10,23	0
01/06/2020 15:15:00	11,50	10,60	10,20	9,85	9,56	9,20	8,87	8,57	8,28	8,00	7,70	7,38	7,07	10,48	0
01/06/2020 15:20:00	11,67	10,84	10,26	9,87	9,56	9,20	8,78	8,44	8,16	7,89	7,62	7,32	7,03	10,18	0
01/06/2020 15:25:00	12,05	10,83	10,11	9,67	9,31	8,88	8,57	8,28	8,01	7,75	7,51	7,24	6,97	10,55	0
01/06/2020 15:30:00	11,58	10,89	10,39	9,94	9,56	9,14	8,71	8,34	8,02	7,70	7,39	7,06	6,74	10,20	0
01/06/2020 15:35:00	11,47	10,86	10,42	10,03	9,62	9,16	8,78	8,43	8,10	7,77	7,44	7,10	6,76	10,24	0
01/06/2020 15:40:00	11,23	10,83	10,47	10,05	9,64	9,20	8,77	8,38	8,03	7,69	7,35	6,99	6,64	10,27	0
01/06/2020 15:45:00	11,42	10,93	10,49	10,02	9,59	9,19	8,76	8,38	8,04	7,72	7,41	7,09	6,77	10,05	0
01/06/2020 15:50:00	11,66	10,95	10,42	9,93	9,48	9,05	8,62	8,25	7,92	7,60	7,28	6,96	6,64	10,39	0
01/06/2020 15:55:00	11,68	10,88	10,28	9,86	9,46	9,10	8,70	8,36	8,06	7,78	7,51	7,22	6,94	10,15	0
01/06/2020 16:00:00	12,23	11,05	10,24	9,74	9,32	8,86	8,48	8,16	7,87	7,60	7,34	7,07	6,79	10,65	0
01/06/2020 16:05:00	11,88	11,01	10,34	9,87	9,49	9,14	8,71	8,36	8,08	7,80	7,55	7,27	7,00	10,64	0
01/06/2020 16:10:00	11,81	10,99	10,46	10,09	9,63	9,23	8,83	8,48	8,17	7,85	7,54	7,21	6,87	10,59	0
01/06/2020 16:15:00	11,65	10,94	10,53	10,18	9,74	9,39	9,01	8,67	8,35	8,03	7,71	7,37	7,04	10,44	0
01/06/2020 16:20:00	11,73	10,92	10,44	10,00	9,67	9,31	8,96	8,64	8,35	8,08	7,80	7,52	7,23	10,47	0
01/06/2020 16:25:00	11,75	10,98	10,44	10,01	9,58	9,18	8,82	8,49	8,19	7,89	7,60	7,30	7,01	10,32	0
01/06/2020 16:30:00	11,91	11,05	10,40	9,93	9,50	9,13	8,79	8,48	8,19	7,93	7,69	7,43	7,18	10,58	0
01/06/2020 16:35:00	11,75	10,99	10,52	10,06	9,67	9,28	8,87	8,51	8,19	7,88	7,57	7,24	6,92	10,63	0
01/06/2020 16:40:00	11,56	10,91	10,47	10,07	9,70	9,35	8,94	8,59	8,28	7,98	7,68	7,37	7,06	10,62	0
01/06/2020 16:45:00	11,33	10,88	10,50	10,11	9,74	9,32	8,98	8,66	8,35	8,04	7,74	7,43	7,12	10,33	0
01/06/2020 16:50:00	11,18	10,82	10,50	10,14	9,72	9,41	9,02	8,66	8,34	8,03	7,72	7,40	7,09	10,28	0
01/06/2020 16:55:00	11,08	10,88	10,56	10,19	9,82	9,45	9,11	8,78	8,46	8,15	7,86	7,56	7,26	10,19	0
01/06/2020 17:00:00	11,29	10,86	10,46	10,11	9,79	9,50	9,21	8,92	8,65	8,39	8,15	7,90	7,65	10,46	0
01/06/2020 17:05:00	10,95	10,77	10,54	10,25	9,94	9,58	9,24	8,91	8,60	8,29	7,97	7,65	7,32	10,28	0
01/06/2020 17:10:00	11,00	10,77	10,49	10,15	9,84	9,55	9,21	8,90	8,60	8,32	8,04	7,76	7,47	10,28	0
01/06/2020 17:15:00	10,92	10,73	10,49	10,18	9,85	9,54	9,29	9,02	8,72	8,44	8,18	7,90	7,63	10,16	0
01/06/2020 17:20:00	10,92	10,65	10,39	10,08	9,83	9,54	9,30	9,05	8,77	8,52	8,27	8,02	7,76	10,11	0
01/06/2020 17:25:00	10,91	10,64	10,32	9,98	9,70	9,49	9,17	8,87	8,59	8,34	8,11	7,87	7,62	10,08	0
01/06/2020 17:30:00	10,83	10,65	10,37	10,06	9,81	9,55	9,25	8,96	8,69	8,43	8,19	7,93	7,67	10,12	0
01/06/2020 17:35:00	10,82	10,60	10,39	10,09	9,80	9,50	9,21	8,91	8,61	8,33	8,05	7,76	7,47	9,95	0
01/06/2020 17:40:00	10,92	10,61	10,32	10,01	9,67	9,33	8,99	8,68	8,37	8,07	7,77	7,46	7,15	10,10	0
01/06/2020 17:45:00	10,95	10,64	10,33	10,01	9,74	9,51	9,17	8,86	8,58	8,32	8,07	7,81	7,55	10,15	0
01/06/2020 17:50:00	10,94	10,64	10,35	10,06	9,80	9,53	9,18	8,87	8,58	8,31	8,03	7,74	7,45	10,06	0
01/06/2020 17:55:00	11,02	10,62	10,30	10,08	9,81	9,50	9,21	8,92	8,64	8,37	8,09	7,79	7,50	10,13	0
01/06/2020 18:00:00	11,04	10,72	10,43	10,06	9,71	9,36	9,04	8,73	8,42	8,12	7,83	7,54	7,24	10,13	0
01/06/2020 18:05:00	11,04	10,79	10,53	10,15	9,84	9,46	9,09	8,75	8,42	8,11	7,79	7,47	7,15	10,30	0
01/06/2020 18:10:00	11,08	10,77	10,56	10,27	9,89	9,55	9,19	8,85	8,52	8,19	7,86	7,51	7,17	10,32	0
01/06/2020 18:15:00	10,94	10,70	10,44	10,16	9,86	9,47	9,13	8,80	8,48	8,16	7,84	7,51	7,17	10,23	0
01/06/2020 18:20:00	10,97	10,68	10,47	10,14	9,88	9,61	9,27	8,96	8,66	8,37	8,09	7,79	7,49	10,25	0
01/06/2020 18:25:00	10,83	10,63	10,43	10,18	9,93	9,55	9,25	8,95	8,64	8,33	8,02	7,70	7,37	10,15	0
01/06/2020 18:30:00	10,89	10,70	10,47	10,18	9,87	9,56	9,21	8,88	8,57	8,27	7,96	7,64	7,33	10,13	0
01/06/2020 18:35:00	10,79	10,72	10,53	10,21	9,91	9,54	9,12	8,74	8,40	8,06	7,72	7,36	7,01	10,17	0
01/06/2020 18:40:00	10,57	10,48	10,25	9,93	9,55	9,10	8,70	8,32	7,97	7,61	7,26	6,89	6,53	10,14	0
01/06/2020 18:45:00	10,61	10,46	10,18	9,89	9,60	9,20	8,75	8,37	8,03	7,69	7,35	6,99	6,63	10,16	0
01/06/2020 18:50:00	10,67	10,51	10,20	9,85	9,48	9,08	8,68	8,32	7,98	7,66	7,34	7,01	6,68	10,28	0
01/06/2020 18:55:00	10,66	10,51	10,20	9,84	9,47	9,00	8,60	8,23	7,88	7,54	7,20	6,85	6,50	10,11	0
01/06/2020 19:00:00	10,66	10,48	10,17	9,85	9,50	9,10	8,67	8,29	7,95	7,62	7,29	6,94	6,60	10,13	0
01/06/2020 19:05:00	10,59	10,51	10,26	9,93	9,62	9,21	8,79	8,42	8,07	7,74	7,40	7,05	6,70	10,22	0
01/06/2020 19:10:00	10,70	10,49	10,15	9,82	9,45	9,10	8,71	8,36	8,04	7,73	7,43	7,12	6,81	10,16	0
01/06/2020 19:15:00	10,60	10,55	10,23	9,89	9,50	9,13	8,74	8,38	8,04	7,73	7,42	7,11	6,80	10,22	0
01/06/2020 19:20:00	10,55	10,51	10,23	9,92	9,64	9,30	8,89	8,53	8,21	7,91	7,61	7,30	6,99	10,17	0
01/06/2020 19:25:00	10,60	10,52	10,25	9,91	9,54	9,21	8,82	8,47	8,14	7,83	7,53	7,22	6,91	10,27	0
01/06/2020 19:30:00	10,53	10,58	10,36	10,03	9,71	9,29	8,83	8,43	8,08	7,73	7,37	7,00	6,64	10,20	0
01/06/2020 19:35:00	10,51	10,58	10,37	10,10	9,76	9,38	8,93	8,54	8,19	7,84	7,49	7,12	6,75	10,30	0
01/06/2020 19:40:00	10,49	10,56	10,40	10,06	9,72	9,35	8,89	8,48	8,12	7,77	7,41	7,04	6,68	10,25	0
01/06/2020 19:45:00	10,41	10,63	10,43	10,11	9,71	9,30	8,83	8,41	8,04	7,69	7,33	6,96	6,60	10,15	0
01/06/2020 19:50:00	10,40	10,58	10,42	10,10	9,81	9,39	8,93	8,52	8,16	7,81	7,44	7,07	6,70	10,16	0
01/06/2020 19:55:00	10,38	10,64	10,52	10,19	9,77	9,36	8,93	8,52	8,14	7,77	7,40	7,02	6,65	10,10	0
01/06/2020 20:00:00	10,26	10,57	10,42	10,16	9,76	9,37	8,90	8,49	8,12	7,75	7,38	7,00	6,62	10,21	0
01/06/2020 20:05:00	10,31	10,58	10,43	10,16	9,87	9,44	8,96	8,53	8,17	7,80	7,42	7,03	6,64	10,30	0
01/06/2020 20:10:00	10,16	10,50	10,38	10,07	9,72	9,21	8,79	8,39	8,00	7,62	7,23	6,84	6,45	10,25	0
01/06/2020 20:15:00	10,15	10,50	10,39	10,13	9,73	9,33	8,86	8,44	8,06	7,68	7,30	6,91	6,51	10,21	0
01/06/2020 20:20:00	10,16	10,56	10,45	10,14	9,78	9,32	8,82	8,37	7,97	7,58	7,18	6,78	6,37	10,27	0
01/06/2020 20:25:00	10,16	10,51	10,40	10,08	9,71	9,25	8,79	8,36	7,98	7,59	7,21	6,81	6,42	10,27	0
01/06/2020 20:30:00	10,24	10,62	10,54	10,23	9,79	9,39	8,93	8,50	8,11	7,73	7,34	6,95	6,56	10,24	0
01/06/2020 20:35:00	10,23	10,60	10,46	10,19	9,86	9,45	9,05	8,67	8,31	7,97	7,62	7,26	6,91	10,27	0
01/06/2020 20:40:00	10,25	10,68	10,57	10,26	9,92	9,48	9,05	8,64	8,27	7,90	7,53	7,15	6,78	10,34	0
01/06/2020 20:45:00	10,24	10,63	10,49	10,21	9,85	9,47	9,02	8,61	8,25	7,90	7,54	7,18	6,81	10,23	0
01/06/2020 20:50:00	10,20	10,64	10,54	10,30	9,92	9,42	9,02	8,62	8,23	7,85	7,45	7,05	6,65	10,17	0
01/06/2020 20:55:00	10,19	10,55	10,40	10,12	9,73	9,34	8,92	8,53	8,17	7,81	7,46	7,11	6,75	10,28	0
01/06/2020 21:00:00	10,21	10,63	10,52	10,28	9,92	9,48	9,01	8,58	8,20	7,82	7,42	7,02	6,62	10,12	0
01/06/2020 21:05:00	10,16	10,56	10,46	10,21	9,90	9,54	9,03	8,59	8,22	7,86	7,48	7,09	6,71	10,20	0
01/06/2020 21:10:00	10,27	10,68	10,58	10,30	10,00	9,61	9,13	8,70	8,33	7,97	7,59	7,21	6,82	10,22	0
01/06/2020 21:15:00	10,22	10,78	10,76	10,48	10,09	9,67	9,21	8,79	8,39	8,00	7,61	7,21	6,81	10,30	0
01/06/2020 21:20:00	10,29	10,85	10,79	10,55	10,19	9,77	9,30	8,88	8,50	8,12	7,73	7,34	6,94	10,38	0
01/06/2020 21:25:00	10,36	10,90	10,85	10,60	10,31	9,83	9,41	9,02	8,64	8,26	7,87	7,48	7,08	10,31	0
01/06/2020 21:30:00	10,46	11,01	10,88	10,59	10,26	9,86	9,39	8,96	8,59	8,23	7,87	7,50	7,13	10,45	0
01/06/2020 21:35:00	10,43	10,95	10,84	10,57	10,29	9,82	9,41	9,02	8,65	8,29	7,92	7,55	7,17	10,38	0
01/06/2020 21:40:00	10,34	10,91	10,87	10,68	10,28	9,84	9,45	9,06	8,67	8,29	7,90	7,50	7,10	10,31	0
01/06/2020 21:45:00	9,77	10,23	10,23	10,03	9,76	9,34	8,92	8,52	8,15	7,78	7,39	6,98	6,58	10,32	0
01/06/2020 21:50:00	10,17	10,76	10,80	10,54	10,07	9,52	9,04	8,57	8,13	7,68	7,21	6,74	6,27	10,32	0
01/06/2020 21:55:00	10,33	10,91	10,87	10,59	10,23	9,82	9,41	9,01	8,63	8,26	7,89	7,52	7,14	10,29	0
01/06/2020 22:00:00	10,22	10,75	10,72	10,47	10,18	9,79	9,33	8,91	8,54	8,17	7,78	7,40	7,01	10,28	0
01/06/2020 22:05:00	10,30	10,80	10,75	10,48	10,19	9,90	9,43	9,02	8,67	8,33	7,98	7,62	7,27	10,27	0
01/06/2020 22:10:00	10,18	10,74	10,66	10,48	10,17	9,80	9,37	8,98	8,62	8,27	7,91	7,54	7,17	10,25	0
01/06/2020 22:15:00	10,23	10,75	10,75	10,55	10,30	9,87	9,49	9,12	8,75	8,39	8,01	7,63	7,24	10,26	0
01/06/2020 22:20:00	10,27	10,83	10,82	10,67	10,34	10,04	9,68	9,32	8,98	8,64	8,29	7,94	7,58	10,28	0
01/06/2020 22:25:00	10,36	10,79	10,72	10,44	10,12	9,75	9,26	8,83	8,45	8,08	7,70	7,31	6,92	10,30	0
01/06/2020 22:30:00	10,14	10,70	10,62	10,47	10,14	9,74	9,31	8,92	8,56	8,20	7,82	7,44	7,06	10,29	0
01/06/2020 22:35:00	10,25	10,76	10,74	10,54	10,18	9,75	9,34	8,94	8,55	8,17	7,77	7,36	6,95	10,33	0
01/06/2020 22:40:00	10,18	10,80	10,71	10,49	10,14	9,77	9,27	8,84	8,46	8,09	7,71	7,32	6,94	10,29	0
01/06/2020 22:45:00	10,25	10,78	10,68	10,38	10,03	9,59	9,15	8,74	8,36	7,99	7,62	7,25	6,88	10,18	0
01/06/2020 22:50:00	10,15	10,68	10,58	10,30	10,07	9,61	9,14	8,72	8,35	7,98	7,61	7,22	6,84	10,17	0
01/06/2020 22:55:00	10,14	10,56	10,51	10,29	9,93	9,57	9,15	8,76	8,39	8,03	7,66	7,28	6,90	10,14	0
01/06/2020 23:00:00	10,16	10,59	10,54	10,28	9,99	9,59	9,14	8,74	8,37	8,00	7,63	7,24	6,86	10,20	0
01/06/2020 23:05:00	10,09	10,66	10,59	10,37	10,01	9,62	9,11	8,66	8,27	7,89	7,49	7,09	6,68	10,19	0
01/06/2020 23:10:00	10,14	10,62	10,50	10,27	9,88	9,48	9,05	8,65	8,28	7,91	7,55	7,18	6,80	10,25	0
01/06/2020 23:15:00	10,24	10,62	10,51	10,29	10,02	9,55	9,00	8,53	8,14	7,74	7,31	6,87	6,43	10,17	0
01/06/2020 23:20:00	10,17	10,77	10,71	10,52	10,15	9,73	9,22	8,77	8,38	7,99	7,58	7,16	6,74	10,23	0
01/06/2020 23:25:00	10,25	10,77	10,53	10,39	10,05	9,92	9,48	9,12	8,81	8,54	8,28	8,00	7,73	10,22	0
01/06/2020 23:30:00	10,47	10,87	10,89	10,66	10,40	10,04	9,60	9,20	8,84	8,47	8,08	7,68	7,29	10,22	0
01/06/2020 23:35:00	10,24	10,78	10,73	10,49	10,17	9,80	9,41	9,04	8,67	8,32	7,97	7,60	7,24	10,24	0
01/06/2020 23:40:00	10,36	10,90	10,78	10,46	10,15	9,68	9,31	8,94	8,57	8,21	7,87	7,52	7,16	10,38	0
01/06/2020 23:45:00	10,45	11,00	10,98	10,72	10,37	9,93	9,52	9,12	8,74	8,36	7,97	7,58	7,18	10,50	0
01/06/2020 23:50:00	10,40	11,00	11,00	10,76	10,39	9,99	9,53	9,11	8,72	8,33	7,93	7,52	7,12	10,54	0
01/06/2020 23:55:00	10,39	10,96	10,91	10,66	10,34	9,88	9,35	8,89	8,50	8,10	7,68	7,25	6,83	10,32	0
