FileFormat:0002.2 file with temperature of atmosphere
200
local	GMT or Local
0	GMT-Local=[hours]
0	Height[m]
0	0	0	Longitude                [grd]               [min]               [sec]
0	0	0	Latitude                [grd]               [min]               [sec]
N	NS
59,40	Freq[GHz]
0,00	dTemostat[K]
0,150	MessErr[K]
0,248	//[grad/step]
version 14.0.20110218
MTP5H033F5940K-33.00D180214+A1.1
Commentary:
enter comment
End Of Commentary

SYSTEM\alaska.dat
data time	0	50	100	150	200	250	300	350	400	450	500	550	600	OutsideTemperature	Quality
22/12/2020 00:00:00	1,00	0,99	0,66	0,16	-0,25	-0,56	-0,69	-0,65	-0,55	-0,51	-0,44	-0,31	-0,18	0,99	0
22/12/2020 00:05:00	0,97	0,95	0,62	0,15	-0,18	-0,41	-0,48	-0,37	-0,23	-0,17	-0,10	0,03	0,16	0,98	0
22/12/2020 00:10:00	0,99	0,98	0,61	0,11	-0,25	-0,47	-0,61	-0,53	-0,38	-0,31	-0,23	-0,10	0,03	1,01	0
22/12/2020 00:15:00	1,00	0,98	0,68	0,28	-0,07	-0,37	-0,50	-0,47	-0,40	-0,40	-0,37	-0,30	-0,22	0,98	0
22/12/2020 00:20:00	1,00	1,03	0,69	0,22	-0,18	-0,49	-0,61	-0,56	-0,46	-0,44	-0,38	-0,28	-0,17	0,95	0
22/12/2020 00:25:00	0,93	1,04	0,67	0,15	-0,21	-0,50	-0,60	-0,50	-0,35	-0,29	-0,20	-0,07	0,07	0,97	0
22/12/2020 00:30:00	0,93	0,99	0,62	0,07	-0,36	-0,60	-0,69	-0,58	-0,43	-0,34	-0,24	-0,07	0,10	0,96	0
22/12/2020 00:35:00	0,96	0,97	0,64	0,07	-0,37	-0,70	-0,75	-0,65	-0,53	-0,47	-0,37	-0,20	-0,02	0,93	0
22/12/2020 00:40:00	0,95	0,96	0,60	0,04	-0,38	-0,69	-0,81	-0,76	-0,65	-0,60	-0,52	-0,39	-0,25	0,89	0
22/12/2020 00:45:00	0,88	0,88	0,52	0,01	-0,42	-0,74	-0,93	-0,92	-0,84	-0,83	-0,79	-0,70	-0,61	0,88	0
22/12/2020 00:50:00	0,84	0,93	0,52	0,00	-0,49	-0,83	-1,04	-1,03	-0,92	-0,89	-0,83	-0,72	-0,61	0,85	0
22/12/2020 00:55:00	0,88	0,92	0,46	-0,07	-0,55	-0,84	-0,95	-0,85	-0,70	-0,61	-0,51	-0,35	-0,19	0,86	0
22/12/2020 01:00:00	0,87	0,93	0,58	0,10	-0,33	-0,62	-0,85	-0,85	-0,75	-0,71	-0,65	-0,54	-0,43	0,86	0
22/12/2020 01:05:00	0,88	0,90	0,53	0,03	-0,39	-0,67	-0,80	-0,75	-0,63	-0,58	-0,51	-0,39	-0,26	0,92	0
22/12/2020 01:10:00	0,82	0,89	0,51	0,00	-0,42	-0,76	-0,90	-0,86	-0,77	-0,74	-0,68	-0,58	-0,48	0,86	0
22/12/2020 01:15:00	0,82	0,77	0,35	-0,13	-0,52	-0,85	-0,94	-0,87	-0,75	-0,71	-0,64	-0,53	-0,42	0,77	0
22/12/2020 01:20:00	0,81	0,75	0,37	-0,08	-0,45	-0,76	-0,89	-0,85	-0,75	-0,72	-0,67	-0,58	-0,49	0,80	0
22/12/2020 01:25:00	0,74	0,75	0,43	-0,08	-0,49	-0,85	-1,08	-1,11	-1,04	-1,02	-0,98	-0,87	-0,77	0,81	0
22/12/2020 01:30:00	0,76	0,80	0,41	-0,15	-0,56	-0,89	-1,06	-1,02	-0,90	-0,86	-0,79	-0,67	-0,55	0,77	0
22/12/2020 01:35:00	0,83	0,79	0,46	-0,03	-0,44	-0,72	-0,97	-0,99	-0,91	-0,88	-0,83	-0,73	-0,63	0,78	0
22/12/2020 01:40:00	0,72	0,73	0,35	-0,13	-0,52	-0,84	-1,01	-1,00	-0,90	-0,88	-0,85	-0,77	-0,69	0,74	0
22/12/2020 01:45:00	0,73	0,73	0,41	-0,01	-0,46	-0,78	-0,97	-0,97	-0,90	-0,88	-0,83	-0,72	-0,60	0,75	0
22/12/2020 01:50:00	0,75	0,72	0,36	-0,07	-0,40	-0,73	-0,92	-0,92	-0,84	-0,82	-0,78	-0,71	-0,63	0,72	0
22/12/2020 01:55:00	0,74	0,75	0,41	-0,09	-0,53	-0,89	-1,11	-1,13	-1,06	-1,04	-0,99	-0,88	-0,77	0,77	0
22/12/2020 02:00:00	0,72	0,72	0,41	-0,06	-0,51	-0,89	-1,09	-1,13	-1,09	-1,10	-1,07	-0,99	-0,91	0,73	0
22/12/2020 02:05:00	0,78	0,76	0,48	0,00	-0,46	-0,84	-1,15	-1,26	-1,24	-1,26	-1,25	-1,18	-1,12	0,76	0
22/12/2020 02:10:00	0,77	0,81	0,40	-0,09	-0,60	-0,93	-1,11	-1,09	-0,98	-0,94	-0,88	-0,75	-0,63	0,81	0
22/12/2020 02:15:00	0,80	0,88	0,58	0,10	-0,37	-0,77	-1,05	-1,13	-1,09	-1,09	-1,06	-0,97	-0,88	0,80	0
22/12/2020 02:20:00	0,82	0,86	0,54	0,05	-0,47	-0,89	-1,13	-1,18	-1,14	-1,14	-1,10	-0,99	-0,88	0,84	0
22/12/2020 02:25:00	0,86	0,87	0,51	0,05	-0,35	-0,75	-0,99	-1,02	-0,96	-0,95	-0,91	-0,83	-0,74	0,89	0
22/12/2020 02:30:00	0,89	0,94	0,61	0,11	-0,37	-0,79	-1,03	-1,09	-1,05	-1,06	-1,04	-0,95	-0,87	0,86	0
22/12/2020 02:35:00	0,87	0,87	0,58	0,16	-0,30	-0,69	-0,96	-1,06	-1,05	-1,09	-1,09	-1,04	-0,99	0,86	0
22/12/2020 02:40:00	0,86	0,82	0,45	0,02	-0,37	-0,70	-0,87	-0,86	-0,79	-0,77	-0,74	-0,67	-0,59	0,85	0
22/12/2020 02:45:00	0,81	0,85	0,52	0,05	-0,37	-0,75	-0,99	-1,04	-0,98	-0,97	-0,94	-0,86	-0,77	0,84	0
22/12/2020 02:50:00	0,88	0,88	0,56	0,08	-0,36	-0,72	-0,95	-0,99	-0,93	-0,93	-0,91	-0,83	-0,74	0,86	0
22/12/2020 02:55:00	0,94	0,88	0,55	0,10	-0,32	-0,65	-0,88	-0,92	-0,87	-0,87	-0,86	-0,79	-0,73	0,89	0
22/12/2020 03:00:00	0,90	0,94	0,61	0,16	-0,26	-0,64	-0,94	-1,04	-1,01	-1,03	-1,02	-0,98	-0,94	0,89	0
22/12/2020 03:05:00	0,89	0,92	0,60	0,18	-0,24	-0,65	-0,94	-1,04	-1,03	-1,06	-1,07	-1,03	-1,00	0,93	0
22/12/2020 03:10:00	0,90	0,91	0,57	0,10	-0,33	-0,72	-0,93	-0,97	-0,92	-0,93	-0,91	-0,85	-0,78	0,86	0
22/12/2020 03:15:00	0,84	0,89	0,53	0,01	-0,50	-0,89	-1,11	-1,14	-1,09	-1,09	-1,05	-0,95	-0,86	0,83	0
22/12/2020 03:20:00	0,88	0,75	0,39	-0,01	-0,33	-0,70	-0,98	-1,07	-1,03	-1,06	-1,07	-1,05	-1,04	0,80	0
22/12/2020 03:25:00	0,84	0,83	0,46	0,01	-0,35	-0,74	-1,01	-1,07	-1,02	-1,04	-1,04	-1,00	-0,97	0,79	0
22/12/2020 03:30:00	0,84	0,87	0,60	0,16	-0,26	-0,66	-0,99	-1,13	-1,13	-1,18	-1,20	-1,18	-1,15	0,83	0
22/12/2020 03:35:00	0,84	0,88	0,55	0,01	-0,38	-0,80	-1,10	-1,18	-1,14	-1,15	-1,14	-1,08	-1,02	0,84	0
22/12/2020 03:40:00	0,83	0,78	0,48	0,07	-0,36	-0,70	-0,90	-0,95	-0,92	-0,93	-0,92	-0,85	-0,79	0,86	0
22/12/2020 03:45:00	0,82	0,85	0,48	0,00	-0,42	-0,77	-0,96	-0,97	-0,90	-0,88	-0,85	-0,77	-0,68	0,85	0
22/12/2020 03:50:00	0,84	0,89	0,56	0,05	-0,37	-0,74	-0,96	-1,00	-0,95	-0,95	-0,93	-0,87	-0,80	0,84	0
22/12/2020 03:55:00	0,81	0,85	0,55	0,06	-0,41	-0,78	-1,06	-1,13	-1,10	-1,10	-1,07	-0,99	-0,90	0,84	0
22/12/2020 04:00:00	0,82	0,84	0,53	0,05	-0,38	-0,75	-1,03	-1,10	-1,06	-1,06	-1,05	-0,97	-0,90	0,82	0
22/12/2020 04:05:00	0,76	0,81	0,46	0,00	-0,43	-0,71	-0,86	-0,85	-0,76	-0,75	-0,71	-0,64	-0,56	0,82	0
22/12/2020 04:10:00	0,89	0,84	0,59	0,23	-0,17	-0,55	-0,89	-1,04	-1,06	-1,11	-1,15	-1,14	-1,13	0,84	0
22/12/2020 04:15:00	0,85	0,86	0,52	0,05	-0,35	-0,73	-0,89	-0,90	-0,84	-0,83	-0,80	-0,71	-0,63	0,86	0
22/12/2020 04:20:00	0,83	0,84	0,57	0,16	-0,24	-0,57	-0,82	-0,88	-0,85	-0,86	-0,86	-0,80	-0,75	0,89	0
22/12/2020 04:25:00	0,84	0,76	0,43	0,08	-0,30	-0,64	-0,85	-0,90	-0,88	-0,91	-0,93	-0,92	-0,90	0,83	0
22/12/2020 04:30:00	0,75	0,73	0,37	-0,02	-0,39	-0,68	-0,85	-0,85	-0,77	-0,77	-0,76	-0,71	-0,67	0,78	0
22/12/2020 04:35:00	0,76	0,72	0,37	-0,02	-0,48	-0,77	-0,93	-0,93	-0,86	-0,84	-0,81	-0,72	-0,63	0,76	0
22/12/2020 04:40:00	0,74	0,77	0,44	0,02	-0,38	-0,71	-0,89	-0,91	-0,86	-0,87	-0,86	-0,82	-0,78	0,77	0
22/12/2020 04:45:00	0,72	0,76	0,41	-0,14	-0,57	-0,91	-1,04	-1,01	-0,91	-0,88	-0,83	-0,71	-0,60	0,75	0
22/12/2020 04:50:00	0,81	0,70	0,45	0,13	-0,18	-0,51	-0,80	-0,92	-0,92	-0,97	-1,00	-1,00	-1,01	0,77	0
22/12/2020 04:55:00	0,74	0,70	0,40	0,02	-0,35	-0,64	-0,78	-0,78	-0,72	-0,72	-0,70	-0,63	-0,57	0,76	0
22/12/2020 05:00:00	0,78	0,72	0,40	0,00	-0,32	-0,57	-0,73	-0,71	-0,61	-0,58	-0,55	-0,47	-0,40	0,77	0
22/12/2020 05:05:00	0,79	0,75	0,42	0,09	-0,25	-0,54	-0,76	-0,80	-0,75	-0,76	-0,77	-0,74	-0,71	0,76	0
22/12/2020 05:10:00	0,75	0,72	0,41	-0,04	-0,39	-0,64	-0,82	-0,80	-0,71	-0,68	-0,64	-0,56	-0,47	0,72	0
22/12/2020 05:15:00	0,73	0,63	0,31	-0,03	-0,33	-0,58	-0,78	-0,81	-0,74	-0,74	-0,74	-0,71	-0,69	0,73	0
22/12/2020 05:20:00	0,74	0,74	0,36	-0,03	-0,39	-0,65	-0,78	-0,74	-0,64	-0,62	-0,59	-0,54	-0,48	0,73	0
22/12/2020 05:25:00	0,72	0,64	0,29	-0,13	-0,43	-0,73	-0,82	-0,77	-0,67	-0,65	-0,61	-0,53	-0,45	0,67	0
22/12/2020 05:30:00	0,69	0,70	0,41	0,01	-0,35	-0,69	-0,87	-0,90	-0,86	-0,87	-0,86	-0,81	-0,77	0,69	0
22/12/2020 05:35:00	0,71	0,63	0,28	-0,08	-0,44	-0,71	-0,85	-0,83	-0,75	-0,73	-0,71	-0,65	-0,59	0,68	0
22/12/2020 05:40:00	0,70	0,60	0,26	-0,12	-0,39	-0,68	-0,77	-0,72	-0,63	-0,61	-0,59	-0,53	-0,47	0,68	0
22/12/2020 05:45:00	0,68	0,59	0,26	-0,09	-0,40	-0,69	-0,87	-0,89	-0,83	-0,84	-0,84	-0,81	-0,79	0,70	0
22/12/2020 05:50:00	0,66	0,63	0,33	-0,06	-0,44	-0,80	-1,03	-1,10	-1,07	-1,10	-1,10	-1,07	-1,03	0,66	0
22/12/2020 05:55:00	0,67	0,65	0,28	-0,09	-0,49	-0,82	-1,03	-1,07	-1,01	-1,02	-1,02	-0,99	-0,96	0,66	0
22/12/2020 06:00:00	0,63	0,62	0,30	-0,21	-0,49	-0,86	-0,99	-0,98	-0,92	-0,92	-0,91	-0,86	-0,81	0,68	0
22/12/2020 06:05:00	0,71	0,57	0,22	-0,13	-0,46	-0,72	-0,93	-0,95	-0,89	-0,89	-0,88	-0,85	-0,81	0,67	0
22/12/2020 06:10:00	0,66	0,59	0,28	-0,03	-0,41	-0,72	-0,92	-0,98	-0,95	-0,98	-0,99	-0,97	-0,94	0,70	0
22/12/2020 06:15:00	0,67	0,62	0,25	-0,19	-0,62	-0,91	-1,09	-1,09	-1,01	-0,99	-0,95	-0,87	-0,80	0,69	0
22/12/2020 06:20:00	0,63	0,62	0,32	-0,16	-0,57	-0,93	-1,16	-1,23	-1,20	-1,22	-1,22	-1,18	-1,13	0,69	0
22/12/2020 06:25:00	0,68	0,64	0,33	-0,19	-0,58	-0,99	-1,26	-1,34	-1,31	-1,33	-1,32	-1,26	-1,20	0,62	0
22/12/2020 06:30:00	0,63	0,62	0,31	-0,05	-0,50	-0,92	-1,22	-1,36	-1,37	-1,43	-1,46	-1,45	-1,44	0,66	0
22/12/2020 06:35:00	0,67	0,58	0,26	-0,16	-0,54	-0,94	-1,22	-1,31	-1,28	-1,30	-1,29	-1,23	-1,18	0,64	0
22/12/2020 06:40:00	0,64	0,56	0,21	-0,23	-0,53	-0,86	-1,10	-1,15	-1,08	-1,08	-1,07	-1,04	-1,00	0,63	0
22/12/2020 06:45:00	0,63	0,55	0,26	-0,04	-0,40	-0,74	-1,00	-1,11	-1,12	-1,18	-1,22	-1,24	-1,26	0,63	0
22/12/2020 06:50:00	0,68	0,53	0,25	-0,04	-0,34	-0,65	-0,90	-0,99	-0,98	-1,03	-1,07	-1,08	-1,09	0,61	0
22/12/2020 06:55:00	0,69	0,65	0,38	-0,03	-0,40	-0,84	-1,14	-1,28	-1,30	-1,35	-1,39	-1,38	-1,38	0,68	0
22/12/2020 07:00:00	0,62	0,66	0,30	-0,16	-0,64	-1,00	-1,28	-1,36	-1,31	-1,32	-1,30	-1,24	-1,17	0,67	0
22/12/2020 07:05:00	0,64	0,64	0,31	-0,06	-0,48	-0,84	-1,18	-1,31	-1,29	-1,32	-1,33	-1,31	-1,29	0,64	0
22/12/2020 07:10:00	0,71	0,67	0,37	-0,03	-0,45	-0,83	-1,05	-1,11	-1,09	-1,11	-1,11	-1,05	-0,99	0,69	0
22/12/2020 07:15:00	0,68	0,78	0,56	0,09	-0,32	-0,77	-1,14	-1,30	-1,31	-1,36	-1,38	-1,34	-1,30	0,74	0
22/12/2020 07:20:00	0,78	0,80	0,54	0,10	-0,30	-0,72	-1,03	-1,16	-1,17	-1,22	-1,24	-1,21	-1,18	0,77	0
22/12/2020 07:25:00	0,80	0,78	0,47	0,07	-0,32	-0,73	-1,06	-1,21	-1,23	-1,29	-1,33	-1,34	-1,35	0,78	0
22/12/2020 07:30:00	0,75	0,69	0,39	-0,09	-0,47	-0,90	-1,19	-1,29	-1,28	-1,31	-1,31	-1,26	-1,21	0,74	0
22/12/2020 07:35:00	0,65	0,56	0,22	-0,20	-0,56	-0,94	-1,19	-1,27	-1,24	-1,27	-1,28	-1,25	-1,22	0,61	0
22/12/2020 07:40:00	0,54	0,50	0,10	-0,38	-0,76	-1,13	-1,36	-1,40	-1,33	-1,33	-1,32	-1,27	-1,23	0,55	0
22/12/2020 07:45:00	0,52	0,29	-0,12	-0,49	-0,84	-1,17	-1,36	-1,40	-1,34	-1,35	-1,35	-1,32	-1,30	0,48	0
22/12/2020 07:50:00	0,42	0,19	-0,14	-0,46	-0,79	-1,17	-1,47	-1,60	-1,62	-1,67	-1,72	-1,74	-1,76	0,26	0
22/12/2020 07:55:00	0,20	-0,07	-0,45	-0,81	-1,14	-1,47	-1,63	-1,66	-1,62	-1,63	-1,62	-1,59	-1,55	0,16	0
22/12/2020 08:00:00	0,10	-0,09	-0,45	-0,78	-1,10	-1,39	-1,63	-1,69	-1,64	-1,65	-1,66	-1,63	-1,61	0,10	0
22/12/2020 08:05:00	0,04	-0,09	-0,44	-0,86	-1,15	-1,47	-1,71	-1,76	-1,70	-1,69	-1,67	-1,63	-1,59	0,05	0
22/12/2020 08:10:00	0,05	-0,17	-0,54	-0,84	-1,22	-1,53	-1,72	-1,78	-1,75	-1,77	-1,78	-1,77	-1,75	0,03	0
22/12/2020 08:15:00	-0,01	-0,27	-0,60	-0,92	-1,24	-1,54	-1,75	-1,82	-1,78	-1,79	-1,79	-1,76	-1,73	0,00	0
22/12/2020 08:20:00	-0,10	-0,29	-0,69	-1,12	-1,47	-1,74	-1,86	-1,83	-1,73	-1,69	-1,64	-1,56	-1,47	-0,12	0
22/12/2020 08:25:00	-0,10	-0,36	-0,73	-1,11	-1,41	-1,70	-1,87	-1,89	-1,81	-1,79	-1,77	-1,72	-1,66	-0,12	0
22/12/2020 08:30:00	-0,15	-0,36	-0,74	-1,17	-1,56	-1,87	-1,99	-1,97	-1,89	-1,86	-1,81	-1,72	-1,62	-0,13	0
22/12/2020 08:35:00	-0,19	-0,46	-0,82	-1,26	-1,59	-1,88	-2,11	-2,14	-2,07	-2,04	-2,00	-1,93	-1,85	-0,25	0
22/12/2020 08:40:00	-0,32	-0,57	-0,92	-1,28	-1,65	-1,96	-2,17	-2,23	-2,19	-2,20	-2,19	-2,14	-2,09	-0,34	0
22/12/2020 08:45:00	-0,32	-0,71	-1,06	-1,35	-1,60	-1,88	-2,14	-2,24	-2,21	-2,24	-2,27	-2,28	-2,29	-0,34	0
22/12/2020 08:50:00	-0,53	-0,85	-1,27	-1,63	-1,98	-2,26	-2,44	-2,46	-2,39	-2,36	-2,34	-2,28	-2,23	-0,51	0
22/12/2020 08:55:00	-0,55	-0,96	-1,37	-1,75	-2,06	-2,37	-2,54	-2,58	-2,52	-2,51	-2,50	-2,45	-2,41	-0,59	0
22/12/2020 09:00:00	-0,63	-0,99	-1,46	-1,96	-2,19	-2,45	-2,53	-2,45	-2,30	-2,22	-2,15	-2,06	-1,96	-0,65	0
22/12/2020 09:05:00	-0,74	-1,01	-1,48	-1,89	-2,23	-2,53	-2,68	-2,67	-2,58	-2,54	-2,51	-2,45	-2,39	-0,72	0
22/12/2020 09:10:00	-0,67	-1,03	-1,46	-1,83	-2,06	-2,35	-2,58	-2,63	-2,55	-2,53	-2,53	-2,51	-2,49	-0,74	0
22/12/2020 09:15:00	-0,79	-1,13	-1,62	-1,98	-2,29	-2,57	-2,70	-2,68	-2,58	-2,54	-2,50	-2,45	-2,39	-0,79	0
22/12/2020 09:20:00	-0,87	-1,29	-1,76	-2,20	-2,51	-2,71	-2,73	-2,61	-2,44	-2,34	-2,23	-2,09	-1,94	-0,92	0
22/12/2020 09:25:00	-0,98	-1,24	-1,61	-1,98	-2,33	-2,66	-2,83	-2,87	-2,82	-2,81	-2,80	-2,75	-2,69	-0,96	0
22/12/2020 09:30:00	-1,06	-1,28	-1,68	-2,09	-2,46	-2,76	-2,91	-2,91	-2,83	-2,79	-2,75	-2,67	-2,59	-1,02	0
22/12/2020 09:35:00	-1,03	-1,35	-1,80	-2,26	-2,64	-2,86	-2,97	-2,90	-2,76	-2,67	-2,57	-2,43	-2,29	-1,07	0
22/12/2020 09:40:00	-1,01	-1,35	-1,82	-2,21	-2,55	-2,76	-2,87	-2,82	-2,68	-2,62	-2,55	-2,47	-2,38	-1,01	0
22/12/2020 09:45:00	-1,01	-1,37	-1,74	-2,09	-2,30	-2,52	-2,65	-2,64	-2,53	-2,48	-2,44	-2,38	-2,32	-1,04	0
22/12/2020 09:50:00	-1,01	-1,35	-1,77	-2,07	-2,33	-2,54	-2,65	-2,63	-2,52	-2,48	-2,45	-2,40	-2,35	-1,02	0
22/12/2020 09:55:00	-0,98	-1,29	-1,75	-2,16	-2,52	-2,73	-2,77	-2,67	-2,53	-2,45	-2,38	-2,26	-2,15	-0,97	0
22/12/2020 10:00:00	-0,99	-1,39	-1,81	-2,07	-2,19	-2,32	-2,37	-2,28	-2,13	-2,06	-2,02	-1,98	-1,93	-1,04	0
22/12/2020 10:05:00	-0,98	-1,41	-1,80	-2,08	-2,29	-2,49	-2,59	-2,57	-2,47	-2,43	-2,41	-2,37	-2,33	-0,97	0
22/12/2020 10:10:00	-1,03	-1,45	-1,87	-2,20	-2,50	-2,71	-2,79	-2,74	-2,63	-2,58	-2,52	-2,43	-2,34	-1,08	0
22/12/2020 10:15:00	-1,07	-1,49	-1,95	-2,33	-2,60	-2,79	-2,90	-2,84	-2,70	-2,61	-2,54	-2,45	-2,35	-1,02	0
22/12/2020 10:20:00	-1,00	-1,47	-2,00	-2,43	-2,76	-3,02	-3,08	-2,99	-2,84	-2,75	-2,67	-2,54	-2,42	-1,07	0
22/12/2020 10:25:00	-1,09	-1,50	-2,01	-2,45	-2,77	-3,06	-3,22	-3,21	-3,10	-3,05	-3,00	-2,93	-2,86	-1,11	0
22/12/2020 10:30:00	-1,18	-1,57	-2,02	-2,46	-2,83	-3,08	-3,22	-3,22	-3,12	-3,07	-3,01	-2,92	-2,83	-1,17	0
22/12/2020 10:35:00	-1,08	-1,45	-2,01	-2,54	-2,94	-3,23	-3,42	-3,40	-3,27	-3,18	-3,09	-2,97	-2,85	-1,06	0
22/12/2020 10:40:00	-1,22	-1,71	-2,18	-2,62	-2,91	-3,18	-3,38	-3,40	-3,30	-3,25	-3,22	-3,15	-3,09	-1,25	0
22/12/2020 10:45:00	-1,21	-1,67	-2,13	-2,48	-2,85	-3,13	-3,37	-3,44	-3,37	-3,34	-3,32	-3,26	-3,20	-1,22	0
22/12/2020 10:50:00	-1,25	-1,71	-2,14	-2,54	-2,90	-3,24	-3,47	-3,55	-3,51	-3,50	-3,48	-3,43	-3,37	-1,27	0
22/12/2020 10:55:00	-1,33	-1,79	-2,22	-2,65	-3,03	-3,39	-3,66	-3,76	-3,73	-3,71	-3,70	-3,65	-3,59	-1,33	0
22/12/2020 11:00:00	-1,45	-1,87	-2,29	-2,75	-3,14	-3,51	-3,73	-3,80	-3,77	-3,75	-3,72	-3,66	-3,59	-1,45	0
22/12/2020 11:05:00	-1,60	-1,96	-2,45	-2,88	-3,24	-3,57	-3,73	-3,75	-3,67	-3,62	-3,58	-3,51	-3,45	-1,56	0
22/12/2020 11:10:00	-1,52	-2,01	-2,44	-2,81	-3,13	-3,50	-3,78	-3,91	-3,90	-3,92	-3,94	-3,94	-3,93	-1,52	0
22/12/2020 11:15:00	-1,58	-2,13	-2,62	-2,99	-3,23	-3,53	-3,75	-3,80	-3,72	-3,69	-3,67	-3,64	-3,62	-1,64	0
22/12/2020 11:20:00	-1,70	-2,23	-2,72	-3,05	-3,34	-3,63	-3,84	-3,89	-3,80	-3,76	-3,73	-3,67	-3,62	-1,69	0
22/12/2020 11:25:00	-1,72	-2,22	-2,70	-3,11	-3,41	-3,72	-3,99	-4,07	-3,99	-3,94	-3,91	-3,85	-3,80	-1,69	0
22/12/2020 11:30:00	-1,86	-2,36	-2,83	-3,30	-3,68	-4,00	-4,27	-4,36	-4,29	-4,25	-4,21	-4,14	-4,06	-1,82	0
22/12/2020 11:35:00	-1,91	-2,39	-2,93	-3,32	-3,73	-4,08	-4,30	-4,36	-4,30	-4,26	-4,24	-4,18	-4,12	-2,03	0
22/12/2020 11:40:00	-1,99	-2,59	-3,11	-3,59	-3,97	-4,26	-4,41	-4,41	-4,32	-4,25	-4,19	-4,08	-3,98	-1,96	0
22/12/2020 11:45:00	-2,16	-2,78	-3,32	-3,81	-4,17	-4,40	-4,46	-4,40	-4,27	-4,18	-4,10	-3,98	-3,86	-2,14	0
22/12/2020 11:50:00	-2,14	-2,73	-3,27	-3,63	-3,97	-4,27	-4,48	-4,53	-4,44	-4,39	-4,35	-4,29	-4,22	-2,17	0
22/12/2020 11:55:00	-2,22	-2,74	-3,28	-3,75	-4,11	-4,40	-4,56	-4,56	-4,46	-4,38	-4,32	-4,24	-4,15	-2,18	0
22/12/2020 12:00:00	-2,16	-2,73	-3,33	-3,84	-4,24	-4,56	-4,70	-4,69	-4,58	-4,49	-4,42	-4,31	-4,21	-2,17	0
22/12/2020 12:05:00	-2,33	-2,87	-3,47	-3,96	-4,35	-4,64	-4,78	-4,76	-4,63	-4,54	-4,46	-4,36	-4,25	-2,33	0
22/12/2020 12:10:00	-2,38	-2,93	-3,44	-3,85	-4,16	-4,47	-4,65	-4,69	-4,61	-4,56	-4,53	-4,47	-4,41	-2,34	0
22/12/2020 12:15:00	-2,29	-3,00	-3,48	-3,92	-4,13	-4,46	-4,73	-4,82	-4,76	-4,72	-4,70	-4,66	-4,62	-2,25	0
22/12/2020 12:20:00	-2,42	-2,93	-3,50	-3,99	-4,37	-4,68	-4,86	-4,89	-4,78	-4,71	-4,66	-4,58	-4,50	-2,35	0
22/12/2020 12:25:00	-2,36	-3,04	-3,62	-4,02	-4,31	-4,60	-4,80	-4,83	-4,73	-4,66	-4,62	-4,57	-4,51	-2,35	0
22/12/2020 12:30:00	-2,47	-3,18	-3,76	-4,25	-4,52	-4,76	-4,90	-4,88	-4,74	-4,64	-4,57	-4,49	-4,40	-2,46	0
22/12/2020 12:35:00	-2,58	-3,27	-3,84	-4,30	-4,60	-4,88	-5,05	-5,08	-4,98	-4,91	-4,87	-4,81	-4,75	-2,67	0
22/12/2020 12:40:00	-2,77	-3,45	-4,07	-4,56	-4,95	-5,22	-5,37	-5,37	-5,25	-5,16	-5,08	-4,98	-4,88	-2,76	0
22/12/2020 12:45:00	-2,86	-3,37	-3,94	-4,51	-4,90	-5,24	-5,44	-5,47	-5,35	-5,25	-5,17	-5,05	-4,94	-2,78	0
22/12/2020 12:50:00	-2,82	-3,44	-3,99	-4,44	-4,84	-5,19	-5,42	-5,50	-5,43	-5,37	-5,32	-5,24	-5,15	-2,86	0
22/12/2020 12:55:00	-2,82	-3,47	-4,09	-4,62	-5,02	-5,28	-5,39	-5,36	-5,22	-5,12	-5,03	-4,91	-4,79	-2,76	0
22/12/2020 13:00:00	-2,82	-3,56	-4,08	-4,53	-4,87	-5,17	-5,39	-5,46	-5,39	-5,33	-5,29	-5,21	-5,14	-2,87	0
22/12/2020 13:05:00	-2,84	-3,53	-4,16	-4,60	-4,93	-5,23	-5,43	-5,46	-5,35	-5,27	-5,21	-5,14	-5,07	-2,83	0
22/12/2020 13:10:00	-2,74	-3,29	-3,85	-4,34	-4,76	-5,15	-5,42	-5,52	-5,46	-5,40	-5,35	-5,27	-5,19	-2,82	0
22/12/2020 13:15:00	-2,78	-3,44	-4,07	-4,54	-4,95	-5,22	-5,33	-5,30	-5,17	-5,06	-4,97	-4,85	-4,73	-2,75	0
22/12/2020 13:20:00	-2,81	-3,45	-4,03	-4,51	-4,93	-5,28	-5,53	-5,62	-5,54	-5,48	-5,43	-5,35	-5,26	-2,79	0
22/12/2020 13:25:00	-2,94	-3,57	-4,23	-4,73	-5,13	-5,47	-5,69	-5,74	-5,64	-5,56	-5,51	-5,44	-5,37	-2,88	0
22/12/2020 13:30:00	-2,97	-3,70	-4,20	-4,61	-4,97	-5,36	-5,65	-5,79	-5,78	-5,76	-5,75	-5,71	-5,67	-2,98	0
22/12/2020 13:35:00	-2,93	-3,60	-4,13	-4,54	-4,94	-5,36	-5,67	-5,82	-5,81	-5,78	-5,77	-5,72	-5,67	-2,96	0
22/12/2020 13:40:00	-2,95	-3,51	-4,03	-4,54	-5,06	-5,51	-5,81	-5,97	-5,97	-5,96	-5,94	-5,88	-5,81	-2,91	0
22/12/2020 13:45:00	-3,07	-3,89	-4,52	-4,91	-5,22	-5,51	-5,69	-5,73	-5,65	-5,58	-5,55	-5,51	-5,47	-3,05	0
22/12/2020 13:50:00	-3,26	-4,03	-4,69	-5,22	-5,59	-5,89	-6,00	-5,99	-5,86	-5,75	-5,66	-5,54	-5,42	-3,49	0
22/12/2020 13:55:00	-3,40	-4,09	-4,69	-5,22	-5,65	-5,99	-6,19	-6,23	-6,13	-6,03	-5,93	-5,80	-5,67	-3,48	0
22/12/2020 14:00:00	-3,62	-4,36	-4,93	-5,40	-5,80	-6,16	-6,40	-6,50	-6,45	-6,40	-6,36	-6,29	-6,22	-3,55	0
22/12/2020 14:05:00	-3,72	-4,40	-5,04	-5,63	-6,06	-6,43	-6,63	-6,66	-6,54	-6,43	-6,33	-6,19	-6,05	-3,69	0
22/12/2020 14:10:00	-3,83	-4,56	-5,12	-5,63	-6,08	-6,43	-6,65	-6,71	-6,64	-6,55	-6,47	-6,34	-6,20	-3,86	0
22/12/2020 14:15:00	-3,86	-4,67	-5,20	-5,58	-5,96	-6,28	-6,55	-6,68	-6,64	-6,60	-6,57	-6,52	-6,46	-3,81	0
22/12/2020 14:20:00	-3,85	-4,54	-5,11	-5,57	-6,01	-6,39	-6,71	-6,86	-6,82	-6,76	-6,73	-6,66	-6,60	-3,83	0
22/12/2020 14:25:00	-3,89	-4,60	-5,05	-5,48	-5,87	-6,26	-6,59	-6,77	-6,76	-6,73	-6,70	-6,63	-6,56	-4,00	0
22/12/2020 14:30:00	-3,91	-4,60	-5,10	-5,53	-5,95	-6,37	-6,70	-6,88	-6,88	-6,86	-6,84	-6,78	-6,73	-3,94	0
22/12/2020 14:35:00	-3,87	-4,58	-5,24	-5,73	-6,14	-6,50	-6,74	-6,80	-6,71	-6,61	-6,55	-6,46	-6,36	-3,88	0
22/12/2020 14:40:00	-3,87	-4,59	-5,08	-5,54	-5,97	-6,41	-6,72	-6,90	-6,91	-6,88	-6,85	-6,78	-6,71	-3,84	0
22/12/2020 14:45:00	-3,93	-4,55	-5,13	-5,57	-6,01	-6,47	-6,86	-7,05	-7,02	-6,97	-6,94	-6,87	-6,81	-3,84	0
22/12/2020 14:50:00	-3,90	-4,65	-5,17	-5,51	-5,89	-6,32	-6,65	-6,84	-6,85	-6,84	-6,84	-6,82	-6,80	-3,95	0
22/12/2020 14:55:00	-3,91	-4,61	-5,21	-5,73	-6,14	-6,52	-6,80	-6,89	-6,81	-6,72	-6,65	-6,55	-6,44	-3,90	0
22/12/2020 15:00:00	-3,95	-4,72	-5,19	-5,55	-5,90	-6,33	-6,73	-6,97	-6,99	-6,98	-6,98	-6,95	-6,93	-4,01	0
22/12/2020 15:05:00	-4,07	-4,71	-5,19	-5,57	-5,99	-6,44	-6,75	-6,95	-6,98	-6,98	-6,98	-6,96	-6,93	-4,08	0
22/12/2020 15:10:00	-4,06	-4,64	-5,14	-5,61	-6,10	-6,58	-6,88	-7,07	-7,10	-7,10	-7,10	-7,06	-7,02	-3,99	0
22/12/2020 15:15:00	-3,91	-4,66	-5,17	-5,58	-6,00	-6,47	-6,84	-7,07	-7,10	-7,09	-7,10	-7,07	-7,04	-3,99	0
22/12/2020 15:20:00	-4,08	-4,75	-5,26	-5,71	-6,09	-6,53	-6,89	-7,08	-7,07	-7,03	-7,01	-6,96	-6,91	-4,09	0
22/12/2020 15:25:00	-4,19	-4,98	-5,50	-5,86	-6,19	-6,58	-6,91	-7,09	-7,07	-7,03	-7,02	-6,98	-6,95	-4,17	0
22/12/2020 15:30:00	-4,18	-4,86	-5,29	-5,67	-6,06	-6,51	-6,87	-7,08	-7,10	-7,08	-7,07	-7,01	-6,96	-4,14	0
22/12/2020 15:35:00	-4,15	-4,90	-5,51	-6,00	-6,38	-6,74	-6,97	-7,04	-6,96	-6,87	-6,80	-6,70	-6,60	-4,17	0
22/12/2020 15:40:00	-4,12	-4,86	-5,43	-5,90	-6,31	-6,69	-6,92	-7,02	-6,96	-6,89	-6,83	-6,73	-6,63	-4,16	0
22/12/2020 15:45:00	-4,24	-4,89	-5,37	-5,82	-6,20	-6,64	-7,00	-7,18	-7,17	-7,12	-7,09	-7,02	-6,95	-4,23	0
22/12/2020 15:50:00	-4,19	-4,86	-5,38	-5,76	-6,11	-6,52	-6,84	-7,01	-6,98	-6,94	-6,92	-6,88	-6,83	-4,23	0
22/12/2020 15:55:00	-4,20	-4,82	-5,36	-5,77	-6,21	-6,60	-6,89	-7,03	-6,99	-6,94	-6,90	-6,82	-6,75	-4,27	0
22/12/2020 16:00:00	-4,17	-4,75	-5,25	-5,76	-6,18	-6,58	-6,87	-6,99	-6,93	-6,84	-6,77	-6,65	-6,52	-4,17	0
22/12/2020 16:05:00	-4,12	-4,80	-5,30	-5,75	-6,13	-6,56	-6,86	-7,01	-6,98	-6,93	-6,89	-6,82	-6,74	-4,15	0
22/12/2020 16:10:00	-4,17	-4,80	-5,25	-5,69	-6,06	-6,47	-6,82	-6,99	-6,96	-6,91	-6,87	-6,79	-6,71	-4,14	0
22/12/2020 16:15:00	-4,01	-4,58	-5,05	-5,47	-5,94	-6,38	-6,70	-6,88	-6,88	-6,85	-6,82	-6,74	-6,66	-4,03	0
22/12/2020 16:20:00	-4,03	-4,66	-5,08	-5,48	-5,92	-6,41	-6,86	-7,13	-7,16	-7,16	-7,15	-7,10	-7,04	-3,96	0
22/12/2020 16:25:00	-4,01	-4,59	-5,10	-5,52	-5,90	-6,30	-6,59	-6,72	-6,68	-6,63	-6,60	-6,54	-6,48	-3,95	0
22/12/2020 16:30:00	-4,01	-4,64	-5,07	-5,48	-5,84	-6,29	-6,67	-6,89	-6,91	-6,90	-6,90	-6,87	-6,84	-3,92	0
22/12/2020 16:35:00	-4,08	-4,64	-5,12	-5,61	-6,02	-6,44	-6,81	-6,99	-6,96	-6,91	-6,88	-6,80	-6,73	-4,03	0
22/12/2020 16:40:00	-4,01	-4,53	-5,01	-5,49	-5,97	-6,42	-6,77	-6,95	-6,93	-6,88	-6,84	-6,75	-6,66	-4,03	0
22/12/2020 16:45:00	-4,01	-4,61	-5,09	-5,48	-5,93	-6,34	-6,58	-6,72	-6,71	-6,68	-6,65	-6,58	-6,50	-4,02	0
22/12/2020 16:50:00	-3,98	-4,52	-4,98	-5,42	-5,86	-6,29	-6,62	-6,79	-6,78	-6,74	-6,71	-6,64	-6,57	-4,03	0
22/12/2020 16:55:00	-4,07	-4,62	-5,12	-5,56	-5,98	-6,43	-6,73	-6,88	-6,86	-6,81	-6,77	-6,70	-6,62	-4,00	0
22/12/2020 17:00:00	-4,01	-4,60	-5,12	-5,61	-6,03	-6,44	-6,74	-6,87	-6,80	-6,73	-6,66	-6,55	-6,44	-3,99	0
22/12/2020 17:05:00	-4,00	-4,56	-5,07	-5,56	-5,92	-6,31	-6,60	-6,72	-6,65	-6,58	-6,53	-6,46	-6,38	-3,97	0
22/12/2020 17:10:00	-3,95	-4,49	-4,98	-5,46	-5,93	-6,37	-6,75	-6,92	-6,89	-6,82	-6,76	-6,65	-6,54	-3,94	0
22/12/2020 17:15:00	-4,01	-4,61	-5,12	-5,65	-6,03	-6,50	-6,83	-6,99	-6,94	-6,88	-6,82	-6,73	-6,63	-4,01	0
22/12/2020 17:20:00	-4,03	-4,61	-5,11	-5,46	-5,85	-6,28	-6,66	-6,86	-6,84	-6,81	-6,79	-6,74	-6,70	-4,03	0
22/12/2020 17:25:00	-4,10	-4,71	-5,17	-5,64	-6,03	-6,41	-6,67	-6,78	-6,74	-6,67	-6,62	-6,52	-6,42	-4,09	0
22/12/2020 17:30:00	-4,07	-4,63	-5,13	-5,54	-5,97	-6,40	-6,73	-6,90	-6,88	-6,84	-6,81	-6,74	-6,67	-4,06	0
22/12/2020 17:35:00	-4,11	-4,66	-5,24	-5,68	-6,09	-6,37	-6,56	-6,57	-6,44	-6,33	-6,24	-6,11	-5,99	-4,06	0
22/12/2020 17:40:00	-4,14	-4,64	-5,14	-5,63	-6,01	-6,33	-6,50	-6,51	-6,39	-6,27	-6,16	-6,01	-5,85	-4,09	0
22/12/2020 17:45:00	-4,04	-4,63	-5,06	-5,46	-5,81	-6,19	-6,48	-6,61	-6,58	-6,53	-6,49	-6,41	-6,34	-4,07	0
22/12/2020 17:50:00	-3,99	-4,51	-5,00	-5,49	-5,88	-6,33	-6,64	-6,77	-6,72	-6,66	-6,60	-6,50	-6,40	-4,00	0
22/12/2020 17:55:00	-3,91	-4,47	-4,94	-5,48	-5,88	-6,32	-6,62	-6,74	-6,68	-6,60	-6,53	-6,40	-6,27	-3,94	0
22/12/2020 18:00:00	-3,99	-4,54	-5,04	-5,49	-5,85	-6,26	-6,57	-6,70	-6,63	-6,57	-6,51	-6,43	-6,34	-4,03	0
22/12/2020 18:05:00	-3,97	-4,58	-5,07	-5,46	-5,77	-6,16	-6,48	-6,63	-6,59	-6,54	-6,52	-6,48	-6,43	-4,00	0
22/12/2020 18:10:00	-4,00	-4,51	-5,00	-5,47	-5,83	-6,30	-6,72	-6,91	-6,86	-6,79	-6,74	-6,65	-6,56	-3,98	0
22/12/2020 18:15:00	-3,91	-4,57	-5,10	-5,43	-5,77	-6,20	-6,54	-6,73	-6,73	-6,72	-6,73	-6,73	-6,73	-3,94	0
22/12/2020 18:20:00	-4,00	-4,51	-4,97	-5,44	-5,85	-6,33	-6,66	-6,84	-6,83	-6,79	-6,75	-6,67	-6,59	-4,01	0
22/12/2020 18:25:00	-4,06	-4,52	-5,01	-5,46	-5,89	-6,34	-6,71	-6,88	-6,85	-6,80	-6,76	-6,68	-6,60	-4,05	0
22/12/2020 18:30:00	-4,08	-4,64	-5,12	-5,50	-5,88	-6,35	-6,75	-6,97	-6,97	-6,96	-6,96	-6,93	-6,90	-4,02	0
22/12/2020 18:35:00	-4,08	-4,64	-5,16	-5,63	-6,10	-6,55	-6,82	-6,95	-6,93	-6,88	-6,84	-6,74	-6,65	-4,05	0
22/12/2020 18:40:00	-4,10	-4,66	-5,03	-5,40	-5,83	-6,34	-6,81	-7,12	-7,20	-7,23	-7,27	-7,26	-7,25	-4,10	0
22/12/2020 18:45:00	-4,07	-4,68	-5,12	-5,44	-5,85	-6,31	-6,71	-6,95	-6,99	-6,99	-7,00	-6,97	-6,94	-4,07	0
22/12/2020 18:50:00	-4,05	-4,63	-5,14	-5,54	-5,95	-6,42	-6,81	-7,02	-7,01	-6,98	-6,96	-6,91	-6,86	-4,10	0
22/12/2020 18:55:00	-4,22	-4,70	-5,17	-5,62	-6,07	-6,57	-6,93	-7,13	-7,14	-7,11	-7,09	-7,02	-6,95	-4,23	0
22/12/2020 19:00:00	-4,28	-4,86	-5,34	-5,77	-6,23	-6,64	-6,95	-7,11	-7,10	-7,06	-7,02	-6,95	-6,87	-4,28	0
22/12/2020 19:05:00	-4,28	-4,82	-5,23	-5,63	-6,05	-6,60	-7,07	-7,37	-7,45	-7,47	-7,49	-7,47	-7,46	-4,29	0
22/12/2020 19:10:00	-4,27	-4,87	-5,25	-5,63	-6,02	-6,53	-6,98	-7,27	-7,34	-7,36	-7,39	-7,38	-7,37	-4,29	0
22/12/2020 19:15:00	-4,30	-4,82	-5,31	-5,76	-6,24	-6,73	-7,09	-7,29	-7,30	-7,28	-7,27	-7,21	-7,15	-4,27	0
22/12/2020 19:20:00	-4,29	-4,90	-5,36	-5,78	-6,17	-6,59	-6,95	-7,15	-7,14	-7,10	-7,08	-7,03	-6,97	-4,26	0
22/12/2020 19:25:00	-4,25	-4,75	-5,27	-5,77	-6,25	-6,71	-7,07	-7,25	-7,23	-7,19	-7,16	-7,10	-7,03	-4,26	0
22/12/2020 19:30:00	-4,28	-4,91	-5,33	-5,68	-6,05	-6,54	-6,94	-7,20	-7,26	-7,27	-7,30	-7,30	-7,29	-4,36	0
22/12/2020 19:35:00	-4,38	-5,05	-5,48	-5,84	-6,24	-6,65	-7,00	-7,22	-7,25	-7,25	-7,26	-7,23	-7,20	-4,39	0
22/12/2020 19:40:00	-4,50	-5,07	-5,54	-5,91	-6,28	-6,73	-7,09	-7,29	-7,29	-7,26	-7,25	-7,21	-7,17	-4,47	0
22/12/2020 19:45:00	-4,41	-5,08	-5,57	-5,95	-6,29	-6,70	-7,02	-7,20	-7,20	-7,17	-7,17	-7,14	-7,12	-4,46	0
22/12/2020 19:50:00	-4,53	-5,05	-5,60	-6,06	-6,46	-6,89	-7,21	-7,34	-7,27	-7,19	-7,13	-7,04	-6,95	-4,53	0
22/12/2020 19:55:00	-4,50	-5,03	-5,56	-6,04	-6,50	-6,94	-7,26	-7,41	-7,36	-7,29	-7,23	-7,14	-7,04	-4,50	0
22/12/2020 20:00:00	-4,52	-5,05	-5,43	-5,84	-6,18	-6,67	-7,12	-7,39	-7,41	-7,40	-7,41	-7,38	-7,36	-4,48	0
22/12/2020 20:05:00	-4,50	-5,06	-5,47	-5,87	-6,23	-6,68	-7,11	-7,36	-7,37	-7,36	-7,36	-7,33	-7,30	-4,44	0
22/12/2020 20:10:00	-4,49	-5,00	-5,45	-5,90	-6,34	-6,80	-7,19	-7,40	-7,39	-7,35	-7,32	-7,24	-7,17	-4,47	0
22/12/2020 20:15:00	-4,49	-5,05	-5,47	-5,82	-6,22	-6,66	-7,04	-7,26	-7,27	-7,25	-7,23	-7,17	-7,11	-4,56	0
22/12/2020 20:20:00	-4,45	-5,04	-5,51	-5,90	-6,33	-6,76	-7,09	-7,27	-7,28	-7,26	-7,25	-7,20	-7,15	-4,51	0
22/12/2020 20:25:00	-4,51	-4,99	-5,41	-5,82	-6,30	-6,76	-7,14	-7,35	-7,36	-7,33	-7,29	-7,21	-7,12	-4,51	0
22/12/2020 20:30:00	-4,41	-4,92	-5,35	-5,80	-6,25	-6,73	-7,08	-7,27	-7,28	-7,24	-7,21	-7,12	-7,03	-4,40	0
22/12/2020 20:35:00	-4,33	-4,87	-5,23	-5,63	-6,05	-6,59	-7,07	-7,38	-7,46	-7,48	-7,51	-7,49	-7,47	-4,37	0
22/12/2020 20:40:00	-4,28	-4,80	-5,21	-5,65	-6,18	-6,65	-7,05	-7,29	-7,34	-7,33	-7,33	-7,27	-7,21	-4,26	0
22/12/2020 20:45:00	-4,27	-4,77	-5,19	-5,60	-6,04	-6,50	-6,86	-7,07	-7,08	-7,06	-7,04	-6,98	-6,91	-4,26	0
22/12/2020 20:50:00	-4,20	-4,64	-5,06	-5,46	-5,92	-6,46	-6,95	-7,24	-7,28	-7,28	-7,29	-7,24	-7,20	-4,21	0
22/12/2020 20:55:00	-4,14	-4,56	-5,05	-5,52	-6,01	-6,49	-6,85	-7,03	-7,03	-7,00	-6,97	-6,90	-6,83	-4,09	0
22/12/2020 21:00:00	-4,09	-4,54	-4,99	-5,37	-5,83	-6,35	-6,75	-6,99	-7,04	-7,04	-7,05	-7,02	-6,99	-4,10	0
22/12/2020 21:05:00	-4,11	-4,50	-4,87	-5,30	-5,73	-6,30	-6,75	-7,04	-7,11	-7,12	-7,14	-7,11	-7,08	-4,07	0
22/12/2020 21:10:00	-4,00	-4,42	-4,79	-5,18	-5,66	-6,19	-6,64	-6,94	-7,02	-7,05	-7,09	-7,08	-7,07	-4,00	0
22/12/2020 21:15:00	-3,97	-4,40	-4,83	-5,23	-5,70	-6,20	-6,60	-6,85	-6,89	-6,89	-6,90	-6,87	-6,84	-3,96	0
22/12/2020 21:20:00	-4,00	-4,49	-4,91	-5,31	-5,73	-6,27	-6,68	-6,95	-7,01	-7,03	-7,06	-7,05	-7,04	-3,97	0
22/12/2020 21:25:00	-3,91	-4,41	-4,84	-5,27	-5,72	-6,26	-6,72	-6,99	-7,02	-7,02	-7,01	-6,95	-6,90	-3,98	0
22/12/2020 21:30:00	-3,97	-4,42	-4,85	-5,34	-5,80	-6,35	-6,85	-7,14	-7,17	-7,17	-7,16	-7,11	-7,06	-3,97	0
22/12/2020 21:35:00	-3,96	-4,39	-4,85	-5,26	-5,69	-6,25	-6,76	-7,06	-7,11	-7,11	-7,13	-7,12	-7,10	-3,97	0
22/12/2020 21:40:00	-3,95	-4,37	-4,75	-5,09	-5,55	-6,10	-6,60	-6,92	-7,02	-7,06	-7,11	-7,12	-7,13	-3,88	0
22/12/2020 21:45:00	-3,89	-4,30	-4,69	-5,17	-5,64	-6,18	-6,60	-6,84	-6,88	-6,87	-6,86	-6,80	-6,73	-3,93	0
22/12/2020 21:50:00	-3,90	-4,22	-4,65	-5,15	-5,68	-6,16	-6,57	-6,78	-6,79	-6,77	-6,74	-6,67	-6,60	-3,91	0
22/12/2020 21:55:00	-3,89	-4,23	-4,65	-5,11	-5,59	-6,12	-6,57	-6,84	-6,87	-6,87	-6,87	-6,83	-6,79	-3,84	0
22/12/2020 22:00:00	-3,74	-4,17	-4,56	-4,99	-5,43	-5,98	-6,50	-6,82	-6,88	-6,90	-6,92	-6,90	-6,87	-3,76	0
22/12/2020 22:05:00	-3,73	-4,11	-4,49	-4,91	-5,39	-5,95	-6,44	-6,74	-6,82	-6,84	-6,87	-6,85	-6,82	-3,77	0
22/12/2020 22:10:00	-3,69	-4,03	-4,44	-4,85	-5,34	-5,91	-6,39	-6,69	-6,74	-6,76	-6,77	-6,74	-6,71	-3,68	0
22/12/2020 22:15:00	-3,54	-4,02	-4,38	-4,68	-5,12	-5,66	-6,12	-6,43	-6,54	-6,60	-6,66	-6,68	-6,70	-3,59	0
22/12/2020 22:20:00	-3,52	-3,83	-4,17	-4,57	-5,02	-5,66	-6,18	-6,53	-6,64	-6,69	-6,75	-6,75	-6,75	-3,51	0
22/12/2020 22:25:00	-3,40	-3,79	-4,06	-4,43	-4,90	-5,53	-6,09	-6,50	-6,67	-6,77	-6,85	-6,89	-6,93	-3,41	0
22/12/2020 22:30:00	-3,34	-3,61	-3,96	-4,40	-4,90	-5,54	-6,11	-6,48	-6,59	-6,65	-6,71	-6,72	-6,73	-3,38	0
22/12/2020 22:35:00	-3,33	-3,62	-3,92	-4,39	-4,91	-5,57	-6,17	-6,57	-6,71	-6,78	-6,84	-6,84	-6,85	-3,33	0
22/12/2020 22:40:00	-3,24	-3,54	-3,91	-4,31	-4,80	-5,42	-5,96	-6,31	-6,42	-6,48	-6,54	-6,55	-6,56	-3,27	0
22/12/2020 22:45:00	-3,24	-3,54	-3,85	-4,31	-4,78	-5,39	-5,97	-6,34	-6,45	-6,51	-6,56	-6,57	-6,58	-3,24	0
22/12/2020 22:50:00	-3,12	-3,37	-3,71	-4,11	-4,63	-5,29	-5,91	-6,34	-6,48	-6,57	-6,65	-6,68	-6,72	-3,13	0
22/12/2020 22:55:00	-3,05	-3,34	-3,62	-4,08	-4,60	-5,24	-5,79	-6,17	-6,31	-6,39	-6,45	-6,45	-6,45	-3,09	0
22/12/2020 23:00:00	-2,98	-3,22	-3,53	-3,94	-4,47	-5,16	-5,77	-6,20	-6,37	-6,47	-6,56	-6,60	-6,64	-3,01	0
22/12/2020 23:05:00	-2,97	-3,16	-3,45	-3,93	-4,47	-5,15	-5,83	-6,28	-6,44	-6,53	-6,62	-6,65	-6,68	-2,94	0
22/12/2020 23:10:00	-2,90	-3,10	-3,47	-3,90	-4,42	-5,13	-5,78	-6,21	-6,36	-6,45	-6,53	-6,57	-6,62	-2,94	0
22/12/2020 23:15:00	-2,89	-3,11	-3,44	-3,87	-4,45	-5,15	-5,80	-6,25	-6,42	-6,52	-6,61	-6,64	-6,67	-2,91	0
22/12/2020 23:20:00	-2,84	-3,10	-3,47	-3,98	-4,51	-5,15	-5,74	-6,11	-6,22	-6,29	-6,34	-6,35	-6,35	-2,85	0
22/12/2020 23:25:00	-2,86	-3,11	-3,44	-3,86	-4,44	-5,13	-5,74	-6,17	-6,35	-6,45	-6,54	-6,58	-6,62	-2,91	0
22/12/2020 23:30:00	-2,84	-3,15	-3,42	-3,76	-4,29	-4,99	-5,58	-6,03	-6,24	-6,38	-6,51	-6,58	-6,66	-2,88	0
22/12/2020 23:35:00	-2,78	-3,05	-3,39	-3,78	-4,28	-4,99	-5,63	-6,07	-6,23	-6,34	-6,44	-6,49	-6,54	-2,81	0
22/12/2020 23:40:00	-2,77	-2,98	-3,34	-3,81	-4,34	-5,01	-5,59	-5,96	-6,07	-6,14	-6,18	-6,18	-6,18	-2,78	0
22/12/2020 23:45:00	-2,76	-2,99	-3,27	-3,69	-4,27	-4,94	-5,61	-6,07	-6,25	-6,36	-6,45	-6,49	-6,52	-2,76	0
22/12/2020 23:50:00	-2,69	-2,90	-3,21	-3,68	-4,23	-4,94	-5,57	-6,00	-6,16	-6,26	-6,34	-6,37	-6,39	-2,70	0
22/12/2020 23:55:00	-2,72	-2,80	-3,15	-3,67	-4,30	-5,02	-5,66	-6,09	-6,24	-6,33	-6,40	-6,41	-6,42	-2,68	0
