FileFormat:0002.2 file with temperature of atmosphere
200
local	GMT or Local
0	GMT-Local=[hours]
0	Height[m]
0	0	0	Longitude                [grd]               [min]               [sec]
0	0	0	Latitude                [grd]               [min]               [sec]
N	NS
59,40	Freq[GHz]
0,00	dTemostat[K]
0,150	MessErr[K]
0,248	//[grad/step]
version 14.0.20110218
MTP5H033F5940K-33.00D180214+A1.1
Commentary:
enter comment
End Of Commentary

SYSTEM\alaska.dat
data time	0	50	100	150	200	250	300	350	400	450	500	550	600	OutsideTemperature	Quality
23/10/2020 00:00:00	7,42	7,46	7,35	7,06	6,81	6,60	6,57	6,67	6,72	6,64	6,62	6,66	6,71	7,39	0
23/10/2020 00:05:00	7,39	7,39	7,32	7,10	6,87	6,64	6,44	6,40	6,37	6,21	6,12	6,07	6,02	7,43	0
23/10/2020 00:10:00	7,44	7,60	7,44	7,08	6,74	6,34	6,15	6,13	6,12	5,99	5,94	5,95	5,96	7,48	0
23/10/2020 00:15:00	7,62	7,83	7,77	7,42	6,98	6,68	6,50	6,48	6,45	6,32	6,27	6,31	6,35	7,50	0
23/10/2020 00:20:00	7,48	7,73	7,64	7,34	6,97	6,70	6,62	6,69	6,71	6,61	6,58	6,63	6,67	7,52	0
23/10/2020 00:25:00	7,59	7,65	7,59	7,45	7,27	7,10	7,07	7,14	7,15	7,02	6,94	6,91	6,87	7,58	0
23/10/2020 00:30:00	7,64	7,64	7,48	7,26	7,12	6,99	6,95	7,06	7,14	7,05	7,01	7,01	7,00	7,62	0
23/10/2020 00:35:00	7,72	7,80	7,68	7,47	7,18	6,95	6,86	6,90	6,91	6,78	6,71	6,70	6,68	7,68	0
23/10/2020 00:40:00	7,71	7,86	7,77	7,56	7,35	7,15	7,09	7,17	7,21	7,09	7,02	7,01	6,99	7,71	0
23/10/2020 00:45:00	7,81	7,93	7,81	7,46	7,22	6,92	6,81	6,86	6,89	6,78	6,73	6,75	6,77	7,82	0
23/10/2020 00:50:00	7,82	7,89	7,79	7,60	7,38	7,15	7,06	7,10	7,11	6,98	6,91	6,89	6,87	7,87	0
23/10/2020 00:55:00	7,88	8,06	7,86	7,51	7,34	7,22	7,25	7,46	7,60	7,56	7,58	7,63	7,69	7,88	0
23/10/2020 01:00:00	7,91	7,98	7,86	7,64	7,43	7,33	7,25	7,34	7,41	7,31	7,27	7,28	7,29	7,92	0
23/10/2020 01:05:00	7,93	8,10	7,95	7,69	7,39	7,21	7,20	7,34	7,41	7,33	7,31	7,35	7,39	7,97	0
23/10/2020 01:10:00	8,00	8,07	7,97	7,76	7,54	7,36	7,31	7,38	7,41	7,29	7,22	7,21	7,19	8,04	0
23/10/2020 01:15:00	8,07	8,07	7,92	7,72	7,50	7,28	7,28	7,39	7,43	7,32	7,27	7,27	7,27	8,05	0
23/10/2020 01:20:00	8,03	8,08	7,97	7,79	7,61	7,41	7,35	7,41	7,43	7,29	7,21	7,17	7,13	8,06	0
23/10/2020 01:25:00	8,09	8,12	8,10	8,00	7,84	7,68	7,57	7,58	7,56	7,39	7,28	7,22	7,15	8,10	0
23/10/2020 01:30:00	8,20	8,23	8,09	7,88	7,71	7,54	7,54	7,66	7,72	7,62	7,58	7,58	7,58	8,15	0
23/10/2020 01:35:00	8,18	8,42	8,16	7,74	7,47	7,30	7,32	7,50	7,63	7,58	7,58	7,62	7,66	8,18	0
23/10/2020 01:40:00	8,21	8,34	8,27	8,10	7,92	7,76	7,70	7,76	7,78	7,65	7,57	7,53	7,49	8,22	0
23/10/2020 01:45:00	8,22	8,26	8,21	8,10	7,97	7,85	7,85	7,96	8,00	7,88	7,80	7,77	7,74	8,27	0
23/10/2020 01:50:00	8,23	8,27	8,12	7,94	7,80	7,78	7,84	8,03	8,15	8,07	8,05	8,06	8,07	8,28	0
23/10/2020 01:55:00	8,27	8,37	8,35	8,18	7,96	7,76	7,72	7,79	7,80	7,67	7,61	7,61	7,62	8,33	0
23/10/2020 02:00:00	8,39	8,50	8,46	8,34	8,14	8,05	8,05	8,16	8,20	8,07	8,01	8,00	7,98	8,38	0
23/10/2020 02:05:00	8,34	8,54	8,41	8,18	7,99	7,87	7,85	7,98	8,06	7,96	7,92	7,92	7,91	8,44	0
23/10/2020 02:10:00	8,54	8,62	8,53	8,39	8,23	8,02	8,05	8,17	8,21	8,07	8,00	7,98	7,95	8,47	0
23/10/2020 02:15:00	8,61	8,73	8,63	8,39	8,13	7,89	7,77	7,80	7,80	7,65	7,57	7,55	7,52	8,50	0
23/10/2020 02:20:00	8,55	8,65	8,60	8,36	8,21	8,02	8,03	8,16	8,22	8,12	8,09	8,12	8,15	8,59	0
23/10/2020 02:25:00	8,66	8,75	8,50	8,19	7,93	7,76	7,79	7,96	8,06	7,98	7,96	7,97	7,99	8,70	0
23/10/2020 02:30:00	8,72	8,81	8,91	8,87	8,63	8,38	8,24	8,20	8,11	7,90	7,78	7,72	7,67	8,73	0
23/10/2020 02:35:00	8,67	8,93	8,88	8,71	8,47	8,25	8,10	8,10	8,07	7,90	7,79	7,71	7,64	8,79	0
23/10/2020 02:40:00	8,94	9,04	8,94	8,75	8,48	8,25	8,07	8,04	8,00	7,82	7,70	7,62	7,55	8,93	0
23/10/2020 02:45:00	8,93	9,19	9,10	8,91	8,69	8,40	8,29	8,31	8,29	8,12	8,00	7,92	7,84	8,93	0
23/10/2020 02:50:00	9,08	9,09	8,95	8,67	8,38	8,13	8,03	8,08	8,08	7,93	7,86	7,85	7,84	8,97	0
23/10/2020 02:55:00	8,98	9,18	9,02	8,69	8,38	8,13	8,00	8,04	8,06	7,92	7,85	7,82	7,80	8,97	0
23/10/2020 03:00:00	9,07	9,10	8,97	8,81	8,61	8,39	8,27	8,29	8,27	8,10	7,99	7,91	7,83	8,96	0
23/10/2020 03:05:00	9,01	9,12	9,09	8,85	8,64	8,39	8,21	8,19	8,16	7,99	7,89	7,84	7,80	8,98	0
23/10/2020 03:10:00	9,05	9,30	9,31	9,08	8,86	8,57	8,32	8,24	8,17	7,96	7,83	7,74	7,65	9,06	0
23/10/2020 03:15:00	9,17	9,25	9,24	9,07	8,85	8,56	8,40	8,36	8,29	8,08	7,95	7,87	7,78	9,11	0
23/10/2020 03:20:00	9,15	9,33	9,21	8,96	8,65	8,47	8,45	8,56	8,61	8,49	8,44	8,45	8,47	9,14	0
23/10/2020 03:25:00	9,15	9,26	9,17	8,97	8,75	8,51	8,45	8,51	8,51	8,35	8,26	8,22	8,18	9,27	0
23/10/2020 03:30:00	9,40	9,63	9,64	9,46	9,20	8,91	8,80	8,80	8,75	8,56	8,45	8,40	8,36	9,32	0
23/10/2020 03:35:00	9,42	9,57	9,50	9,29	9,02	8,89	8,80	8,87	8,89	8,75	8,69	8,68	8,67	9,47	0
23/10/2020 03:40:00	9,51	9,62	9,61	9,48	9,24	8,99	8,90	8,93	8,90	8,72	8,63	8,60	8,57	9,53	0
23/10/2020 03:45:00	9,60	9,73	9,72	9,51	9,24	8,94	8,79	8,79	8,75	8,57	8,47	8,45	8,43	9,60	0
23/10/2020 03:50:00	9,59	9,65	9,61	9,56	9,44	9,24	9,15	9,17	9,13	8,92	8,77	8,64	8,51	9,66	0
23/10/2020 03:55:00	9,64	9,72	9,66	9,42	9,18	9,02	8,93	9,00	9,02	8,88	8,82	8,81	8,81	9,65	0
23/10/2020 04:00:00	9,80	9,92	9,88	9,74	9,51	9,23	9,09	9,08	9,02	8,81	8,67	8,58	8,49	9,74	0
23/10/2020 04:05:00	9,74	9,84	9,76	9,54	9,26	9,03	8,96	9,03	9,02	8,86	8,78	8,75	8,73	9,77	0
23/10/2020 04:10:00	9,76	9,87	9,73	9,56	9,32	9,06	9,11	9,25	9,28	9,13	9,05	9,02	8,99	9,82	0
23/10/2020 04:15:00	9,78	10,01	9,90	9,60	9,32	9,13	9,00	9,06	9,09	8,95	8,89	8,88	8,87	9,84	0
23/10/2020 04:20:00	9,94	10,03	9,78	9,42	9,15	8,90	8,87	8,99	9,05	8,92	8,86	8,84	8,83	9,91	0
23/10/2020 04:25:00	9,93	10,15	10,14	10,00	9,66	9,36	9,12	9,01	8,89	8,64	8,46	8,34	8,22	9,93	0
23/10/2020 04:30:00	9,98	10,17	10,21	9,91	9,60	9,29	9,04	8,97	8,89	8,69	8,58	8,54	8,51	9,98	0
23/10/2020 04:35:00	9,90	10,16	10,18	9,92	9,57	9,18	9,02	9,00	8,93	8,73	8,63	8,61	8,59	10,03	0
23/10/2020 04:40:00	10,07	10,22	10,18	10,03	9,80	9,51	9,31	9,25	9,16	8,92	8,75	8,62	8,49	10,05	0
23/10/2020 04:45:00	10,13	10,43	10,40	10,14	9,77	9,35	9,02	8,87	8,75	8,50	8,34	8,24	8,15	10,11	0
23/10/2020 04:50:00	10,26	10,26	10,19	9,94	9,79	9,55	9,32	9,26	9,22	9,02	8,89	8,79	8,70	10,14	0
23/10/2020 04:55:00	10,25	10,42	10,27	9,92	9,59	9,36	9,15	9,15	9,14	8,98	8,89	8,86	8,82	10,22	0
23/10/2020 05:00:00	10,21	10,49	10,37	9,99	9,54	9,26	9,04	9,03	9,01	8,85	8,78	8,78	8,78	10,19	0
23/10/2020 05:05:00	10,17	10,36	10,24	9,97	9,62	9,34	9,25	9,31	9,31	9,15	9,07	9,06	9,04	10,28	0
23/10/2020 05:10:00	10,22	10,39	10,22	9,91	9,66	9,44	9,45	9,61	9,68	9,57	9,54	9,56	9,58	10,29	0
23/10/2020 05:15:00	10,34	10,33	10,21	10,01	9,83	9,63	9,48	9,49	9,47	9,29	9,18	9,10	9,03	10,27	0
23/10/2020 05:20:00	10,23	10,38	10,24	9,97	9,69	9,46	9,35	9,38	9,37	9,19	9,08	9,01	8,95	10,29	0
23/10/2020 05:25:00	10,35	10,46	10,38	10,15	9,92	9,67	9,53	9,55	9,52	9,33	9,21	9,15	9,08	10,30	0
23/10/2020 05:30:00	10,30	10,44	10,46	10,33	10,22	9,81	9,61	9,51	9,38	9,11	8,91	8,74	8,57	10,33	0
23/10/2020 05:35:00	10,51	10,67	10,61	10,21	9,82	9,32	9,08	9,01	8,92	8,72	8,63	8,63	8,63	10,39	0
23/10/2020 05:40:00	10,35	10,65	10,61	10,30	9,95	9,56	9,33	9,27	9,19	8,97	8,85	8,80	8,74	10,44	0
23/10/2020 05:45:00	10,38	10,60	10,49	10,19	9,82	9,50	9,30	9,28	9,24	9,05	8,94	8,90	8,86	10,48	0
23/10/2020 05:50:00	10,68	10,73	10,57	10,28	9,91	9,71	9,49	9,47	9,46	9,28	9,19	9,16	9,13	10,53	0
23/10/2020 05:55:00	10,60	10,59	10,37	10,08	9,82	9,50	9,41	9,45	9,44	9,26	9,14	9,07	9,00	10,53	0
23/10/2020 06:00:00	10,49	10,50	10,44	10,24	9,97	9,64	9,37	9,24	9,12	8,86	8,68	8,55	8,42	10,57	0
23/10/2020 06:05:00	10,73	10,80	10,72	10,43	10,10	9,64	9,29	9,12	8,97	8,69	8,51	8,37	8,24	10,61	0
23/10/2020 06:10:00	10,64	10,72	10,52	10,15	9,86	9,49	9,29	9,27	9,22	9,02	8,90	8,82	8,74	10,63	0
23/10/2020 06:15:00	10,55	10,82	10,57	10,19	9,97	9,73	9,47	9,45	9,45	9,25	9,11	8,97	8,83	10,62	0
23/10/2020 06:20:00	10,46	10,69	10,71	10,65	10,47	10,07	9,80	9,65	9,49	9,17	8,93	8,71	8,49	10,63	0
23/10/2020 06:25:00	10,69	11,18	11,15	10,75	10,20	9,59	9,16	8,94	8,75	8,47	8,30	8,22	8,14	10,65	0
23/10/2020 06:30:00	10,58	10,82	10,67	10,40	10,09	9,72	9,48	9,40	9,31	9,06	8,88	8,73	8,58	10,67	0
23/10/2020 06:35:00	10,60	10,68	10,63	10,46	10,12	9,73	9,41	9,26	9,11	8,84	8,66	8,53	8,41	10,58	0
23/10/2020 06:40:00	10,55	10,89	10,73	10,48	10,13	9,79	9,57	9,50	9,41	9,15	8,95	8,78	8,61	10,58	0
23/10/2020 06:45:00	10,64	10,78	10,53	10,16	9,89	9,70	9,56	9,62	9,65	9,49	9,39	9,32	9,24	10,62	0
23/10/2020 06:50:00	10,60	10,86	10,62	10,19	9,74	9,18	8,84	8,70	8,60	8,36	8,21	8,11	8,01	10,65	0
23/10/2020 06:55:00	10,75	10,91	10,76	10,47	10,09	9,69	9,36	9,22	9,09	8,83	8,65	8,50	8,36	10,63	0
23/10/2020 07:00:00	10,75	10,92	10,75	10,22	9,68	9,12	8,87	8,81	8,73	8,55	8,48	8,52	8,56	10,65	0
23/10/2020 07:05:00	10,61	10,84	10,76	10,50	10,07	9,58	9,31	9,17	9,03	8,75	8,57	8,45	8,34	10,66	0
23/10/2020 07:10:00	10,66	10,86	10,72	10,38	9,97	9,56	9,21	9,07	8,97	8,73	8,57	8,47	8,37	10,68	0
23/10/2020 07:15:00	10,70	10,81	10,77	10,55	10,23	9,82	9,33	9,02	8,80	8,47	8,21	7,98	7,76	10,73	0
23/10/2020 07:20:00	10,70	10,86	10,69	10,41	9,97	9,55	9,28	9,17	9,05	8,79	8,62	8,49	8,37	10,75	0
23/10/2020 07:25:00	10,73	10,84	10,76	10,58	10,23	9,81	9,44	9,22	9,04	8,73	8,49	8,30	8,10	10,74	0
23/10/2020 07:30:00	10,73	10,84	10,65	10,38	10,09	9,65	9,38	9,26	9,14	8,87	8,68	8,51	8,34	10,76	0
23/10/2020 07:35:00	10,78	10,93	10,83	10,55	10,15	9,71	9,28	9,03	8,84	8,53	8,30	8,11	7,93	10,76	0
23/10/2020 07:40:00	10,82	10,96	10,84	10,64	10,27	9,99	9,57	9,35	9,19	8,88	8,64	8,42	8,20	10,75	0
23/10/2020 07:45:00	10,79	10,88	10,65	10,25	9,75	9,28	8,88	8,69	8,56	8,30	8,13	8,02	7,91	10,83	0
23/10/2020 07:50:00	10,75	10,96	10,94	10,71	10,35	9,86	9,39	9,10	8,88	8,55	8,30	8,10	7,90	10,86	0
23/10/2020 07:55:00	10,85	11,09	10,94	10,67	10,22	9,77	9,35	9,12	8,94	8,63	8,41	8,22	8,03	10,77	0
23/10/2020 08:00:00	10,85	11,07	10,97	10,62	10,23	9,74	9,30	9,07	8,89	8,59	8,38	8,21	8,04	10,80	0
23/10/2020 08:05:00	10,90	11,05	11,00	10,81	10,43	9,95	9,52	9,24	9,02	8,68	8,42	8,20	7,98	10,82	0
23/10/2020 08:10:00	10,69	11,00	10,93	10,61	10,21	9,62	9,18	8,93	8,73	8,42	8,19	8,02	7,85	10,84	0
23/10/2020 08:15:00	11,05	11,12	10,99	10,76	10,36	9,87	9,41	9,12	8,89	8,54	8,27	8,04	7,80	10,85	0
23/10/2020 08:20:00	11,07	11,09	10,85	10,46	10,04	9,54	9,16	8,96	8,79	8,50	8,29	8,12	7,95	10,92	0
23/10/2020 08:25:00	11,22	11,16	10,87	10,47	10,01	9,52	9,16	8,98	8,84	8,56	8,36	8,21	8,06	11,13	0
23/10/2020 08:30:00	11,21	11,13	10,84	10,45	10,07	9,58	9,24	9,08	8,95	8,68	8,49	8,33	8,18	11,25	0
23/10/2020 08:35:00	11,34	11,36	11,16	10,79	10,31	9,86	9,41	9,17	9,00	8,71	8,51	8,36	8,21	11,37	0
23/10/2020 08:40:00	11,39	11,43	11,21	10,86	10,39	9,81	9,39	9,14	8,94	8,61	8,38	8,19	8,00	11,43	0
23/10/2020 08:45:00	11,41	11,49	11,25	10,87	10,37	9,80	9,34	9,08	8,89	8,58	8,36	8,19	8,01	11,44	0
23/10/2020 08:50:00	11,50	11,51	11,27	10,86	10,44	9,94	9,53	9,32	9,16	8,88	8,67	8,52	8,36	11,47	0
23/10/2020 08:55:00	11,52	11,42	11,17	10,78	10,37	9,90	9,47	9,24	9,08	8,78	8,57	8,40	8,23	11,43	0
23/10/2020 09:00:00	11,42	11,43	11,22	10,92	10,51	10,03	9,69	9,50	9,34	9,04	8,83	8,65	8,48	11,41	0
23/10/2020 09:05:00	11,46	11,48	11,28	10,92	10,46	9,98	9,57	9,35	9,18	8,89	8,68	8,53	8,37	11,27	0
23/10/2020 09:10:00	11,33	11,38	11,11	10,73	10,23	9,66	9,30	9,11	8,95	8,66	8,46	8,32	8,17	11,33	0
23/10/2020 09:15:00	11,34	11,25	10,92	10,48	10,06	9,61	9,25	9,09	8,98	8,72	8,54	8,40	8,26	11,32	0
23/10/2020 09:20:00	11,32	11,26	10,99	10,66	10,23	9,73	9,32	9,09	8,91	8,60	8,36	8,16	7,96	11,33	0
23/10/2020 09:25:00	11,28	11,38	11,09	10,66	10,18	9,69	9,27	9,07	8,93	8,65	8,45	8,29	8,13	11,37	0
23/10/2020 09:30:00	11,33	11,35	11,05	10,65	10,23	9,78	9,45	9,31	9,19	8,93	8,73	8,57	8,41	11,29	0
23/10/2020 09:35:00	11,27	11,37	11,19	10,78	10,32	9,78	9,34	9,11	8,93	8,64	8,43	8,29	8,14	11,29	0
23/10/2020 09:40:00	11,39	11,41	11,28	10,97	10,53	10,02	9,54	9,24	9,02	8,68	8,44	8,24	8,05	11,33	0
23/10/2020 09:45:00	11,46	11,45	11,26	10,92	10,52	10,05	9,62	9,38	9,19	8,87	8,63	8,43	8,23	11,41	0
23/10/2020 09:50:00	11,52	11,57	11,32	10,96	10,50	10,08	9,67	9,45	9,29	8,98	8,75	8,56	8,37	11,52	0
23/10/2020 09:55:00	11,69	11,69	11,32	10,84	10,39	9,86	9,51	9,35	9,22	8,94	8,74	8,57	8,40	11,63	0
23/10/2020 10:00:00	11,80	11,72	11,39	10,95	10,47	9,95	9,53	9,30	9,14	8,84	8,63	8,46	8,29	11,68	0
23/10/2020 10:05:00	11,86	11,69	11,33	10,95	10,52	10,01	9,64	9,45	9,29	9,00	8,78	8,59	8,40	11,85	0
23/10/2020 10:10:00	11,93	11,78	11,42	11,04	10,59	10,11	9,72	9,51	9,34	9,03	8,78	8,57	8,36	11,95	0
23/10/2020 10:15:00	12,02	11,89	11,53	11,14	10,69	10,15	9,72	9,47	9,27	8,93	8,67	8,42	8,18	12,02	0
23/10/2020 10:20:00	12,15	11,94	11,54	11,05	10,58	10,06	9,66	9,47	9,31	9,02	8,81	8,64	8,47	12,09	0
23/10/2020 10:25:00	12,05	11,90	11,52	11,09	10,63	10,12	9,70	9,47	9,30	9,00	8,77	8,57	8,37	12,10	0
23/10/2020 10:30:00	12,02	12,04	11,73	11,29	10,78	10,21	9,76	9,52	9,35	9,04	8,81	8,63	8,45	12,05	0
23/10/2020 10:35:00	12,08	12,09	11,77	11,29	10,79	10,19	9,81	9,63	9,47	9,19	8,99	8,85	8,72	12,05	0
23/10/2020 10:40:00	12,22	12,05	11,75	11,38	10,91	10,37	9,87	9,57	9,35	9,00	8,74	8,51	8,28	12,10	0
23/10/2020 10:45:00	12,12	12,07	11,66	11,09	10,54	10,04	9,64	9,47	9,34	9,08	8,89	8,76	8,63	12,09	0
23/10/2020 10:50:00	12,05	12,08	11,81	11,42	10,89	10,32	9,87	9,60	9,39	9,05	8,81	8,61	8,41	12,09	0
23/10/2020 10:55:00	12,07	12,20	11,88	11,39	10,84	10,26	9,81	9,58	9,42	9,12	8,91	8,74	8,58	12,09	0
23/10/2020 11:00:00	12,05	12,11	11,90	11,54	10,89	10,19	9,58	9,14	8,81	8,40	8,08	7,82	7,56	12,09	0
23/10/2020 11:05:00	12,10	12,00	11,64	11,20	10,70	10,22	9,80	9,58	9,42	9,12	8,89	8,70	8,51	12,07	0
23/10/2020 11:10:00	12,14	12,11	11,71	11,26	10,76	10,28	9,87	9,68	9,54	9,25	9,03	8,85	8,66	12,17	0
23/10/2020 11:15:00	12,35	12,24	11,84	11,39	10,87	10,37	9,92	9,69	9,52	9,21	8,97	8,76	8,56	12,27	0
23/10/2020 11:20:00	12,46	12,22	11,73	11,20	10,70	10,21	9,89	9,76	9,65	9,38	9,18	9,02	8,86	12,46	0
23/10/2020 11:25:00	12,38	12,27	11,89	11,37	10,86	10,33	9,94	9,76	9,62	9,34	9,15	9,01	8,87	12,37	0
23/10/2020 11:30:00	12,63	12,34	11,76	11,24	10,78	10,38	10,07	9,97	9,89	9,64	9,44	9,25	9,07	12,62	0
23/10/2020 11:35:00	12,81	12,46	11,95	11,39	10,89	10,38	10,03	9,88	9,76	9,49	9,29	9,14	8,98	12,76	0
23/10/2020 11:40:00	12,86	12,63	12,10	11,50	10,91	10,39	9,97	9,78	9,64	9,35	9,15	8,99	8,82	12,92	0
23/10/2020 11:45:00	12,85	12,66	12,19	11,74	11,22	10,66	10,21	9,95	9,75	9,41	9,14	8,89	8,64	13,00	0
23/10/2020 11:50:00	12,91	12,68	12,19	11,70	11,18	10,64	10,18	9,93	9,74	9,41	9,14	8,90	8,66	13,03	0
23/10/2020 11:55:00	12,81	12,73	12,31	11,83	11,30	10,71	10,14	9,80	9,55	9,17	8,86	8,56	8,27	13,16	0
23/10/2020 12:00:00	12,89	12,62	12,18	11,72	11,21	10,65	10,13	9,82	9,58	9,21	8,92	8,64	8,37	13,27	0
23/10/2020 12:05:00	13,07	12,65	12,14	11,67	11,21	10,71	10,27	10,04	9,86	9,53	9,27	9,03	8,79	13,50	0
23/10/2020 12:10:00	13,11	12,76	12,17	11,59	11,01	10,44	10,02	9,80	9,65	9,34	9,11	8,91	8,71	13,50	0
23/10/2020 12:15:00	13,50	12,68	12,02	11,56	11,15	10,65	10,26	10,04	9,87	9,53	9,25	8,98	8,70	13,54	0
23/10/2020 12:20:00	13,65	12,63	11,88	11,38	10,90	10,47	10,14	9,98	9,84	9,55	9,32	9,11	8,90	13,64	0
23/10/2020 12:25:00	13,29	12,82	12,18	11,60	11,09	10,59	10,20	10,03	9,90	9,62	9,39	9,19	8,99	13,64	0
23/10/2020 12:30:00	13,65	12,88	12,09	11,52	10,94	10,46	10,11	9,96	9,83	9,54	9,31	9,10	8,89	14,15	0
23/10/2020 12:35:00	13,16	12,94	12,53	12,02	11,49	10,91	10,39	10,09	9,86	9,51	9,24	9,00	8,76	13,62	0
23/10/2020 12:40:00	13,08	12,96	12,50	11,94	11,37	10,76	10,25	9,97	9,76	9,42	9,15	8,92	8,69	13,62	0
23/10/2020 12:45:00	13,49	13,17	12,52	11,84	11,22	10,67	10,25	10,06	9,91	9,61	9,38	9,18	8,98	13,94	0
23/10/2020 12:50:00	13,63	13,17	12,61	12,13	11,56	10,94	10,40	10,06	9,80	9,40	9,09	8,79	8,49	14,19	0
23/10/2020 12:55:00	13,76	13,23	12,62	12,07	11,51	10,95	10,54	10,33	10,16	9,84	9,60	9,39	9,18	14,13	0
23/10/2020 13:00:00	13,87	13,64	13,12	12,57	11,97	11,36	10,85	10,57	10,37	10,02	9,75	9,52	9,29	14,18	0
23/10/2020 13:05:00	13,72	13,56	13,19	12,73	12,17	11,58	11,04	10,70	10,45	10,06	9,76	9,50	9,24	13,98	0
23/10/2020 13:10:00	13,67	13,54	13,15	12,71	12,19	11,58	11,05	10,72	10,46	10,06	9,75	9,45	9,16	14,00	0
23/10/2020 13:15:00	13,70	13,48	13,04	12,53	12,00	11,40	10,94	10,67	10,46	10,11	9,84	9,61	9,38	14,12	0
23/10/2020 13:20:00	13,62	13,47	13,13	12,65	12,09	11,46	10,91	10,58	10,33	9,96	9,68	9,45	9,22	13,93	0
23/10/2020 13:25:00	13,91	13,44	12,97	12,55	12,06	11,43	10,89	10,55	10,28	9,89	9,57	9,27	8,97	13,75	0
23/10/2020 13:30:00	13,68	13,50	13,19	12,84	12,34	11,72	11,21	10,88	10,60	10,20	9,88	9,60	9,32	13,67	0
23/10/2020 13:35:00	13,65	13,35	12,84	12,27	11,68	11,12	10,59	10,29	10,07	9,71	9,43	9,18	8,94	13,72	0
23/10/2020 13:40:00	13,98	13,45	12,85	12,27	11,65	11,03	10,56	10,29	10,07	9,72	9,46	9,23	9,00	13,92	0
23/10/2020 13:45:00	13,71	13,39	12,87	12,37	11,89	11,33	10,86	10,59	10,37	10,00	9,70	9,40	9,11	13,94	0
23/10/2020 13:50:00	13,45	13,43	13,11	12,62	12,01	11,36	10,84	10,53	10,28	9,91	9,65	9,44	9,23	13,80	0
23/10/2020 13:55:00	13,74	13,50	12,99	12,47	11,95	11,38	10,89	10,62	10,42	10,07	9,79	9,52	9,26	13,94	0
23/10/2020 14:00:00	13,49	13,39	13,03	12,59	12,04	11,40	10,86	10,51	10,24	9,84	9,53	9,25	8,97	13,87	0
23/10/2020 14:05:00	13,87	13,80	13,31	12,70	12,11	11,50	10,97	10,68	10,47	10,11	9,83	9,58	9,32	13,88	0
23/10/2020 14:10:00	14,06	13,90	13,47	12,92	12,35	11,66	11,11	10,78	10,52	10,14	9,85	9,60	9,35	14,10	0
23/10/2020 14:15:00	13,89	13,89	13,49	12,94	12,35	11,71	11,14	10,79	10,54	10,15	9,85	9,58	9,31	14,00	0
23/10/2020 14:20:00	13,74	13,78	13,56	13,18	12,68	12,04	11,47	11,10	10,81	10,40	10,08	9,80	9,53	13,83	0
23/10/2020 14:25:00	13,76	13,88	13,57	13,05	12,48	11,85	11,36	11,09	10,89	10,54	10,29	10,10	9,91	13,70	0
23/10/2020 14:30:00	13,68	13,80	13,55	13,16	12,66	12,02	11,48	11,13	10,85	10,44	10,11	9,81	9,52	13,71	0
23/10/2020 14:35:00	13,77	13,89	13,60	13,17	12,63	12,02	11,51	11,20	10,96	10,57	10,28	10,03	9,77	13,78	0
23/10/2020 14:40:00	13,77	13,91	13,61	13,09	12,55	11,94	11,49	11,28	11,10	10,77	10,55	10,39	10,23	13,85	0
23/10/2020 14:45:00	13,72	13,92	13,72	13,29	12,74	12,11	11,58	11,27	11,01	10,63	10,35	10,12	9,90	13,74	0
23/10/2020 14:50:00	13,83	13,98	13,80	13,44	12,95	12,29	11,76	11,42	11,14	10,73	10,43	10,17	9,91	13,75	0
23/10/2020 14:55:00	13,76	13,96	13,82	13,44	12,94	12,25	11,63	11,22	10,91	10,47	10,14	9,86	9,58	13,74	0
23/10/2020 15:00:00	13,76	14,00	13,87	13,52	13,01	12,39	11,85	11,51	11,23	10,83	10,53	10,29	10,05	13,79	0
23/10/2020 15:05:00	13,87	14,02	13,85	13,51	12,98	12,32	11,80	11,47	11,18	10,77	10,46	10,21	9,96	13,78	0
23/10/2020 15:10:00	13,76	14,08	13,92	13,53	13,00	12,38	11,80	11,44	11,16	10,75	10,44	10,17	9,90	13,84	0
23/10/2020 15:15:00	13,83	14,13	14,01	13,65	13,11	12,43	11,90	11,56	11,28	10,87	10,58	10,34	10,11	13,79	0
23/10/2020 15:20:00	13,79	13,90	13,83	13,62	13,25	12,66	12,11	11,72	11,40	10,95	10,59	10,26	9,94	13,75	0
23/10/2020 15:25:00	13,81	14,01	13,92	13,55	13,05	12,43	11,88	11,54	11,26	10,86	10,58	10,36	10,14	13,77	0
23/10/2020 15:30:00	13,81	14,07	13,93	13,52	13,00	12,37	11,84	11,51	11,25	10,86	10,58	10,34	10,11	13,72	0
23/10/2020 15:35:00	13,76	14,06	13,95	13,61	13,12	12,46	11,87	11,49	11,18	10,75	10,42	10,13	9,84	13,79	0
23/10/2020 15:40:00	13,80	14,09	13,98	13,56	13,02	12,32	11,70	11,30	11,00	10,58	10,27	10,02	9,77	13,76	0
23/10/2020 15:45:00	13,77	14,01	13,90	13,56	13,14	12,50	11,95	11,60	11,31	10,89	10,57	10,29	10,00	13,85	0
23/10/2020 15:50:00	13,85	14,09	13,88	13,43	12,92	12,36	11,91	11,68	11,50	11,16	10,93	10,75	10,57	13,77	0
23/10/2020 15:55:00	13,77	14,09	14,04	13,73	13,25	12,63	12,06	11,70	11,41	11,00	10,69	10,44	10,18	13,78	0
23/10/2020 16:00:00	13,75	14,00	13,96	13,73	13,28	12,68	12,12	11,73	11,40	10,96	10,61	10,30	9,99	13,73	0
23/10/2020 16:05:00	13,72	13,91	13,79	13,46	13,00	12,49	11,99	11,69	11,45	11,07	10,78	10,54	10,30	13,75	0
23/10/2020 16:10:00	13,71	13,97	13,91	13,65	13,21	12,55	11,97	11,57	11,24	10,80	10,45	10,14	9,83	13,79	0
23/10/2020 16:15:00	13,68	14,08	14,06	13,71	13,19	12,53	11,94	11,57	11,28	10,86	10,57	10,33	10,10	13,76	0
23/10/2020 16:20:00	13,84	14,02	13,92	13,56	13,07	12,45	11,94	11,62	11,35	10,96	10,69	10,47	10,26	13,79	0
23/10/2020 16:25:00	13,76	14,14	14,06	13,77	13,31	12,71	12,18	11,85	11,57	11,15	10,83	10,56	10,28	13,82	0
23/10/2020 16:30:00	13,78	14,13	14,09	13,75	13,25	12,60	12,01	11,63	11,32	10,90	10,58	10,33	10,07	13,84	0
23/10/2020 16:35:00	13,92	14,15	14,15	13,90	13,46	12,83	12,32	11,99	11,70	11,29	10,99	10,77	10,54	13,85	0
23/10/2020 16:40:00	13,87	14,23	14,21	13,89	13,42	12,81	12,27	11,92	11,63	11,22	10,91	10,65	10,40	13,87	0
23/10/2020 16:45:00	13,87	14,13	14,11	13,88	13,42	12,89	12,37	12,05	11,77	11,37	11,07	10,83	10,59	13,91	0
23/10/2020 16:50:00	13,83	14,41	14,47	14,18	13,68	13,08	12,51	12,17	11,89	11,47	11,18	10,95	10,71	13,85	0
23/10/2020 16:55:00	13,99	14,35	14,27	13,88	13,41	12,80	12,23	11,88	11,61	11,21	10,91	10,66	10,41	13,94	0
23/10/2020 17:00:00	13,90	14,48	14,30	13,81	13,22	12,61	12,13	11,89	11,70	11,35	11,10	10,92	10,73	13,94	0
23/10/2020 17:05:00	13,82	14,30	14,28	13,91	13,40	12,84	12,27	11,93	11,66	11,26	10,97	10,73	10,49	13,99	0
23/10/2020 17:10:00	14,01	14,24	14,20	13,93	13,51	12,87	12,33	11,97	11,67	11,24	10,91	10,64	10,37	13,97	0
23/10/2020 17:15:00	13,98	14,34	14,26	13,87	13,35	12,71	12,18	11,86	11,60	11,21	10,93	10,72	10,51	13,95	0
23/10/2020 17:20:00	13,89	14,37	14,27	13,88	13,36	12,75	12,26	12,00	11,78	11,41	11,16	10,96	10,76	13,92	0
23/10/2020 17:25:00	13,97	14,33	14,21	13,79	13,33	12,77	12,28	12,02	11,81	11,45	11,20	11,00	10,80	13,91	0
23/10/2020 17:30:00	13,89	14,28	14,28	14,01	13,54	12,95	12,41	12,07	11,79	11,38	11,08	10,84	10,60	13,91	0
23/10/2020 17:35:00	13,87	14,27	14,27	13,95	13,44	12,86	12,33	12,00	11,73	11,32	11,03	10,81	10,59	13,90	0
23/10/2020 17:40:00	13,92	14,25	14,21	13,89	13,38	12,77	12,23	11,90	11,62	11,21	10,92	10,70	10,47	13,95	0
23/10/2020 17:45:00	13,81	14,12	14,10	13,82	13,35	12,76	12,24	11,92	11,65	11,24	10,96	10,73	10,50	13,94	0
23/10/2020 17:50:00	13,87	14,36	14,29	13,89	13,40	12,79	12,31	12,04	11,82	11,45	11,19	10,99	10,80	13,89	0
23/10/2020 17:55:00	13,97	14,32	14,31	14,04	13,57	12,91	12,39	12,05	11,75	11,33	11,03	10,79	10,55	14,03	0
23/10/2020 18:00:00	13,96	14,38	14,43	14,13	13,68	13,03	12,49	12,15	11,86	11,45	11,15	10,93	10,70	13,90	0
23/10/2020 18:05:00	14,14	14,57	14,48	14,06	13,51	12,85	12,29	11,96	11,69	11,29	11,01	10,78	10,56	13,86	0
23/10/2020 18:10:00	14,03	14,28	14,18	13,88	13,45	12,84	12,34	12,03	11,75	11,33	11,01	10,73	10,45	14,03	0
23/10/2020 18:15:00	14,02	14,32	14,26	13,88	13,38	12,74	12,15	11,78	11,49	11,07	10,76	10,51	10,27	14,00	0
23/10/2020 18:20:00	13,88	14,24	14,18	13,94	13,42	12,70	12,11	11,68	11,32	10,84	10,47	10,15	9,82	13,92	0
23/10/2020 18:25:00	13,88	14,14	14,10	13,84	13,38	12,83	12,34	12,03	11,75	11,35	11,04	10,80	10,55	13,85	0
23/10/2020 18:30:00	13,94	14,23	14,22	13,94	13,50	12,91	12,33	11,96	11,66	11,23	10,91	10,65	10,38	13,79	0
23/10/2020 18:35:00	13,70	14,06	14,00	13,65	13,16	12,59	12,09	11,80	11,56	11,19	10,93	10,73	10,53	13,75	0
23/10/2020 18:40:00	13,67	14,16	14,14	13,76	13,24	12,61	12,04	11,70	11,43	11,04	10,77	10,57	10,36	13,67	0
23/10/2020 18:45:00	13,82	14,12	14,13	13,90	13,52	12,92	12,37	11,99	11,68	11,24	10,90	10,61	10,31	13,57	0
23/10/2020 18:50:00	13,67	13,92	13,88	13,59	13,20	12,68	12,17	11,86	11,61	11,22	10,93	10,68	10,44	13,54	0
23/10/2020 18:55:00	13,53	14,00	13,93	13,61	13,14	12,62	12,16	11,90	11,68	11,31	11,03	10,81	10,58	13,51	0
23/10/2020 19:00:00	13,44	13,87	13,87	13,52	13,08	12,46	11,99	11,71	11,47	11,10	10,83	10,64	10,44	13,50	0
23/10/2020 19:05:00	13,38	13,85	13,88	13,55	13,11	12,54	12,01	11,69	11,43	11,05	10,78	10,56	10,34	13,42	0
23/10/2020 19:10:00	13,42	13,74	13,62	13,31	12,88	12,35	11,90	11,66	11,44	11,08	10,81	10,58	10,36	13,38	0
23/10/2020 19:15:00	13,28	13,60	13,55	13,29	12,90	12,32	11,84	11,55	11,29	10,89	10,60	10,34	10,09	13,32	0
23/10/2020 19:20:00	13,41	13,80	13,78	13,41	12,91	12,28	11,79	11,49	11,24	10,87	10,62	10,44	10,27	13,41	0
23/10/2020 19:25:00	13,39	13,71	13,72	13,48	13,11	12,54	12,04	11,72	11,44	11,04	10,73	10,47	10,21	13,39	0
23/10/2020 19:30:00	13,38	13,76	13,77	13,39	12,81	12,21	11,68	11,37	11,13	10,78	10,56	10,44	10,32	13,33	0
23/10/2020 19:35:00	13,45	13,93	13,79	13,43	12,93	12,37	11,93	11,69	11,48	11,12	10,85	10,62	10,40	13,46	0
23/10/2020 19:40:00	13,61	13,82	13,76	13,52	13,09	12,44	11,89	11,51	11,19	10,75	10,41	10,12	9,83	13,58	0
23/10/2020 19:45:00	13,41	13,73	13,72	13,37	12,85	12,07	11,20	10,58	10,14	9,62	9,21	8,83	8,46	13,58	0
23/10/2020 19:50:00	11,33	11,84	12,07	11,93	11,63	11,07	10,73	10,53	10,33	10,02	9,82	9,72	9,62	11,47	0
23/10/2020 19:55:00	11,09	11,33	11,43	11,35	11,15	10,88	10,71	10,68	10,59	10,35	10,20	10,11	10,02	11,07	0
23/10/2020 20:00:00	11,06	11,23	11,27	11,24	11,09	10,90	10,80	10,82	10,77	10,54	10,40	10,29	10,19	10,83	0
23/10/2020 20:05:00	11,11	11,25	11,27	11,14	10,89	10,72	10,66	10,73	10,71	10,53	10,44	10,41	10,39	10,42	0
23/10/2020 20:10:00	11,10	11,38	11,43	11,27	11,00	10,74	10,43	10,30	10,19	9,93	9,74	9,61	9,48	10,45	0
23/10/2020 20:15:00	10,82	11,12	11,27	11,16	11,04	10,68	10,47	10,39	10,27	10,01	9,84	9,72	9,61	10,45	0
23/10/2020 20:20:00	10,51	10,89	11,08	11,01	10,91	10,51	10,21	10,06	9,91	9,62	9,42	9,27	9,11	10,54	0
23/10/2020 20:25:00	10,63	10,82	10,80	10,71	10,60	10,49	10,54	10,70	10,76	10,61	10,54	10,51	10,48	10,67	0
23/10/2020 20:30:00	10,62	10,85	10,98	10,97	10,94	10,80	10,66	10,65	10,60	10,37	10,20	10,06	9,93	10,46	0
23/10/2020 20:35:00	10,40	10,81	11,11	11,17	10,96	10,62	10,34	10,16	9,96	9,63	9,40	9,24	9,07	10,40	0
23/10/2020 20:40:00	10,45	10,94	11,19	11,03	10,77	10,37	9,97	9,76	9,59	9,30	9,11	9,01	8,90	10,48	0
23/10/2020 20:45:00	10,45	10,96	11,20	11,21	10,95	10,61	10,23	10,01	9,81	9,49	9,26	9,08	8,90	10,47	0
23/10/2020 20:50:00	10,49	11,11	11,27	11,22	11,04	10,69	10,39	10,24	10,10	9,80	9,59	9,40	9,22	10,46	0
23/10/2020 20:55:00	10,59	11,11	11,27	11,13	10,79	10,43	10,15	10,03	9,90	9,64	9,49	9,41	9,34	10,47	0
23/10/2020 21:00:00	10,41	10,94	11,18	11,15	10,96	10,68	10,33	10,13	9,96	9,64	9,41	9,22	9,03	10,48	0
23/10/2020 21:05:00	10,39	11,03	11,32	11,30	11,13	10,70	10,29	10,03	9,80	9,45	9,18	8,96	8,73	10,40	0
23/10/2020 21:10:00	10,40	11,07	11,36	11,29	10,99	10,59	10,19	9,97	9,78	9,46	9,25	9,11	8,97	10,46	0
23/10/2020 21:15:00	10,42	11,02	11,32	11,29	11,01	10,48	9,96	9,59	9,30	8,91	8,62	8,38	8,15	10,50	0
23/10/2020 21:20:00	10,58	10,96	11,08	10,98	10,73	10,45	10,17	10,05	9,93	9,66	9,48	9,35	9,21	10,56	0
23/10/2020 21:25:00	10,49	10,90	11,00	10,83	10,53	10,20	9,82	9,65	9,51	9,24	9,05	8,93	8,80	10,62	0
23/10/2020 21:30:00	10,70	10,95	11,05	10,93	10,68	10,38	10,21	10,16	10,07	9,84	9,70	9,63	9,56	10,66	0
23/10/2020 21:35:00	10,72	11,33	11,81	11,92	11,75	11,23	10,72	10,34	10,01	9,59	9,28	9,04	8,79	10,78	0
23/10/2020 21:40:00	10,86	11,40	11,63	11,66	11,35	11,00	10,63	10,41	10,20	9,86	9,62	9,43	9,24	10,90	0
23/10/2020 21:45:00	10,98	11,43	11,66	11,60	11,32	10,86	10,46	10,19	9,94	9,58	9,33	9,13	8,93	11,00	0
23/10/2020 21:50:00	11,21	11,51	11,53	11,39	11,10	10,79	10,56	10,49	10,40	10,15	9,98	9,88	9,77	11,43	0
23/10/2020 21:55:00	11,06	11,43	11,57	11,46	11,23	10,88	10,58	10,44	10,29	10,00	9,81	9,67	9,53	11,30	0
23/10/2020 22:00:00	11,23	11,55	11,74	11,81	11,61	11,26	10,93	10,71	10,49	10,12	9,84	9,60	9,35	11,28	0
23/10/2020 22:05:00	11,20	11,68	11,89	11,84	11,64	11,22	10,80	10,54	10,32	9,97	9,70	9,48	9,26	11,22	0
23/10/2020 22:10:00	11,17	11,73	11,93	11,75	11,45	10,97	10,60	10,39	10,20	9,88	9,67	9,54	9,40	11,19	0
23/10/2020 22:15:00	11,19	11,73	11,89	11,82	11,58	11,08	10,73	10,51	10,29	9,94	9,68	9,47	9,25	11,18	0
23/10/2020 22:20:00	11,10	11,74	11,98	11,87	11,58	11,09	10,67	10,42	10,20	9,86	9,62	9,45	9,28	11,10	0
23/10/2020 22:25:00	11,13	11,72	11,99	11,99	11,67	11,19	10,71	10,38	10,10	9,71	9,43	9,20	8,98	11,06	0
23/10/2020 22:30:00	11,06	11,54	11,81	11,76	11,53	11,03	10,56	10,24	9,97	9,59	9,31	9,10	8,88	10,94	0
23/10/2020 22:35:00	10,95	11,34	11,55	11,50	11,28	10,87	10,48	10,22	9,99	9,63	9,36	9,14	8,92	11,02	0
23/10/2020 22:40:00	11,03	11,41	11,51	11,39	11,14	10,72	10,41	10,24	10,06	9,75	9,52	9,34	9,16	11,05	0
23/10/2020 22:45:00	11,08	11,46	11,45	11,31	11,01	10,61	10,26	10,07	9,90	9,58	9,34	9,13	8,92	11,06	0
23/10/2020 22:50:00	11,09	11,49	11,60	11,37	10,94	10,40	9,94	9,65	9,41	9,07	8,85	8,70	8,55	11,16	0
23/10/2020 22:55:00	11,13	11,52	11,52	11,30	10,93	10,48	10,12	9,94	9,77	9,47	9,26	9,11	8,95	11,13	0
23/10/2020 23:00:00	11,16	11,42	11,46	11,35	11,04	10,58	10,20	9,97	9,76	9,42	9,17	8,97	8,77	11,00	0
23/10/2020 23:05:00	11,13	11,41	11,43	11,26	11,00	10,56	10,14	9,91	9,72	9,40	9,16	8,95	8,75	11,05	0
23/10/2020 23:10:00	11,01	11,26	11,23	11,01	10,66	10,20	9,83	9,63	9,46	9,16	8,94	8,78	8,61	10,95	0
23/10/2020 23:15:00	10,82	11,03	11,02	10,90	10,54	10,07	9,64	9,37	9,14	8,79	8,53	8,30	8,08	10,83	0
23/10/2020 23:20:00	10,71	11,03	10,96	10,71	10,31	9,87	9,50	9,31	9,16	8,87	8,66	8,50	8,34	10,69	0
23/10/2020 23:25:00	10,60	10,86	10,87	10,61	10,29	9,79	9,37	9,13	8,93	8,62	8,40	8,23	8,06	10,60	0
23/10/2020 23:30:00	10,56	10,75	10,78	10,61	10,35	9,97	9,57	9,34	9,16	8,85	8,62	8,43	8,24	10,68	0
23/10/2020 23:35:00	10,52	10,90	11,14	11,15	10,94	10,37	9,77	9,32	8,97	8,52	8,16	7,83	7,50	10,56	0
23/10/2020 23:40:00	10,69	10,90	10,91	10,69	10,33	9,83	9,36	9,07	8,85	8,52	8,28	8,10	7,91	10,70	0
23/10/2020 23:45:00	10,68	10,95	10,87	10,49	10,14	9,61	9,22	9,02	8,87	8,59	8,41	8,27	8,14	10,69	0
23/10/2020 23:50:00	10,54	10,97	10,94	10,67	10,19	9,68	9,17	8,86	8,64	8,31	8,06	7,87	7,68	10,67	0
23/10/2020 23:55:00	10,63	10,99	10,95	10,68	10,28	9,79	9,34	9,08	8,90	8,59	8,37	8,20	8,03	10,57	0
