FileFormat:0002.2 file with temperature of atmosphere
200
local	GMT or Local
0	GMT-Local=[hours]
0	Height[m]
0	0	0	Longitude                [grd]               [min]               [sec]
0	0	0	Latitude                [grd]               [min]               [sec]
N	NS
59,40	Freq[GHz]
0,00	dTemostat[K]
0,150	MessErr[K]
0,248	//[grad/step]
version 14.0.20110218
MTP5H033F5940K-33.00D180214+A1.1
Commentary:
enter comment
End Of Commentary

SYSTEM\summer.dat
data time	0	50	100	150	200	250	300	350	400	450	500	550	600	OutsideTemperature	Quality
23/09/2020 00:00:00	13,90	14,38	14,50	14,55	14,56	14,56	14,51	14,39	14,20	14,02	13,82	13,60	13,37	13,92	0
23/09/2020 00:05:00	13,77	14,28	14,44	14,50	14,53	14,64	14,63	14,55	14,38	14,24	14,09	13,91	13,73	13,79	0
23/09/2020 00:10:00	13,80	14,24	14,32	14,45	14,55	14,58	14,62	14,57	14,42	14,28	14,14	13,96	13,79	13,77	0
23/09/2020 00:15:00	13,66	14,14	14,26	14,26	14,37	14,50	14,50	14,43	14,28	14,16	14,04	13,90	13,76	13,65	0
23/09/2020 00:20:00	13,69	14,12	14,25	14,35	14,45	14,50	14,47	14,37	14,21	14,05	13,87	13,66	13,46	13,62	0
23/09/2020 00:25:00	13,82	14,04	14,18	14,25	14,34	14,42	14,42	14,36	14,20	14,05	13,89	13,70	13,51	13,77	0
23/09/2020 00:30:00	13,69	14,11	14,26	14,37	14,47	14,59	14,57	14,50	14,34	14,20	14,05	13,86	13,67	13,67	0
23/09/2020 00:35:00	13,68	14,08	14,34	14,46	14,54	14,71	14,67	14,58	14,41	14,25	14,07	13,86	13,65	13,70	0
23/09/2020 00:40:00	13,66	14,12	14,41	14,55	14,69	14,82	14,77	14,66	14,50	14,32	14,12	13,88	13,64	13,59	0
23/09/2020 00:45:00	13,63	14,22	14,41	14,52	14,56	14,55	14,54	14,44	14,25	14,07	13,87	13,65	13,42	13,73	0
23/09/2020 00:50:00	13,65	14,17	14,40	14,51	14,63	14,64	14,64	14,56	14,38	14,21	14,02	13,80	13,58	13,67	0
23/09/2020 00:55:00	13,79	14,15	14,35	14,52	14,68	14,77	14,71	14,62	14,45	14,29	14,09	13,85	13,62	13,75	0
23/09/2020 01:00:00	13,71	14,18	14,39	14,49	14,62	14,72	14,64	14,52	14,35	14,18	13,98	13,76	13,53	13,68	0
23/09/2020 01:05:00	13,73	14,14	14,35	14,46	14,52	14,54	14,58	14,51	14,34	14,17	13,99	13,78	13,56	13,69	0
23/09/2020 01:10:00	13,88	14,11	14,24	14,34	14,41	14,54	14,48	14,37	14,21	14,06	13,88	13,67	13,45	13,68	0
23/09/2020 01:15:00	13,71	14,18	14,38	14,59	14,67	14,74	14,67	14,55	14,37	14,18	13,96	13,70	13,44	13,74	0
23/09/2020 01:20:00	13,55	14,09	14,26	14,44	14,55	14,61	14,57	14,48	14,31	14,15	13,96	13,74	13,52	13,59	0
23/09/2020 01:25:00	13,40	13,80	13,95	14,03	14,18	14,35	14,31	14,23	14,09	13,96	13,83	13,67	13,50	13,46	0
23/09/2020 01:30:00	13,41	13,78	13,95	14,07	14,10	14,16	14,12	14,02	13,84	13,67	13,48	13,25	13,03	13,53	0
23/09/2020 01:35:00	13,06	13,64	13,82	13,81	13,84	13,98	14,01	13,95	13,79	13,66	13,55	13,42	13,28	13,35	0
23/09/2020 01:40:00	13,34	13,78	13,90	14,03	14,13	14,19	14,21	14,14	13,98	13,84	13,69	13,51	13,32	13,24	0
23/09/2020 01:45:00	13,04	13,58	13,74	13,87	13,95	14,06	14,05	13,97	13,81	13,67	13,52	13,34	13,16	13,15	0
23/09/2020 01:50:00	12,89	13,51	13,72	13,80	13,86	13,92	13,86	13,75	13,56	13,38	13,20	12,99	12,78	13,03	0
23/09/2020 01:55:00	12,93	13,61	13,87	14,03	14,22	14,38	14,41	14,36	14,22	14,09	13,96	13,80	13,64	12,94	0
23/09/2020 02:00:00	12,85	13,27	13,50	13,68	13,83	13,95	13,98	13,93	13,79	13,65	13,50	13,31	13,13	12,84	0
23/09/2020 02:05:00	12,66	13,31	13,63	13,80	13,98	14,16	14,17	14,11	13,96	13,82	13,68	13,50	13,32	12,71	0
23/09/2020 02:10:00	12,75	13,17	13,32	13,56	13,77	13,89	13,95	13,93	13,81	13,70	13,58	13,42	13,25	12,71	0
23/09/2020 02:15:00	12,49	13,01	13,26	13,41	13,48	13,64	13,75	13,74	13,59	13,47	13,36	13,21	13,07	12,57	0
23/09/2020 02:20:00	12,43	12,96	13,23	13,44	13,60	13,79	13,87	13,85	13,72	13,61	13,49	13,34	13,19	12,63	0
23/09/2020 02:25:00	12,56	13,29	13,58	13,78	13,97	14,10	14,12	14,06	13,91	13,77	13,62	13,43	13,25	12,50	0
23/09/2020 02:30:00	12,37	13,19	13,56	13,78	13,94	14,08	14,12	14,06	13,90	13,75	13,60	13,41	13,22	12,48	0
23/09/2020 02:35:00	12,32	12,99	13,24	13,49	13,84	14,06	14,17	14,19	14,10	14,03	13,97	13,86	13,76	12,35	0
23/09/2020 02:40:00	12,35	12,83	13,15	13,33	13,54	13,84	13,90	13,88	13,77	13,68	13,59	13,46	13,33	12,33	0
23/09/2020 02:45:00	12,15	12,98	13,39	13,60	13,76	14,07	14,09	14,03	13,89	13,77	13,66	13,51	13,36	12,20	0
23/09/2020 02:50:00	12,21	12,65	13,00	13,33	13,56	13,77	13,81	13,78	13,65	13,51	13,36	13,16	12,96	12,00	0
23/09/2020 02:55:00	12,17	12,87	13,20	13,35	13,50	13,69	13,74	13,70	13,55	13,42	13,30	13,15	13,00	12,23	0
23/09/2020 03:00:00	12,15	12,89	13,13	13,38	13,50	13,59	13,67	13,63	13,48	13,34	13,20	13,03	12,86	12,21	0
23/09/2020 03:05:00	12,10	12,87	13,14	13,40	13,64	13,74	13,75	13,68	13,53	13,39	13,23	13,04	12,85	12,17	0
23/09/2020 03:10:00	12,05	12,86	13,18	13,40	13,55	13,70	13,76	13,72	13,56	13,43	13,29	13,12	12,96	12,16	0
23/09/2020 03:15:00	12,09	12,70	13,07	13,37	13,56	13,68	13,68	13,60	13,44	13,27	13,07	12,83	12,60	12,12	0
23/09/2020 03:20:00	12,13	12,75	13,03	13,32	13,60	13,79	13,92	13,94	13,84	13,75	13,66	13,53	13,40	12,09	0
23/09/2020 03:25:00	12,05	12,44	12,78	13,03	13,22	13,53	13,67	13,70	13,61	13,53	13,45	13,34	13,22	12,02	0
23/09/2020 03:30:00	12,02	12,53	12,84	13,15	13,49	13,79	13,84	13,83	13,74	13,66	13,58	13,44	13,31	11,99	0
23/09/2020 03:35:00	11,77	12,26	12,62	12,90	13,21	13,57	13,70	13,73	13,66	13,60	13,54	13,45	13,36	11,81	0
23/09/2020 03:40:00	11,67	12,23	12,60	12,89	13,21	13,41	13,52	13,52	13,41	13,30	13,19	13,03	12,88	11,73	0
23/09/2020 03:45:00	11,66	12,19	12,54	12,87	13,10	13,35	13,46	13,46	13,35	13,25	13,15	13,00	12,85	11,65	0
23/09/2020 03:50:00	11,49	12,03	12,36	12,67	12,90	13,17	13,33	13,36	13,27	13,19	13,11	13,00	12,89	11,60	0
23/09/2020 03:55:00	11,61	12,11	12,49	12,78	13,02	13,32	13,47	13,50	13,40	13,32	13,24	13,13	13,01	11,61	0
23/09/2020 04:00:00	11,53	12,03	12,43	12,74	12,95	13,20	13,33	13,34	13,22	13,12	13,00	12,85	12,69	11,58	0
23/09/2020 04:05:00	11,49	12,05	12,42	12,71	13,01	13,29	13,39	13,39	13,29	13,20	13,11	12,98	12,86	11,57	0
23/09/2020 04:10:00	11,39	11,80	12,14	12,44	12,81	13,11	13,27	13,31	13,24	13,19	13,13	13,04	12,94	11,43	0
23/09/2020 04:15:00	11,33	11,91	12,29	12,62	12,90	13,15	13,26	13,26	13,15	13,05	12,95	12,80	12,66	11,35	0
23/09/2020 04:20:00	11,41	11,94	12,26	12,50	12,77	13,05	13,15	13,16	13,07	12,99	12,92	12,82	12,71	11,42	0
23/09/2020 04:25:00	11,44	11,84	12,17	12,48	12,82	13,10	13,25	13,29	13,21	13,14	13,07	12,96	12,84	11,43	0
23/09/2020 04:30:00	11,35	11,95	12,32	12,60	12,82	13,02	13,12	13,11	12,98	12,86	12,73	12,57	12,41	11,38	0
23/09/2020 04:35:00	11,27	11,73	12,12	12,40	12,63	12,89	12,98	12,97	12,85	12,74	12,62	12,47	12,31	11,33	0
23/09/2020 04:40:00	11,32	11,86	12,18	12,44	12,80	13,02	13,12	13,13	13,03	12,94	12,85	12,72	12,59	11,36	0
23/09/2020 04:45:00	11,24	11,94	12,37	12,69	12,96	13,16	13,23	13,21	13,07	12,95	12,81	12,63	12,45	11,23	0
23/09/2020 04:50:00	11,35	11,80	12,16	12,51	12,83	13,14	13,26	13,29	13,20	13,13	13,04	12,92	12,80	11,26	0
23/09/2020 04:55:00	11,17	11,83	12,30	12,65	12,92	13,22	13,32	13,32	13,21	13,10	12,99	12,83	12,68	11,09	0
23/09/2020 05:00:00	11,01	11,68	12,14	12,49	12,87	13,19	13,25	13,24	13,14	13,05	12,94	12,80	12,65	11,02	0
23/09/2020 05:05:00	11,07	11,69	12,18	12,54	12,89	13,17	13,30	13,33	13,23	13,13	13,02	12,87	12,72	11,05	0
23/09/2020 05:10:00	10,96	11,58	12,04	12,43	12,70	13,00	13,16	13,20	13,10	13,01	12,91	12,78	12,64	10,97	0
23/09/2020 05:15:00	10,94	11,49	11,94	12,29	12,68	12,99	13,10	13,11	13,02	12,94	12,85	12,72	12,59	10,94	0
23/09/2020 05:20:00	10,89	11,56	11,93	12,32	12,66	12,94	13,03	13,03	12,94	12,85	12,76	12,63	12,50	10,88	0
23/09/2020 05:25:00	10,84	11,46	11,92	12,32	12,61	12,87	13,01	13,03	12,92	12,82	12,71	12,55	12,40	10,88	0
23/09/2020 05:30:00	10,83	11,55	11,92	12,26	12,63	12,94	13,08	13,11	13,03	12,97	12,92	12,82	12,73	10,91	0
23/09/2020 05:35:00	10,81	11,44	11,92	12,39	12,71	13,07	13,18	13,20	13,11	13,02	12,92	12,77	12,63	10,87	0
23/09/2020 05:40:00	10,71	11,45	11,99	12,43	12,79	13,03	13,20	13,24	13,13	13,02	12,90	12,73	12,57	10,78	0
23/09/2020 05:45:00	10,84	11,45	11,90	12,34	12,73	13,11	13,23	13,26	13,18	13,12	13,05	12,93	12,81	10,71	0
23/09/2020 05:50:00	10,71	11,35	11,88	12,42	12,85	13,23	13,38	13,43	13,37	13,30	13,21	13,07	12,93	10,70	0
23/09/2020 05:55:00	10,63	11,24	11,69	12,15	12,53	12,90	13,07	13,13	13,06	13,00	12,94	12,83	12,72	10,60	0
23/09/2020 06:00:00	10,52	11,16	11,65	12,16	12,57	12,94	13,10	13,15	13,08	13,01	12,94	12,81	12,69	10,60	0
23/09/2020 06:05:00	10,51	11,19	11,71	12,17	12,60	12,97	13,14	13,20	13,13	13,07	13,00	12,89	12,77	10,57	0
23/09/2020 06:10:00	10,58	11,22	11,79	12,36	12,90	13,37	13,54	13,62	13,58	13,55	13,49	13,39	13,28	10,58	0
23/09/2020 06:15:00	10,48	11,22	11,80	12,32	12,75	13,09	13,34	13,44	13,37	13,31	13,24	13,12	13,01	10,43	0
23/09/2020 06:20:00	10,45	11,03	11,63	12,08	12,61	12,99	13,25	13,36	13,31	13,27	13,23	13,13	13,04	10,54	0
23/09/2020 06:25:00	10,46	11,22	11,82	12,35	12,74	13,13	13,30	13,35	13,27	13,19	13,10	12,95	12,81	10,56	0
23/09/2020 06:30:00	10,39	11,25	11,87	12,35	12,72	13,07	13,23	13,26	13,17	13,07	12,97	12,82	12,67	10,45	0
23/09/2020 06:35:00	10,47	11,26	11,76	12,16	12,58	12,92	13,10	13,16	13,08	13,03	12,97	12,88	12,78	10,54	0
23/09/2020 06:40:00	10,51	11,28	11,81	12,28	12,69	13,03	13,21	13,26	13,18	13,11	13,03	12,90	12,78	10,30	0
23/09/2020 06:45:00	10,41	11,28	11,85	12,34	12,75	13,11	13,24	13,28	13,19	13,11	13,01	12,87	12,73	10,40	0
23/09/2020 06:50:00	10,24	11,10	11,77	12,26	12,70	13,01	13,19	13,23	13,13	13,03	12,91	12,75	12,59	10,32	0
23/09/2020 06:55:00	10,31	11,16	11,76	12,24	12,64	12,92	13,09	13,13	13,03	12,93	12,82	12,66	12,50	10,23	0
23/09/2020 07:00:00	10,24	11,19	11,75	12,16	12,58	12,87	13,03	13,07	12,97	12,89	12,80	12,67	12,54	10,26	0
23/09/2020 07:05:00	10,31	11,31	11,75	12,20	12,58	12,90	13,04	13,07	12,99	12,92	12,86	12,75	12,64	10,29	0
23/09/2020 07:10:00	10,57	11,26	11,55	11,94	12,29	12,64	12,78	12,83	12,77	12,73	12,70	12,63	12,57	10,45	0
23/09/2020 07:15:00	10,63	11,13	11,34	11,75	12,06	12,45	12,62	12,69	12,65	12,63	12,63	12,58	12,53	10,51	0
23/09/2020 07:20:00	10,75	11,20	11,37	11,77	12,12	12,46	12,62	12,68	12,64	12,62	12,61	12,56	12,50	10,75	0
23/09/2020 07:25:00	10,83	11,22	11,30	11,73	12,11	12,49	12,65	12,73	12,72	12,73	12,76	12,73	12,71	10,98	0
23/09/2020 07:30:00	11,06	11,35	11,44	11,82	12,22	12,57	12,75	12,84	12,82	12,83	12,85	12,83	12,80	11,05	0
23/09/2020 07:35:00	11,11	11,31	11,33	11,70	12,10	12,46	12,60	12,67	12,66	12,68	12,71	12,68	12,66	11,16	0
23/09/2020 07:40:00	11,24	11,32	11,27	11,61	11,93	12,26	12,45	12,55	12,54	12,56	12,60	12,59	12,59	11,30	0
23/09/2020 07:45:00	11,38	11,33	11,22	11,49	11,81	12,14	12,30	12,39	12,38	12,40	12,45	12,45	12,45	11,36	0
23/09/2020 07:50:00	11,40	11,24	11,10	11,41	11,71	12,00	12,18	12,28	12,26	12,28	12,32	12,30	12,29	11,35	0
23/09/2020 07:55:00	11,41	11,22	11,04	11,26	11,57	11,88	12,04	12,13	12,12	12,15	12,21	12,22	12,23	11,38	0
23/09/2020 08:00:00	11,46	11,15	10,88	11,10	11,41	11,72	11,90	12,00	12,01	12,06	12,14	12,18	12,21	11,43	0
23/09/2020 08:05:00	11,52	11,10	10,77	10,97	11,21	11,55	11,79	11,93	11,95	12,01	12,13	12,20	12,27	11,57	0
23/09/2020 08:10:00	11,66	11,15	10,75	10,82	11,08	11,37	11,58	11,70	11,71	11,78	11,90	11,98	12,06	11,70	0
23/09/2020 08:15:00	11,68	11,11	10,80	10,94	11,25	11,57	11,77	11,89	11,91	11,97	12,07	12,12	12,17	11,67	0
23/09/2020 08:20:00	11,82	11,21	10,81	10,88	11,15	11,45	11,63	11,73	11,74	11,80	11,90	11,96	12,02	11,77	0
23/09/2020 08:25:00	11,87	11,19	10,74	10,85	11,12	11,41	11,57	11,67	11,69	11,74	11,85	11,90	11,95	11,92	0
23/09/2020 08:30:00	12,04	11,27	10,73	10,74	10,89	11,16	11,32	11,41	11,41	11,47	11,58	11,65	11,72	12,02	0
23/09/2020 08:35:00	12,21	11,39	10,77	10,76	10,91	11,16	11,37	11,50	11,52	11,60	11,75	11,85	11,96	12,23	0
23/09/2020 08:40:00	12,36	11,51	10,86	10,84	10,97	11,17	11,32	11,41	11,40	11,45	11,56	11,62	11,69	12,39	0
23/09/2020 08:45:00	12,50	11,58	10,94	10,90	11,07	11,27	11,37	11,42	11,41	11,45	11,54	11,58	11,62	12,41	0
23/09/2020 08:50:00	12,35	11,56	11,03	11,03	11,17	11,37	11,46	11,51	11,48	11,50	11,56	11,57	11,58	12,60	0
23/09/2020 08:55:00	12,76	11,72	11,10	11,03	11,16	11,35	11,46	11,52	11,50	11,53	11,61	11,64	11,68	12,62	0
23/09/2020 09:00:00	12,81	11,77	11,09	10,95	10,97	11,16	11,29	11,36	11,34	11,38	11,48	11,55	11,61	12,76	0
23/09/2020 09:05:00	12,90	11,77	11,11	11,02	11,17	11,38	11,46	11,51	11,50	11,54	11,62	11,65	11,69	12,72	0
23/09/2020 09:10:00	13,04	11,95	11,30	11,19	11,26	11,42	11,52	11,56	11,54	11,55	11,61	11,64	11,66	12,92	0
23/09/2020 09:15:00	12,95	11,74	11,12	11,02	11,15	11,42	11,58	11,68	11,70	11,76	11,88	11,96	12,03	12,96	0
23/09/2020 09:20:00	13,02	11,91	11,32	11,25	11,29	11,46	11,59	11,66	11,63	11,64	11,70	11,71	11,72	13,00	0
23/09/2020 09:25:00	13,14	11,93	11,36	11,31	11,40	11,56	11,68	11,73	11,71	11,72	11,75	11,75	11,74	13,22	0
23/09/2020 09:30:00	13,16	12,18	11,62	11,50	11,56	11,71	11,78	11,81	11,77	11,76	11,80	11,80	11,79	13,29	0
23/09/2020 09:35:00	13,37	12,12	11,62	11,53	11,61	11,79	11,87	11,91	11,87	11,86	11,87	11,84	11,81	13,30	0
23/09/2020 09:40:00	13,54	12,20	11,64	11,45	11,53	11,67	11,81	11,88	11,85	11,86	11,92	11,94	11,96	13,48	0
23/09/2020 09:45:00	13,65	12,22	11,68	11,54	11,59	11,78	11,92	11,98	11,96	11,96	12,01	12,01	12,02	13,63	0
23/09/2020 09:50:00	13,58	12,35	11,78	11,60	11,68	11,92	12,00	12,04	12,02	12,05	12,11	12,14	12,17	13,74	0
23/09/2020 09:55:00	13,71	12,53	11,97	11,85	11,95	12,04	12,12	12,15	12,10	12,09	12,10	12,06	12,03	13,87	0
23/09/2020 10:00:00	13,90	12,59	12,11	11,95	11,99	12,12	12,18	12,19	12,13	12,10	12,09	12,04	11,99	14,02	0
23/09/2020 10:05:00	14,13	12,72	12,20	12,01	11,99	12,09	12,17	12,18	12,12	12,08	12,07	12,02	11,97	14,19	0
23/09/2020 10:10:00	14,26	13,02	12,48	12,23	12,28	12,30	12,25	12,19	12,09	12,02	11,96	11,86	11,76	14,65	0
23/09/2020 10:15:00	14,40	13,00	12,46	12,25	12,23	12,37	12,34	12,30	12,23	12,17	12,14	12,06	11,98	15,04	0
23/09/2020 10:20:00	14,50	13,24	12,70	12,48	12,45	12,46	12,35	12,24	12,12	12,01	11,90	11,75	11,60	14,91	0
23/09/2020 10:25:00	14,75	13,37	12,79	12,53	12,46	12,41	12,35	12,28	12,16	12,06	11,96	11,83	11,69	15,49	0
23/09/2020 10:30:00	14,82	13,47	12,82	12,53	12,42	12,44	12,39	12,32	12,22	12,14	12,08	11,99	11,90	15,34	0
23/09/2020 10:35:00	14,89	13,84	13,15	12,85	12,65	12,51	12,42	12,30	12,15	12,02	11,91	11,77	11,62	15,95	0
23/09/2020 10:40:00	14,90	14,05	13,25	12,94	12,78	12,71	12,57	12,44	12,31	12,21	12,14	12,03	11,93	16,90	0
23/09/2020 10:45:00	15,07	14,28	13,49	13,14	12,96	12,85	12,73	12,60	12,46	12,36	12,29	12,20	12,10	16,94	0
23/09/2020 10:50:00	15,41	14,32	13,45	13,12	12,91	12,81	12,70	12,59	12,47	12,37	12,31	12,21	12,11	16,76	0
23/09/2020 10:55:00	15,38	14,49	13,62	13,29	13,03	12,88	12,78	12,66	12,51	12,41	12,34	12,24	12,14	17,11	0
23/09/2020 11:00:00	15,80	14,68	13,81	13,50	13,26	13,11	12,92	12,75	12,59	12,45	12,32	12,15	11,98	17,52	0
23/09/2020 11:05:00	15,58	14,71	13,93	13,56	13,34	13,15	13,01	12,86	12,69	12,56	12,45	12,31	12,17	17,44	0
23/09/2020 11:10:00	15,78	14,81	14,03	13,62	13,36	13,21	13,08	12,93	12,77	12,64	12,54	12,42	12,29	17,12	0
23/09/2020 11:15:00	15,88	14,99	14,19	13,81	13,54	13,35	13,12	12,92	12,73	12,57	12,42	12,24	12,06	17,44	0
23/09/2020 11:20:00	15,90	15,18	14,33	13,92	13,58	13,35	13,14	12,95	12,75	12,59	12,46	12,30	12,14	17,30	0
23/09/2020 11:25:00	16,30	15,27	14,37	13,93	13,62	13,39	13,23	13,07	12,89	12,76	12,65	12,51	12,38	18,22	0
23/09/2020 11:30:00	16,16	15,39	14,57	14,14	13,82	13,60	13,34	13,12	12,91	12,73	12,56	12,37	12,18	18,50	0
23/09/2020 11:35:00	16,34	15,62	14,74	14,29	13,97	13,69	13,45	13,23	13,02	12,84	12,69	12,51	12,33	18,47	0
23/09/2020 11:40:00	16,45	15,77	14,92	14,48	14,15	13,92	13,64	13,40	13,18	13,00	12,83	12,63	12,44	18,96	0
23/09/2020 11:45:00	16,29	16,00	15,21	14,80	14,42	14,11	13,83	13,57	13,33	13,12	12,92	12,71	12,49	19,46	0
23/09/2020 11:50:00	16,14	16,15	15,43	15,02	14,60	14,20	13,83	13,50	13,21	12,94	12,67	12,39	12,11	19,35	0
23/09/2020 11:55:00	16,22	16,23	15,46	14,97	14,55	14,17	13,80	13,48	13,20	12,95	12,72	12,47	12,22	19,07	0
23/09/2020 12:00:00	16,13	16,21	15,53	15,09	14,65	14,27	13,95	13,64	13,35	13,10	12,86	12,61	12,36	18,64	0
23/09/2020 12:05:00	16,28	16,45	15,72	15,20	14,72	14,29	13,93	13,59	13,29	13,02	12,77	12,52	12,26	18,49	0
23/09/2020 12:10:00	16,37	16,53	15,83	15,33	14,89	14,50	14,10	13,75	13,44	13,16	12,90	12,63	12,35	18,69	0
23/09/2020 12:15:00	16,48	16,67	15,97	15,52	15,02	14,56	14,21	13,87	13,56	13,27	13,00	12,72	12,43	19,39	0
23/09/2020 12:20:00	16,66	16,38	15,74	15,28	14,89	14,53	14,22	13,92	13,64	13,39	13,13	12,86	12,59	18,82	0
23/09/2020 12:25:00	16,97	16,92	16,25	15,77	15,37	14,98	14,63	14,32	14,03	13,76	13,50	13,23	12,95	18,78	0
23/09/2020 12:30:00	17,26	17,05	16,34	15,90	15,48	15,10	14,76	14,45	14,16	13,89	13,63	13,34	13,05	18,94	0
23/09/2020 12:35:00	17,72	17,04	16,31	15,83	15,47	15,18	14,86	14,59	14,34	14,10	13,86	13,59	13,33	19,14	0
23/09/2020 12:40:00	17,73	17,04	16,37	15,88	15,47	15,08	14,73	14,42	14,13	13,85	13,55	13,23	12,90	19,52	0
23/09/2020 12:45:00	18,04	17,23	16,44	15,95	15,50	15,12	14,78	14,48	14,21	13,94	13,66	13,36	13,06	19,67	0
23/09/2020 12:50:00	17,91	17,35	16,53	16,09	15,72	15,35	14,98	14,68	14,41	14,16	13,89	13,59	13,30	20,30	0
23/09/2020 12:55:00	17,80	17,39	16,75	16,32	15,89	15,48	15,12	14,80	14,50	14,20	13,89	13,55	13,21	19,62	0
23/09/2020 13:00:00	18,25	17,47	16,65	16,15	15,69	15,30	14,97	14,67	14,40	14,15	13,88	13,60	13,31	20,48	0
23/09/2020 13:05:00	18,12	17,43	16,71	16,23	15,84	15,45	15,07	14,76	14,47	14,19	13,88	13,55	13,22	19,63	0
23/09/2020 13:10:00	18,28	17,64	16,91	16,44	16,00	15,63	15,24	14,91	14,62	14,33	14,01	13,67	13,33	20,17	0
23/09/2020 13:15:00	18,37	17,76	17,04	16,53	16,07	15,67	15,31	14,99	14,69	14,40	14,10	13,78	13,46	20,62	0
23/09/2020 13:20:00	18,46	17,79	17,03	16,50	16,02	15,60	15,22	14,88	14,58	14,29	13,98	13,64	13,31	20,37	0
23/09/2020 13:25:00	18,57	17,82	17,10	16,63	16,24	15,86	15,50	15,20	14,92	14,64	14,33	14,00	13,67	20,40	0
23/09/2020 13:30:00	18,68	17,93	17,22	16,73	16,29	15,84	15,48	15,16	14,86	14,56	14,24	13,89	13,54	20,63	0
23/09/2020 13:35:00	18,61	17,96	17,27	16,79	16,35	15,91	15,53	15,20	14,90	14,59	14,26	13,90	13,54	20,29	0
23/09/2020 13:40:00	18,73	18,12	17,42	16,92	16,44	15,97	15,54	15,17	14,84	14,50	14,14	13,74	13,35	20,02	0
23/09/2020 13:45:00	18,64	18,03	17,34	16,83	16,40	16,00	15,61	15,27	14,97	14,67	14,34	13,99	13,64	20,03	0
23/09/2020 13:50:00	18,68	17,96	17,28	16,84	16,45	16,00	15,63	15,30	15,00	14,69	14,34	13,97	13,59	20,01	0
23/09/2020 13:55:00	18,85	18,04	17,38	16,91	16,49	16,09	15,73	15,41	15,11	14,81	14,48	14,11	13,75	20,51	0
23/09/2020 14:00:00	18,90	18,27	17,55	17,09	16,64	16,21	15,81	15,47	15,17	14,86	14,52	14,15	13,78	20,89	0
23/09/2020 14:05:00	19,09	18,37	17,65	17,16	16,71	16,29	15,96	15,67	15,38	15,10	14,81	14,48	14,16	21,51	0
23/09/2020 14:10:00	19,09	18,33	17,66	17,25	16,82	16,41	16,04	15,73	15,43	15,12	14,77	14,39	14,00	21,30	0
23/09/2020 14:15:00	18,83	18,48	17,85	17,40	16,95	16,47	16,00	15,60	15,25	14,89	14,49	14,05	13,62	21,12	0
23/09/2020 14:20:00	19,07	18,46	17,75	17,29	16,85	16,42	16,04	15,71	15,41	15,11	14,78	14,43	14,07	21,12	0
23/09/2020 14:25:00	19,27	18,48	17,78	17,24	16,80	16,38	15,98	15,64	15,34	15,03	14,69	14,32	13,95	21,03	0
23/09/2020 14:30:00	19,09	18,56	17,95	17,48	17,02	16,57	16,16	15,80	15,48	15,14	14,76	14,36	13,96	21,06	0
23/09/2020 14:35:00	19,25	18,59	17,96	17,50	17,06	16,64	16,27	15,95	15,64	15,33	14,98	14,60	14,23	21,22	0
23/09/2020 14:40:00	19,13	18,54	17,84	17,38	16,96	16,61	16,25	15,94	15,66	15,38	15,08	14,75	14,42	20,91	0
23/09/2020 14:45:00	19,18	18,60	17,92	17,47	17,06	16,62	16,27	15,96	15,67	15,37	15,05	14,70	14,35	21,85	0
23/09/2020 14:50:00	19,14	18,56	17,98	17,52	17,09	16,66	16,27	15,93	15,62	15,29	14,93	14,54	14,15	21,54	0
23/09/2020 14:55:00	19,19	18,53	17,85	17,40	16,97	16,58	16,24	15,94	15,66	15,38	15,07	14,73	14,40	21,15	0
23/09/2020 15:00:00	19,15	18,61	18,02	17,53	17,08	16,70	16,34	16,02	15,72	15,42	15,09	14,74	14,39	21,29	0
23/09/2020 15:05:00	19,16	18,65	18,08	17,64	17,22	16,80	16,42	16,08	15,77	15,45	15,09	14,71	14,32	21,82	0
23/09/2020 15:10:00	19,10	18,73	18,18	17,71	17,28	16,82	16,41	16,04	15,71	15,37	14,98	14,58	14,17	21,14	0
23/09/2020 15:15:00	19,16	18,73	18,22	17,76	17,35	16,94	16,54	16,19	15,87	15,54	15,16	14,76	14,36	21,34	0
23/09/2020 15:20:00	19,20	18,68	18,21	17,81	17,47	17,09	16,67	16,32	16,00	15,65	15,25	14,82	14,38	21,24	0
23/09/2020 15:25:00	19,11	18,73	18,17	17,76	17,33	16,90	16,51	16,16	15,84	15,51	15,14	14,74	14,34	21,59	0
23/09/2020 15:30:00	19,04	18,75	18,27	17,85	17,42	16,98	16,58	16,22	15,88	15,54	15,14	14,72	14,31	21,34	0
23/09/2020 15:35:00	19,16	18,72	18,20	17,81	17,42	16,96	16,58	16,23	15,90	15,56	15,17	14,75	14,33	21,46	0
23/09/2020 15:40:00	19,23	18,89	18,40	17,95	17,53	17,06	16,67	16,31	15,98	15,63	15,24	14,83	14,42	21,52	0
23/09/2020 15:45:00	19,25	18,86	18,39	17,95	17,52	17,09	16,70	16,36	16,03	15,69	15,31	14,91	14,50	22,08	0
23/09/2020 15:50:00	19,10	18,82	18,39	17,97	17,55	17,12	16,71	16,34	16,01	15,65	15,24	14,81	14,38	21,64	0
23/09/2020 15:55:00	19,02	18,85	18,42	17,99	17,58	17,15	16,75	16,39	16,05	15,70	15,31	14,90	14,48	21,22	0
23/09/2020 16:00:00	19,04	18,90	18,51	18,09	17,68	17,22	16,81	16,45	16,10	15,74	15,33	14,90	14,47	21,71	0
23/09/2020 16:05:00	18,98	18,84	18,51	18,15	17,73	17,29	16,88	16,51	16,16	15,78	15,35	14,89	14,43	21,63	0
23/09/2020 16:10:00	18,90	18,90	18,50	18,10	17,68	17,22	16,80	16,42	16,07	15,71	15,30	14,87	14,44	21,58	0
23/09/2020 16:15:00	19,23	19,20	18,89	18,51	18,11	17,67	17,24	16,85	16,50	16,11	15,67	15,20	14,74	21,49	0
23/09/2020 16:20:00	19,10	19,19	18,91	18,53	18,10	17,67	17,26	16,89	16,53	16,16	15,73	15,28	14,84	21,63	0
23/09/2020 16:25:00	19,14	19,22	18,94	18,59	18,20	17,77	17,36	16,98	16,63	16,25	15,81	15,35	14,89	21,44	0
23/09/2020 16:30:00	19,00	19,16	18,90	18,49	18,07	17,65	17,26	16,89	16,53	16,17	15,77	15,34	14,91	21,77	0
23/09/2020 16:35:00	18,93	19,18	18,91	18,57	18,18	17,76	17,33	16,95	16,59	16,20	15,77	15,31	14,85	21,31	0
23/09/2020 16:40:00	18,87	19,18	18,96	18,61	18,18	17,71	17,29	16,90	16,53	16,13	15,69	15,22	14,76	21,17	0
23/09/2020 16:45:00	19,08	19,49	19,29	18,93	18,51	18,07	17,62	17,21	16,83	16,42	15,96	15,48	15,00	21,24	0
23/09/2020 16:50:00	19,27	19,73	19,58	19,24	18,88	18,45	18,02	17,62	17,25	16,86	16,41	15,93	15,45	21,14	0
23/09/2020 16:55:00	19,39	20,11	19,95	19,64	19,21	18,74	18,30	17,89	17,50	17,09	16,63	16,15	15,66	21,19	0
23/09/2020 17:00:00	19,32	20,08	19,99	19,67	19,22	18,77	18,33	17,92	17,52	17,11	16,63	16,14	15,65	20,89	0
23/09/2020 17:05:00	19,28	20,10	19,94	19,58	19,16	18,70	18,26	17,84	17,46	17,06	16,62	16,15	15,69	20,87	0
23/09/2020 17:10:00	19,04	20,07	20,07	19,82	19,42	18,91	18,45	18,00	17,58	17,13	16,61	16,07	15,54	21,01	0
23/09/2020 17:15:00	19,35	20,26	20,31	20,02	19,61	19,13	18,69	18,26	17,85	17,41	16,90	16,38	15,85	20,94	0
23/09/2020 17:20:00	19,28	20,59	20,71	20,42	20,03	19,59	19,12	18,67	18,25	17,81	17,30	16,78	16,25	20,99	0
23/09/2020 17:25:00	19,46	20,43	20,55	20,33	19,97	19,54	19,10	18,69	18,28	17,84	17,32	16,78	16,24	20,66	0
23/09/2020 17:30:00	19,39	20,45	20,58	20,32	19,97	19,52	19,09	18,68	18,27	17,83	17,33	16,80	16,28	20,47	0
23/09/2020 17:35:00	19,44	20,82	21,03	20,79	20,38	19,88	19,42	18,97	18,54	18,07	17,53	16,97	16,41	20,45	0
23/09/2020 17:40:00	19,59	21,08	21,29	21,12	20,75	20,27	19,83	19,39	18,96	18,50	17,96	17,40	16,85	20,32	0
23/09/2020 17:45:00	19,94	21,06	21,20	20,96	20,64	20,22	19,77	19,34	18,93	18,49	17,97	17,43	16,89	20,23	0
23/09/2020 17:50:00	19,74	21,33	21,61	21,42	21,06	20,59	20,14	19,70	19,26	18,79	18,25	17,69	17,12	20,12	0
23/09/2020 17:55:00	19,63	21,25	21,53	21,33	20,99	20,55	20,08	19,63	19,19	18,72	18,17	17,60	17,03	19,96	0
23/09/2020 18:00:00	19,42	21,19	21,62	21,42	21,11	20,68	20,20	19,73	19,28	18,79	18,21	17,62	17,03	19,63	0
23/09/2020 18:05:00	19,08	21,08	21,60	21,50	21,13	20,69	20,25	19,79	19,33	18,83	18,24	17,64	17,04	19,26	0
23/09/2020 18:10:00	18,87	20,93	21,60	21,52	21,20	20,82	20,36	19,90	19,44	18,92	18,31	17,68	17,06	18,76	0
23/09/2020 18:15:00	18,67	20,86	21,55	21,50	21,22	20,81	20,34	19,87	19,39	18,87	18,25	17,61	16,98	18,24	0
23/09/2020 18:20:00	18,39	20,78	21,58	21,58	21,28	20,86	20,40	19,93	19,44	18,90	18,26	17,60	16,94	17,76	0
23/09/2020 18:25:00	18,12	20,55	21,51	21,55	21,30	20,93	20,49	20,03	19,55	19,00	18,35	17,68	17,01	17,54	0
23/09/2020 18:30:00	17,97	20,38	21,53	21,59	21,41	21,05	20,63	20,18	19,69	19,13	18,45	17,76	17,06	17,12	0
23/09/2020 18:35:00	17,79	20,27	21,44	21,58	21,46	21,12	20,68	20,21	19,72	19,15	18,45	17,72	16,99	16,86	0
23/09/2020 18:40:00	17,63	20,16	21,44	21,62	21,44	21,06	20,67	20,23	19,73	19,15	18,43	17,70	16,97	16,53	0
23/09/2020 18:45:00	17,52	20,12	21,34	21,52	21,37	21,05	20,66	20,22	19,73	19,18	18,49	17,79	17,09	16,12	0
23/09/2020 18:50:00	17,33	19,97	21,28	21,54	21,44	21,14	20,76	20,33	19,85	19,29	18,59	17,87	17,14	15,84	0
23/09/2020 18:55:00	17,29	19,99	21,35	21,55	21,47	21,17	20,77	20,32	19,83	19,26	18,56	17,83	17,10	15,59	0
23/09/2020 19:00:00	16,83	19,64	21,14	21,38	21,27	20,96	20,55	20,10	19,58	18,98	18,24	17,48	16,71	15,44	0
23/09/2020 19:05:00	16,70	19,58	21,13	21,43	21,38	21,06	20,64	20,18	19,66	19,06	18,29	17,50	16,72	15,24	0
23/09/2020 19:10:00	16,59	19,46	21,09	21,38	21,34	21,04	20,62	20,15	19,62	19,01	18,23	17,42	16,62	14,94	0
23/09/2020 19:15:00	16,55	19,40	21,15	21,48	21,42	21,14	20,72	20,25	19,72	19,08	18,27	17,44	16,60	14,73	0
23/09/2020 19:20:00	16,19	19,04	20,78	21,08	21,04	20,77	20,38	19,93	19,41	18,79	18,02	17,22	16,42	14,67	0
23/09/2020 19:25:00	15,78	18,87	20,61	20,90	20,81	20,50	20,05	19,56	19,01	18,37	17,57	16,75	15,93	14,57	0
23/09/2020 19:30:00	15,68	18,67	20,52	20,88	20,84	20,54	20,13	19,66	19,11	18,46	17,63	16,79	15,94	14,32	0
23/09/2020 19:35:00	15,62	18,73	20,52	20,88	20,79	20,52	20,10	19,62	19,07	18,43	17,63	16,81	15,99	14,12	0
23/09/2020 19:40:00	15,25	18,38	20,24	20,53	20,49	20,20	19,79	19,31	18,76	18,12	17,32	16,50	15,69	14,02	0
23/09/2020 19:45:00	15,23	18,38	20,14	20,52	20,51	20,22	19,79	19,31	18,78	18,15	17,35	16,53	15,72	13,97	0
23/09/2020 19:50:00	14,90	18,11	19,92	20,27	20,22	19,92	19,50	19,02	18,48	17,84	17,04	16,23	15,41	13,94	0
23/09/2020 19:55:00	14,55	17,68	19,54	19,93	19,86	19,59	19,20	18,73	18,19	17,55	16,75	15,94	15,12	13,89	0
23/09/2020 20:00:00	14,22	17,48	19,24	19,57	19,54	19,23	18,83	18,36	17,82	17,19	16,42	15,64	14,86	13,82	0
23/09/2020 20:05:00	14,13	17,32	19,18	19,54	19,54	19,26	18,86	18,39	17,85	17,23	16,44	15,64	14,84	13,58	0
23/09/2020 20:10:00	14,05	17,37	19,19	19,52	19,47	19,19	18,79	18,31	17,77	17,14	16,37	15,58	14,80	13,65	0
23/09/2020 20:15:00	13,73	16,97	18,88	19,24	19,24	18,98	18,58	18,11	17,56	16,93	16,14	15,33	14,53	13,62	0
23/09/2020 20:20:00	13,65	16,90	18,80	19,18	19,18	19,00	18,60	18,13	17,61	16,99	16,23	15,45	14,67	13,32	0
23/09/2020 20:25:00	13,29	16,49	18,35	18,83	18,86	18,67	18,30	17,86	17,35	16,74	15,98	15,21	14,43	13,35	0
23/09/2020 20:30:00	13,26	16,43	18,35	18,84	18,84	18,61	18,26	17,82	17,30	16,68	15,90	15,10	14,30	13,25	0
23/09/2020 20:35:00	13,28	16,42	18,25	18,70	18,70	18,50	18,17	17,75	17,24	16,65	15,91	15,15	14,39	13,34	0
23/09/2020 20:40:00	13,26	16,49	18,42	18,87	18,94	18,73	18,35	17,91	17,39	16,78	16,01	15,23	14,44	13,30	0
23/09/2020 20:45:00	13,24	16,44	18,32	18,78	18,84	18,66	18,31	17,88	17,38	16,79	16,05	15,29	14,53	13,25	0
23/09/2020 20:50:00	13,15	16,28	18,17	18,64	18,68	18,51	18,19	17,78	17,27	16,69	15,95	15,20	14,44	13,17	0
23/09/2020 20:55:00	13,18	16,26	18,19	18,71	18,81	18,63	18,30	17,88	17,38	16,78	16,02	15,24	14,46	13,12	0
23/09/2020 21:00:00	13,09	16,21	18,12	18,66	18,81	18,65	18,38	18,00	17,53	16,96	16,25	15,51	14,76	13,09	0
23/09/2020 21:05:00	13,15	16,25	18,22	18,71	18,86	18,70	18,38	17,97	17,48	16,89	16,14	15,37	14,60	13,07	0
23/09/2020 21:10:00	13,01	16,18	18,20	18,74	18,84	18,70	18,37	17,95	17,44	16,84	16,07	15,28	14,49	12,79	0
23/09/2020 21:15:00	13,02	16,13	18,09	18,63	18,74	18,59	18,29	17,89	17,40	16,82	16,07	15,31	14,54	13,00	0
23/09/2020 21:20:00	13,00	16,16	18,09	18,54	18,65	18,57	18,21	17,80	17,31	16,74	16,02	15,29	14,55	12,69	0
23/09/2020 21:25:00	12,76	15,94	17,88	18,41	18,53	18,40	18,07	17,67	17,18	16,60	15,87	15,11	14,36	12,70	0
23/09/2020 21:30:00	12,72	15,88	17,83	18,40	18,52	18,36	18,07	17,69	17,21	16,62	15,89	15,13	14,37	12,75	0
23/09/2020 21:35:00	12,82	15,91	17,93	18,52	18,65	18,47	18,21	17,83	17,34	16,75	15,99	15,21	14,43	12,74	0
23/09/2020 21:40:00	12,74	15,86	17,85	18,42	18,60	18,48	18,17	17,78	17,30	16,73	15,99	15,22	14,46	12,38	0
23/09/2020 21:45:00	12,73	15,85	17,87	18,45	18,60	18,48	18,17	17,78	17,30	16,71	15,97	15,19	14,42	12,55	0
23/09/2020 21:50:00	12,53	15,63	17,65	18,23	18,40	18,24	17,95	17,56	17,07	16,48	15,72	14,94	14,16	12,32	0
23/09/2020 21:55:00	12,56	15,63	17,65	18,27	18,43	18,34	18,04	17,66	17,18	16,60	15,86	15,09	14,32	12,50	0
23/09/2020 22:00:00	12,45	15,61	17,54	18,09	18,26	18,12	17,83	17,44	16,97	16,40	15,69	14,95	14,22	12,40	0
23/09/2020 22:05:00	12,49	15,55	17,49	18,07	18,22	18,15	17,87	17,49	17,03	16,48	15,78	15,05	14,32	12,04	0
23/09/2020 22:10:00	12,47	15,57	17,41	17,97	18,18	18,07	17,79	17,43	16,97	16,44	15,76	15,06	14,36	12,52	0
23/09/2020 22:15:00	12,54	15,62	17,47	18,05	18,20	18,06	17,77	17,40	16,93	16,37	15,66	14,93	14,20	12,53	0
23/09/2020 22:20:00	12,52	15,59	17,44	18,03	18,21	18,09	17,82	17,46	17,01	16,47	15,78	15,07	14,36	12,53	0
23/09/2020 22:25:00	12,48	15,40	17,20	17,80	17,95	17,86	17,60	17,26	16,81	16,29	15,61	14,91	14,21	12,47	0
23/09/2020 22:30:00	12,50	15,50	17,43	17,99	18,23	18,17	17,88	17,52	17,07	16,53	15,85	15,13	14,42	12,37	0
23/09/2020 22:35:00	12,50	15,63	17,53	18,14	18,28	18,18	17,89	17,51	17,05	16,49	15,79	15,05	14,32	12,38	0
23/09/2020 22:40:00	12,49	15,53	17,42	17,99	18,18	18,06	17,82	17,47	17,02	16,48	15,79	15,08	14,37	12,55	0
23/09/2020 22:45:00	12,49	15,44	17,31	17,98	18,17	18,09	17,82	17,47	17,03	16,49	15,79	15,06	14,34	12,50	0
23/09/2020 22:50:00	12,49	15,28	17,26	17,88	18,08	18,08	17,86	17,54	17,11	16,59	15,91	15,20	14,49	12,45	0
23/09/2020 22:55:00	12,35	15,10	16,95	17,62	17,89	17,86	17,65	17,34	16,94	16,44	15,79	15,11	14,43	12,26	0
23/09/2020 23:00:00	12,25	15,15	17,12	17,73	17,97	17,93	17,69	17,36	16,93	16,40	15,72	15,01	14,30	12,30	0
23/09/2020 23:05:00	12,36	15,08	17,01	17,68	17,98	18,00	17,81	17,53	17,13	16,64	15,99	15,31	14,63	12,28	0
23/09/2020 23:10:00	12,34	15,14	17,07	17,77	18,06	18,11	17,91	17,62	17,22	16,73	16,09	15,40	14,72	12,57	0
23/09/2020 23:15:00	12,57	15,33	17,22	17,89	18,20	18,20	18,03	17,76	17,36	16,88	16,24	15,57	14,90	12,62	0
23/09/2020 23:20:00	12,52	15,30	17,16	17,77	18,07	18,07	17,87	17,57	17,17	16,68	16,05	15,39	14,72	12,51	0
23/09/2020 23:25:00	12,51	15,34	17,19	17,86	18,14	18,13	17,93	17,63	17,23	16,74	16,10	15,42	14,75	12,28	0
23/09/2020 23:30:00	12,28	15,08	16,93	17,58	17,86	17,95	17,75	17,46	17,08	16,61	16,01	15,37	14,74	12,27	0
23/09/2020 23:35:00	12,33	15,08	16,85	17,56	17,87	17,87	17,67	17,38	17,00	16,52	15,90	15,25	14,59	12,30	0
23/09/2020 23:40:00	12,20	14,91	16,84	17,57	17,85	17,88	17,69	17,41	17,01	16,51	15,86	15,17	14,48	12,09	0
23/09/2020 23:45:00	12,26	14,90	16,76	17,44	17,78	17,83	17,65	17,37	16,99	16,52	15,90	15,24	14,59	11,92	0
23/09/2020 23:50:00	12,17	15,04	16,91	17,55	17,84	17,88	17,67	17,37	16,97	16,49	15,87	15,22	14,57	12,19	0
23/09/2020 23:55:00	12,21	14,92	16,69	17,44	17,69	17,70	17,58	17,35	16,97	16,51	15,91	15,28	14,65	12,20	0
