FileFormat:0002.2 file with temperature of atmosphere
200
local	GMT or Local
0	GMT-Local=[hours]
0	Height[m]
0	0	0	Longitude                [grd]               [min]               [sec]
0	0	0	Latitude                [grd]               [min]               [sec]
N	NS
59,40	Freq[GHz]
0,00	dTemostat[K]
0,150	MessErr[K]
0,248	//[grad/step]
version 14.0.20110218
MTP5H033F5940K-33.00D180214+A1.1
Commentary:
enter comment
End Of Commentary

SYSTEM\summer.dat
data time	0	50	100	150	200	250	300	350	400	450	500	550	600	OutsideTemperature	Quality
18/06/2020 00:00:00	23,46	26,39	28,48	28,99	29,15	29,08	28,82	28,48	28,02	27,42	26,59	25,70	24,81	22,44	0
18/06/2020 00:05:00	23,16	26,26	28,20	28,71	28,84	28,72	28,44	28,08	27,62	27,04	26,24	25,39	24,54	22,44	0
18/06/2020 00:10:00	23,11	26,30	28,24	28,67	28,76	28,61	28,31	27,94	27,48	26,89	26,10	25,27	24,44	22,25	0
18/06/2020 00:15:00	22,84	25,98	27,83	28,19	28,26	28,16	27,88	27,51	27,05	26,49	25,73	24,93	24,14	22,24	0
18/06/2020 00:20:00	22,56	25,62	27,53	28,00	28,06	27,91	27,62	27,24	26,76	26,16	25,35	24,49	23,64	22,14	0
18/06/2020 00:25:00	22,48	25,56	27,40	27,82	27,97	27,84	27,53	27,16	26,70	26,13	25,36	24,54	23,73	22,76	0
18/06/2020 00:30:00	22,70	25,35	27,12	27,56	27,70	27,65	27,40	27,07	26,65	26,11	25,37	24,58	23,79	22,98	0
18/06/2020 00:35:00	22,81	25,18	26,96	27,40	27,49	27,42	27,17	26,84	26,41	25,85	25,08	24,25	23,43	23,08	0
18/06/2020 00:40:00	22,77	24,78	26,08	26,40	26,51	26,36	26,10	25,78	25,39	24,90	24,22	23,49	22,77	23,07	0
18/06/2020 00:45:00	22,51	24,45	25,53	25,91	26,09	26,07	25,90	25,68	25,37	24,98	24,45	23,86	23,27	22,73	0
18/06/2020 00:50:00	22,45	24,50	25,64	26,09	26,26	26,29	26,18	25,98	25,69	25,32	24,80	24,23	23,67	22,81	0
18/06/2020 00:55:00	22,33	24,10	25,19	25,45	25,58	25,63	25,50	25,29	24,99	24,63	24,13	23,58	23,04	22,24	0
18/06/2020 01:00:00	22,09	23,94	25,17	25,57	25,78	25,81	25,69	25,49	25,19	24,82	24,29	23,71	23,14	22,08	0
18/06/2020 01:05:00	21,98	24,15	25,59	26,09	26,33	26,40	26,29	26,09	25,78	25,37	24,80	24,17	23,54	21,82	0
18/06/2020 01:10:00	21,65	24,12	25,84	26,38	26,59	26,61	26,42	26,15	25,77	25,28	24,59	23,84	23,10	21,65	0
18/06/2020 01:15:00	21,77	23,56	24,63	24,94	25,04	25,07	25,00	24,83	24,55	24,22	23,77	23,27	22,78	21,64	0
18/06/2020 01:20:00	21,80	23,21	24,27	24,95	25,41	25,66	25,70	25,64	25,46	25,20	24,78	24,28	23,79	21,88	0
18/06/2020 01:25:00	21,94	23,13	23,88	24,33	24,68	24,91	24,94	24,89	24,73	24,52	24,19	23,80	23,41	21,38	0
18/06/2020 01:30:00	21,90	23,02	23,88	24,32	24,57	24,75	24,78	24,72	24,54	24,29	23,93	23,51	23,10	21,33	0
18/06/2020 01:35:00	21,69	22,80	23,52	24,27	24,75	25,04	25,16	25,19	25,09	24,91	24,61	24,23	23,85	21,37	0
18/06/2020 01:40:00	21,35	22,75	23,54	24,13	24,49	24,66	24,67	24,60	24,42	24,18	23,82	23,38	22,95	21,02	0
18/06/2020 01:45:00	21,66	22,45	22,97	23,61	24,04	24,39	24,56	24,62	24,56	24,44	24,23	23,94	23,65	20,69	0
18/06/2020 01:50:00	21,02	22,18	23,02	23,65	24,09	24,38	24,43	24,41	24,27	24,06	23,72	23,31	22,90	20,72	0
18/06/2020 01:55:00	21,34	21,97	22,35	22,82	23,34	23,74	23,91	24,01	23,99	23,94	23,82	23,63	23,44	20,57	0
18/06/2020 02:00:00	20,73	21,70	22,36	22,97	23,48	23,86	24,01	24,07	24,00	23,88	23,67	23,38	23,09	20,57	0
18/06/2020 02:05:00	20,56	21,77	22,48	22,95	23,39	23,77	23,96	24,02	23,95	23,85	23,69	23,47	23,25	20,61	0
18/06/2020 02:10:00	20,60	21,78	22,57	23,16	23,61	23,97	24,13	24,17	24,07	23,94	23,70	23,40	23,10	20,46	0
18/06/2020 02:15:00	20,44	21,79	22,59	23,08	23,54	23,96	24,13	24,18	24,10	23,99	23,82	23,58	23,34	20,38	0
18/06/2020 02:20:00	20,36	21,88	22,67	23,33	23,88	24,29	24,43	24,48	24,40	24,28	24,07	23,79	23,51	20,08	0
18/06/2020 02:25:00	20,01	21,56	22,27	22,78	23,20	23,55	23,62	23,62	23,50	23,36	23,14	22,85	22,57	19,87	0
18/06/2020 02:30:00	19,98	21,17	21,72	22,29	22,85	23,32	23,58	23,71	23,71	23,69	23,63	23,50	23,37	19,87	0
18/06/2020 02:35:00	19,88	21,33	22,21	22,99	23,55	23,97	24,14	24,19	24,12	23,98	23,74	23,42	23,10	19,70	0
18/06/2020 02:40:00	19,76	21,05	21,92	22,57	22,97	23,29	23,40	23,41	23,28	23,10	22,82	22,47	22,11	19,74	0
18/06/2020 02:45:00	19,75	20,74	21,41	22,13	22,77	23,33	23,64	23,81	23,83	23,82	23,75	23,59	23,44	19,77	0
18/06/2020 02:50:00	19,63	20,88	22,10	22,94	23,43	23,84	24,00	24,04	23,91	23,70	23,34	22,91	22,48	19,77	0
18/06/2020 02:55:00	19,51	20,73	21,70	22,33	22,79	23,16	23,31	23,34	23,23	23,06	22,79	22,45	22,11	19,55	0
18/06/2020 03:00:00	19,41	20,73	21,66	22,44	23,11	23,59	23,80	23,90	23,85	23,75	23,55	23,27	22,99	19,41	0
18/06/2020 03:05:00	19,41	20,83	22,03	22,84	23,41	23,85	24,00	24,04	23,93	23,74	23,42	23,02	22,63	19,19	0
18/06/2020 03:10:00	19,21	20,32	21,24	21,90	22,43	22,89	23,09	23,17	23,10	22,99	22,78	22,50	22,22	19,09	0
18/06/2020 03:15:00	19,01	20,13	21,18	22,08	22,83	23,38	23,63	23,76	23,74	23,64	23,43	23,13	22,83	18,89	0
18/06/2020 03:20:00	18,80	20,06	21,25	22,14	22,82	23,32	23,51	23,59	23,51	23,35	23,06	22,69	22,31	18,86	0
18/06/2020 03:25:00	18,66	19,90	21,05	21,88	22,52	23,05	23,31	23,42	23,37	23,25	23,02	22,72	22,41	18,97	0
18/06/2020 03:30:00	18,67	19,92	21,27	22,38	23,14	23,72	24,00	24,14	24,09	23,96	23,67	23,28	22,90	18,72	0
18/06/2020 03:35:00	18,56	20,12	21,73	22,71	23,37	23,87	24,04	24,08	23,95	23,72	23,32	22,84	22,36	18,47	0
18/06/2020 03:40:00	18,65	20,08	21,47	22,32	22,93	23,40	23,57	23,61	23,50	23,29	22,95	22,54	22,12	18,57	0
18/06/2020 03:45:00	18,52	19,91	21,24	22,20	22,88	23,39	23,63	23,74	23,66	23,50	23,21	22,84	22,46	18,59	0
18/06/2020 03:50:00	18,35	19,88	21,46	22,44	23,10	23,56	23,74	23,78	23,65	23,41	23,01	22,53	22,05	18,49	0
18/06/2020 03:55:00	18,37	19,96	21,62	22,55	23,19	23,60	23,72	23,71	23,55	23,27	22,82	22,29	21,76	18,29	0
18/06/2020 04:00:00	18,24	19,87	21,58	22,50	23,12	23,52	23,65	23,65	23,48	23,20	22,75	22,22	21,69	18,26	0
18/06/2020 04:05:00	18,13	19,86	21,59	22,55	23,18	23,61	23,78	23,80	23,64	23,38	22,95	22,45	21,95	18,17	0
18/06/2020 04:10:00	18,18	19,90	21,82	22,82	23,41	23,81	23,91	23,87	23,67	23,33	22,80	22,19	21,58	18,09	0
18/06/2020 04:15:00	18,16	19,71	21,59	22,63	23,27	23,67	23,77	23,74	23,55	23,21	22,67	22,05	21,43	18,08	0
18/06/2020 04:20:00	18,03	19,86	21,89	22,84	23,43	23,81	23,91	23,87	23,65	23,30	22,76	22,14	21,52	18,08	0
18/06/2020 04:25:00	18,03	19,86	21,80	22,76	23,35	23,77	23,86	23,83	23,62	23,29	22,77	22,18	21,58	18,03	0
18/06/2020 04:30:00	17,99	19,97	21,92	22,86	23,47	23,82	23,88	23,81	23,59	23,24	22,69	22,07	21,45	18,08	0
18/06/2020 04:35:00	18,16	19,93	21,94	22,87	23,43	23,80	23,89	23,83	23,61	23,25	22,69	22,06	21,44	18,16	0
18/06/2020 04:40:00	18,09	20,04	21,97	22,91	23,48	23,83	23,90	23,83	23,61	23,25	22,71	22,09	21,48	18,13	0
18/06/2020 04:45:00	18,12	20,11	22,10	22,94	23,46	23,75	23,79	23,70	23,44	23,06	22,49	21,85	21,22	18,21	0
18/06/2020 04:50:00	18,27	20,24	22,23	23,10	23,67	23,99	24,03	23,93	23,69	23,31	22,74	22,10	21,46	18,24	0
18/06/2020 04:55:00	18,33	20,22	22,23	23,09	23,66	24,02	24,04	23,94	23,69	23,31	22,73	22,08	21,43	18,30	0
18/06/2020 05:00:00	18,30	20,22	22,18	23,03	23,58	23,92	23,98	23,90	23,67	23,31	22,76	22,14	21,52	18,31	0
18/06/2020 05:05:00	18,35	20,34	22,32	23,09	23,59	23,87	23,90	23,80	23,54	23,16	22,59	21,97	21,34	18,37	0
18/06/2020 05:10:00	18,40	20,34	22,30	23,21	23,73	24,00	24,05	23,96	23,70	23,31	22,73	22,07	21,42	18,31	0
18/06/2020 05:15:00	18,41	20,18	22,06	22,89	23,39	23,72	23,80	23,74	23,51	23,17	22,64	22,05	21,46	18,36	0
18/06/2020 05:20:00	18,51	20,36	22,27	23,02	23,48	23,83	23,86	23,76	23,51	23,14	22,60	22,00	21,39	18,46	0
18/06/2020 05:25:00	18,54	20,34	22,16	22,96	23,49	23,81	23,84	23,76	23,53	23,18	22,65	22,05	21,46	18,52	0
18/06/2020 05:30:00	18,58	20,38	22,21	22,92	23,38	23,65	23,68	23,58	23,32	22,96	22,42	21,83	21,23	18,61	0
18/06/2020 05:35:00	18,57	20,43	22,32	23,02	23,46	23,69	23,70	23,58	23,31	22,92	22,35	21,73	21,10	18,56	0
18/06/2020 05:40:00	18,61	20,52	22,45	23,19	23,62	23,84	23,82	23,68	23,39	22,98	22,37	21,71	21,04	18,59	0
18/06/2020 05:45:00	18,65	20,46	22,37	23,14	23,61	23,87	23,89	23,78	23,52	23,13	22,56	21,92	21,28	18,72	0
18/06/2020 05:50:00	18,85	20,45	22,20	22,96	23,43	23,73	23,81	23,75	23,52	23,18	22,68	22,10	21,53	18,95	0
18/06/2020 05:55:00	19,10	20,83	22,66	23,40	23,87	24,14	24,12	24,00	23,74	23,35	22,77	22,12	21,47	19,04	0
18/06/2020 06:00:00	19,25	21,00	22,81	23,53	23,98	24,22	24,20	24,06	23,79	23,40	22,82	22,17	21,52	19,13	0
18/06/2020 06:05:00	19,24	20,66	22,25	22,98	23,43	23,64	23,67	23,58	23,35	23,00	22,47	21,88	21,28	19,26	0
18/06/2020 06:10:00	19,59	20,72	22,07	22,73	23,16	23,44	23,46	23,39	23,19	22,88	22,41	21,87	21,33	19,87	0
18/06/2020 06:15:00	19,87	20,74	21,96	22,55	22,98	23,31	23,36	23,32	23,15	22,88	22,47	21,99	21,50	20,09	0
18/06/2020 06:20:00	20,18	20,92	22,00	22,54	22,92	23,18	23,22	23,17	22,99	22,73	22,32	21,85	21,37	20,28	0
18/06/2020 06:25:00	20,96	21,22	21,76	22,27	22,62	22,86	22,91	22,90	22,77	22,57	22,25	21,85	21,46	20,87	0
18/06/2020 06:30:00	21,16	21,32	21,67	22,10	22,43	22,66	22,73	22,73	22,63	22,46	22,20	21,86	21,52	21,30	0
18/06/2020 06:35:00	21,57	21,40	21,60	22,03	22,40	22,66	22,72	22,73	22,66	22,52	22,28	21,96	21,64	21,76	0
18/06/2020 06:40:00	21,40	21,53	21,91	22,30	22,58	22,82	22,86	22,84	22,73	22,56	22,28	21,93	21,58	22,37	0
18/06/2020 06:45:00	21,48	21,52	21,95	22,34	22,66	22,84	22,88	22,86	22,74	22,56	22,26	21,89	21,52	22,18	0
18/06/2020 06:50:00	21,63	21,65	21,97	22,30	22,64	22,87	22,87	22,83	22,71	22,53	22,24	21,88	21,51	22,36	0
18/06/2020 06:55:00	21,74	21,77	22,00	22,29	22,54	22,73	22,72	22,68	22,56	22,38	22,10	21,75	21,41	22,61	0
18/06/2020 07:00:00	22,58	22,17	22,06	22,26	22,49	22,68	22,71	22,71	22,64	22,52	22,34	22,08	21,82	22,71	0
18/06/2020 07:05:00	22,35	22,10	22,18	22,40	22,66	22,83	22,86	22,85	22,76	22,62	22,39	22,10	21,80	23,48	0
18/06/2020 07:10:00	22,30	22,15	22,27	22,44	22,63	22,84	22,86	22,83	22,73	22,58	22,35	22,06	21,77	23,66	0
18/06/2020 07:15:00	22,44	22,18	22,14	22,25	22,43	22,60	22,66	22,65	22,57	22,46	22,28	22,04	21,80	23,19	0
18/06/2020 07:20:00	22,75	22,24	21,93	21,93	22,06	22,22	22,24	22,23	22,16	22,07	21,94	21,75	21,55	24,04	0
18/06/2020 07:25:00	22,40	22,20	22,15	22,21	22,36	22,51	22,51	22,48	22,37	22,23	22,03	21,77	21,51	23,66	0
18/06/2020 07:30:00	22,33	22,25	22,31	22,44	22,55	22,66	22,66	22,61	22,49	22,33	22,10	21,81	21,52	23,98	0
18/06/2020 07:35:00	22,48	22,35	22,34	22,40	22,49	22,60	22,61	22,56	22,44	22,29	22,09	21,83	21,56	23,55	0
18/06/2020 07:40:00	22,51	22,44	22,44	22,46	22,51	22,60	22,58	22,51	22,37	22,21	21,99	21,71	21,44	23,96	0
18/06/2020 07:45:00	22,58	22,36	22,36	22,43	22,56	22,71	22,70	22,66	22,54	22,38	22,15	21,86	21,57	23,65	0
18/06/2020 07:50:00	22,95	22,59	22,34	22,34	22,40	22,45	22,43	22,39	22,28	22,14	21,95	21,70	21,46	23,80	0
18/06/2020 07:55:00	23,32	22,65	22,38	22,41	22,46	22,53	22,52	22,48	22,38	22,24	22,03	21,75	21,48	23,87	0
18/06/2020 08:00:00	23,60	22,85	22,61	22,54	22,56	22,57	22,49	22,39	22,25	22,06	21,80	21,47	21,14	24,90	0
18/06/2020 08:05:00	23,56	22,97	22,65	22,55	22,53	22,54	22,49	22,42	22,29	22,14	21,93	21,67	21,41	24,70	0
18/06/2020 08:10:00	23,80	23,06	22,75	22,59	22,57	22,58	22,53	22,45	22,32	22,17	21,95	21,69	21,42	24,79	0
18/06/2020 08:15:00	23,78	23,15	22,87	22,69	22,62	22,61	22,51	22,39	22,24	22,06	21,83	21,54	21,25	24,98	0
18/06/2020 08:20:00	24,02	23,29	22,93	22,71	22,60	22,53	22,41	22,28	22,11	21,91	21,65	21,33	21,02	25,23	0
18/06/2020 08:25:00	24,04	23,37	23,11	22,94	22,82	22,75	22,60	22,45	22,26	22,03	21,72	21,36	21,00	25,38	0
18/06/2020 08:30:00	23,35	23,35	23,33	23,18	23,14	23,06	22,90	22,73	22,52	22,27	21,94	21,57	21,19	25,46	0
18/06/2020 08:35:00	23,39	23,40	23,39	23,27	23,18	23,12	22,97	22,79	22,57	22,31	21,98	21,59	21,21	25,24	0
18/06/2020 08:40:00	23,39	23,46	23,43	23,31	23,20	23,07	22,87	22,66	22,42	22,14	21,78	21,37	20,96	25,77	0
18/06/2020 08:45:00	23,43	23,49	23,43	23,27	23,09	22,97	22,81	22,63	22,39	22,12	21,79	21,41	21,02	25,38	0
18/06/2020 08:50:00	23,59	23,46	23,30	23,08	23,00	22,90	22,75	22,59	22,38	22,16	21,87	21,54	21,21	25,01	0
18/06/2020 08:55:00	23,94	23,59	23,21	22,95	22,82	22,71	22,54	22,37	22,18	21,96	21,69	21,38	21,06	25,34	0
18/06/2020 09:00:00	23,58	23,56	23,44	23,28	23,15	23,00	22,81	22,60	22,37	22,09	21,74	21,34	20,95	25,29	0
18/06/2020 09:05:00	24,12	23,75	23,33	23,13	22,97	22,82	22,68	22,53	22,34	22,13	21,86	21,55	21,24	25,21	0
18/06/2020 09:10:00	25,00	23,94	23,19	22,91	22,73	22,61	22,45	22,30	22,14	21,96	21,71	21,41	21,12	26,19	0
18/06/2020 09:15:00	25,14	24,24	23,37	22,99	22,71	22,52	22,31	22,12	21,94	21,74	21,49	21,20	20,91	26,50	0
18/06/2020 09:20:00	25,30	24,12	23,49	23,15	22,91	22,75	22,61	22,46	22,29	22,09	21,83	21,53	21,22	27,62	0
18/06/2020 09:25:00	25,23	24,59	23,79	23,32	22,95	22,68	22,43	22,21	21,99	21,77	21,51	21,21	20,92	27,12	0
18/06/2020 09:30:00	25,27	24,62	23,79	23,36	23,11	22,85	22,61	22,41	22,20	21,98	21,72	21,41	21,11	26,76	0
18/06/2020 09:35:00	25,17	24,67	23,92	23,52	23,15	22,91	22,67	22,46	22,24	22,02	21,77	21,47	21,18	25,91	0
18/06/2020 09:40:00	25,25	24,58	23,95	23,57	23,26	23,05	22,85	22,65	22,45	22,23	21,97	21,67	21,37	26,53	0
18/06/2020 09:45:00	25,70	24,90	24,14	23,67	23,31	23,02	22,74	22,50	22,26	22,01	21,70	21,36	21,01	26,71	0
18/06/2020 09:50:00	25,57	24,84	24,09	23,69	23,39	23,19	22,91	22,68	22,47	22,24	21,96	21,63	21,30	26,33	0
18/06/2020 09:55:00	25,85	25,05	24,28	23,80	23,46	23,20	22,93	22,70	22,48	22,23	21,94	21,62	21,29	26,68	0
18/06/2020 10:00:00	25,80	25,27	24,58	24,08	23,72	23,39	23,06	22,78	22,51	22,22	21,87	21,48	21,09	26,99	0
18/06/2020 10:05:00	25,86	25,33	24,67	24,13	23,74	23,41	23,11	22,84	22,58	22,31	21,98	21,63	21,27	27,13	0
18/06/2020 10:10:00	26,12	25,26	24,49	24,07	23,74	23,41	23,13	22,88	22,64	22,37	22,03	21,64	21,25	27,33	0
18/06/2020 10:15:00	26,29	25,35	24,49	24,06	23,75	23,48	23,23	23,00	22,78	22,53	22,22	21,86	21,49	27,80	0
18/06/2020 10:20:00	26,17	25,54	24,72	24,28	23,94	23,63	23,35	23,11	22,87	22,62	22,32	21,97	21,63	27,53	0
18/06/2020 10:25:00	26,81	25,81	24,75	24,18	23,81	23,44	23,05	22,73	22,48	22,20	21,86	21,48	21,09	29,01	0
18/06/2020 10:30:00	26,48	25,70	24,84	24,33	23,90	23,52	23,23	22,97	22,71	22,44	22,11	21,75	21,38	27,11	0
18/06/2020 10:35:00	26,75	25,87	25,08	24,51	24,07	23,59	23,26	22,97	22,68	22,37	21,99	21,58	21,17	27,68	0
18/06/2020 10:40:00	26,21	25,93	25,27	24,74	24,25	23,80	23,41	23,06	22,74	22,40	21,99	21,55	21,11	27,68	0
18/06/2020 10:45:00	25,87	25,69	25,36	24,94	24,52	24,12	23,72	23,36	23,02	22,63	22,15	21,64	21,12	27,81	0
18/06/2020 10:50:00	25,52	25,64	25,40	25,02	24,62	24,26	23,91	23,58	23,24	22,87	22,42	21,93	21,44	27,62	0
18/06/2020 10:55:00	25,57	25,71	25,48	25,14	24,73	24,34	23,94	23,58	23,22	22,81	22,30	21,75	21,20	27,41	0
18/06/2020 11:00:00	25,22	25,52	25,47	25,14	24,80	24,49	24,13	23,79	23,45	23,06	22,58	22,06	21,54	27,13	0
18/06/2020 11:05:00	25,53	25,57	25,38	25,03	24,72	24,39	24,05	23,73	23,41	23,05	22,60	22,10	21,61	27,43	0
18/06/2020 11:10:00	25,59	25,80	25,51	25,18	24,80	24,41	24,01	23,65	23,30	22,91	22,43	21,90	21,38	27,55	0
18/06/2020 11:15:00	26,60	25,98	25,11	24,65	24,20	23,83	23,53	23,26	23,01	22,73	22,40	22,03	21,66	27,45	0
18/06/2020 11:20:00	26,82	26,07	25,29	24,82	24,36	24,03	23,72	23,44	23,18	22,89	22,53	22,13	21,73	27,42	0
18/06/2020 11:25:00	26,88	26,21	25,48	25,02	24,58	24,21	23,87	23,57	23,29	22,98	22,60	22,17	21,75	27,94	0
18/06/2020 11:30:00	26,97	26,29	25,62	25,13	24,73	24,32	23,99	23,69	23,40	23,06	22,65	22,20	21,75	28,05	0
18/06/2020 11:35:00	27,52	26,48	25,56	25,04	24,64	24,25	23,90	23,62	23,35	23,04	22,66	22,23	21,80	29,72	0
18/06/2020 11:40:00	27,15	26,65	25,92	25,46	25,06	24,64	24,28	23,97	23,67	23,32	22,89	22,41	21,94	30,21	0
18/06/2020 11:45:00	27,05	26,64	26,14	25,63	25,20	24,79	24,35	23,97	23,63	23,24	22,76	22,23	21,71	28,26	0
18/06/2020 11:50:00	27,01	26,78	26,23	25,66	25,14	24,68	24,25	23,87	23,53	23,15	22,70	22,21	21,73	28,31	0
18/06/2020 11:55:00	27,08	26,75	26,23	25,70	25,20	24,72	24,31	23,95	23,61	23,23	22,76	22,26	21,76	27,86	0
18/06/2020 12:00:00	27,57	26,87	26,06	25,56	25,11	24,72	24,35	24,04	23,75	23,43	23,03	22,59	22,15	28,94	0
18/06/2020 12:05:00	27,53	26,86	26,29	25,88	25,39	25,00	24,63	24,30	23,99	23,62	23,15	22,63	22,12	28,87	0
18/06/2020 12:10:00	27,50	26,95	26,33	25,75	25,29	24,82	24,41	24,06	23,73	23,35	22,89	22,40	21,90	28,61	0
18/06/2020 12:15:00	27,56	26,96	26,25	25,73	25,29	24,92	24,54	24,21	23,90	23,56	23,13	22,66	22,19	29,00	0
18/06/2020 12:20:00	27,57	27,18	26,44	25,99	25,50	25,03	24,64	24,30	23,97	23,62	23,17	22,69	22,20	28,80	0
18/06/2020 12:25:00	27,82	27,11	26,49	26,10	25,66	25,31	24,89	24,54	24,22	23,83	23,33	22,78	22,23	29,60	0
18/06/2020 12:30:00	27,95	27,35	26,66	26,14	25,71	25,26	24,81	24,43	24,09	23,69	23,18	22,63	22,08	30,48	0
18/06/2020 12:35:00	27,37	27,11	26,76	26,36	25,92	25,48	25,06	24,69	24,32	23,89	23,34	22,75	22,15	29,54	0
18/06/2020 12:40:00	27,40	27,18	26,83	26,34	25,86	25,37	24,89	24,48	24,10	23,67	23,12	22,55	21,97	28,68	0
18/06/2020 12:45:00	27,84	26,93	26,55	26,10	25,74	25,37	25,05	24,75	24,43	24,05	23,55	23,00	22,45	29,57	0
18/06/2020 12:50:00	27,74	26,89	26,85	26,49	26,23	25,80	25,39	25,03	24,67	24,21	23,59	22,91	22,23	29,23	0
18/06/2020 12:55:00	27,90	27,10	26,83	26,39	25,97	25,59	25,20	24,86	24,51	24,09	23,54	22,94	22,34	29,60	0
18/06/2020 13:00:00	28,16	27,10	26,77	26,34	25,92	25,53	25,15	24,82	24,48	24,06	23,51	22,91	22,30	29,75	0
18/06/2020 13:05:00	27,97	27,12	26,96	26,60	26,28	25,94	25,57	25,24	24,89	24,46	23,87	23,22	22,58	30,61	0
18/06/2020 13:10:00	28,30	27,14	27,03	26,68	26,33	26,00	25,64	25,32	24,99	24,56	23,98	23,34	22,71	31,87	0
18/06/2020 13:15:00	28,04	27,76	27,47	27,08	26,65	26,18	25,75	25,36	24,98	24,53	23,94	23,31	22,67	30,57	0
18/06/2020 13:20:00	27,32	27,96	27,86	27,46	26,98	26,42	25,88	25,40	24,95	24,44	23,80	23,13	22,46	30,60	0
18/06/2020 13:25:00	27,66	28,08	27,52	26,95	26,42	25,87	25,33	24,86	24,46	24,03	23,50	22,95	22,40	30,08	0
18/06/2020 13:30:00	27,57	28,02	27,63	27,11	26,42	25,81	25,27	24,78	24,33	23,83	23,22	22,59	21,96	29,64	0
18/06/2020 13:35:00	26,67	27,37	27,45	27,04	26,50	25,95	25,43	24,95	24,49	23,97	23,31	22,63	21,96	28,93	0
18/06/2020 13:40:00	27,04	27,16	26,94	26,49	26,11	25,71	25,32	24,96	24,59	24,18	23,65	23,09	22,52	28,76	0
18/06/2020 13:45:00	26,94	27,15	26,94	26,49	26,08	25,64	25,23	24,84	24,47	24,05	23,53	22,96	22,40	28,32	0
18/06/2020 13:50:00	27,57	27,12	26,69	26,28	25,90	25,49	25,07	24,72	24,38	23,98	23,47	22,92	22,36	28,83	0
18/06/2020 13:55:00	26,94	27,25	27,05	26,68	26,24	25,78	25,34	24,93	24,54	24,09	23,52	22,91	22,31	28,72	0
18/06/2020 14:00:00	27,20	27,30	27,03	26,59	26,17	25,72	25,27	24,87	24,48	24,02	23,45	22,84	22,23	29,21	0
18/06/2020 14:05:00	27,09	27,38	27,14	26,82	26,33	25,81	25,35	24,93	24,52	24,04	23,44	22,80	22,16	29,50	0
18/06/2020 14:10:00	27,49	27,17	26,85	26,51	26,08	25,63	25,27	24,93	24,57	24,15	23,61	23,02	22,43	29,00	0
18/06/2020 14:15:00	27,20	27,27	27,03	26,66	26,24	25,83	25,40	25,01	24,65	24,23	23,69	23,11	22,53	29,08	0
18/06/2020 14:20:00	27,79	27,38	26,93	26,54	26,06	25,64	25,26	24,92	24,58	24,18	23,68	23,13	22,58	29,32	0
18/06/2020 14:25:00	27,70	27,33	26,96	26,60	26,18	25,79	25,38	25,03	24,69	24,29	23,77	23,20	22,64	29,71	0
18/06/2020 14:30:00	28,08	27,71	26,93	26,45	25,99	25,51	25,09	24,72	24,38	24,00	23,53	23,01	22,49	29,55	0
18/06/2020 14:35:00	26,48	27,26	27,45	27,08	26,69	26,23	25,76	25,32	24,89	24,39	23,76	23,10	22,44	28,92	0
18/06/2020 14:40:00	26,14	27,07	27,47	27,20	26,84	26,41	25,93	25,47	25,02	24,48	23,79	23,07	22,34	29,03	0
18/06/2020 14:45:00	25,94	27,09	27,50	27,25	26,80	26,34	25,89	25,44	24,98	24,44	23,76	23,06	22,35	28,70	0
18/06/2020 14:50:00	25,95	27,02	27,52	27,28	26,91	26,47	26,00	25,54	25,07	24,51	23,79	23,03	22,27	28,63	0
18/06/2020 14:55:00	25,89	26,97	27,40	27,11	26,70	26,28	25,82	25,37	24,91	24,39	23,72	23,03	22,33	28,71	0
18/06/2020 15:00:00	26,15	26,90	27,26	27,05	26,77	26,34	25,91	25,50	25,08	24,56	23,90	23,19	22,49	29,04	0
18/06/2020 15:05:00	26,24	27,00	27,33	27,06	26,69	26,29	25,84	25,41	24,99	24,49	23,85	23,17	22,50	28,91	0
18/06/2020 15:10:00	27,81	27,41	26,82	26,33	25,89	25,48	25,12	24,79	24,48	24,12	23,67	23,18	22,70	29,03	0
18/06/2020 15:15:00	28,26	27,41	26,84	26,41	26,03	25,67	25,30	24,97	24,66	24,29	23,80	23,25	22,71	29,31	0
18/06/2020 15:20:00	28,00	27,75	27,25	26,70	26,18	25,70	25,28	24,90	24,53	24,12	23,62	23,07	22,53	29,36	0
18/06/2020 15:25:00	27,93	27,53	27,10	26,74	26,32	25,98	25,58	25,23	24,91	24,53	24,03	23,48	22,94	29,61	0
18/06/2020 15:30:00	28,24	27,97	27,38	26,93	26,46	25,89	25,42	25,01	24,64	24,20	23,65	23,06	22,47	29,25	0
18/06/2020 15:35:00	28,03	27,73	27,33	27,00	26,57	26,12	25,73	25,37	25,01	24,59	24,03	23,42	22,82	29,26	0
18/06/2020 15:40:00	26,70	27,50	27,68	27,45	27,06	26,63	26,17	25,73	25,31	24,81	24,17	23,49	22,80	29,61	0
18/06/2020 15:45:00	26,43	27,36	27,63	27,39	27,02	26,53	26,03	25,57	25,12	24,59	23,90	23,18	22,46	29,54	0
18/06/2020 15:50:00	26,11	27,17	27,61	27,43	27,04	26,60	26,13	25,68	25,22	24,68	23,98	23,24	22,51	28,53	0
18/06/2020 15:55:00	25,89	27,22	27,52	27,34	26,96	26,52	26,01	25,54	25,09	24,56	23,89	23,19	22,48	28,70	0
18/06/2020 16:00:00	25,85	27,16	27,52	27,28	26,93	26,47	25,98	25,51	25,06	24,53	23,86	23,16	22,45	28,72	0
18/06/2020 16:05:00	26,02	27,18	27,47	27,23	26,83	26,38	25,87	25,40	24,94	24,41	23,73	23,02	22,30	28,35	0
18/06/2020 16:10:00	26,14	27,20	27,46	27,18	26,82	26,39	25,89	25,43	25,00	24,48	23,84	23,16	22,48	28,35	0
18/06/2020 16:15:00	26,11	27,18	27,41	27,14	26,75	26,30	25,81	25,35	24,92	24,42	23,79	23,13	22,47	28,85	0
18/06/2020 16:20:00	25,89	27,10	27,31	27,00	26,56	26,09	25,59	25,13	24,70	24,21	23,61	22,98	22,36	28,34	0
18/06/2020 16:25:00	25,55	26,74	26,91	26,68	26,30	25,84	25,39	24,95	24,53	24,04	23,43	22,78	22,14	28,16	0
18/06/2020 16:30:00	24,73	25,70	25,95	25,82	25,53	25,10	24,65	24,24	23,82	23,33	22,69	22,02	21,35	26,80	0
18/06/2020 16:35:00	24,48	25,04	25,23	25,04	24,93	24,79	24,60	24,38	24,12	23,82	23,44	23,02	22,60	26,28	0
18/06/2020 16:40:00	22,44	22,64	23,07	23,20	23,23	23,33	23,37	23,33	23,17	22,97	22,70	22,37	22,05	25,01	0
18/06/2020 16:45:00	21,78	22,12	22,60	22,73	22,81	22,87	22,83	22,72	22,52	22,27	21,93	21,54	21,14	22,81	0
18/06/2020 16:50:00	20,40	20,34	20,84	21,27	21,71	22,08	22,28	22,38	22,34	22,26	22,09	21,84	21,60	20,51	0
18/06/2020 16:55:00	19,96	20,60	21,79	22,29	22,68	22,94	22,97	22,91	22,73	22,45	22,03	21,53	21,04	19,34	0
18/06/2020 17:00:00	19,91	20,41	21,62	22,47	23,11	23,57	23,79	23,88	23,81	23,64	23,31	22,89	22,47	19,59	0
18/06/2020 17:05:00	19,67	20,03	20,91	21,42	22,10	22,67	22,92	23,06	23,05	23,00	22,86	22,64	22,42	18,98	0
18/06/2020 17:10:00	19,50	19,98	21,12	21,83	22,54	23,12	23,33	23,43	23,39	23,26	23,00	22,65	22,31	19,01	0
18/06/2020 17:15:00	19,49	20,34	21,89	22,58	23,17	23,64	23,77	23,79	23,65	23,41	23,01	22,53	22,05	18,91	0
18/06/2020 17:20:00	19,56	20,19	21,52	22,26	22,82	23,25	23,41	23,46	23,35	23,13	22,76	22,32	21,87	19,12	0
18/06/2020 17:25:00	18,84	19,91	21,64	22,30	22,81	23,00	22,94	22,81	22,54	22,14	21,54	20,86	20,19	19,09	0
18/06/2020 17:30:00	18,87	19,62	21,11	21,79	22,28	22,50	22,54	22,47	22,26	21,93	21,41	20,83	20,24	19,39	0
18/06/2020 17:35:00	18,89	19,75	21,50	22,41	23,18	23,79	24,00	24,09	24,00	23,78	23,39	22,91	22,43	19,09	0
18/06/2020 17:40:00	18,87	19,86	21,89	22,97	23,74	24,20	24,35	24,37	24,21	23,89	23,33	22,68	22,02	18,79	0
18/06/2020 17:45:00	18,81	19,73	21,68	22,62	23,30	23,85	24,03	24,08	23,94	23,66	23,18	22,62	22,05	18,97	0
18/06/2020 17:50:00	18,90	20,19	22,67	23,68	24,29	24,63	24,71	24,64	24,38	23,92	23,21	22,42	21,62	18,55	0
18/06/2020 17:55:00	18,94	20,05	22,45	23,53	24,23	24,67	24,80	24,79	24,57	24,17	23,51	22,76	22,01	18,99	0
18/06/2020 18:00:00	18,95	20,40	23,02	24,09	24,67	25,00	25,03	24,92	24,61	24,11	23,32	22,44	21,57	18,59	0
18/06/2020 18:05:00	19,24	20,19	22,39	23,68	24,39	24,82	24,98	24,99	24,81	24,42	23,77	23,00	22,24	19,29	0
18/06/2020 18:10:00	19,47	20,46	22,52	23,46	24,03	24,44	24,62	24,64	24,45	24,11	23,56	22,93	22,29	19,23	0
18/06/2020 18:15:00	19,42	20,39	22,37	23,34	23,75	24,04	24,13	24,08	23,83	23,43	22,79	22,07	21,35	19,22	0
18/06/2020 18:20:00	19,50	20,32	22,08	22,93	23,45	23,85	24,00	24,01	23,83	23,53	23,03	22,45	21,87	19,41	0
18/06/2020 18:25:00	19,40	20,01	21,41	22,19	22,76	23,16	23,31	23,34	23,21	22,97	22,56	22,07	21,58	19,36	0
18/06/2020 18:30:00	19,75	20,01	21,33	22,23	22,91	23,42	23,64	23,74	23,66	23,47	23,10	22,64	22,18	19,80	0
18/06/2020 18:35:00	19,75	20,13	21,47	22,44	23,14	23,68	23,94	24,06	24,01	23,83	23,49	23,04	22,60	20,01	0
18/06/2020 18:40:00	19,80	20,48	22,22	23,19	23,86	24,31	24,53	24,60	24,48	24,22	23,76	23,21	22,66	19,77	0
18/06/2020 18:45:00	20,11	20,61	22,55	23,51	24,16	24,66	24,84	24,88	24,73	24,42	23,87	23,24	22,60	19,77	0
18/06/2020 18:50:00	20,00	20,43	21,68	22,43	23,18	23,78	24,01	24,13	24,10	23,96	23,69	23,32	22,96	20,11	0
18/06/2020 18:55:00	19,65	20,15	21,50	22,56	23,31	23,83	24,12	24,26	24,22	24,06	23,73	23,29	22,86	19,44	0
18/06/2020 19:00:00	19,57	20,05	21,22	22,09	22,80	23,30	23,54	23,66	23,61	23,47	23,18	22,79	22,41	19,49	0
18/06/2020 19:05:00	19,76	20,26	21,81	22,79	23,50	24,09	24,39	24,54	24,49	24,32	23,97	23,53	23,08	19,53	0
18/06/2020 19:10:00	19,72	20,16	21,66	22,80	23,53	24,08	24,34	24,46	24,40	24,20	23,79	23,28	22,77	20,04	0
18/06/2020 19:15:00	19,80	20,13	21,61	22,71	23,39	23,91	24,17	24,29	24,22	24,00	23,59	23,07	22,55	20,31	0
18/06/2020 19:20:00	19,71	20,17	21,63	22,59	23,26	23,80	24,04	24,16	24,09	23,89	23,52	23,05	22,59	19,85	0
18/06/2020 19:25:00	19,69	20,20	21,76	22,82	23,51	24,03	24,28	24,38	24,30	24,08	23,66	23,14	22,63	19,79	0
18/06/2020 19:30:00	19,81	20,39	22,18	23,24	23,89	24,35	24,53	24,57	24,43	24,13	23,61	22,99	22,37	20,07	0
18/06/2020 19:35:00	20,07	20,68	22,36	23,46	24,10	24,54	24,73	24,78	24,65	24,35	23,84	23,22	22,60	20,08	0
18/06/2020 19:40:00	19,99	20,64	22,38	23,33	23,93	24,29	24,40	24,39	24,21	23,88	23,32	22,66	22,01	20,00	0
18/06/2020 19:45:00	20,08	20,68	22,39	23,39	23,96	24,35	24,49	24,51	24,35	24,03	23,49	22,86	22,23	20,01	0
18/06/2020 19:50:00	20,13	20,80	22,40	23,43	24,02	24,36	24,45	24,44	24,27	23,93	23,36	22,70	22,03	20,22	0
18/06/2020 19:55:00	20,18	20,95	22,61	23,53	24,02	24,34	24,41	24,38	24,18	23,82	23,25	22,59	21,93	20,14	0
18/06/2020 20:00:00	20,26	21,14	22,93	23,73	24,19	24,48	24,50	24,42	24,18	23,78	23,17	22,47	21,77	20,78	0
18/06/2020 20:05:00	20,27	21,17	22,99	23,82	24,25	24,49	24,50	24,40	24,15	23,73	23,09	22,36	21,63	20,49	0
18/06/2020 20:10:00	20,36	21,27	23,04	23,81	24,26	24,44	24,41	24,28	24,00	23,57	22,91	22,16	21,42	20,97	0
18/06/2020 20:15:00	20,19	21,31	23,12	23,76	24,09	24,23	24,16	23,99	23,69	23,24	22,57	21,84	21,11	20,48	0
18/06/2020 20:20:00	20,17	21,21	22,99	23,69	24,11	24,31	24,29	24,17	23,90	23,49	22,87	22,17	21,48	20,60	0
18/06/2020 20:25:00	20,06	21,22	22,88	23,51	23,98	24,23	24,18	24,05	23,80	23,42	22,84	22,19	21,54	20,60	0
18/06/2020 20:30:00	20,05	21,31	22,99	23,56	23,88	24,03	23,93	23,75	23,45	23,02	22,39	21,69	21,00	20,73	0
18/06/2020 20:35:00	20,27	21,48	23,10	23,74	24,13	24,30	24,21	24,05	23,77	23,35	22,73	22,03	21,33	20,56	0
18/06/2020 20:40:00	20,35	21,55	23,14	23,81	24,18	24,28	24,19	24,02	23,73	23,29	22,64	21,92	21,20	20,88	0
18/06/2020 20:45:00	20,32	21,83	23,57	24,17	24,37	24,36	24,21	23,97	23,60	23,09	22,37	21,59	20,80	20,94	0
18/06/2020 20:50:00	20,37	21,96	23,57	24,00	24,19	24,18	24,02	23,77	23,42	22,94	22,29	21,57	20,86	20,96	0
18/06/2020 20:55:00	20,60	22,16	23,80	24,23	24,44	24,50	24,36	24,13	23,79	23,33	22,68	21,98	21,29	21,00	0
18/06/2020 21:00:00	20,55	22,17	23,70	24,12	24,27	24,30	24,16	23,93	23,59	23,14	22,52	21,85	21,17	20,98	0
18/06/2020 21:05:00	20,87	22,45	23,92	24,33	24,48	24,49	24,34	24,10	23,76	23,32	22,69	22,02	21,35	20,96	0
18/06/2020 21:10:00	20,85	22,54	24,09	24,48	24,64	24,62	24,45	24,19	23,83	23,36	22,70	22,00	21,29	20,91	0
18/06/2020 21:15:00	20,84	22,54	24,07	24,38	24,49	24,47	24,28	24,01	23,64	23,17	22,52	21,84	21,15	21,01	0
18/06/2020 21:20:00	20,88	22,51	23,96	24,34	24,49	24,48	24,30	24,04	23,69	23,23	22,60	21,92	21,24	20,97	0
18/06/2020 21:25:00	20,89	22,49	24,08	24,47	24,61	24,59	24,35	24,05	23,66	23,14	22,42	21,65	20,88	20,96	0
18/06/2020 21:30:00	20,89	22,33	23,76	24,00	24,08	24,04	23,85	23,59	23,23	22,77	22,14	21,47	20,80	21,01	0
18/06/2020 21:35:00	20,88	22,41	23,92	24,23	24,30	24,28	24,08	23,81	23,44	22,95	22,29	21,58	20,87	20,85	0
18/06/2020 21:40:00	20,78	22,17	23,61	23,92	24,02	23,97	23,75	23,47	23,09	22,61	21,94	21,23	20,52	20,86	0
18/06/2020 21:45:00	20,75	22,20	23,55	23,80	23,97	23,91	23,71	23,45	23,10	22,65	22,04	21,38	20,72	20,88	0
18/06/2020 21:50:00	20,80	22,27	23,68	23,98	23,95	23,89	23,69	23,41	23,03	22,55	21,90	21,21	20,51	20,76	0
18/06/2020 21:55:00	20,80	22,43	23,61	23,86	23,91	23,89	23,71	23,46	23,12	22,71	22,15	21,55	20,96	20,90	0
18/06/2020 22:00:00	20,84	22,64	23,69	23,92	23,99	23,88	23,68	23,41	23,06	22,63	22,08	21,48	20,88	20,88	0
18/06/2020 22:05:00	21,05	22,62	23,58	23,69	23,69	23,58	23,35	23,06	22,71	22,30	21,75	21,18	20,60	21,36	0
18/06/2020 22:10:00	21,02	22,65	23,56	23,63	23,60	23,48	23,24	22,95	22,60	22,20	21,68	21,12	20,57	21,53	0
18/06/2020 22:15:00	21,02	22,60	23,58	23,67	23,64	23,48	23,23	22,93	22,56	22,13	21,57	20,97	20,38	21,76	0
18/06/2020 22:20:00	21,18	22,96	23,91	23,90	23,77	23,59	23,32	22,99	22,61	22,17	21,63	21,06	20,49	21,75	0
18/06/2020 22:25:00	21,47	23,15	24,05	24,18	24,14	23,98	23,73	23,42	23,07	22,65	22,10	21,52	20,93	21,80	0
18/06/2020 22:30:00	21,47	23,04	24,00	24,10	24,05	23,90	23,65	23,36	23,00	22,57	22,02	21,43	20,84	22,00	0
18/06/2020 22:35:00	21,50	23,13	23,94	24,00	23,95	23,78	23,52	23,22	22,86	22,45	21,93	21,37	20,81	22,08	0
18/06/2020 22:40:00	21,56	23,04	23,80	23,82	23,79	23,60	23,36	23,07	22,72	22,33	21,82	21,28	20,75	21,97	0
18/06/2020 22:45:00	21,46	23,06	23,78	23,78	23,67	23,53	23,26	22,95	22,60	22,20	21,70	21,17	20,64	21,74	0
18/06/2020 22:50:00	21,36	23,01	23,80	23,81	23,70	23,52	23,25	22,93	22,56	22,15	21,62	21,06	20,50	21,74	0
18/06/2020 22:55:00	21,27	22,98	23,67	23,66	23,56	23,36	23,10	22,80	22,44	22,05	21,57	21,06	20,55	21,94	0
18/06/2020 23:00:00	21,46	22,88	23,53	23,50	23,37	23,24	23,02	22,75	22,41	22,04	21,58	21,09	20,60	21,81	0
18/06/2020 23:05:00	21,52	23,12	23,76	23,74	23,62	23,47	23,26	22,99	22,65	22,29	21,84	21,36	20,88	21,92	0
18/06/2020 23:10:00	21,78	23,39	23,95	23,92	23,84	23,70	23,45	23,16	22,84	22,48	22,04	21,57	21,09	21,90	0
18/06/2020 23:15:00	22,01	23,41	23,89	23,84	23,70	23,57	23,36	23,10	22,79	22,45	22,03	21,57	21,12	21,59	0
18/06/2020 23:20:00	21,87	23,46	24,05	23,98	23,82	23,64	23,44	23,18	22,86	22,52	22,11	21,68	21,25	21,47	0
18/06/2020 23:25:00	21,35	23,03	23,76	23,80	23,76	23,69	23,49	23,23	22,91	22,56	22,11	21,64	21,16	21,48	0
18/06/2020 23:30:00	21,41	22,99	23,68	23,66	23,57	23,45	23,27	23,03	22,71	22,37	21,94	21,49	21,04	21,42	0
18/06/2020 23:35:00	21,50	22,99	23,64	23,67	23,64	23,57	23,40	23,17	22,88	22,56	22,15	21,71	21,27	21,37	0
18/06/2020 23:40:00	21,32	23,11	23,86	23,89	23,79	23,66	23,44	23,17	22,83	22,46	22,00	21,51	21,02	21,41	0
18/06/2020 23:45:00	21,37	22,92	23,57	23,62	23,57	23,50	23,34	23,11	22,82	22,49	22,09	21,65	21,21	21,32	0
18/06/2020 23:50:00	21,38	22,89	23,63	23,85	23,96	23,80	23,61	23,37	23,06	22,69	22,19	21,65	21,11	21,36	0
18/06/2020 23:55:00	21,21	22,89	23,58	23,64	23,60	23,48	23,27	23,01	22,69	22,34	21,90	21,42	20,95	21,25	0
