FileFormat:0002.2 file with temperature of atmosphere
200
local	GMT or Local
0	GMT-Local=[hours]
0	Height[m]
0	0	0	Longitude                [grd]               [min]               [sec]
0	0	0	Latitude                [grd]               [min]               [sec]
N	NS
59,40	Freq[GHz]
0,00	dTemostat[K]
0,150	MessErr[K]
0,248	//[grad/step]
version 14.0.20110218
MTP5H033F5940K-33.00D180214+A1.1
Commentary:
enter comment
End Of Commentary

SYSTEM\summer.dat
data time	0	50	100	150	200	250	300	350	400	450	500	550	600	OutsideTemperature	Quality
15/10/2020 00:00:00	13,65	14,48	14,57	14,50	14,33	14,06	13,81	13,54	13,23	12,92	12,59	12,23	11,88	13,70	0
15/10/2020 00:05:00	13,76	14,38	14,48	14,41	14,30	14,12	13,90	13,65	13,37	13,09	12,78	12,45	12,13	13,95	0
15/10/2020 00:10:00	13,93	14,43	14,53	14,45	14,32	14,21	14,00	13,76	13,50	13,24	12,96	12,65	12,35	13,97	0
15/10/2020 00:15:00	13,89	14,39	14,45	14,40	14,32	14,24	14,07	13,88	13,64	13,41	13,17	12,90	12,63	13,94	0
15/10/2020 00:20:00	13,79	14,31	14,40	14,32	14,20	14,03	13,81	13,56	13,29	13,01	12,71	12,38	12,06	13,90	0
15/10/2020 00:25:00	13,79	14,39	14,51	14,46	14,33	14,18	13,94	13,69	13,41	13,12	12,81	12,48	12,14	13,81	0
15/10/2020 00:30:00	13,75	14,39	14,58	14,49	14,35	14,23	14,03	13,80	13,52	13,24	12,95	12,64	12,32	13,78	0
15/10/2020 00:35:00	13,73	14,36	14,50	14,47	14,34	14,21	13,99	13,75	13,48	13,20	12,90	12,57	12,25	13,67	0
15/10/2020 00:40:00	13,69	14,05	14,09	14,10	13,99	13,90	13,74	13,54	13,30	13,06	12,80	12,51	12,22	13,67	0
15/10/2020 00:45:00	13,64	14,05	14,15	14,10	14,05	13,96	13,81	13,62	13,38	13,14	12,89	12,61	12,33	13,67	0
15/10/2020 00:50:00	13,70	14,15	14,21	14,22	14,12	14,09	13,93	13,74	13,52	13,29	13,06	12,79	12,52	13,62	0
15/10/2020 00:55:00	13,69	14,03	14,02	13,95	13,85	13,76	13,61	13,43	13,20	12,98	12,75	12,49	12,23	13,67	0
15/10/2020 01:00:00	13,55	14,00	13,98	13,91	13,88	13,80	13,68	13,51	13,30	13,10	12,90	12,68	12,45	13,59	0
15/10/2020 01:05:00	13,51	13,92	14,01	13,99	13,95	13,93	13,80	13,63	13,42	13,21	12,98	12,74	12,49	13,57	0
15/10/2020 01:10:00	13,53	13,94	14,00	13,97	13,89	13,83	13,72	13,55	13,33	13,11	12,89	12,64	12,39	13,51	0
15/10/2020 01:15:00	13,42	13,77	13,87	13,84	13,85	13,85	13,71	13,54	13,32	13,12	12,90	12,65	12,40	13,41	0
15/10/2020 01:20:00	13,36	13,87	14,19	14,23	14,19	14,14	13,97	13,76	13,50	13,23	12,92	12,59	12,25	13,38	0
15/10/2020 01:25:00	13,30	13,87	14,04	14,04	13,93	13,89	13,78	13,61	13,37	13,14	12,89	12,63	12,36	13,25	0
15/10/2020 01:30:00	13,14	13,57	13,77	13,79	13,83	13,87	13,79	13,65	13,45	13,26	13,06	12,83	12,59	13,14	0
15/10/2020 01:35:00	13,12	13,58	13,85	13,90	13,91	13,89	13,83	13,70	13,48	13,26	13,03	12,76	12,50	13,13	0
15/10/2020 01:40:00	13,06	13,58	13,83	13,89	13,90	13,91	13,77	13,59	13,36	13,13	12,88	12,59	12,31	13,02	0
15/10/2020 01:45:00	12,93	13,44	13,83	13,91	13,91	13,88	13,75	13,57	13,32	13,05	12,75	12,42	12,09	12,94	0
15/10/2020 01:50:00	12,89	13,55	13,87	13,91	13,93	13,87	13,70	13,50	13,25	12,99	12,70	12,38	12,06	12,82	0
15/10/2020 01:55:00	12,73	13,35	13,71	13,79	13,79	13,75	13,60	13,41	13,17	12,91	12,62	12,30	11,99	12,75	0
15/10/2020 02:00:00	12,69	13,28	13,55	13,63	13,64	13,60	13,47	13,29	13,05	12,81	12,54	12,24	11,94	12,66	0
15/10/2020 02:05:00	12,65	13,09	13,42	13,51	13,53	13,50	13,38	13,21	12,97	12,72	12,44	12,12	11,81	12,60	0
15/10/2020 02:10:00	12,64	13,13	13,40	13,50	13,50	13,40	13,27	13,09	12,84	12,59	12,29	11,97	11,65	12,59	0
15/10/2020 02:15:00	12,56	13,03	13,21	13,17	13,11	13,00	12,83	12,62	12,36	12,11	11,83	11,54	11,24	12,55	0
15/10/2020 02:20:00	12,57	13,01	13,18	13,10	13,00	12,92	12,72	12,48	12,22	11,96	11,68	11,39	11,09	12,58	0
15/10/2020 02:25:00	12,62	13,06	13,20	13,17	13,09	13,03	12,91	12,73	12,49	12,26	12,03	11,77	11,51	12,67	0
15/10/2020 02:30:00	12,73	13,13	13,27	13,25	13,17	13,10	12,96	12,77	12,53	12,29	12,04	11,76	11,48	12,74	0
15/10/2020 02:35:00	12,68	13,11	13,36	13,34	13,32	13,26	13,12	12,94	12,69	12,45	12,19	11,90	11,61	12,77	0
15/10/2020 02:40:00	12,57	13,10	13,31	13,27	13,22	13,16	13,00	12,80	12,55	12,31	12,05	11,77	11,49	12,60	0
15/10/2020 02:45:00	12,46	12,94	13,20	13,19	13,15	13,10	13,00	12,83	12,58	12,35	12,10	11,82	11,55	12,46	0
15/10/2020 02:50:00	12,42	12,75	12,97	13,02	13,03	13,04	12,95	12,80	12,59	12,38	12,15	11,89	11,63	12,38	0
15/10/2020 02:55:00	12,40	12,74	12,96	13,02	13,06	13,13	13,06	12,93	12,74	12,55	12,36	12,13	11,91	12,44	0
15/10/2020 03:00:00	12,44	12,79	13,02	13,09	13,14	13,25	13,23	13,13	12,96	12,80	12,63	12,43	12,24	12,42	0
15/10/2020 03:05:00	12,38	12,58	12,76	12,82	12,92	13,00	12,95	12,85	12,68	12,51	12,34	12,13	11,92	12,39	0
15/10/2020 03:10:00	12,33	12,49	12,60	12,64	12,64	12,63	12,58	12,46	12,26	12,07	11,88	11,65	11,42	12,39	0
15/10/2020 03:15:00	12,25	12,49	12,63	12,71	12,72	12,80	12,72	12,59	12,40	12,22	12,03	11,80	11,58	12,37	0
15/10/2020 03:20:00	12,32	12,61	12,71	12,74	12,76	12,80	12,70	12,55	12,36	12,18	11,99	11,77	11,55	12,29	0
15/10/2020 03:25:00	12,27	12,55	12,69	12,73	12,79	12,85	12,77	12,64	12,45	12,28	12,09	11,88	11,67	12,25	0
15/10/2020 03:30:00	12,20	12,52	12,62	12,67	12,73	12,83	12,79	12,70	12,53	12,39	12,25	12,08	11,91	12,25	0
15/10/2020 03:35:00	12,12	12,34	12,53	12,66	12,74	12,83	12,82	12,73	12,56	12,40	12,23	12,02	11,82	12,22	0
15/10/2020 03:40:00	12,22	12,44	12,64	12,79	12,93	13,02	12,98	12,88	12,71	12,55	12,36	12,14	11,92	12,21	0
15/10/2020 03:45:00	12,17	12,32	12,49	12,64	12,78	12,88	12,88	12,81	12,66	12,52	12,36	12,17	11,97	12,18	0
15/10/2020 03:50:00	12,17	12,37	12,46	12,55	12,64	12,71	12,71	12,64	12,48	12,34	12,20	12,02	11,84	12,12	0
15/10/2020 03:55:00	12,14	12,28	12,35	12,38	12,47	12,53	12,51	12,43	12,27	12,12	11,98	11,81	11,64	12,10	0
15/10/2020 04:00:00	12,12	12,25	12,28	12,28	12,29	12,36	12,30	12,19	12,01	11,86	11,71	11,53	11,35	12,14	0
15/10/2020 04:05:00	12,11	12,24	12,28	12,30	12,27	12,26	12,17	12,02	11,82	11,63	11,43	11,21	10,99	12,13	0
15/10/2020 04:10:00	12,16	12,28	12,32	12,31	12,32	12,32	12,27	12,15	11,97	11,80	11,63	11,43	11,24	12,15	0
15/10/2020 04:15:00	12,08	12,25	12,30	12,28	12,30	12,32	12,26	12,14	11,96	11,79	11,63	11,44	11,25	12,10	0
15/10/2020 04:20:00	12,07	12,17	12,20	12,23	12,22	12,29	12,24	12,13	11,96	11,81	11,65	11,47	11,29	12,03	0
15/10/2020 04:25:00	12,01	12,11	12,12	12,17	12,20	12,21	12,16	12,06	11,88	11,72	11,56	11,36	11,17	12,01	0
15/10/2020 04:30:00	12,01	12,06	12,07	12,06	12,10	12,11	12,07	11,97	11,80	11,64	11,48	11,30	11,12	11,97	0
15/10/2020 04:35:00	11,92	11,92	11,84	11,88	11,91	11,92	11,88	11,79	11,63	11,49	11,35	11,17	11,00	11,93	0
15/10/2020 04:40:00	11,98	12,09	12,12	12,15	12,12	12,14	12,07	11,95	11,76	11,58	11,41	11,20	11,00	11,99	0
15/10/2020 04:45:00	11,89	12,07	12,10	12,16	12,20	12,19	12,08	11,94	11,75	11,56	11,37	11,15	10,92	11,95	0
15/10/2020 04:50:00	11,90	12,07	12,08	12,08	12,07	12,13	12,07	11,96	11,78	11,63	11,48	11,31	11,14	11,92	0
15/10/2020 04:55:00	11,97	11,86	11,93	12,00	12,10	12,13	12,10	12,01	11,85	11,69	11,52	11,31	11,11	11,89	0
15/10/2020 05:00:00	11,91	12,02	12,08	12,10	12,09	12,13	12,05	11,93	11,74	11,57	11,39	11,19	10,98	11,92	0
15/10/2020 05:05:00	11,90	11,98	12,04	12,08	12,09	12,12	12,02	11,89	11,70	11,52	11,33	11,12	10,90	11,89	0
15/10/2020 05:10:00	11,92	12,00	12,01	11,97	11,97	11,99	11,91	11,77	11,59	11,42	11,26	11,07	10,88	11,90	0
15/10/2020 05:15:00	11,89	11,95	11,91	11,90	11,94	11,92	11,85	11,73	11,55	11,39	11,23	11,04	10,85	11,95	0
15/10/2020 05:20:00	11,96	12,04	12,09	12,07	12,05	12,01	11,92	11,78	11,57	11,37	11,17	10,94	10,71	11,89	0
15/10/2020 05:25:00	11,94	12,17	12,22	12,27	12,30	12,27	12,19	12,06	11,86	11,67	11,48	11,26	11,04	11,95	0
15/10/2020 05:30:00	11,97	12,11	12,23	12,25	12,21	12,18	12,11	11,97	11,76	11,56	11,34	11,10	10,86	11,97	0
15/10/2020 05:35:00	11,94	12,09	12,18	12,22	12,26	12,29	12,21	12,08	11,89	11,72	11,53	11,32	11,10	11,97	0
15/10/2020 05:40:00	11,97	12,01	12,09	12,11	12,11	12,12	12,08	11,97	11,78	11,60	11,42	11,21	11,00	11,92	0
15/10/2020 05:45:00	11,92	12,09	12,19	12,26	12,24	12,24	12,14	11,99	11,79	11,59	11,38	11,13	10,89	11,95	0
15/10/2020 05:50:00	11,90	12,11	12,17	12,20	12,19	12,19	12,07	11,92	11,71	11,52	11,32	11,09	10,87	11,95	0
15/10/2020 05:55:00	11,95	12,07	12,14	12,19	12,20	12,19	12,06	11,90	11,70	11,50	11,28	11,03	10,79	11,90	0
15/10/2020 06:00:00	11,88	12,11	12,20	12,29	12,33	12,34	12,22	12,07	11,88	11,69	11,49	11,25	11,01	11,94	0
15/10/2020 06:05:00	11,98	12,10	12,20	12,19	12,18	12,19	12,07	11,91	11,70	11,50	11,29	11,06	10,82	11,96	0
15/10/2020 06:10:00	11,97	12,05	12,12	12,13	12,12	12,06	11,96	11,81	11,60	11,39	11,17	10,92	10,67	12,01	0
15/10/2020 06:15:00	11,92	12,12	12,17	12,17	12,16	12,11	11,97	11,79	11,58	11,37	11,15	10,90	10,65	11,92	0
15/10/2020 06:20:00	11,71	12,04	12,18	12,20	12,22	12,24	12,09	11,91	11,70	11,50	11,28	11,04	10,80	11,81	0
15/10/2020 06:25:00	11,62	12,06	12,21	12,26	12,28	12,24	12,14	11,99	11,78	11,57	11,36	11,12	10,88	11,66	0
15/10/2020 06:30:00	11,57	12,16	12,37	12,39	12,41	12,37	12,21	12,02	11,78	11,56	11,32	11,05	10,79	11,56	0
15/10/2020 06:35:00	11,43	11,94	12,16	12,18	12,22	12,19	12,06	11,88	11,66	11,44	11,20	10,95	10,69	11,47	0
15/10/2020 06:40:00	11,30	11,99	12,28	12,32	12,25	12,15	12,02	11,82	11,56	11,29	11,02	10,72	10,42	11,37	0
15/10/2020 06:45:00	11,25	11,99	12,33	12,42	12,42	12,33	12,16	11,95	11,69	11,42	11,12	10,81	10,49	11,34	0
15/10/2020 06:50:00	11,19	12,22	12,55	12,57	12,57	12,45	12,23	11,97	11,69	11,41	11,11	10,79	10,48	11,30	0
15/10/2020 06:55:00	11,27	12,09	12,43	12,47	12,44	12,38	12,24	12,05	11,79	11,53	11,27	10,98	10,70	11,07	0
15/10/2020 07:00:00	11,17	12,03	12,40	12,42	12,42	12,35	12,16	11,93	11,66	11,39	11,10	10,80	10,49	11,16	0
15/10/2020 07:05:00	11,22	12,11	12,40	12,42	12,41	12,28	12,11	11,89	11,61	11,34	11,06	10,76	10,46	11,03	0
15/10/2020 07:10:00	11,40	12,00	12,27	12,30	12,26	12,23	12,09	11,89	11,64	11,40	11,15	10,87	10,60	11,17	0
15/10/2020 07:15:00	11,36	11,95	12,12	12,06	12,02	11,95	11,78	11,58	11,33	11,09	10,86	10,61	10,36	11,30	0
15/10/2020 07:20:00	11,52	12,01	12,14	12,09	12,04	11,94	11,78	11,58	11,34	11,10	10,86	10,60	10,34	11,65	0
15/10/2020 07:25:00	11,70	12,03	12,06	11,98	11,93	11,88	11,76	11,59	11,38	11,18	10,99	10,78	10,57	11,83	0
15/10/2020 07:30:00	12,01	12,21	12,16	12,08	11,98	11,93	11,82	11,66	11,45	11,26	11,08	10,88	10,68	12,05	0
15/10/2020 07:35:00	12,07	12,28	12,21	12,16	12,12	12,10	11,99	11,84	11,64	11,46	11,30	11,11	10,91	12,04	0
15/10/2020 07:40:00	12,01	12,12	12,05	11,98	11,95	11,92	11,80	11,65	11,45	11,27	11,09	10,89	10,69	12,05	0
15/10/2020 07:45:00	12,00	12,11	11,98	11,88	11,87	11,84	11,76	11,64	11,46	11,31	11,18	11,03	10,87	12,05	0
15/10/2020 07:50:00	11,95	11,97	11,82	11,73	11,70	11,72	11,67	11,56	11,40	11,26	11,15	11,01	10,87	11,94	0
15/10/2020 07:55:00	11,98	11,91	11,76	11,70	11,74	11,85	11,77	11,67	11,53	11,42	11,33	11,21	11,09	11,98	0
15/10/2020 08:00:00	12,04	11,99	11,79	11,71	11,72	11,76	11,68	11,56	11,41	11,28	11,17	11,04	10,91	11,94	0
15/10/2020 08:05:00	12,00	11,96	11,74	11,64	11,64	11,63	11,57	11,46	11,30	11,16	11,06	10,92	10,79	11,94	0
15/10/2020 08:10:00	11,98	11,97	11,78	11,65	11,55	11,50	11,40	11,25	11,06	10,89	10,74	10,58	10,41	11,94	0
15/10/2020 08:15:00	12,00	11,88	11,67	11,55	11,54	11,51	11,41	11,28	11,11	10,97	10,84	10,69	10,54	12,02	0
15/10/2020 08:20:00	12,11	11,96	11,71	11,57	11,54	11,53	11,42	11,29	11,12	10,99	10,87	10,73	10,59	12,06	0
15/10/2020 08:25:00	12,15	11,87	11,59	11,46	11,43	11,40	11,34	11,24	11,08	10,95	10,84	10,71	10,58	12,07	0
15/10/2020 08:30:00	12,08	11,84	11,54	11,31	11,15	11,07	10,96	10,81	10,62	10,45	10,32	10,17	10,01	12,14	0
15/10/2020 08:35:00	12,15	11,94	11,64	11,36	11,16	10,98	10,82	10,62	10,39	10,19	10,00	9,81	9,61	12,22	0
15/10/2020 08:40:00	12,30	11,97	11,56	11,29	11,12	11,00	10,84	10,67	10,47	10,30	10,16	10,00	9,84	12,30	0
15/10/2020 08:45:00	12,35	11,98	11,55	11,27	11,10	11,03	10,86	10,69	10,51	10,36	10,24	10,10	9,97	12,33	0
15/10/2020 08:50:00	12,29	12,06	11,63	11,34	11,15	10,97	10,78	10,59	10,37	10,19	10,03	9,86	9,69	12,34	0
15/10/2020 08:55:00	12,68	11,86	11,43	11,17	10,99	10,83	10,67	10,49	10,29	10,10	9,92	9,71	9,51	12,42	0
15/10/2020 09:00:00	12,50	12,10	11,65	11,41	11,20	11,02	10,85	10,66	10,45	10,27	10,10	9,91	9,73	12,64	0
15/10/2020 09:05:00	12,50	12,17	11,77	11,49	11,25	11,06	10,81	10,57	10,33	10,11	9,90	9,67	9,44	12,49	0
15/10/2020 09:10:00	12,62	11,99	11,53	11,27	11,09	10,92	10,76	10,59	10,39	10,21	10,05	9,86	9,68	12,57	0
15/10/2020 09:15:00	12,77	12,06	11,60	11,33	11,17	11,04	10,83	10,63	10,44	10,25	10,09	9,89	9,70	12,62	0
15/10/2020 09:20:00	12,42	12,19	11,81	11,57	11,36	11,12	10,88	10,64	10,39	10,16	9,94	9,69	9,45	12,59	0
15/10/2020 09:25:00	12,89	12,13	11,58	11,24	10,99	10,82	10,60	10,39	10,17	9,98	9,81	9,62	9,43	12,65	0
15/10/2020 09:30:00	12,86	12,33	11,79	11,42	11,05	10,74	10,49	10,23	9,96	9,72	9,50	9,26	9,02	12,82	0
15/10/2020 09:35:00	12,83	12,57	12,08	11,66	11,32	10,95	10,66	10,38	10,09	9,83	9,58	9,33	9,07	12,90	0
15/10/2020 09:40:00	12,77	12,51	12,12	11,73	11,37	11,04	10,70	10,38	10,08	9,79	9,51	9,21	8,92	12,82	0
15/10/2020 09:45:00	12,87	12,63	12,25	11,88	11,50	11,13	10,79	10,46	10,15	9,84	9,54	9,22	8,91	12,86	0
15/10/2020 09:50:00	13,02	12,62	12,12	11,73	11,38	11,02	10,67	10,36	10,06	9,78	9,51	9,22	8,93	12,92	0
15/10/2020 09:55:00	13,12	12,55	12,02	11,61	11,24	10,86	10,54	10,25	9,95	9,68	9,41	9,12	8,83	13,00	0
15/10/2020 10:00:00	12,97	12,54	12,06	11,69	11,27	10,94	10,59	10,28	9,98	9,69	9,40	9,10	8,80	13,06	0
15/10/2020 10:05:00	13,15	12,51	11,92	11,49	11,11	10,71	10,42	10,13	9,85	9,58	9,33	9,06	8,79	13,23	0
15/10/2020 10:10:00	13,01	12,56	12,00	11,60	11,20	10,83	10,50	10,19	9,90	9,62	9,36	9,08	8,81	13,05	0
15/10/2020 10:15:00	13,12	12,43	11,78	11,32	10,95	10,64	10,31	10,02	9,76	9,52	9,30	9,06	8,83	12,99	0
15/10/2020 10:20:00	12,89	12,56	11,88	11,42	11,02	10,64	10,27	9,94	9,65	9,39	9,15	8,90	8,64	12,84	0
15/10/2020 10:25:00	12,70	12,32	11,85	11,46	11,10	10,75	10,42	10,11	9,81	9,53	9,26	8,97	8,69	12,83	0
15/10/2020 10:30:00	12,66	12,29	11,78	11,38	11,01	10,63	10,26	9,92	9,61	9,32	9,03	8,73	8,43	12,82	0
15/10/2020 10:35:00	12,72	12,29	11,81	11,43	11,09	10,68	10,33	10,01	9,71	9,41	9,11	8,80	8,49	12,74	0
15/10/2020 10:40:00	13,34	12,47	11,65	11,19	10,76	10,40	10,10	9,83	9,58	9,35	9,14	8,92	8,70	13,35	0
15/10/2020 10:45:00	13,46	12,46	11,66	11,22	10,82	10,47	10,21	9,97	9,73	9,51	9,32	9,11	8,90	13,55	0
15/10/2020 10:50:00	13,61	12,65	11,77	11,31	10,93	10,58	10,24	9,96	9,71	9,49	9,29	9,07	8,84	13,61	0
15/10/2020 10:55:00	14,05	12,94	11,94	11,44	11,00	10,59	10,27	9,99	9,74	9,52	9,32	9,11	8,89	13,89	0
15/10/2020 11:00:00	13,22	12,87	12,07	11,55	11,07	10,59	10,20	9,85	9,54	9,27	9,02	8,76	8,50	13,44	0
15/10/2020 11:05:00	13,20	12,48	11,92	11,50	11,13	10,80	10,45	10,14	9,86	9,58	9,31	9,03	8,74	13,15	0
15/10/2020 11:10:00	13,19	12,67	11,97	11,48	11,04	10,66	10,27	9,94	9,64	9,38	9,13	8,87	8,61	13,06	0
15/10/2020 11:15:00	13,07	12,94	12,35	11,85	11,32	10,80	10,39	10,02	9,66	9,33	9,01	8,69	8,37	13,55	0
15/10/2020 11:20:00	13,31	13,03	12,32	11,86	11,42	11,00	10,60	10,25	9,95	9,67	9,41	9,15	8,88	13,60	0
15/10/2020 11:25:00	12,89	12,96	12,49	12,05	11,60	11,15	10,72	10,34	9,99	9,66	9,34	9,01	8,68	13,42	0
15/10/2020 11:30:00	13,40	13,06	12,40	11,97	11,50	11,05	10,61	10,23	9,90	9,59	9,28	8,96	8,63	13,73	0
15/10/2020 11:35:00	13,46	13,15	12,56	12,13	11,67	11,21	10,76	10,37	10,03	9,70	9,37	9,02	8,68	13,93	0
15/10/2020 11:40:00	13,53	13,25	12,59	12,17	11,70	11,23	10,82	10,45	10,12	9,80	9,49	9,17	8,85	14,12	0
15/10/2020 11:45:00	13,54	13,34	12,66	12,12	11,60	11,06	10,66	10,29	9,94	9,62	9,33	9,02	8,72	14,12	0
15/10/2020 11:50:00	13,57	13,53	12,91	12,38	11,90	11,39	10,90	10,47	10,11	9,78	9,45	9,11	8,77	14,27	0
15/10/2020 11:55:00	13,97	13,58	12,82	12,27	11,77	11,25	10,78	10,37	10,03	9,71	9,39	9,06	8,73	14,34	0
15/10/2020 12:00:00	13,97	13,72	13,09	12,56	12,05	11,47	10,96	10,52	10,14	9,77	9,40	9,01	8,63	14,35	0
15/10/2020 12:05:00	13,94	13,70	12,99	12,43	11,88	11,34	10,88	10,47	10,11	9,77	9,45	9,12	8,79	14,73	0
15/10/2020 12:10:00	14,18	13,61	12,79	12,24	11,72	11,23	10,78	10,40	10,07	9,77	9,47	9,16	8,86	14,68	0
15/10/2020 12:15:00	14,08	13,70	12,97	12,44	11,89	11,36	10,85	10,41	10,05	9,71	9,36	9,00	8,65	14,46	0
15/10/2020 12:20:00	13,90	13,53	13,00	12,54	12,05	11,54	11,06	10,64	10,27	9,91	9,53	9,14	8,74	14,50	0
15/10/2020 12:25:00	14,17	13,58	12,95	12,50	12,06	11,59	11,17	10,80	10,48	10,16	9,84	9,49	9,15	14,42	0
15/10/2020 12:30:00	14,29	13,80	13,15	12,63	12,11	11,57	11,12	10,72	10,36	10,02	9,67	9,31	8,94	14,44	0
15/10/2020 12:35:00	14,24	13,81	13,16	12,61	12,04	11,48	10,97	10,52	10,15	9,77	9,39	9,00	8,61	14,54	0
15/10/2020 12:40:00	14,56	13,75	12,96	12,42	11,88	11,39	10,94	10,56	10,23	9,91	9,59	9,26	8,92	15,01	0
15/10/2020 12:45:00	14,68	13,54	12,95	12,51	12,12	11,67	11,24	10,87	10,56	10,22	9,85	9,45	9,06	14,82	0
15/10/2020 12:50:00	14,77	13,78	12,98	12,50	12,01	11,52	11,08	10,71	10,39	10,07	9,74	9,39	9,03	15,10	0
15/10/2020 12:55:00	14,80	14,10	13,24	12,71	12,20	11,67	11,17	10,76	10,43	10,10	9,76	9,41	9,05	15,01	0
15/10/2020 13:00:00	14,69	13,91	13,17	12,69	12,16	11,65	11,19	10,80	10,46	10,13	9,78	9,41	9,04	14,59	0
15/10/2020 13:05:00	14,51	13,97	13,35	12,83	12,31	11,77	11,29	10,87	10,50	10,14	9,76	9,37	8,98	14,63	0
15/10/2020 13:10:00	14,23	13,76	13,14	12,69	12,20	11,67	11,23	10,84	10,49	10,15	9,79	9,42	9,05	14,63	0
15/10/2020 13:15:00	14,47	13,78	13,12	12,59	12,10	11,58	11,12	10,73	10,38	10,03	9,67	9,30	8,93	14,61	0
15/10/2020 13:20:00	14,47	13,82	13,04	12,53	12,07	11,55	11,08	10,69	10,36	10,03	9,70	9,36	9,01	14,45	0
15/10/2020 13:25:00	14,45	13,61	12,81	12,31	11,87	11,37	10,93	10,57	10,25	9,95	9,63	9,31	8,98	14,42	0
15/10/2020 13:30:00	14,29	13,55	12,89	12,32	11,78	11,26	10,80	10,40	10,05	9,70	9,35	8,99	8,63	14,14	0
15/10/2020 13:35:00	14,06	13,47	12,95	12,46	11,96	11,44	10,95	10,52	10,15	9,76	9,36	8,94	8,53	14,21	0
15/10/2020 13:40:00	13,90	13,85	13,45	12,97	12,44	11,95	11,47	11,03	10,65	10,26	9,87	9,47	9,07	14,29	0
15/10/2020 13:45:00	14,67	13,81	13,20	12,77	12,30	11,77	11,34	10,95	10,60	10,24	9,85	9,43	9,02	14,82	0
15/10/2020 13:50:00	14,73	14,11	13,39	12,85	12,30	11,71	11,21	10,78	10,41	10,05	9,66	9,27	8,87	14,71	0
15/10/2020 13:55:00	14,01	13,88	13,37	12,92	12,46	11,96	11,45	11,01	10,64	10,28	9,89	9,50	9,10	14,40	0
15/10/2020 14:00:00	14,22	13,83	13,31	12,85	12,37	11,89	11,43	11,02	10,66	10,30	9,93	9,54	9,15	14,16	0
15/10/2020 14:05:00	14,44	13,94	13,32	12,80	12,33	11,83	11,40	11,01	10,67	10,34	10,01	9,66	9,31	14,25	0
15/10/2020 14:10:00	14,97	14,13	13,41	12,89	12,34	11,85	11,37	10,97	10,63	10,29	9,93	9,56	9,18	14,80	0
15/10/2020 14:15:00	15,20	14,20	13,39	12,88	12,40	11,89	11,47	11,11	10,80	10,48	10,15	9,81	9,46	15,10	0
15/10/2020 14:20:00	15,27	14,08	13,28	12,78	12,26	11,79	11,39	11,05	10,75	10,44	10,13	9,79	9,45	15,32	0
15/10/2020 14:25:00	14,97	14,15	13,49	13,03	12,58	12,12	11,72	11,37	11,06	10,75	10,42	10,07	9,72	14,89	0
15/10/2020 14:30:00	14,94	14,14	13,37	12,82	12,29	11,78	11,32	10,94	10,60	10,27	9,93	9,58	9,23	14,94	0
15/10/2020 14:35:00	15,05	14,14	13,40	12,91	12,43	11,99	11,58	11,23	10,92	10,62	10,31	9,98	9,64	14,87	0
15/10/2020 14:40:00	15,07	14,16	13,58	13,15	12,67	12,18	11,76	11,39	11,05	10,69	10,31	9,90	9,50	14,90	0
15/10/2020 14:45:00	15,19	14,26	13,52	13,04	12,59	12,15	11,70	11,32	11,01	10,69	10,35	9,99	9,63	15,25	0
15/10/2020 14:50:00	15,05	14,40	13,80	13,32	12,76	12,20	11,69	11,26	10,87	10,48	10,06	9,62	9,19	15,49	0
15/10/2020 14:55:00	14,24	14,17	13,81	13,35	12,86	12,35	11,85	11,40	11,01	10,61	10,19	9,76	9,32	14,66	0
15/10/2020 15:00:00	14,46	14,38	13,96	13,53	13,05	12,49	12,00	11,56	11,17	10,78	10,35	9,92	9,48	14,52	0
15/10/2020 15:05:00	14,28	14,40	14,07	13,71	13,21	12,70	12,20	11,75	11,36	10,95	10,51	10,05	9,60	14,40	0
15/10/2020 15:10:00	14,37	14,31	14,00	13,62	13,18	12,68	12,20	11,77	11,38	10,98	10,55	10,10	9,65	14,24	0
15/10/2020 15:15:00	14,46	14,39	13,97	13,50	13,03	12,53	12,08	11,67	11,30	10,93	10,56	10,17	9,78	14,22	0
15/10/2020 15:20:00	15,02	14,49	13,89	13,45	13,03	12,50	12,06	11,68	11,34	10,99	10,63	10,24	9,86	14,73	0
15/10/2020 15:25:00	14,80	14,59	14,06	13,53	13,06	12,52	12,03	11,61	11,23	10,87	10,49	10,10	9,71	14,73	0
15/10/2020 15:30:00	14,60	14,47	14,05	13,66	13,25	12,75	12,26	11,85	11,48	11,10	10,69	10,27	9,84	14,52	0
15/10/2020 15:35:00	14,53	14,42	14,09	13,64	13,17	12,66	12,20	11,78	11,40	11,01	10,59	10,17	9,74	14,49	0
15/10/2020 15:40:00	14,14	14,43	14,18	13,78	13,29	12,76	12,27	11,83	11,42	11,01	10,58	10,13	9,69	14,23	0
15/10/2020 15:45:00	14,55	14,50	14,04	13,60	13,14	12,63	12,17	11,76	11,39	11,03	10,65	10,26	9,86	14,47	0
15/10/2020 15:50:00	14,39	14,54	14,21	13,79	13,30	12,74	12,23	11,77	11,36	10,94	10,50	10,04	9,59	14,52	0
15/10/2020 15:55:00	14,33	14,44	14,12	13,72	13,23	12,79	12,30	11,86	11,48	11,09	10,68	10,26	9,83	14,30	0
15/10/2020 16:00:00	14,49	14,50	14,12	13,70	13,20	12,67	12,20	11,77	11,38	10,98	10,57	10,14	9,71	14,29	0
15/10/2020 16:05:00	14,44	14,36	14,06	13,64	13,14	12,66	12,18	11,75	11,36	10,95	10,52	10,08	9,64	14,19	0
15/10/2020 16:10:00	14,01	14,37	14,14	13,77	13,30	12,75	12,27	11,82	11,41	10,99	10,54	10,09	9,63	14,06	0
15/10/2020 16:15:00	14,05	14,25	14,06	13,71	13,28	12,80	12,34	11,91	11,52	11,11	10,68	10,23	9,78	14,00	0
15/10/2020 16:20:00	13,90	14,30	14,10	13,72	13,30	12,80	12,33	11,89	11,49	11,09	10,66	10,23	9,79	13,87	0
15/10/2020 16:25:00	14,07	14,31	14,09	13,74	13,30	12,80	12,34	11,91	11,52	11,11	10,68	10,23	9,79	13,99	0
15/10/2020 16:30:00	14,00	14,47	14,33	13,99	13,53	12,98	12,49	12,04	11,62	11,18	10,71	10,23	9,75	14,02	0
15/10/2020 16:35:00	14,05	14,46	14,28	13,96	13,55	13,04	12,55	12,10	11,69	11,28	10,82	10,36	9,89	14,10	0
15/10/2020 16:40:00	14,08	14,51	14,37	14,03	13,57	13,06	12,58	12,13	11,72	11,30	10,84	10,37	9,90	14,03	0
15/10/2020 16:45:00	13,95	14,50	14,40	14,12	13,76	13,28	12,79	12,34	11,94	11,52	11,07	10,60	10,13	14,04	0
15/10/2020 16:50:00	13,98	14,47	14,41	14,08	13,68	13,19	12,70	12,25	11,83	11,41	10,94	10,47	9,99	13,94	0
15/10/2020 16:55:00	13,92	14,54	14,46	14,08	13,61	13,12	12,63	12,18	11,76	11,34	10,89	10,44	9,98	14,00	0
15/10/2020 17:00:00	14,13	14,61	14,58	14,25	13,84	13,33	12,85	12,41	11,99	11,56	11,08	10,59	10,11	13,91	0
15/10/2020 17:05:00	14,10	14,65	14,55	14,27	13,85	13,33	12,82	12,37	11,95	11,51	11,03	10,54	10,05	13,74	0
15/10/2020 17:10:00	13,76	14,26	14,21	13,92	13,49	13,04	12,56	12,11	11,70	11,28	10,82	10,35	9,87	13,72	0
15/10/2020 17:15:00	13,57	14,29	14,24	13,95	13,54	13,05	12,56	12,10	11,68	11,26	10,80	10,33	9,86	13,73	0
15/10/2020 17:20:00	13,68	14,26	14,23	13,94	13,54	13,04	12,53	12,07	11,65	11,21	10,73	10,24	9,75	13,80	0
15/10/2020 17:25:00	13,54	14,26	14,20	13,90	13,47	12,92	12,44	11,99	11,56	11,13	10,66	10,18	9,70	13,66	0
15/10/2020 17:30:00	13,68	14,25	14,25	13,98	13,58	13,16	12,64	12,18	11,77	11,34	10,86	10,38	9,90	13,59	0
15/10/2020 17:35:00	13,47	14,27	14,28	13,97	13,53	13,03	12,52	12,05	11,62	11,18	10,70	10,22	9,74	13,53	0
15/10/2020 17:40:00	13,68	14,13	14,05	13,75	13,38	12,95	12,51	12,10	11,72	11,33	10,91	10,47	10,04	13,53	0
15/10/2020 17:45:00	13,39	14,09	14,11	13,86	13,43	12,92	12,46	12,01	11,59	11,15	10,68	10,19	9,70	13,39	0
15/10/2020 17:50:00	13,54	14,10	14,04	13,70	13,28	12,82	12,35	11,91	11,50	11,09	10,64	10,19	9,74	13,22	0
15/10/2020 17:55:00	13,20	13,80	13,73	13,45	13,06	12,57	12,15	11,74	11,34	10,94	10,50	10,07	9,63	13,30	0
15/10/2020 18:00:00	13,26	13,83	13,76	13,48	13,09	12,62	12,18	11,76	11,36	10,96	10,52	10,08	9,64	13,15	0
15/10/2020 18:05:00	13,14	13,78	13,75	13,47	13,09	12,63	12,19	11,77	11,37	10,97	10,53	10,09	9,65	13,11	0
15/10/2020 18:10:00	12,81	13,63	13,74	13,48	13,10	12,69	12,26	11,84	11,44	11,03	10,59	10,14	9,70	13,13	0
15/10/2020 18:15:00	12,74	13,56	13,62	13,41	13,07	12,63	12,19	11,78	11,38	10,97	10,52	10,07	9,62	12,90	0
15/10/2020 18:20:00	13,01	13,49	13,57	13,37	13,06	12,65	12,24	11,84	11,46	11,06	10,61	10,15	9,69	12,76	0
15/10/2020 18:25:00	12,68	13,54	13,58	13,35	13,06	12,64	12,22	11,82	11,43	11,05	10,64	10,23	9,81	12,74	0
15/10/2020 18:30:00	12,70	13,58	13,67	13,46	13,08	12,65	12,20	11,78	11,37	10,96	10,51	10,06	9,60	12,62	0
15/10/2020 18:35:00	12,50	13,40	13,57	13,39	13,01	12,57	12,14	11,71	11,29	10,86	10,39	9,92	9,44	12,55	0
15/10/2020 18:40:00	12,45	13,22	13,27	13,01	12,73	12,34	11,88	11,46	11,08	10,69	10,28	9,85	9,43	12,43	0
15/10/2020 18:45:00	12,55	13,22	13,31	13,11	12,75	12,35	11,95	11,55	11,16	10,75	10,32	9,87	9,43	12,62	0
15/10/2020 18:50:00	12,45	13,35	13,45	13,27	12,91	12,50	12,04	11,62	11,21	10,79	10,34	9,88	9,42	12,57	0
15/10/2020 18:55:00	12,50	13,25	13,25	13,03	12,74	12,31	11,92	11,55	11,17	10,81	10,42	10,02	9,62	12,48	0
15/10/2020 19:00:00	12,55	13,28	13,42	13,25	12,91	12,53	12,08	11,65	11,25	10,84	10,38	9,91	9,44	12,52	0
15/10/2020 19:05:00	12,43	13,31	13,38	13,17	12,86	12,46	12,05	11,65	11,26	10,88	10,47	10,05	9,63	12,73	0
15/10/2020 19:10:00	12,81	13,26	13,28	13,11	12,81	12,45	12,04	11,67	11,30	10,93	10,52	10,09	9,66	12,81	0
15/10/2020 19:15:00	12,92	13,49	13,52	13,33	12,93	12,56	12,10	11,68	11,30	10,89	10,46	10,00	9,55	12,84	0
15/10/2020 19:20:00	12,76	13,51	13,55	13,30	13,00	12,62	12,19	11,79	11,42	11,04	10,63	10,22	9,80	12,70	0
15/10/2020 19:25:00	12,96	13,48	13,41	13,19	12,90	12,53	12,15	11,80	11,45	11,10	10,73	10,35	9,97	12,87	0
15/10/2020 19:30:00	12,85	13,55	13,58	13,39	13,03	12,64	12,20	11,79	11,41	11,01	10,57	10,13	9,68	12,81	0
15/10/2020 19:35:00	12,90	13,38	13,44	13,30	13,05	12,66	12,26	11,89	11,52	11,14	10,71	10,26	9,81	12,79	0
15/10/2020 19:40:00	12,98	13,44	13,43	13,20	12,89	12,52	12,10	11,70	11,34	10,96	10,55	10,12	9,70	12,87	0
15/10/2020 19:45:00	12,84	13,44	13,48	13,29	12,98	12,61	12,23	11,86	11,49	11,12	10,72	10,30	9,89	12,75	0
15/10/2020 19:50:00	12,98	13,48	13,43	13,19	12,86	12,48	12,09	11,71	11,35	10,98	10,60	10,20	9,80	12,81	0
15/10/2020 19:55:00	12,90	13,48	13,44	13,18	12,89	12,52	12,09	11,70	11,33	10,97	10,58	10,17	9,77	12,77	0
15/10/2020 20:00:00	12,82	13,37	13,39	13,17	12,90	12,53	12,13	11,76	11,39	11,03	10,63	10,22	9,81	12,69	0
15/10/2020 20:05:00	12,88	13,33	13,27	13,03	12,72	12,37	12,00	11,65	11,30	10,95	10,58	10,20	9,82	12,79	0
15/10/2020 20:10:00	12,75	13,36	13,33	13,12	12,79	12,40	11,97	11,57	11,20	10,82	10,41	9,99	9,57	12,81	0
15/10/2020 20:15:00	12,90	13,38	13,31	13,03	12,71	12,35	11,92	11,52	11,16	10,79	10,40	10,01	9,61	12,86	0
15/10/2020 20:20:00	12,98	13,31	13,20	12,97	12,59	12,19	11,78	11,40	11,03	10,65	10,25	9,83	9,42	12,87	0
15/10/2020 20:25:00	12,89	13,25	13,20	12,96	12,57	12,15	11,77	11,40	11,02	10,64	10,22	9,80	9,38	12,86	0
15/10/2020 20:30:00	12,96	13,17	13,01	12,78	12,46	12,12	11,71	11,34	11,00	10,65	10,28	9,89	9,51	12,90	0
15/10/2020 20:35:00	12,96	13,18	13,04	12,75	12,38	12,06	11,63	11,25	10,90	10,55	10,18	9,80	9,41	12,71	0
15/10/2020 20:40:00	12,76	12,99	12,82	12,53	12,20	11,87	11,49	11,13	10,79	10,46	10,12	9,76	9,40	12,68	0
15/10/2020 20:45:00	12,63	12,92	12,81	12,54	12,21	11,83	11,42	11,04	10,68	10,32	9,94	9,54	9,15	12,68	0
15/10/2020 20:50:00	12,53	12,83	12,74	12,46	12,17	11,79	11,38	11,00	10,65	10,29	9,91	9,52	9,13	12,57	0
15/10/2020 20:55:00	12,57	12,90	12,82	12,56	12,27	11,89	11,48	11,11	10,75	10,39	10,01	9,61	9,21	12,60	0
15/10/2020 21:00:00	12,60	13,05	12,99	12,74	12,39	11,97	11,57	11,19	10,81	10,43	10,03	9,62	9,20	12,59	0
15/10/2020 21:05:00	12,67	13,07	13,00	12,77	12,57	12,22	11,87	11,54	11,21	10,89	10,54	10,18	9,82	12,69	0
15/10/2020 21:10:00	12,82	13,22	13,13	12,85	12,53	12,13	11,70	11,31	10,94	10,58	10,18	9,78	9,37	12,77	0
15/10/2020 21:15:00	12,81	13,06	12,93	12,71	12,43	12,06	11,69	11,34	11,01	10,67	10,31	9,93	9,55	12,85	0
15/10/2020 21:20:00	12,88	13,26	13,11	12,85	12,49	12,11	11,74	11,38	11,03	10,69	10,33	9,96	9,59	12,82	0
15/10/2020 21:25:00	12,94	13,19	13,01	12,72	12,37	11,95	11,49	11,08	10,71	10,34	9,94	9,52	9,11	12,87	0
15/10/2020 21:30:00	12,86	13,19	13,03	12,76	12,37	11,99	11,57	11,18	10,81	10,45	10,06	9,67	9,27	12,87	0
15/10/2020 21:35:00	12,75	13,09	12,90	12,59	12,22	11,84	11,40	11,00	10,64	10,28	9,91	9,53	9,15	12,82	0
15/10/2020 21:40:00	12,70	12,98	12,80	12,47	12,10	11,72	11,27	10,87	10,51	10,15	9,78	9,40	9,01	12,77	0
15/10/2020 21:45:00	12,73	12,88	12,72	12,43	12,09	11,70	11,33	10,98	10,63	10,28	9,92	9,54	9,16	12,72	0
15/10/2020 21:50:00	12,79	12,87	12,70	12,42	12,11	11,71	11,26	10,86	10,50	10,13	9,73	9,32	8,90	12,67	0
15/10/2020 21:55:00	12,60	13,01	12,83	12,57	12,21	11,76	11,33	10,92	10,55	10,18	9,78	9,37	8,97	12,61	0
15/10/2020 22:00:00	12,59	12,94	12,80	12,49	12,12	11,67	11,26	10,87	10,49	10,12	9,73	9,33	8,93	12,60	0
15/10/2020 22:05:00	12,66	12,89	12,73	12,44	12,05	11,66	11,24	10,84	10,48	10,11	9,72	9,33	8,93	12,67	0
15/10/2020 22:10:00	12,62	12,93	12,74	12,47	12,09	11,66	11,23	10,84	10,47	10,10	9,71	9,31	8,92	12,65	0
15/10/2020 22:15:00	12,55	12,80	12,66	12,42	12,11	11,74	11,33	10,96	10,61	10,27	9,89	9,51	9,12	12,62	0
15/10/2020 22:20:00	12,49	12,71	12,54	12,20	11,87	11,48	11,05	10,67	10,31	9,96	9,59	9,22	8,84	12,55	0
15/10/2020 22:25:00	12,45	12,81	12,67	12,33	11,91	11,47	11,02	10,60	10,22	9,83	9,43	9,02	8,61	12,57	0
15/10/2020 22:30:00	12,44	12,69	12,54	12,24	11,89	11,41	10,99	10,59	10,21	9,83	9,42	9,01	8,59	12,53	0
15/10/2020 22:35:00	12,47	12,69	12,50	12,13	11,78	11,35	10,87	10,45	10,08	9,71	9,31	8,91	8,51	12,48	0
15/10/2020 22:40:00	12,39	12,63	12,44	12,09	11,70	11,27	10,80	10,38	10,00	9,63	9,23	8,83	8,42	12,33	0
15/10/2020 22:45:00	12,24	12,52	12,35	12,01	11,58	11,12	10,63	10,19	9,80	9,40	8,98	8,55	8,12	12,37	0
15/10/2020 22:50:00	12,18	12,48	12,25	11,90	11,45	10,97	10,51	10,08	9,69	9,30	8,90	8,50	8,09	12,29	0
15/10/2020 22:55:00	12,14	12,35	12,13	11,77	11,34	10,93	10,48	10,08	9,70	9,34	8,96	8,58	8,19	12,18	0
15/10/2020 23:00:00	12,07	12,39	12,25	11,89	11,45	10,98	10,50	10,06	9,66	9,26	8,84	8,41	7,99	12,12	0
15/10/2020 23:05:00	12,12	12,34	12,15	11,79	11,37	10,93	10,46	10,03	9,65	9,27	8,87	8,47	8,07	11,87	0
15/10/2020 23:10:00	11,84	12,11	11,91	11,62	11,25	10,77	10,28	9,85	9,47	9,08	8,67	8,25	7,83	11,90	0
15/10/2020 23:15:00	11,87	12,05	11,89	11,64	11,25	10,83	10,37	9,96	9,58	9,20	8,80	8,38	7,96	11,89	0
15/10/2020 23:20:00	11,89	12,02	11,80	11,47	11,11	10,68	10,27	9,89	9,53	9,18	8,82	8,45	8,08	11,87	0
15/10/2020 23:25:00	11,74	11,99	11,83	11,53	11,20	10,74	10,28	9,87	9,49	9,11	8,72	8,31	7,90	11,82	0
15/10/2020 23:30:00	11,61	11,97	11,86	11,52	11,13	10,66	10,20	9,78	9,39	9,00	8,59	8,18	7,77	11,69	0
15/10/2020 23:35:00	11,61	12,13	12,04	11,71	11,30	10,79	10,35	9,92	9,52	9,12	8,70	8,28	7,87	11,66	0
15/10/2020 23:40:00	11,64	11,95	11,78	11,51	11,13	10,66	10,26	9,88	9,50	9,13	8,75	8,35	7,96	11,57	0
15/10/2020 23:45:00	11,59	11,99	11,79	11,49	11,08	10,57	10,10	9,68	9,28	8,89	8,48	8,06	7,65	11,47	0
15/10/2020 23:50:00	11,59	11,88	11,75	11,44	11,04	10,58	10,10	9,67	9,27	8,88	8,46	8,03	7,61	11,54	0
15/10/2020 23:55:00	11,44	11,76	11,62	11,27	10,80	10,29	9,88	9,48	9,07	8,68	8,27	7,86	7,45	11,45	0
