FileFormat:0002.2 file with temperature of atmosphere
200
local	GMT or Local
0	GMT-Local=[hours]
0	Height[m]
0	0	0	Longitude                [grd]               [min]               [sec]
0	0	0	Latitude                [grd]               [min]               [sec]
N	NS
59,40	Freq[GHz]
0,00	dTemostat[K]
0,150	MessErr[K]
0,248	//[grad/step]
version 14.0.20110218
MTP5H033F5940K-33.00D180214+A1.1
Commentary:
enter comment
End Of Commentary

SYSTEM\summer.dat
data time	0	50	100	150	200	250	300	350	400	450	500	550	600	OutsideTemperature	Quality
16/07/2020 00:00:00	14,68	14,53	14,32	14,10	14,00	13,89	13,76	13,60	13,40	13,21	13,03	12,83	12,62	14,70	0
16/07/2020 00:05:00	14,70	14,53	14,33	14,12	13,98	13,87	13,76	13,62	13,41	13,22	13,04	12,84	12,63	14,72	0
16/07/2020 00:10:00	14,73	14,41	14,18	14,00	13,87	13,81	13,72	13,60	13,41	13,25	13,09	12,90	12,71	14,73	0
16/07/2020 00:15:00	14,71	14,52	14,31	14,14	13,98	13,87	13,74	13,58	13,37	13,17	12,97	12,74	12,51	14,75	0
16/07/2020 00:20:00	14,73	14,56	14,30	14,09	13,98	13,91	13,76	13,59	13,39	13,21	13,04	12,83	12,63	14,74	0
16/07/2020 00:25:00	14,68	14,47	14,23	14,09	13,98	13,92	13,85	13,73	13,55	13,39	13,23	13,05	12,86	14,69	0
16/07/2020 00:30:00	14,67	14,45	14,25	14,08	14,01	13,97	13,86	13,72	13,54	13,38	13,21	13,02	12,82	14,69	0
16/07/2020 00:35:00	14,67	14,46	14,26	14,12	14,07	14,00	13,87	13,72	13,54	13,35	13,17	12,95	12,73	14,59	0
16/07/2020 00:40:00	14,65	14,48	14,24	14,05	13,94	13,86	13,76	13,62	13,43	13,27	13,11	12,92	12,73	14,68	0
16/07/2020 00:45:00	14,66	14,48	14,25	14,10	14,02	13,99	13,90	13,78	13,61	13,45	13,31	13,13	12,95	14,69	0
16/07/2020 00:50:00	14,75	14,49	14,24	14,07	13,99	13,98	13,89	13,77	13,60	13,45	13,31	13,14	12,97	14,74	0
16/07/2020 00:55:00	14,68	14,53	14,37	14,17	14,08	14,06	13,95	13,81	13,62	13,45	13,29	13,10	12,91	14,74	0
16/07/2020 01:00:00	14,74	14,56	14,28	14,10	14,05	14,01	13,93	13,81	13,64	13,49	13,36	13,20	13,04	14,78	0
16/07/2020 01:05:00	14,76	14,48	14,26	14,09	14,03	14,06	14,03	13,94	13,79	13,66	13,55	13,41	13,27	14,77	0
16/07/2020 01:10:00	14,79	14,51	14,32	14,12	14,02	14,00	13,92	13,79	13,61	13,45	13,30	13,12	12,93	14,76	0
16/07/2020 01:15:00	14,69	14,49	14,27	14,12	14,01	14,04	14,01	13,91	13,76	13,63	13,51	13,37	13,23	14,69	0
16/07/2020 01:20:00	14,68	14,52	14,33	14,13	14,02	13,98	13,88	13,74	13,55	13,39	13,23	13,04	12,85	14,74	0
16/07/2020 01:25:00	14,82	14,70	14,47	14,27	14,18	14,11	14,01	13,88	13,69	13,53	13,37	13,18	13,00	14,79	0
16/07/2020 01:30:00	14,85	14,63	14,45	14,33	14,27	14,29	14,21	14,10	13,93	13,78	13,63	13,44	13,26	14,82	0
16/07/2020 01:35:00	14,89	14,70	14,54	14,35	14,24	14,16	14,01	13,84	13,63	13,43	13,22	12,99	12,75	14,91	0
16/07/2020 01:40:00	14,92	14,65	14,46	14,27	14,18	14,10	13,98	13,82	13,62	13,44	13,25	13,03	12,81	14,88	0
16/07/2020 01:45:00	14,90	14,70	14,53	14,32	14,15	14,03	13,88	13,70	13,48	13,26	13,04	12,79	12,54	14,90	0
16/07/2020 01:50:00	14,89	14,68	14,49	14,28	14,14	14,04	13,91	13,74	13,53	13,33	13,13	12,91	12,68	14,89	0
16/07/2020 01:55:00	14,87	14,70	14,52	14,30	14,11	13,99	13,82	13,62	13,39	13,17	12,95	12,70	12,45	14,87	0
16/07/2020 02:00:00	14,91	14,74	14,62	14,43	14,32	14,20	14,04	13,85	13,63	13,41	13,18	12,92	12,66	14,95	0
16/07/2020 02:05:00	14,92	14,79	14,62	14,39	14,24	14,15	14,00	13,82	13,61	13,40	13,20	12,97	12,74	14,95	0
16/07/2020 02:10:00	14,97	14,69	14,54	14,39	14,28	14,25	14,17	14,04	13,85	13,68	13,50	13,29	13,08	14,97	0
16/07/2020 02:15:00	14,76	14,66	14,50	14,34	14,24	14,16	14,01	13,84	13,63	13,44	13,23	13,00	12,77	14,82	0
16/07/2020 02:20:00	14,78	14,73	14,62	14,46	14,34	14,27	14,13	13,96	13,75	13,54	13,34	13,10	12,86	14,82	0
16/07/2020 02:25:00	14,85	14,66	14,52	14,35	14,25	14,18	14,10	13,96	13,77	13,59	13,41	13,20	12,99	14,77	0
16/07/2020 02:30:00	14,85	14,66	14,55	14,39	14,26	14,18	14,02	13,84	13,62	13,41	13,17	12,92	12,66	14,88	0
16/07/2020 02:35:00	14,94	14,77	14,62	14,42	14,28	14,14	14,04	13,88	13,67	13,47	13,26	13,03	12,80	14,90	0
16/07/2020 02:40:00	14,95	14,79	14,66	14,50	14,35	14,21	14,06	13,87	13,65	13,42	13,18	12,91	12,64	14,94	0
16/07/2020 02:45:00	14,85	14,72	14,60	14,40	14,27	14,15	14,00	13,83	13,61	13,39	13,17	12,92	12,67	14,77	0
16/07/2020 02:50:00	14,82	14,73	14,57	14,41	14,25	14,09	13,92	13,73	13,49	13,26	13,02	12,75	12,48	14,67	0
16/07/2020 02:55:00	14,76	14,56	14,45	14,30	14,17	14,07	13,91	13,73	13,50	13,28	13,04	12,78	12,51	14,69	0
16/07/2020 03:00:00	14,71	14,58	14,52	14,36	14,25	14,08	13,94	13,76	13,53	13,29	13,04	12,76	12,48	14,79	0
16/07/2020 03:05:00	14,77	14,62	14,53	14,40	14,30	14,22	14,08	13,92	13,70	13,49	13,27	13,01	12,76	14,80	0
16/07/2020 03:10:00	14,81	14,67	14,61	14,43	14,32	14,23	14,09	13,91	13,69	13,47	13,24	12,98	12,73	14,75	0
16/07/2020 03:15:00	14,77	14,61	14,52	14,36	14,27	14,17	14,05	13,90	13,69	13,49	13,27	13,03	12,79	14,84	0
16/07/2020 03:20:00	14,86	14,75	14,63	14,46	14,36	14,26	14,12	13,94	13,73	13,52	13,31	13,06	12,81	14,85	0
16/07/2020 03:25:00	14,85	14,73	14,62	14,47	14,35	14,25	14,10	13,93	13,71	13,49	13,26	13,01	12,75	14,81	0
16/07/2020 03:30:00	14,82	14,86	14,75	14,58	14,40	14,25	14,07	13,87	13,62	13,38	13,13	12,85	12,58	14,86	0
16/07/2020 03:35:00	15,01	14,91	14,79	14,57	14,40	14,26	14,10	13,90	13,66	13,44	13,20	12,94	12,67	14,93	0
16/07/2020 03:40:00	14,96	14,86	14,69	14,46	14,31	14,16	13,99	13,80	13,57	13,34	13,11	12,86	12,60	14,95	0
16/07/2020 03:45:00	14,92	14,87	14,76	14,54	14,37	14,22	14,04	13,83	13,59	13,35	13,10	12,83	12,56	14,92	0
16/07/2020 03:50:00	14,92	14,76	14,68	14,58	14,52	14,50	14,42	14,30	14,12	13,94	13,75	13,54	13,32	14,89	0
16/07/2020 03:55:00	14,88	14,71	14,57	14,44	14,32	14,23	14,14	13,99	13,79	13,60	13,40	13,17	12,94	14,85	0
16/07/2020 04:00:00	14,91	14,71	14,61	14,47	14,41	14,36	14,26	14,13	13,94	13,76	13,57	13,35	13,13	14,86	0
16/07/2020 04:05:00	14,84	14,65	14,52	14,40	14,34	14,28	14,16	14,01	13,82	13,63	13,43	13,20	12,96	14,86	0
16/07/2020 04:10:00	14,76	14,61	14,46	14,27	14,16	14,06	13,93	13,76	13,55	13,36	13,15	12,92	12,69	14,78	0
16/07/2020 04:15:00	14,77	14,70	14,58	14,38	14,28	14,19	14,06	13,90	13,69	13,50	13,30	13,08	12,86	14,76	0
16/07/2020 04:20:00	14,75	14,58	14,39	14,21	14,09	14,03	13,93	13,79	13,60	13,42	13,25	13,06	12,86	14,71	0
16/07/2020 04:25:00	14,51	14,43	14,30	14,14	14,05	13,93	13,74	13,54	13,32	13,09	12,86	12,59	12,33	14,65	0
16/07/2020 04:30:00	14,62	14,42	14,30	14,16	14,03	13,92	13,79	13,62	13,40	13,19	12,96	12,70	12,45	14,64	0
16/07/2020 04:35:00	14,73	14,55	14,36	14,20	14,09	14,01	13,91	13,76	13,56	13,38	13,20	12,98	12,77	14,68	0
16/07/2020 04:40:00	14,70	14,50	14,33	14,13	14,02	13,91	13,79	13,63	13,42	13,23	13,03	12,80	12,58	14,67	0
16/07/2020 04:45:00	14,67	14,51	14,31	14,15	14,05	13,93	13,85	13,72	13,52	13,34	13,16	12,96	12,75	14,66	0
16/07/2020 04:50:00	14,66	14,49	14,35	14,21	14,08	14,00	13,88	13,72	13,51	13,31	13,11	12,87	12,63	14,65	0
16/07/2020 04:55:00	14,58	14,49	14,28	14,08	14,00	13,93	13,80	13,64	13,45	13,27	13,10	12,90	12,70	14,65	0
16/07/2020 05:00:00	14,42	14,26	14,01	13,86	13,82	13,76	13,69	13,57	13,40	13,25	13,10	12,94	12,77	14,60	0
16/07/2020 05:05:00	14,35	14,19	14,01	13,84	13,73	13,59	13,49	13,34	13,13	12,93	12,74	12,52	12,29	14,58	0
16/07/2020 05:10:00	14,61	14,47	14,36	14,15	14,03	13,89	13,73	13,54	13,31	13,08	12,84	12,58	12,32	14,60	0
16/07/2020 05:15:00	14,82	14,62	14,41	14,18	14,13	14,09	13,97	13,83	13,65	13,48	13,33	13,15	12,97	14,63	0
16/07/2020 05:20:00	14,72	14,52	14,35	14,19	14,05	13,93	13,78	13,60	13,38	13,17	12,94	12,69	12,44	14,65	0
16/07/2020 05:25:00	14,71	14,48	14,27	14,08	13,97	13,87	13,72	13,54	13,33	13,14	12,93	12,70	12,47	14,72	0
16/07/2020 05:30:00	14,62	14,38	14,21	13,93	13,78	13,71	13,55	13,37	13,15	12,96	12,76	12,54	12,33	14,68	0
16/07/2020 05:35:00	14,62	14,42	14,22	14,03	13,88	13,73	13,57	13,38	13,16	12,94	12,71	12,45	12,20	14,65	0
16/07/2020 05:40:00	14,66	14,43	14,28	14,07	13,90	13,77	13,61	13,41	13,18	12,96	12,73	12,47	12,21	14,66	0
16/07/2020 05:45:00	14,47	14,29	14,16	14,02	13,91	13,78	13,62	13,44	13,22	12,99	12,75	12,49	12,22	14,62	0
16/07/2020 05:50:00	14,76	14,26	14,00	13,76	13,64	13,50	13,45	13,33	13,14	12,97	12,80	12,60	12,41	14,62	0
16/07/2020 05:55:00	14,80	14,62	14,46	14,27	14,13	13,96	13,78	13,57	13,34	13,11	12,86	12,58	12,30	14,65	0
16/07/2020 06:00:00	14,78	14,61	14,44	14,26	14,04	13,88	13,75	13,57	13,34	13,12	12,89	12,64	12,39	14,78	0
16/07/2020 06:05:00	14,90	14,64	14,46	14,31	14,24	14,27	14,24	14,15	13,99	13,86	13,74	13,58	13,43	14,90	0
16/07/2020 06:10:00	14,70	14,51	14,32	14,24	14,16	14,16	14,10	13,99	13,82	13,67	13,51	13,33	13,15	14,74	0
16/07/2020 06:15:00	14,70	14,49	14,33	14,29	14,30	14,36	14,36	14,31	14,17	14,05	13,94	13,79	13,64	14,66	0
16/07/2020 06:20:00	14,65	14,50	14,37	14,24	14,17	14,19	14,11	13,98	13,81	13,65	13,49	13,30	13,10	14,65	0
16/07/2020 06:25:00	14,56	14,57	14,43	14,23	14,08	13,96	13,83	13,65	13,43	13,22	13,02	12,79	12,56	14,62	0
16/07/2020 06:30:00	14,68	14,59	14,51	14,37	14,21	14,10	13,93	13,74	13,51	13,27	13,02	12,74	12,46	14,68	0
16/07/2020 06:35:00	14,59	14,45	14,38	14,23	14,11	13,97	13,81	13,62	13,39	13,15	12,89	12,61	12,33	14,56	0
16/07/2020 06:40:00	14,63	14,54	14,39	14,18	14,00	13,82	13,63	13,42	13,17	12,93	12,67	12,40	12,12	14,60	0
16/07/2020 06:45:00	14,59	14,48	14,36	14,15	14,04	13,93	13,76	13,56	13,34	13,12	12,89	12,64	12,38	14,62	0
16/07/2020 06:50:00	14,70	14,58	14,48	14,28	14,17	14,03	13,86	13,67	13,43	13,20	12,96	12,69	12,42	14,69	0
16/07/2020 06:55:00	14,73	14,72	14,62	14,43	14,33	14,17	13,98	13,77	13,53	13,29	13,04	12,76	12,49	14,67	0
16/07/2020 07:00:00	14,80	14,60	14,58	14,40	14,19	14,10	13,98	13,81	13,58	13,35	13,11	12,85	12,59	14,60	0
16/07/2020 07:05:00	14,67	14,57	14,45	14,21	14,02	13,86	13,67	13,46	13,21	12,97	12,72	12,45	12,18	14,62	0
16/07/2020 07:10:00	14,61	14,49	14,41	14,15	13,99	13,86	13,66	13,44	13,20	12,96	12,71	12,43	12,16	14,64	0
16/07/2020 07:15:00	14,73	14,60	14,44	14,22	14,04	13,83	13,62	13,40	13,14	12,89	12,62	12,33	12,03	14,76	0
16/07/2020 07:20:00	14,67	14,54	14,42	14,21	14,08	13,90	13,68	13,46	13,21	12,96	12,69	12,40	12,10	14,65	0
16/07/2020 07:25:00	14,75	14,62	14,49	14,28	14,12	13,93	13,74	13,52	13,27	13,03	12,77	12,48	12,19	14,68	0
16/07/2020 07:30:00	14,69	14,63	14,46	14,20	14,00	13,80	13,62	13,40	13,15	12,91	12,66	12,40	12,13	14,75	0
16/07/2020 07:35:00	14,83	14,62	14,41	14,12	13,82	13,59	13,36	13,12	12,85	12,58	12,30	12,00	11,71	14,71	0
16/07/2020 07:40:00	14,82	14,60	14,36	14,10	13,93	13,69	13,50	13,28	13,03	12,79	12,54	12,26	11,99	14,85	0
16/07/2020 07:45:00	14,92	14,55	14,30	14,03	13,88	13,73	13,49	13,26	13,03	12,79	12,55	12,27	12,00	15,03	0
16/07/2020 07:50:00	14,84	14,56	14,37	14,10	13,89	13,70	13,45	13,20	12,94	12,68	12,40	12,10	11,80	15,06	0
16/07/2020 07:55:00	14,79	14,63	14,39	14,06	13,89	13,68	13,45	13,22	12,97	12,74	12,50	12,24	11,98	14,90	0
16/07/2020 08:00:00	15,02	14,75	14,47	14,17	13,96	13,74	13,51	13,27	13,02	12,77	12,51	12,23	11,95	15,07	0
16/07/2020 08:05:00	15,19	14,78	14,35	14,01	13,84	13,64	13,43	13,22	13,00	12,80	12,60	12,38	12,16	15,34	0
16/07/2020 08:10:00	15,36	15,03	14,61	14,21	13,91	13,67	13,43	13,18	12,93	12,70	12,47	12,22	11,98	15,50	0
16/07/2020 08:15:00	15,37	14,93	14,62	14,29	14,05	13,84	13,62	13,40	13,15	12,91	12,67	12,40	12,13	15,35	0
16/07/2020 08:20:00	15,44	15,06	14,64	14,21	13,91	13,65	13,39	13,13	12,87	12,62	12,38	12,12	11,86	15,59	0
16/07/2020 08:25:00	15,47	15,06	14,66	14,32	14,05	13,77	13,47	13,20	12,92	12,65	12,37	12,06	11,75	15,72	0
16/07/2020 08:30:00	15,61	15,11	14,66	14,25	13,90	13,59	13,32	13,05	12,77	12,51	12,23	11,95	11,66	15,79	0
16/07/2020 08:35:00	15,59	15,06	14,58	14,14	13,84	13,60	13,38	13,15	12,91	12,69	12,48	12,25	12,02	15,90	0
16/07/2020 08:40:00	15,19	14,79	14,44	14,07	13,82	13,62	13,43	13,22	12,99	12,77	12,56	12,32	12,09	15,38	0
16/07/2020 08:45:00	15,52	15,10	14,68	14,34	14,14	14,03	13,87	13,69	13,49	13,32	13,16	12,98	12,80	15,51	0
16/07/2020 08:50:00	15,46	15,13	14,75	14,52	14,33	14,21	14,07	13,91	13,71	13,53	13,35	13,15	12,95	15,25	0
16/07/2020 08:55:00	15,39	15,01	14,68	14,41	14,31	14,24	14,12	13,97	13,79	13,62	13,47	13,29	13,11	15,09	0
16/07/2020 09:00:00	15,25	14,99	14,69	14,44	14,25	14,14	14,02	13,87	13,67	13,49	13,32	13,12	12,92	15,19	0
16/07/2020 09:05:00	15,29	14,97	14,72	14,48	14,32	14,20	14,04	13,86	13,65	13,45	13,24	13,00	12,76	15,12	0
16/07/2020 09:10:00	15,50	15,09	14,80	14,56	14,36	14,17	14,03	13,85	13,63	13,41	13,19	12,94	12,68	15,29	0
16/07/2020 09:15:00	15,59	15,29	14,92	14,64	14,44	14,28	14,09	13,90	13,68	13,48	13,28	13,05	12,82	15,51	0
16/07/2020 09:20:00	15,61	15,29	14,88	14,54	14,34	14,19	13,99	13,79	13,58	13,38	13,20	12,99	12,78	15,37	0
16/07/2020 09:25:00	15,57	15,30	14,98	14,64	14,43	14,22	14,00	13,77	13,52	13,29	13,06	12,80	12,54	15,57	0
16/07/2020 09:30:00	15,48	15,11	14,67	14,37	14,16	14,01	13,83	13,64	13,43	13,24	13,06	12,86	12,65	15,30	0
16/07/2020 09:35:00	15,44	15,10	14,73	14,47	14,26	14,07	13,90	13,71	13,48	13,27	13,06	12,82	12,58	15,47	0
16/07/2020 09:40:00	15,30	14,63	14,29	14,00	13,87	13,96	13,92	13,84	13,71	13,60	13,53	13,42	13,31	15,22	0
16/07/2020 09:45:00	15,36	15,13	14,80	14,51	14,33	14,18	14,02	13,85	13,63	13,44	13,25	13,04	12,83	15,28	0
16/07/2020 09:50:00	15,30	15,02	14,73	14,45	14,32	14,23	14,06	13,89	13,69	13,50	13,32	13,11	12,91	14,96	0
16/07/2020 09:55:00	15,32	15,06	14,74	14,46	14,29	14,20	14,04	13,87	13,67	13,49	13,31	13,12	12,92	14,99	0
16/07/2020 10:00:00	15,59	15,20	14,81	14,49	14,26	14,10	13,91	13,71	13,48	13,28	13,08	12,85	12,63	15,40	0
16/07/2020 10:05:00	15,72	15,34	14,88	14,52	14,34	14,12	13,92	13,72	13,50	13,30	13,10	12,88	12,66	15,60	0
16/07/2020 10:10:00	15,68	15,37	15,00	14,64	14,41	14,23	14,04	13,83	13,60	13,40	13,20	12,97	12,75	15,58	0
16/07/2020 10:15:00	15,68	15,27	14,89	14,56	14,38	14,13	13,96	13,77	13,54	13,33	13,12	12,88	12,64	15,57	0
16/07/2020 10:20:00	15,58	15,28	14,89	14,52	14,27	14,07	13,87	13,65	13,42	13,21	13,00	12,78	12,55	15,56	0
16/07/2020 10:25:00	15,45	15,19	14,80	14,46	14,24	14,01	13,80	13,58	13,34	13,12	12,90	12,66	12,42	15,52	0
16/07/2020 10:30:00	15,41	15,06	14,70	14,42	14,24	14,07	13,90	13,71	13,49	13,29	13,09	12,86	12,63	15,30	0
16/07/2020 10:35:00	15,48	15,15	14,74	14,41	14,23	14,13	14,00	13,84	13,65	13,49	13,35	13,19	13,02	15,42	0
16/07/2020 10:40:00	15,65	15,24	14,77	14,44	14,30	14,20	14,07	13,93	13,75	13,61	13,48	13,33	13,18	15,64	0
16/07/2020 10:45:00	15,57	15,21	14,76	14,42	14,20	14,11	14,01	13,88	13,70	13,55	13,44	13,30	13,17	15,44	0
16/07/2020 10:50:00	15,60	15,13	14,61	14,33	14,21	14,19	14,15	14,07	13,94	13,85	13,80	13,71	13,63	15,52	0
16/07/2020 10:55:00	15,75	15,25	14,64	14,29	14,08	13,96	13,82	13,66	13,48	13,34	13,22	13,08	12,94	15,61	0
16/07/2020 11:00:00	15,69	15,23	14,67	14,36	14,16	13,97	13,84	13,68	13,49	13,33	13,18	13,01	12,84	15,42	0
16/07/2020 11:05:00	15,30	14,85	14,41	14,08	13,91	13,84	13,72	13,57	13,39	13,25	13,12	12,97	12,82	15,27	0
16/07/2020 11:10:00	15,29	14,82	14,33	14,03	13,83	13,74	13,63	13,50	13,33	13,19	13,07	12,92	12,78	15,20	0
16/07/2020 11:15:00	15,15	14,75	14,34	14,07	13,92	13,86	13,76	13,64	13,47	13,33	13,21	13,06	12,91	15,10	0
16/07/2020 11:20:00	15,31	14,91	14,41	14,06	13,86	13,73	13,59	13,42	13,23	13,07	12,94	12,78	12,62	15,15	0
16/07/2020 11:25:00	15,37	14,87	14,40	14,11	13,89	13,72	13,58	13,43	13,22	13,05	12,88	12,69	12,50	15,26	0
16/07/2020 11:30:00	15,31	14,90	14,48	14,21	14,02	13,88	13,75	13,59	13,40	13,23	13,06	12,88	12,69	15,24	0
16/07/2020 11:35:00	15,42	15,03	14,67	14,36	14,13	13,96	13,79	13,60	13,37	13,17	12,97	12,74	12,52	15,34	0
16/07/2020 11:40:00	15,50	15,14	14,73	14,41	14,14	13,94	13,74	13,53	13,30	13,08	12,87	12,63	12,40	15,65	0
16/07/2020 11:45:00	15,39	15,15	14,76	14,45	14,20	14,02	13,81	13,60	13,37	13,15	12,95	12,72	12,49	15,27	0
16/07/2020 11:50:00	15,47	15,17	14,78	14,48	14,25	14,06	13,86	13,65	13,42	13,21	13,00	12,77	12,53	15,31	0
16/07/2020 11:55:00	15,60	15,21	14,82	14,49	14,25	14,07	13,86	13,65	13,42	13,20	12,98	12,74	12,50	15,60	0
16/07/2020 12:00:00	15,72	15,26	14,78	14,46	14,31	14,17	14,04	13,88	13,70	13,54	13,39	13,22	13,05	15,84	0
16/07/2020 12:05:00	15,67	15,26	14,75	14,46	14,25	14,13	13,99	13,83	13,64	13,48	13,34	13,17	13,00	15,69	0
16/07/2020 12:10:00	15,51	15,05	14,66	14,41	14,32	14,34	14,32	14,24	14,11	14,01	13,94	13,84	13,74	15,52	0
16/07/2020 12:15:00	15,51	15,06	14,58	14,29	14,09	14,00	13,88	13,74	13,57	13,42	13,29	13,13	12,98	15,24	0
16/07/2020 12:20:00	15,54	15,07	14,54	14,20	14,04	13,89	13,75	13,59	13,41	13,26	13,13	12,97	12,81	15,43	0
16/07/2020 12:25:00	15,57	15,08	14,60	14,31	14,12	13,98	13,80	13,62	13,42	13,24	13,06	12,86	12,65	15,49	0
16/07/2020 12:30:00	15,74	15,28	14,75	14,38	14,15	13,93	13,73	13,52	13,30	13,10	12,91	12,70	12,49	15,57	0
16/07/2020 12:35:00	15,65	15,24	14,79	14,43	14,27	14,13	13,95	13,77	13,57	13,40	13,24	13,05	12,87	15,53	0
16/07/2020 12:40:00	15,61	15,17	14,79	14,43	14,22	14,06	13,88	13,68	13,46	13,26	13,07	12,86	12,64	15,52	0
16/07/2020 12:45:00	15,48	15,13	14,73	14,39	14,14	13,94	13,72	13,50	13,27	13,05	12,83	12,59	12,35	15,52	0
16/07/2020 12:50:00	15,69	15,27	14,79	14,42	14,18	13,96	13,74	13,52	13,29	13,07	12,86	12,63	12,40	15,79	0
16/07/2020 12:55:00	16,13	15,52	14,85	14,40	14,16	13,94	13,71	13,49	13,28	13,09	12,92	12,73	12,53	16,15	0
16/07/2020 13:00:00	15,85	15,50	15,04	14,68	14,41	14,12	13,87	13,62	13,37	13,12	12,87	12,60	12,34	15,97	0
16/07/2020 13:05:00	15,88	15,47	15,02	14,63	14,30	14,04	13,78	13,53	13,26	13,01	12,76	12,49	12,22	15,90	0
16/07/2020 13:10:00	15,88	15,47	15,07	14,67	14,41	14,13	13,86	13,60	13,33	13,08	12,81	12,53	12,24	16,17	0
16/07/2020 13:15:00	15,81	15,50	15,12	14,73	14,43	14,10	13,82	13,55	13,27	13,00	12,72	12,42	12,11	15,95	0
16/07/2020 13:20:00	16,24	15,69	15,18	14,72	14,37	14,06	13,80	13,54	13,27	13,01	12,76	12,48	12,21	16,68	0
16/07/2020 13:25:00	16,05	15,68	15,25	14,77	14,43	14,09	13,78	13,48	13,19	12,90	12,61	12,31	12,01	16,28	0
16/07/2020 13:30:00	15,54	15,32	15,02	14,65	14,35	14,05	13,76	13,48	13,19	12,91	12,62	12,31	12,00	15,84	0
16/07/2020 13:35:00	15,62	15,35	14,97	14,59	14,26	13,97	13,67	13,39	13,11	12,83	12,55	12,25	11,95	15,74	0
16/07/2020 13:40:00	15,68	15,30	14,94	14,53	14,23	13,96	13,68	13,41	13,14	12,87	12,60	12,31	12,02	15,90	0
16/07/2020 13:45:00	15,99	15,60	15,06	14,59	14,24	13,88	13,56	13,25	12,97	12,70	12,42	12,13	11,84	16,10	0
16/07/2020 13:50:00	16,37	15,78	15,11	14,56	14,19	13,88	13,58	13,31	13,05	12,82	12,60	12,36	12,13	16,71	0
16/07/2020 13:55:00	16,70	15,98	15,20	14,61	14,21	13,85	13,53	13,24	12,97	12,73	12,51	12,26	12,02	17,30	0
16/07/2020 14:00:00	16,56	16,12	15,49	14,97	14,54	14,14	13,77	13,44	13,14	12,85	12,55	12,24	11,93	17,21	0
16/07/2020 14:05:00	16,28	15,94	15,60	15,13	14,74	14,41	14,10	13,81	13,50	13,21	12,91	12,59	12,27	17,01	0
16/07/2020 14:10:00	16,08	15,72	15,21	14,67	14,31	14,05	13,78	13,52	13,26	13,03	12,82	12,60	12,37	16,66	0
16/07/2020 14:15:00	15,68	15,31	15,00	14,66	14,38	14,12	13,88	13,63	13,36	13,10	12,83	12,54	12,24	15,98	0
16/07/2020 14:20:00	15,67	15,40	14,98	14,60	14,32	14,04	13,79	13,53	13,27	13,02	12,78	12,51	12,24	15,74	0
16/07/2020 14:25:00	16,11	15,71	15,09	14,62	14,31	14,00	13,74	13,49	13,24	13,01	12,81	12,58	12,35	16,51	0
16/07/2020 14:30:00	16,63	16,02	15,24	14,62	14,18	13,83	13,50	13,20	12,93	12,70	12,48	12,25	12,02	16,73	0
16/07/2020 14:35:00	16,70	16,21	15,51	14,92	14,45	13,99	13,58	13,22	12,90	12,59	12,28	11,96	11,63	16,84	0
16/07/2020 14:40:00	16,45	16,02	15,46	14,96	14,56	14,15	13,79	13,46	13,16	12,86	12,55	12,23	11,90	16,77	0
16/07/2020 14:45:00	16,36	16,11	15,63	15,15	14,74	14,24	13,82	13,43	13,08	12,73	12,35	11,96	11,57	17,11	0
16/07/2020 14:50:00	16,16	15,83	15,45	14,97	14,59	14,18	13,79	13,44	13,11	12,77	12,42	12,04	11,67	16,52	0
16/07/2020 14:55:00	16,23	15,77	15,24	14,75	14,39	14,03	13,66	13,33	13,03	12,74	12,43	12,11	11,79	16,57	0
16/07/2020 15:00:00	16,15	15,74	15,26	14,74	14,33	13,94	13,61	13,30	12,99	12,70	12,41	12,10	11,79	16,38	0
16/07/2020 15:05:00	16,03	15,64	15,17	14,66	14,28	13,90	13,54	13,21	12,90	12,59	12,28	11,96	11,63	16,36	0
16/07/2020 15:10:00	16,09	15,71	15,17	14,63	14,23	13,84	13,49	13,16	12,86	12,57	12,28	11,98	11,67	16,30	0
16/07/2020 15:15:00	16,08	15,65	15,08	14,57	14,17	13,79	13,41	13,08	12,77	12,48	12,18	11,86	11,54	16,42	0
16/07/2020 15:20:00	15,89	15,59	15,18	14,66	14,23	13,82	13,44	13,09	12,76	12,43	12,10	11,75	11,40	16,21	0
16/07/2020 15:25:00	15,82	15,50	15,01	14,53	14,15	13,75	13,35	13,00	12,68	12,36	12,03	11,69	11,34	16,12	0
16/07/2020 15:30:00	15,82	15,39	14,79	14,25	13,86	13,49	13,13	12,81	12,51	12,23	11,96	11,68	11,39	15,95	0
16/07/2020 15:35:00	15,65	15,29	14,74	14,22	13,84	13,50	13,18	12,88	12,59	12,33	12,08	11,82	11,55	15,62	0
16/07/2020 15:40:00	15,65	15,32	14,79	14,32	13,93	13,58	13,25	12,95	12,66	12,38	12,11	11,83	11,55	15,67	0
16/07/2020 15:45:00	15,62	15,28	14,78	14,28	13,88	13,54	13,21	12,89	12,60	12,32	12,04	11,75	11,46	15,73	0
16/07/2020 15:50:00	15,51	15,13	14,56	14,10	13,74	13,46	13,19	12,92	12,66	12,43	12,22	11,99	11,75	15,65	0
16/07/2020 15:55:00	15,51	15,03	14,47	14,07	13,82	13,65	13,50	13,33	13,13	12,97	12,83	12,67	12,52	15,49	0
16/07/2020 16:00:00	15,36	15,05	14,60	14,27	14,07	13,91	13,75	13,57	13,36	13,19	13,03	12,85	12,66	15,37	0
16/07/2020 16:05:00	15,25	14,83	14,28	13,87	13,66	13,47	13,30	13,12	12,92	12,75	12,61	12,45	12,29	15,27	0
16/07/2020 16:10:00	15,07	14,66	14,26	14,03	13,97	13,93	13,83	13,71	13,56	13,43	13,32	13,17	13,03	15,40	0
16/07/2020 16:15:00	15,07	14,81	14,53	14,36	14,28	14,21	14,11	13,97	13,80	13,64	13,48	13,30	13,11	15,17	0
16/07/2020 16:20:00	15,14	15,09	14,64	14,32	14,10	13,97	13,79	13,60	13,39	13,22	13,07	12,91	12,74	15,40	0
16/07/2020 16:25:00	15,39	14,95	14,45	14,14	14,01	13,79	13,64	13,47	13,27	13,10	12,94	12,75	12,56	15,67	0
16/07/2020 16:30:00	15,44	15,14	14,66	14,26	14,01	13,83	13,68	13,49	13,28	13,11	12,96	12,79	12,62	15,62	0
16/07/2020 16:35:00	15,39	15,02	14,53	14,18	14,00	13,84	13,65	13,46	13,25	13,07	12,90	12,71	12,52	15,62	0
16/07/2020 16:40:00	15,45	15,05	14,58	14,17	13,93	13,79	13,61	13,42	13,21	13,04	12,89	12,71	12,54	15,72	0
16/07/2020 16:45:00	15,42	15,10	14,64	14,27	14,06	13,84	13,62	13,41	13,18	12,97	12,77	12,55	12,33	15,57	0
16/07/2020 16:50:00	15,41	15,18	14,69	14,32	14,08	13,87	13,63	13,40	13,17	12,96	12,77	12,55	12,34	15,76	0
16/07/2020 16:55:00	15,34	15,08	14,57	14,19	13,95	13,76	13,53	13,30	13,08	12,88	12,70	12,50	12,30	15,71	0
16/07/2020 17:00:00	15,43	15,16	14,76	14,38	14,11	13,88	13,62	13,38	13,12	12,89	12,66	12,40	12,15	15,94	0
16/07/2020 17:05:00	15,30	15,11	14,70	14,32	14,06	13,80	13,55	13,30	13,05	12,81	12,58	12,34	12,09	15,72	0
16/07/2020 17:10:00	15,38	15,11	14,71	14,29	14,02	13,78	13,49	13,21	12,95	12,70	12,45	12,19	11,93	15,84	0
16/07/2020 17:15:00	15,39	15,11	14,62	14,17	13,90	13,69	13,44	13,20	12,96	12,75	12,56	12,35	12,14	15,78	0
16/07/2020 17:20:00	15,54	15,20	14,66	14,20	13,87	13,61	13,34	13,08	12,83	12,60	12,39	12,16	11,94	15,78	0
16/07/2020 17:25:00	15,79	15,42	14,87	14,39	14,07	13,75	13,42	13,11	12,84	12,58	12,32	12,04	11,77	16,17	0
16/07/2020 17:30:00	15,64	15,37	14,85	14,40	14,09	13,75	13,43	13,14	12,85	12,59	12,33	12,05	11,77	16,12	0
16/07/2020 17:35:00	15,75	15,28	14,66	14,21	13,88	13,60	13,33	13,07	12,82	12,60	12,38	12,15	11,92	16,44	0
16/07/2020 17:40:00	15,59	15,25	14,70	14,21	13,89	13,58	13,26	12,97	12,69	12,44	12,20	11,94	11,68	16,29	0
16/07/2020 17:45:00	15,63	15,32	14,78	14,28	13,92	13,61	13,30	13,02	12,74	12,49	12,25	12,00	11,75	15,86	0
16/07/2020 17:50:00	15,67	15,36	14,85	14,37	13,98	13,65	13,32	13,01	12,72	12,45	12,18	11,90	11,62	16,35	0
16/07/2020 17:55:00	15,51	15,23	14,73	14,26	13,94	13,62	13,33	13,05	12,77	12,52	12,28	12,02	11,76	16,07	0
16/07/2020 18:00:00	15,25	15,40	14,96	14,53	14,16	13,78	13,46	13,15	12,84	12,56	12,29	12,00	11,72	15,90	0
16/07/2020 18:05:00	15,52	15,07	14,64	14,33	14,18	14,08	13,97	13,83	13,65	13,50	13,37	13,21	13,05	15,61	0
16/07/2020 18:10:00	15,33	15,03	14,68	14,41	14,31	14,24	14,14	14,01	13,83	13,69	13,55	13,40	13,24	15,39	0
16/07/2020 18:15:00	15,22	15,00	14,67	14,44	14,28	14,18	14,09	13,96	13,78	13,62	13,47	13,30	13,13	15,30	0
16/07/2020 18:20:00	15,16	15,06	14,76	14,50	14,31	14,18	14,02	13,83	13,62	13,42	13,23	13,03	12,82	15,30	0
16/07/2020 18:25:00	15,23	14,99	14,68	14,46	14,30	14,22	14,08	13,91	13,72	13,54	13,36	13,16	12,96	15,15	0
16/07/2020 18:30:00	15,16	14,92	14,62	14,42	14,24	14,13	13,99	13,82	13,62	13,42	13,23	13,02	12,80	15,15	0
16/07/2020 18:35:00	15,24	15,01	14,69	14,42	14,23	14,05	13,92	13,75	13,53	13,34	13,15	12,94	12,73	15,19	0
16/07/2020 18:40:00	15,28	15,01	14,66	14,41	14,21	14,05	13,91	13,74	13,53	13,34	13,16	12,95	12,74	15,28	0
16/07/2020 18:45:00	15,19	14,90	14,58	14,36	14,27	14,18	14,06	13,91	13,73	13,56	13,40	13,21	13,02	15,25	0
16/07/2020 18:50:00	15,07	14,89	14,60	14,35	14,18	14,10	13,94	13,76	13,56	13,38	13,20	13,00	12,79	15,07	0
16/07/2020 18:55:00	15,07	14,89	14,57	14,36	14,24	14,16	14,01	13,85	13,66	13,49	13,32	13,13	12,94	15,15	0
16/07/2020 19:00:00	15,10	14,93	14,62	14,38	14,16	14,02	13,89	13,73	13,52	13,33	13,15	12,95	12,75	15,22	0
16/07/2020 19:05:00	15,10	14,92	14,70	14,46	14,31	14,24	14,11	13,96	13,76	13,57	13,40	13,20	13,00	15,17	0
16/07/2020 19:10:00	14,99	14,86	14,57	14,38	14,28	14,14	14,05	13,91	13,72	13,54	13,38	13,18	12,99	14,95	0
16/07/2020 19:15:00	15,07	14,82	14,48	14,26	14,08	13,95	13,80	13,62	13,42	13,23	13,04	12,83	12,62	15,08	0
16/07/2020 19:20:00	15,09	14,82	14,52	14,28	14,15	14,02	13,87	13,70	13,50	13,31	13,13	12,91	12,70	15,11	0
16/07/2020 19:25:00	15,01	14,81	14,42	14,15	14,02	13,91	13,79	13,63	13,45	13,29	13,15	12,98	12,81	15,11	0
16/07/2020 19:30:00	15,12	14,87	14,54	14,24	14,03	13,89	13,76	13,60	13,39	13,20	13,03	12,85	12,66	15,12	0
16/07/2020 19:35:00	15,17	14,89	14,54	14,23	14,03	13,87	13,70	13,52	13,30	13,11	12,92	12,71	12,50	15,27	0
16/07/2020 19:40:00	15,14	14,88	14,51	14,21	14,07	13,94	13,76	13,58	13,37	13,19	13,01	12,81	12,61	15,15	0
16/07/2020 19:45:00	15,05	14,87	14,48	14,13	13,92	13,76	13,54	13,32	13,09	12,88	12,69	12,47	12,26	14,98	0
16/07/2020 19:50:00	15,07	14,86	14,50	14,19	13,95	13,77	13,58	13,37	13,14	12,93	12,73	12,51	12,29	15,17	0
16/07/2020 19:55:00	15,06	14,74	14,35	14,10	13,91	13,81	13,65	13,48	13,28	13,10	12,93	12,73	12,53	15,14	0
16/07/2020 20:00:00	14,90	14,58	14,23	14,03	13,95	13,87	13,78	13,65	13,48	13,33	13,19	13,02	12,85	14,96	0
16/07/2020 20:05:00	14,86	14,54	14,26	14,03	13,88	13,79	13,66	13,50	13,30	13,12	12,94	12,74	12,54	14,80	0
16/07/2020 20:10:00	14,70	14,51	14,23	13,92	13,73	13,60	13,41	13,22	12,99	12,79	12,60	12,39	12,17	14,70	0
16/07/2020 20:15:00	14,80	14,54	14,24	14,01	13,88	13,74	13,57	13,39	13,18	12,98	12,78	12,55	12,33	14,74	0
16/07/2020 20:20:00	14,79	14,50	14,26	14,00	13,89	13,78	13,63	13,46	13,25	13,06	12,87	12,65	12,44	14,79	0
16/07/2020 20:25:00	14,81	14,54	14,27	13,99	13,81	13,68	13,52	13,34	13,13	12,93	12,74	12,52	12,31	14,84	0
16/07/2020 20:30:00	14,72	14,52	14,26	14,01	13,82	13,67	13,51	13,33	13,11	12,90	12,70	12,47	12,25	14,73	0
16/07/2020 20:35:00	14,70	14,44	14,17	13,91	13,77	13,65	13,49	13,31	13,10	12,90	12,71	12,50	12,28	14,65	0
16/07/2020 20:40:00	14,69	14,43	14,15	13,89	13,72	13,63	13,44	13,25	13,03	12,84	12,64	12,42	12,20	14,69	0
16/07/2020 20:45:00	14,66	14,47	14,21	13,93	13,75	13,61	13,44	13,25	13,02	12,82	12,62	12,40	12,18	14,65	0
16/07/2020 20:50:00	14,73	14,51	14,18	13,92	13,77	13,61	13,43	13,23	13,01	12,81	12,61	12,39	12,17	14,71	0
16/07/2020 20:55:00	14,68	14,47	14,18	13,95	13,80	13,64	13,45	13,25	13,03	12,82	12,60	12,36	12,12	14,72	0
16/07/2020 21:00:00	14,69	14,38	14,09	13,84	13,69	13,57	13,41	13,23	13,02	12,82	12,63	12,41	12,19	14,67	0
16/07/2020 21:05:00	14,60	14,32	14,06	13,83	13,71	13,57	13,39	13,19	12,98	12,77	12,56	12,33	12,09	14,64	0
16/07/2020 21:10:00	14,66	14,41	14,10	13,85	13,70	13,58	13,42	13,24	13,04	12,85	12,67	12,46	12,26	14,67	0
16/07/2020 21:15:00	14,58	14,38	14,12	13,88	13,70	13,60	13,42	13,23	13,02	12,82	12,62	12,40	12,18	14,54	0
16/07/2020 21:20:00	14,51	14,29	14,07	13,81	13,63	13,51	13,36	13,19	12,97	12,77	12,57	12,35	12,14	14,54	0
16/07/2020 21:25:00	14,58	14,36	14,06	13,83	13,67	13,55	13,41	13,24	13,03	12,84	12,66	12,46	12,25	14,62	0
16/07/2020 21:30:00	14,55	14,32	14,04	13,80	13,67	13,55	13,38	13,19	12,98	12,79	12,60	12,38	12,16	14,57	0
16/07/2020 21:35:00	14,52	14,30	13,98	13,78	13,66	13,53	13,41	13,25	13,06	12,88	12,71	12,51	12,31	14,57	0
16/07/2020 21:40:00	14,63	14,34	14,05	13,80	13,69	13,62	13,50	13,35	13,16	13,00	12,85	12,67	12,49	14,62	0
16/07/2020 21:45:00	14,62	14,34	14,09	13,92	13,76	13,64	13,50	13,33	13,12	12,93	12,72	12,49	12,26	14,59	0
16/07/2020 21:50:00	14,52	14,32	14,04	13,85	13,72	13,58	13,42	13,25	13,04	12,84	12,64	12,42	12,20	14,54	0
16/07/2020 21:55:00	14,58	14,38	14,09	13,85	13,71	13,60	13,45	13,28	13,08	12,90	12,72	12,52	12,32	14,58	0
16/07/2020 22:00:00	14,62	14,40	14,10	13,84	13,71	13,60	13,43	13,24	13,04	12,85	12,67	12,46	12,25	14,61	0
16/07/2020 22:05:00	14,54	14,36	14,07	13,80	13,65	13,52	13,37	13,20	12,99	12,81	12,63	12,43	12,23	14,55	0
16/07/2020 22:10:00	14,47	14,32	14,08	13,84	13,71	13,54	13,40	13,22	13,00	12,79	12,59	12,36	12,14	14,54	0
16/07/2020 22:15:00	14,50	14,26	14,02	13,81	13,72	13,64	13,49	13,32	13,13	12,94	12,76	12,55	12,34	14,56	0
16/07/2020 22:20:00	14,62	14,44	14,22	13,99	13,86	13,74	13,58	13,40	13,19	12,99	12,78	12,56	12,33	14,63	0
16/07/2020 22:25:00	14,58	14,38	14,16	13,95	13,78	13,67	13,52	13,35	13,14	12,94	12,74	12,51	12,29	14,62	0
16/07/2020 22:30:00	14,57	14,40	14,18	13,90	13,74	13,56	13,39	13,19	12,95	12,73	12,51	12,27	12,02	14,54	0
16/07/2020 22:35:00	14,55	14,36	14,12	13,89	13,72	13,61	13,45	13,27	13,05	12,85	12,66	12,44	12,22	14,54	0
16/07/2020 22:40:00	14,56	14,41	14,14	13,91	13,79	13,65	13,49	13,31	13,09	12,90	12,70	12,49	12,27	14,60	0
16/07/2020 22:45:00	14,64	14,40	14,14	13,91	13,77	13,73	13,63	13,50	13,31	13,15	13,01	12,84	12,66	14,62	0
16/07/2020 22:50:00	14,56	14,29	14,01	13,85	13,76	13,74	13,70	13,61	13,45	13,32	13,21	13,06	12,92	14,57	0
16/07/2020 22:55:00	14,54	14,30	14,08	13,93	13,86	13,86	13,82	13,72	13,56	13,43	13,30	13,15	13,00	14,58	0
16/07/2020 23:00:00	14,53	14,27	13,96	13,74	13,67	13,53	13,40	13,24	13,05	12,87	12,70	12,50	12,30	14,49	0
16/07/2020 23:05:00	14,54	14,25	14,02	13,80	13,68	13,57	13,44	13,27	13,06	12,87	12,68	12,46	12,24	14,47	0
16/07/2020 23:10:00	14,36	14,22	13,98	13,72	13,57	13,39	13,24	13,05	12,83	12,62	12,42	12,19	11,97	14,45	0
16/07/2020 23:15:00	14,41	14,30	14,12	13,84	13,63	13,49	13,29	13,06	12,82	12,59	12,36	12,10	11,85	14,40	0
16/07/2020 23:20:00	14,41	14,25	14,05	13,88	13,76	13,60	13,46	13,28	13,06	12,85	12,63	12,38	12,14	14,35	0
16/07/2020 23:25:00	14,26	14,18	14,04	13,79	13,62	13,47	13,25	13,03	12,78	12,54	12,29	12,02	11,75	14,37	0
16/07/2020 23:30:00	14,36	14,22	14,04	13,80	13,61	13,46	13,28	13,07	12,83	12,60	12,37	12,12	11,87	14,33	0
16/07/2020 23:35:00	14,17	14,04	13,88	13,69	13,49	13,30	13,07	12,83	12,57	12,31	12,04	11,74	11,44	14,21	0
16/07/2020 23:40:00	14,17	13,93	13,71	13,49	13,30	13,16	12,99	12,80	12,57	12,36	12,14	11,91	11,67	14,16	0
16/07/2020 23:45:00	14,19	14,03	13,73	13,43	13,26	13,12	12,95	12,76	12,54	12,35	12,17	11,98	11,78	14,24	0
16/07/2020 23:50:00	14,18	13,97	13,76	13,53	13,36	13,16	12,96	12,75	12,51	12,27	12,03	11,76	11,50	14,14	0
16/07/2020 23:55:00	14,13	13,97	13,74	13,51	13,35	13,19	12,99	12,78	12,54	12,32	12,09	11,84	11,58	14,14	0
