FileFormat:0002.2 file with temperature of atmosphere
200
local	GMT or Local
0	GMT-Local=[hours]
0	Height[m]
0	0	0	Longitude                [grd]               [min]               [sec]
0	0	0	Latitude                [grd]               [min]               [sec]
N	NS
59,40	Freq[GHz]
0,00	dTemostat[K]
0,150	MessErr[K]
0,248	//[grad/step]
version 14.0.20110218
MTP5H033F5940K-33.00D180214+A1.1
Commentary:
enter comment
End Of Commentary

SYSTEM\alaska.dat
data time	0	50	100	150	200	250	300	350	400	450	500	550	600	OutsideTemperature	Quality
12/02/2020 00:00:00	1,47	1,98	2,02	1,64	1,07	0,20	-0,60	-1,16	-1,46	-1,71	-1,89	-2,00	-2,11	1,44	0
12/02/2020 00:05:00	1,47	2,01	2,02	1,68	1,11	0,40	-0,32	-0,79	-1,01	-1,22	-1,37	-1,44	-1,52	1,51	0
12/02/2020 00:10:00	1,46	1,97	2,03	1,65	1,11	0,38	-0,27	-0,70	-0,93	-1,12	-1,25	-1,30	-1,34	1,47	0
12/02/2020 00:15:00	1,47	1,95	2,01	1,68	1,21	0,48	-0,23	-0,69	-0,92	-1,13	-1,27	-1,35	-1,43	1,52	0
12/02/2020 00:20:00	1,49	1,98	2,00	1,65	1,16	0,40	-0,27	-0,72	-0,95	-1,15	-1,30	-1,37	-1,45	1,52	0
12/02/2020 00:25:00	1,52	2,15	2,17	1,73	1,11	0,33	-0,39	-0,86	-1,09	-1,28	-1,41	-1,45	-1,49	1,56	0
12/02/2020 00:30:00	1,58	1,97	2,00	1,66	1,23	0,48	-0,15	-0,58	-0,81	-1,02	-1,17	-1,25	-1,33	1,60	0
12/02/2020 00:35:00	1,59	2,04	2,09	1,79	1,30	0,55	-0,10	-0,54	-0,78	-1,00	-1,15	-1,24	-1,32	1,56	0
12/02/2020 00:40:00	1,58	1,99	1,96	1,67	1,21	0,59	0,07	-0,26	-0,41	-0,57	-0,68	-0,73	-0,77	1,57	0
12/02/2020 00:45:00	1,51	1,90	1,92	1,65	1,15	0,55	0,05	-0,28	-0,46	-0,64	-0,76	-0,80	-0,85	1,56	0
12/02/2020 00:50:00	1,46	1,95	1,92	1,61	1,12	0,52	0,01	-0,31	-0,45	-0,61	-0,71	-0,76	-0,80	1,53	0
12/02/2020 00:55:00	1,49	1,92	1,91	1,67	1,19	0,49	-0,10	-0,49	-0,68	-0,87	-1,00	-1,07	-1,14	1,48	0
12/02/2020 01:00:00	1,44	1,94	1,89	1,47	0,94	0,33	-0,22	-0,55	-0,68	-0,82	-0,91	-0,94	-0,96	1,49	0
12/02/2020 01:05:00	1,49	1,94	2,05	1,80	1,35	0,63	-0,08	-0,58	-0,85	-1,08	-1,27	-1,38	-1,49	1,49	0
12/02/2020 01:10:00	1,50	1,99	1,95	1,59	1,00	0,35	-0,25	-0,61	-0,77	-0,92	-1,01	-1,02	-1,04	1,53	0
12/02/2020 01:15:00	1,54	2,05	2,12	1,86	1,36	0,62	-0,12	-0,63	-0,90	-1,13	-1,31	-1,42	-1,53	1,56	0
12/02/2020 01:20:00	1,62	2,06	2,07	1,85	1,37	0,67	0,03	-0,42	-0,67	-0,91	-1,10	-1,24	-1,39	1,55	0
12/02/2020 01:25:00	1,62	2,00	2,03	1,77	1,33	0,61	-0,09	-0,57	-0,81	-1,04	-1,22	-1,34	-1,46	1,60	0
12/02/2020 01:30:00	1,55	2,14	2,17	1,87	1,30	0,57	-0,19	-0,69	-0,94	-1,17	-1,34	-1,44	-1,55	1,55	0
12/02/2020 01:35:00	1,64	2,24	2,31	2,00	1,41	0,61	-0,12	-0,63	-0,91	-1,15	-1,33	-1,42	-1,52	1,63	0
12/02/2020 01:40:00	1,68	2,22	2,31	2,03	1,48	0,70	-0,07	-0,61	-0,90	-1,15	-1,34	-1,46	-1,58	1,73	0
12/02/2020 01:45:00	1,76	2,25	2,27	2,01	1,46	0,68	-0,03	-0,53	-0,80	-1,04	-1,23	-1,34	-1,46	1,69	0
12/02/2020 01:50:00	1,70	2,22	2,33	1,99	1,47	0,65	-0,16	-0,74	-1,05	-1,32	-1,52	-1,66	-1,80	1,68	0
12/02/2020 01:55:00	1,65	2,16	2,15	1,82	1,29	0,52	-0,20	-0,67	-0,91	-1,13	-1,29	-1,38	-1,48	1,67	0
12/02/2020 02:00:00	1,65	2,19	2,15	1,82	1,23	0,50	-0,28	-0,78	-1,02	-1,24	-1,41	-1,52	-1,62	1,63	0
12/02/2020 02:05:00	1,66	2,15	2,16	1,92	1,37	0,57	-0,20	-0,75	-1,03	-1,28	-1,48	-1,62	-1,75	1,61	0
12/02/2020 02:10:00	1,58	2,12	2,14	1,75	1,20	0,41	-0,38	-0,89	-1,14	-1,35	-1,51	-1,59	-1,67	1,59	0
12/02/2020 02:15:00	1,57	2,18	2,20	1,79	1,21	0,40	-0,40	-0,95	-1,22	-1,46	-1,64	-1,76	-1,87	1,58	0
12/02/2020 02:20:00	1,56	2,11	2,11	1,80	1,29	0,47	-0,30	-0,84	-1,11	-1,36	-1,55	-1,69	-1,83	1,55	0
12/02/2020 02:25:00	1,58	2,19	2,16	1,73	1,08	0,27	-0,52	-1,03	-1,28	-1,48	-1,63	-1,69	-1,76	1,57	0
12/02/2020 02:30:00	1,54	2,18	2,23	1,92	1,29	0,47	-0,34	-0,91	-1,22	-1,48	-1,69	-1,82	-1,95	1,58	0
12/02/2020 02:35:00	1,56	2,15	2,18	1,86	1,27	0,44	-0,36	-0,90	-1,19	-1,43	-1,62	-1,73	-1,84	1,56	0
12/02/2020 02:40:00	1,58	2,22	2,19	1,70	1,04	0,26	-0,45	-0,90	-1,12	-1,30	-1,42	-1,46	-1,49	1,58	0
12/02/2020 02:45:00	1,59	2,20	2,26	1,96	1,33	0,45	-0,36	-0,94	-1,26	-1,53	-1,73	-1,86	-1,98	1,59	0
12/02/2020 02:50:00	1,60	2,24	2,22	1,84	1,20	0,46	-0,30	-0,78	-1,01	-1,22	-1,37	-1,45	-1,53	1,61	0
12/02/2020 02:55:00	1,59	2,24	2,24	1,83	1,23	0,44	-0,29	-0,76	-0,99	-1,18	-1,32	-1,38	-1,44	1,61	0
12/02/2020 03:00:00	1,63	2,19	2,19	1,90	1,35	0,55	-0,13	-0,61	-0,87	-1,11	-1,29	-1,40	-1,52	1,59	0
12/02/2020 03:05:00	1,55	2,18	2,22	1,87	1,27	0,47	-0,30	-0,83	-1,10	-1,35	-1,52	-1,63	-1,74	1,60	0
12/02/2020 03:10:00	1,62	2,23	2,20	1,78	1,13	0,33	-0,38	-0,85	-1,09	-1,29	-1,43	-1,50	-1,56	1,61	0
12/02/2020 03:15:00	1,64	2,24	2,23	1,86	1,28	0,43	-0,34	-0,87	-1,14	-1,38	-1,56	-1,68	-1,80	1,62	0
12/02/2020 03:20:00	1,60	2,23	2,23	1,78	1,19	0,36	-0,44	-0,98	-1,24	-1,47	-1,63	-1,73	-1,83	1,59	0
12/02/2020 03:25:00	1,60	2,28	2,29	1,82	1,13	0,27	-0,52	-1,05	-1,32	-1,55	-1,70	-1,77	-1,84	1,63	0
12/02/2020 03:30:00	1,68	2,28	2,27	1,87	1,30	0,45	-0,27	-0,76	-1,01	-1,24	-1,41	-1,50	-1,60	1,63	0
12/02/2020 03:35:00	1,67	2,24	2,25	1,87	1,24	0,39	-0,42	-0,97	-1,25	-1,49	-1,66	-1,75	-1,84	1,67	0
12/02/2020 03:40:00	1,74	2,29	2,36	2,04	1,51	0,73	-0,02	-0,54	-0,83	-1,08	-1,27	-1,39	-1,51	1,66	0
12/02/2020 03:45:00	1,65	2,30	2,35	1,99	1,35	0,51	-0,32	-0,89	-1,19	-1,44	-1,62	-1,72	-1,82	1,66	0
12/02/2020 03:50:00	1,61	2,30	2,41	2,16	1,60	0,73	-0,11	-0,73	-1,07	-1,37	-1,61	-1,79	-1,97	1,64	0
12/02/2020 03:55:00	1,67	2,33	2,34	2,02	1,47	0,72	0,07	-0,36	-0,59	-0,80	-0,96	-1,05	-1,14	1,67	0
12/02/2020 04:00:00	1,64	2,37	2,41	2,02	1,41	0,65	-0,06	-0,53	-0,76	-0,97	-1,12	-1,19	-1,27	1,70	0
12/02/2020 04:05:00	1,66	2,36	2,38	1,99	1,42	0,65	-0,12	-0,61	-0,85	-1,07	-1,23	-1,33	-1,42	1,66	0
12/02/2020 04:10:00	1,60	2,34	2,38	2,02	1,40	0,55	-0,30	-0,87	-1,16	-1,40	-1,59	-1,72	-1,84	1,66	0
12/02/2020 04:15:00	1,65	2,33	2,34	1,93	1,29	0,44	-0,40	-0,97	-1,24	-1,47	-1,64	-1,74	-1,84	1,61	0
12/02/2020 04:20:00	1,59	2,39	2,34	1,85	1,14	0,21	-0,60	-1,13	-1,40	-1,61	-1,77	-1,83	-1,90	1,61	0
12/02/2020 04:25:00	1,67	2,35	2,38	2,00	1,44	0,53	-0,37	-0,99	-1,31	-1,58	-1,80	-1,95	-2,11	1,66	0
12/02/2020 04:30:00	1,62	2,37	2,46	2,00	1,35	0,47	-0,39	-0,97	-1,26	-1,51	-1,68	-1,76	-1,84	1,64	0
12/02/2020 04:35:00	1,68	2,38	2,41	2,01	1,32	0,46	-0,33	-0,87	-1,15	-1,38	-1,55	-1,63	-1,70	1,63	0
12/02/2020 04:40:00	1,64	2,36	2,40	1,99	1,32	0,40	-0,51	-1,14	-1,48	-1,76	-1,97	-2,11	-2,25	1,64	0
12/02/2020 04:45:00	1,64	2,30	2,31	1,93	1,27	0,36	-0,49	-1,09	-1,40	-1,66	-1,86	-1,98	-2,10	1,63	0
12/02/2020 04:50:00	1,63	2,24	2,23	1,87	1,21	0,43	-0,35	-0,86	-1,11	-1,34	-1,50	-1,58	-1,67	1,66	0
12/02/2020 04:55:00	1,58	2,20	2,21	1,83	1,26	0,46	-0,32	-0,84	-1,10	-1,34	-1,51	-1,62	-1,73	1,53	0
12/02/2020 05:00:00	1,54	2,19	2,19	1,81	1,16	0,31	-0,48	-1,01	-1,28	-1,51	-1,67	-1,76	-1,84	1,56	0
12/02/2020 05:05:00	1,52	2,13	2,06	1,63	1,01	0,28	-0,43	-0,87	-1,06	-1,24	-1,36	-1,41	-1,46	1,53	0
12/02/2020 05:10:00	1,49	2,16	2,19	1,81	1,11	0,16	-0,74	-1,39	-1,73	-2,01	-2,22	-2,35	-2,48	1,50	0
12/02/2020 05:15:00	1,51	2,20	2,19	1,79	1,10	0,17	-0,72	-1,35	-1,67	-1,94	-2,15	-2,28	-2,41	1,56	0
12/02/2020 05:20:00	1,59	2,26	2,22	1,74	1,07	0,15	-0,63	-1,18	-1,47	-1,71	-1,89	-2,00	-2,10	1,58	0
12/02/2020 05:25:00	1,62	2,20	2,28	1,91	1,29	0,35	-0,61	-1,31	-1,68	-1,99	-2,23	-2,40	-2,56	1,60	0
12/02/2020 05:30:00	1,54	2,19	2,19	1,76	1,10	0,23	-0,64	-1,23	-1,53	-1,78	-1,97	-2,09	-2,21	1,54	0
12/02/2020 05:35:00	1,63	2,22	2,24	1,85	1,17	0,28	-0,59	-1,20	-1,52	-1,79	-1,99	-2,11	-2,23	1,61	0
12/02/2020 05:40:00	1,55	2,18	2,23	1,87	1,26	0,32	-0,51	-1,11	-1,45	-1,74	-1,96	-2,11	-2,26	1,61	0
12/02/2020 05:45:00	1,57	2,15	2,17	1,81	1,09	0,26	-0,57	-1,14	-1,44	-1,69	-1,87	-1,97	-2,06	1,54	0
12/02/2020 05:50:00	1,52	2,16	2,19	1,71	1,06	0,16	-0,76	-1,38	-1,69	-1,95	-2,13	-2,24	-2,35	1,53	0
12/02/2020 05:55:00	1,50	2,16	2,22	1,78	1,13	0,17	-0,75	-1,41	-1,75	-2,04	-2,25	-2,39	-2,52	1,56	0
12/02/2020 06:00:00	1,57	2,17	2,16	1,79	1,09	0,15	-0,76	-1,42	-1,78	-2,08	-2,32	-2,49	-2,66	1,56	0
12/02/2020 06:05:00	1,53	2,19	2,16	1,72	0,97	0,06	-0,86	-1,49	-1,81	-2,07	-2,27	-2,39	-2,52	1,57	0
12/02/2020 06:10:00	1,55	2,11	2,13	1,75	1,14	0,17	-0,72	-1,37	-1,73	-2,03	-2,27	-2,44	-2,61	1,53	0
12/02/2020 06:15:00	1,51	2,16	2,13	1,74	1,00	0,07	-0,82	-1,44	-1,77	-2,03	-2,24	-2,36	-2,49	1,49	0
12/02/2020 06:20:00	1,47	2,10	2,07	1,65	0,96	0,04	-0,83	-1,43	-1,75	-2,01	-2,21	-2,34	-2,47	1,51	0
12/02/2020 06:25:00	1,56	2,13	2,17	1,77	1,17	0,21	-0,75	-1,42	-1,77	-2,06	-2,29	-2,44	-2,60	1,56	0
12/02/2020 06:30:00	1,50	2,10	2,10	1,65	0,94	0,00	-0,89	-1,51	-1,83	-2,10	-2,28	-2,39	-2,49	1,52	0
12/02/2020 06:35:00	1,49	2,00	2,00	1,63	1,00	0,04	-0,86	-1,52	-1,88	-2,17	-2,41	-2,57	-2,74	1,49	0
12/02/2020 06:40:00	1,46	2,05	2,03	1,61	0,92	0,07	-0,82	-1,43	-1,73	-1,98	-2,17	-2,29	-2,41	1,49	0
12/02/2020 06:45:00	1,48	2,01	1,97	1,51	0,84	-0,06	-0,98	-1,60	-1,90	-2,15	-2,34	-2,46	-2,57	1,50	0
12/02/2020 06:50:00	1,45	1,99	1,96	1,55	0,88	-0,05	-0,91	-1,52	-1,84	-2,11	-2,31	-2,44	-2,57	1,44	0
12/02/2020 06:55:00	1,43	1,93	1,84	1,40	0,77	-0,13	-0,98	-1,56	-1,84	-2,08	-2,26	-2,38	-2,50	1,37	0
12/02/2020 07:00:00	1,33	1,90	1,81	1,37	0,68	-0,20	-1,09	-1,69	-1,98	-2,22	-2,41	-2,54	-2,66	1,33	0
12/02/2020 07:05:00	1,33	1,86	1,79	1,38	0,71	-0,18	-1,02	-1,60	-1,89	-2,14	-2,33	-2,45	-2,56	1,33	0
12/02/2020 07:10:00	1,36	1,85	1,82	1,33	0,68	-0,21	-1,04	-1,61	-1,90	-2,15	-2,32	-2,42	-2,51	1,37	0
12/02/2020 07:15:00	1,34	1,83	1,80	1,41	0,70	-0,19	-1,10	-1,73	-2,06	-2,32	-2,52	-2,64	-2,75	1,36	0
12/02/2020 07:20:00	1,30	1,90	1,81	1,31	0,59	-0,28	-1,14	-1,71	-1,98	-2,20	-2,37	-2,46	-2,55	1,35	0
12/02/2020 07:25:00	1,41	1,86	1,78	1,35	0,63	-0,21	-1,05	-1,63	-1,91	-2,15	-2,32	-2,42	-2,51	1,39	0
12/02/2020 07:30:00	1,34	1,85	1,81	1,31	0,69	-0,20	-1,06	-1,64	-1,91	-2,14	-2,31	-2,40	-2,49	1,35	0
12/02/2020 07:35:00	1,36	1,71	1,72	1,40	0,83	0,02	-0,82	-1,42	-1,73	-1,99	-2,19	-2,32	-2,45	1,35	0
12/02/2020 07:40:00	1,35	1,80	1,75	1,32	0,64	-0,18	-0,97	-1,51	-1,78	-2,01	-2,17	-2,25	-2,34	1,36	0
12/02/2020 07:45:00	1,26	1,81	1,71	1,29	0,63	-0,18	-0,96	-1,47	-1,71	-1,92	-2,07	-2,16	-2,24	1,30	0
12/02/2020 07:50:00	1,29	1,80	1,67	1,21	0,54	-0,26	-0,95	-1,38	-1,59	-1,76	-1,88	-1,92	-1,96	1,31	0
12/02/2020 07:55:00	1,32	1,78	1,74	1,29	0,69	-0,13	-0,96	-1,51	-1,77	-1,99	-2,15	-2,25	-2,34	1,33	0
12/02/2020 08:00:00	1,33	1,71	1,65	1,23	0,60	-0,23	-1,03	-1,58	-1,84	-2,06	-2,22	-2,30	-2,38	1,28	0
12/02/2020 08:05:00	1,24	1,81	1,71	1,21	0,51	-0,40	-1,20	-1,73	-1,99	-2,20	-2,34	-2,40	-2,47	1,29	0
12/02/2020 08:10:00	1,23	1,69	1,66	1,22	0,56	-0,33	-1,14	-1,72	-2,03	-2,29	-2,49	-2,61	-2,73	1,23	0
12/02/2020 08:15:00	1,26	1,74	1,68	1,18	0,48	-0,42	-1,24	-1,80	-2,08	-2,30	-2,45	-2,52	-2,58	1,25	0
12/02/2020 08:20:00	1,24	1,67	1,60	1,23	0,61	-0,27	-1,08	-1,65	-1,94	-2,19	-2,38	-2,50	-2,62	1,26	0
12/02/2020 08:25:00	1,27	1,79	1,68	1,20	0,50	-0,40	-1,23	-1,79	-2,06	-2,28	-2,44	-2,52	-2,60	1,24	0
12/02/2020 08:30:00	1,25	1,80	1,78	1,33	0,68	-0,26	-1,11	-1,73	-2,06	-2,33	-2,54	-2,68	-2,82	1,28	0
12/02/2020 08:35:00	1,24	1,80	1,71	1,24	0,59	-0,34	-1,21	-1,81	-2,11	-2,36	-2,55	-2,68	-2,81	1,27	0
12/02/2020 08:40:00	1,34	1,75	1,70	1,35	0,72	-0,17	-1,02	-1,64	-1,97	-2,24	-2,46	-2,61	-2,77	1,29	0
12/02/2020 08:45:00	1,34	1,76	1,74	1,41	0,78	-0,10	-0,99	-1,64	-1,98	-2,27	-2,50	-2,66	-2,83	1,29	0
12/02/2020 08:50:00	1,28	1,75	1,69	1,25	0,59	-0,28	-1,10	-1,67	-1,96	-2,21	-2,40	-2,52	-2,64	1,28	0
12/02/2020 08:55:00	1,32	1,77	1,74	1,31	0,73	-0,17	-1,07	-1,72	-2,05	-2,33	-2,56	-2,73	-2,90	1,29	0
12/02/2020 09:00:00	1,32	1,76	1,68	1,26	0,66	-0,28	-1,16	-1,77	-2,07	-2,33	-2,52	-2,66	-2,79	1,26	0
12/02/2020 09:05:00	1,30	1,77	1,65	1,28	0,64	-0,20	-0,98	-1,51	-1,78	-2,02	-2,20	-2,33	-2,45	1,31	0
12/02/2020 09:10:00	1,33	1,79	1,72	1,22	0,61	-0,28	-1,12	-1,68	-1,96	-2,19	-2,36	-2,46	-2,56	1,28	0
12/02/2020 09:15:00	1,30	1,74	1,66	1,19	0,55	-0,30	-1,13	-1,68	-1,95	-2,17	-2,34	-2,43	-2,52	1,31	0
12/02/2020 09:20:00	1,27	1,71	1,63	1,24	0,63	-0,18	-1,03	-1,59	-1,84	-2,06	-2,23	-2,34	-2,44	1,24	0
12/02/2020 09:25:00	1,27	1,71	1,65	1,21	0,58	-0,22	-1,01	-1,54	-1,80	-2,02	-2,18	-2,28	-2,37	1,26	0
12/02/2020 09:30:00	1,26	1,65	1,60	1,28	0,72	-0,10	-0,91	-1,48	-1,77	-2,03	-2,23	-2,38	-2,53	1,27	0
12/02/2020 09:35:00	1,21	1,67	1,63	1,19	0,59	-0,24	-1,05	-1,61	-1,88	-2,11	-2,28	-2,39	-2,49	1,25	0
12/02/2020 09:40:00	1,23	1,64	1,56	1,18	0,53	-0,28	-1,03	-1,54	-1,80	-2,02	-2,18	-2,27	-2,36	1,23	0
12/02/2020 09:45:00	1,18	1,61	1,52	1,06	0,43	-0,32	-1,03	-1,49	-1,70	-1,88	-2,00	-2,06	-2,11	1,23	0
12/02/2020 09:50:00	1,17	1,58	1,52	1,11	0,53	-0,27	-1,02	-1,52	-1,76	-1,97	-2,12	-2,21	-2,29	1,19	0
12/02/2020 09:55:00	1,20	1,61	1,49	1,05	0,36	-0,39	-1,10	-1,56	-1,79	-1,98	-2,11	-2,17	-2,23	1,17	0
12/02/2020 10:00:00	1,19	1,57	1,41	1,01	0,40	-0,38	-1,05	-1,48	-1,68	-1,86	-2,00	-2,07	-2,14	1,16	0
12/02/2020 10:05:00	1,23	1,56	1,44	1,08	0,50	-0,26	-0,99	-1,49	-1,74	-1,96	-2,14	-2,26	-2,39	1,19	0
12/02/2020 10:10:00	1,23	1,63	1,46	1,01	0,37	-0,38	-1,13	-1,61	-1,82	-2,00	-2,14	-2,22	-2,30	1,19	0
12/02/2020 10:15:00	1,27	1,74	1,63	1,14	0,46	-0,38	-1,19	-1,74	-2,01	-2,24	-2,42	-2,52	-2,62	1,32	0
12/02/2020 10:20:00	1,30	1,77	1,60	1,09	0,41	-0,46	-1,32	-1,87	-2,13	-2,35	-2,51	-2,62	-2,72	1,30	0
12/02/2020 10:25:00	1,26	1,69	1,59	1,08	0,41	-0,52	-1,43	-2,04	-2,34	-2,58	-2,77	-2,88	-2,98	1,26	0
12/02/2020 10:30:00	1,30	1,72	1,65	1,15	0,45	-0,49	-1,41	-2,06	-2,40	-2,67	-2,89	-3,02	-3,16	1,26	0
12/02/2020 10:35:00	1,19	1,69	1,48	0,97	0,29	-0,63	-1,47	-2,03	-2,29	-2,52	-2,70	-2,83	-2,95	1,14	0
12/02/2020 10:40:00	1,16	1,55	1,42	0,96	0,33	-0,57	-1,40	-1,99	-2,29	-2,55	-2,76	-2,91	-3,07	1,13	0
12/02/2020 10:45:00	1,13	1,61	1,43	0,93	0,18	-0,75	-1,61	-2,19	-2,46	-2,68	-2,85	-2,94	-3,03	1,17	0
12/02/2020 10:50:00	1,12	1,62	1,48	0,89	0,14	-0,78	-1,63	-2,20	-2,47	-2,68	-2,83	-2,90	-2,97	1,19	0
12/02/2020 10:55:00	1,07	1,38	1,22	0,81	0,18	-0,61	-1,44	-2,00	-2,27	-2,51	-2,70	-2,85	-2,99	1,05	0
12/02/2020 11:00:00	0,97	1,34	1,18	0,70	0,04	-0,83	-1,60	-2,12	-2,39	-2,61	-2,79	-2,90	-3,01	0,99	0
12/02/2020 11:05:00	0,95	1,34	1,14	0,63	-0,06	-0,91	-1,69	-2,21	-2,46	-2,68	-2,85	-2,97	-3,08	0,97	0
12/02/2020 11:10:00	0,87	1,22	1,04	0,55	-0,12	-0,98	-1,80	-2,35	-2,61	-2,82	-2,98	-3,08	-3,18	0,85	0
12/02/2020 11:15:00	0,89	1,27	1,10	0,53	-0,21	-1,10	-1,90	-2,45	-2,73	-2,95	-3,12	-3,21	-3,31	0,92	0
12/02/2020 11:20:00	0,93	1,36	1,13	0,53	-0,25	-1,14	-1,95	-2,46	-2,70	-2,88	-3,01	-3,05	-3,10	0,90	0
12/02/2020 11:25:00	0,95	1,18	0,96	0,47	-0,20	-1,07	-1,85	-2,39	-2,66	-2,89	-3,07	-3,18	-3,30	0,91	0
12/02/2020 11:30:00	0,82	1,23	1,01	0,59	-0,17	-1,10	-1,96	-2,56	-2,87	-3,12	-3,32	-3,46	-3,61	0,84	0
12/02/2020 11:35:00	0,82	1,19	1,03	0,47	-0,18	-1,08	-1,93	-2,52	-2,80	-3,03	-3,21	-3,33	-3,45	0,85	0
12/02/2020 11:40:00	0,84	1,15	0,97	0,48	-0,25	-1,13	-1,99	-2,59	-2,89	-3,13	-3,32	-3,45	-3,58	0,79	0
12/02/2020 11:45:00	0,78	1,12	0,84	0,34	-0,42	-1,33	-2,14	-2,69	-2,95	-3,16	-3,33	-3,43	-3,53	0,81	0
12/02/2020 11:50:00	0,80	1,10	0,91	0,43	-0,21	-1,08	-1,90	-2,47	-2,75	-2,98	-3,18	-3,31	-3,45	0,81	0
12/02/2020 11:55:00	0,85	1,18	0,94	0,45	-0,23	-1,06	-1,88	-2,43	-2,68	-2,90	-3,09	-3,22	-3,35	0,82	0
12/02/2020 12:00:00	0,78	1,05	0,78	0,32	-0,33	-1,13	-1,94	-2,48	-2,71	-2,92	-3,09	-3,22	-3,34	0,78	0
12/02/2020 12:05:00	0,80	0,98	0,80	0,38	-0,28	-1,09	-1,94	-2,54	-2,83	-3,08	-3,27	-3,42	-3,56	0,73	0
12/02/2020 12:10:00	0,62	0,80	0,51	-0,03	-0,62	-1,42	-2,15	-2,62	-2,81	-2,98	-3,11	-3,19	-3,27	0,61	0
12/02/2020 12:15:00	0,61	0,73	0,48	-0,04	-0,70	-1,50	-2,22	-2,71	-2,94	-3,13	-3,27	-3,35	-3,44	0,40	0
12/02/2020 12:20:00	0,34	0,50	0,19	-0,28	-0,89	-1,64	-2,30	-2,74	-2,93	-3,09	-3,23	-3,33	-3,42	0,29	0
12/02/2020 12:25:00	0,31	0,42	0,19	-0,23	-0,87	-1,66	-2,41	-2,93	-3,17	-3,36	-3,52	-3,62	-3,72	0,26	0
12/02/2020 12:30:00	0,30	0,45	0,22	-0,19	-0,84	-1,63	-2,36	-2,88	-3,13	-3,33	-3,50	-3,61	-3,73	0,26	0
12/02/2020 12:35:00	0,31	0,52	0,27	-0,19	-0,84	-1,70	-2,47	-3,00	-3,27	-3,48	-3,66	-3,78	-3,91	0,31	0
12/02/2020 12:40:00	0,35	0,49	0,25	-0,13	-0,79	-1,55	-2,35	-2,89	-3,14	-3,34	-3,51	-3,63	-3,75	0,36	0
12/02/2020 12:45:00	0,38	0,60	0,38	-0,10	-0,79	-1,65	-2,41	-2,95	-3,21	-3,43	-3,60	-3,70	-3,81	0,36	0
12/02/2020 12:50:00	0,35	0,66	0,41	-0,15	-0,89	-1,74	-2,50	-3,01	-3,26	-3,45	-3,59	-3,67	-3,75	0,43	0
12/02/2020 12:55:00	0,40	0,64	0,38	-0,10	-0,79	-1,69	-2,46	-3,00	-3,27	-3,49	-3,66	-3,78	-3,89	0,40	0
12/02/2020 13:00:00	0,42	0,53	0,30	-0,14	-0,85	-1,69	-2,56	-3,17	-3,46	-3,69	-3,87	-4,00	-4,12	0,43	0
12/02/2020 13:05:00	0,33	0,45	0,23	-0,20	-0,84	-1,71	-2,50	-3,07	-3,36	-3,58	-3,77	-3,90	-4,03	0,23	0
12/02/2020 13:10:00	0,21	0,45	0,11	-0,56	-1,34	-2,25	-3,00	-3,50	-3,71	-3,88	-3,99	-4,03	-4,08	0,22	0
12/02/2020 13:15:00	0,09	0,23	-0,10	-0,66	-1,33	-2,14	-2,83	-3,28	-3,48	-3,64	-3,77	-3,83	-3,90	-0,01	0
12/02/2020 13:20:00	-0,06	0,15	-0,23	-0,77	-1,48	-2,26	-2,99	-3,46	-3,64	-3,79	-3,91	-3,99	-4,07	-0,03	0
12/02/2020 13:25:00	-0,04	0,16	-0,16	-0,72	-1,42	-2,26	-3,04	-3,55	-3,77	-3,94	-4,08	-4,16	-4,24	-0,07	0
12/02/2020 13:30:00	-0,09	0,03	-0,28	-0,79	-1,43	-2,29	-3,04	-3,55	-3,79	-3,99	-4,15	-4,26	-4,37	-0,09	0
12/02/2020 13:35:00	0,00	0,11	-0,24	-0,75	-1,39	-2,19	-2,92	-3,39	-3,59	-3,76	-3,90	-4,00	-4,09	-0,01	0
12/02/2020 13:40:00	0,01	0,09	-0,31	-0,91	-1,57	-2,37	-3,12	-3,59	-3,76	-3,89	-4,00	-4,06	-4,12	0,08	0
12/02/2020 13:45:00	-0,06	0,03	-0,26	-0,77	-1,38	-2,21	-3,02	-3,57	-3,81	-4,00	-4,17	-4,29	-4,41	-0,06	0
12/02/2020 13:50:00	-0,12	-0,07	-0,45	-0,94	-1,60	-2,38	-3,15	-3,66	-3,88	-4,06	-4,22	-4,34	-4,47	-0,20	0
12/02/2020 13:55:00	-0,25	-0,18	-0,55	-1,11	-1,84	-2,65	-3,42	-3,91	-4,11	-4,26	-4,38	-4,43	-4,48	-0,16	0
12/02/2020 14:00:00	-0,34	-0,37	-0,68	-1,14	-1,79	-2,62	-3,33	-3,84	-4,10	-4,30	-4,47	-4,59	-4,71	-0,29	0
12/02/2020 14:05:00	-0,29	-0,27	-0,64	-1,19	-1,84	-2,63	-3,32	-3,77	-3,95	-4,10	-4,21	-4,27	-4,34	-0,30	0
12/02/2020 14:10:00	-0,33	-0,33	-0,65	-1,20	-1,81	-2,59	-3,38	-3,89	-4,10	-4,27	-4,41	-4,50	-4,59	-0,29	0
12/02/2020 14:15:00	-0,34	-0,32	-0,58	-1,09	-1,71	-2,55	-3,33	-3,89	-4,15	-4,35	-4,51	-4,62	-4,73	-0,30	0
12/02/2020 14:20:00	-0,37	-0,29	-0,60	-1,16	-1,76	-2,55	-3,29	-3,79	-4,00	-4,18	-4,32	-4,42	-4,53	-0,39	0
12/02/2020 14:25:00	-0,30	-0,24	-0,63	-1,17	-1,84	-2,62	-3,32	-3,77	-3,96	-4,11	-4,23	-4,30	-4,38	-0,32	0
12/02/2020 14:30:00	-0,36	-0,36	-0,65	-1,06	-1,74	-2,50	-3,26	-3,79	-4,03	-4,22	-4,39	-4,50	-4,61	-0,32	0
12/02/2020 14:35:00	-0,36	-0,23	-0,59	-1,19	-1,90	-2,75	-3,47	-3,94	-4,13	-4,28	-4,39	-4,44	-4,49	-0,33	0
12/02/2020 14:40:00	-0,37	-0,27	-0,62	-1,16	-1,83	-2,61	-3,29	-3,72	-3,90	-4,04	-4,14	-4,19	-4,24	-0,40	0
12/02/2020 14:45:00	-0,29	-0,25	-0,51	-0,97	-1,64	-2,53	-3,35	-3,94	-4,24	-4,46	-4,65	-4,78	-4,91	-0,30	0
12/02/2020 14:50:00	-0,36	-0,23	-0,55	-1,10	-1,82	-2,62	-3,40	-3,90	-4,11	-4,26	-4,38	-4,44	-4,49	-0,34	0
12/02/2020 14:55:00	-0,31	-0,17	-0,52	-1,09	-1,78	-2,58	-3,30	-3,77	-3,96	-4,12	-4,24	-4,31	-4,38	-0,29	0
12/02/2020 15:00:00	-0,27	-0,23	-0,53	-1,08	-1,74	-2,55	-3,27	-3,77	-4,00	-4,18	-4,32	-4,41	-4,49	-0,29	0
12/02/2020 15:05:00	-0,26	-0,16	-0,46	-1,03	-1,64	-2,46	-3,23	-3,74	-3,95	-4,12	-4,26	-4,34	-4,43	-0,29	0
12/02/2020 15:10:00	-0,34	-0,29	-0,63	-1,16	-1,84	-2,70	-3,52	-4,07	-4,32	-4,51	-4,67	-4,77	-4,88	-0,35	0
12/02/2020 15:15:00	-0,38	-0,35	-0,64	-1,15	-1,78	-2,64	-3,49	-4,06	-4,31	-4,50	-4,65	-4,76	-4,86	-0,46	0
12/02/2020 15:20:00	-0,45	-0,48	-0,75	-1,25	-1,86	-2,75	-3,50	-4,04	-4,32	-4,52	-4,70	-4,81	-4,93	-0,51	0
12/02/2020 15:25:00	-0,51	-0,53	-0,84	-1,32	-1,98	-2,88	-3,64	-4,19	-4,46	-4,66	-4,83	-4,93	-5,04	-0,52	0
12/02/2020 15:30:00	-0,56	-0,57	-0,97	-1,52	-2,13	-2,88	-3,55	-3,97	-4,13	-4,26	-4,38	-4,45	-4,52	-0,52	0
12/02/2020 15:35:00	-0,49	-0,40	-0,77	-1,39	-2,06	-2,86	-3,58	-4,04	-4,23	-4,37	-4,48	-4,54	-4,61	-0,44	0
12/02/2020 15:40:00	-0,46	-0,39	-0,69	-1,27	-1,95	-2,79	-3,54	-4,06	-4,30	-4,48	-4,63	-4,71	-4,80	-0,44	0
12/02/2020 15:45:00	-0,55	-0,50	-0,85	-1,38	-2,03	-2,87	-3,62	-4,13	-4,35	-4,52	-4,66	-4,75	-4,84	-0,53	0
12/02/2020 15:50:00	-0,47	-0,43	-0,72	-1,23	-1,92	-2,76	-3,57	-4,13	-4,39	-4,58	-4,74	-4,84	-4,94	-0,46	0
12/02/2020 15:55:00	-0,47	-0,41	-0,73	-1,31	-1,99	-2,84	-3,59	-4,10	-4,34	-4,51	-4,65	-4,73	-4,80	-0,46	0
12/02/2020 16:00:00	-0,55	-0,58	-0,90	-1,41	-2,03	-2,80	-3,55	-4,06	-4,27	-4,43	-4,56	-4,64	-4,72	-0,52	0
12/02/2020 16:05:00	-0,59	-0,56	-0,87	-1,35	-1,95	-2,75	-3,49	-4,00	-4,22	-4,40	-4,56	-4,68	-4,79	-0,56	0
12/02/2020 16:10:00	-0,54	-0,52	-0,82	-1,31	-1,98	-2,84	-3,55	-4,06	-4,31	-4,50	-4,65	-4,75	-4,84	-0,54	0
12/02/2020 16:15:00	-0,53	-0,48	-0,82	-1,34	-2,02	-2,87	-3,69	-4,24	-4,47	-4,65	-4,79	-4,88	-4,97	-0,54	0
12/02/2020 16:20:00	-0,53	-0,54	-0,80	-1,25	-1,92	-2,76	-3,54	-4,10	-4,37	-4,57	-4,74	-4,84	-4,94	-0,49	0
12/02/2020 16:25:00	-0,51	-0,39	-0,67	-1,17	-1,84	-2,71	-3,51	-4,06	-4,30	-4,49	-4,64	-4,73	-4,82	-0,51	0
12/02/2020 16:30:00	-0,49	-0,43	-0,78	-1,29	-1,96	-2,72	-3,41	-3,87	-4,06	-4,21	-4,34	-4,41	-4,49	-0,46	0
12/02/2020 16:35:00	-0,49	-0,42	-0,73	-1,26	-1,90	-2,73	-3,47	-3,96	-4,17	-4,33	-4,46	-4,53	-4,60	-0,51	0
12/02/2020 16:40:00	-0,45	-0,36	-0,69	-1,23	-1,92	-2,73	-3,48	-3,97	-4,17	-4,33	-4,45	-4,51	-4,58	-0,56	0
12/02/2020 16:45:00	-0,50	-0,36	-0,63	-1,13	-1,83	-2,64	-3,38	-3,89	-4,12	-4,29	-4,43	-4,50	-4,58	-0,47	0
12/02/2020 16:50:00	-0,54	-0,44	-0,80	-1,32	-1,92	-2,76	-3,48	-3,96	-4,16	-4,31	-4,45	-4,54	-4,63	-0,52	0
12/02/2020 16:55:00	-0,58	-0,48	-0,82	-1,32	-1,97	-2,75	-3,47	-3,95	-4,16	-4,32	-4,46	-4,55	-4,64	-0,53	0
12/02/2020 17:00:00	-0,56	-0,57	-0,84	-1,36	-1,98	-2,79	-3,50	-4,00	-4,23	-4,40	-4,53	-4,61	-4,68	-0,69	0
12/02/2020 17:05:00	-0,65	-0,70	-0,98	-1,36	-2,00	-2,77	-3,51	-4,04	-4,29	-4,48	-4,65	-4,77	-4,89	-0,65	0
12/02/2020 17:10:00	-0,60	-0,59	-0,88	-1,38	-2,03	-2,86	-3,60	-4,11	-4,35	-4,53	-4,68	-4,77	-4,86	-0,66	0
12/02/2020 17:15:00	-0,70	-0,64	-0,99	-1,52	-2,20	-2,97	-3,69	-4,15	-4,34	-4,48	-4,59	-4,65	-4,71	-0,78	0
12/02/2020 17:20:00	-0,81	-0,86	-1,21	-1,73	-2,33	-3,12	-3,82	-4,29	-4,47	-4,62	-4,73	-4,80	-4,87	-0,86	0
12/02/2020 17:25:00	-0,83	-0,78	-1,15	-1,76	-2,41	-3,20	-3,85	-4,27	-4,43	-4,55	-4,65	-4,68	-4,72	-0,77	0
12/02/2020 17:30:00	-0,77	-0,88	-1,19	-1,58	-2,09	-2,84	-3,61	-4,14	-4,37	-4,55	-4,73	-4,87	-5,01	-0,84	0
12/02/2020 17:35:00	-0,88	-0,93	-1,27	-1,70	-2,26	-3,00	-3,68	-4,14	-4,33	-4,49	-4,63	-4,73	-4,84	-0,90	0
12/02/2020 17:40:00	-0,93	-0,96	-1,27	-1,74	-2,32	-3,08	-3,82	-4,31	-4,50	-4,65	-4,77	-4,84	-4,91	-0,92	0
12/02/2020 17:45:00	-0,90	-0,87	-1,19	-1,77	-2,46	-3,22	-3,91	-4,36	-4,54	-4,67	-4,77	-4,80	-4,82	-0,86	0
12/02/2020 17:50:00	-0,94	-0,93	-1,22	-1,76	-2,40	-3,16	-3,88	-4,36	-4,56	-4,71	-4,82	-4,88	-4,93	-0,95	0
12/02/2020 17:55:00	-1,01	-1,08	-1,40	-1,87	-2,48	-3,25	-3,92	-4,39	-4,59	-4,75	-4,88	-4,95	-5,03	-0,97	0
12/02/2020 18:00:00	-1,00	-1,06	-1,40	-1,93	-2,52	-3,29	-3,97	-4,43	-4,62	-4,77	-4,89	-4,97	-5,04	-1,01	0
12/02/2020 18:05:00	-1,03	-1,13	-1,48	-2,06	-2,66	-3,46	-4,16	-4,63	-4,83	-4,97	-5,09	-5,14	-5,20	-1,08	0
12/02/2020 18:10:00	-1,15	-1,16	-1,49	-2,03	-2,70	-3,49	-4,21	-4,70	-4,90	-5,04	-5,15	-5,20	-5,25	-1,16	0
12/02/2020 18:15:00	-1,13	-1,32	-1,68	-2,15	-2,78	-3,50	-4,15	-4,59	-4,78	-4,91	-5,02	-5,07	-5,13	-1,17	0
12/02/2020 18:20:00	-1,19	-1,23	-1,63	-2,20	-2,84	-3,63	-4,34	-4,81	-4,98	-5,10	-5,21	-5,26	-5,31	-1,18	0
12/02/2020 18:25:00	-1,17	-1,20	-1,54	-2,06	-2,71	-3,51	-4,23	-4,73	-4,95	-5,11	-5,25	-5,34	-5,43	-1,12	0
12/02/2020 18:30:00	-1,29	-1,43	-1,82	-2,30	-2,85	-3,57	-4,21	-4,65	-4,84	-4,99	-5,13	-5,24	-5,35	-1,34	0
12/02/2020 18:35:00	-1,46	-1,68	-2,09	-2,60	-3,14	-3,83	-4,47	-4,89	-5,03	-5,14	-5,23	-5,29	-5,35	-1,49	0
12/02/2020 18:40:00	-1,44	-1,54	-1,90	-2,49	-3,11	-3,84	-4,47	-4,88	-5,04	-5,16	-5,24	-5,28	-5,31	-1,49	0
12/02/2020 18:45:00	-1,45	-1,63	-2,01	-2,43	-2,99	-3,74	-4,44	-4,93	-5,14	-5,30	-5,44	-5,56	-5,67	-1,49	0
12/02/2020 18:50:00	-1,54	-1,83	-2,27	-2,82	-3,39	-4,06	-4,65	-5,04	-5,17	-5,27	-5,35	-5,40	-5,44	-1,56	0
12/02/2020 18:55:00	-1,61	-1,88	-2,28	-2,79	-3,31	-4,04	-4,70	-5,15	-5,31	-5,43	-5,54	-5,61	-5,68	-1,67	0
12/02/2020 19:00:00	-1,62	-1,89	-2,31	-2,81	-3,32	-4,01	-4,61	-5,00	-5,14	-5,24	-5,34	-5,40	-5,46	-1,62	0
12/02/2020 19:05:00	-1,61	-1,88	-2,28	-2,72	-3,29	-3,97	-4,62	-5,05	-5,22	-5,34	-5,45	-5,52	-5,58	-1,65	0
12/02/2020 19:10:00	-1,60	-1,79	-2,15	-2,63	-3,17	-3,92	-4,59	-5,05	-5,24	-5,38	-5,51	-5,60	-5,69	-1,65	0
12/02/2020 19:15:00	-1,68	-1,83	-2,23	-2,71	-3,33	-4,06	-4,75	-5,20	-5,36	-5,47	-5,57	-5,61	-5,66	-1,64	0
12/02/2020 19:20:00	-1,64	-1,84	-2,24	-2,74	-3,30	-4,05	-4,73	-5,19	-5,36	-5,48	-5,59	-5,66	-5,73	-1,65	0
12/02/2020 19:25:00	-1,66	-1,75	-2,11	-2,61	-3,22	-4,01	-4,75	-5,24	-5,44	-5,57	-5,69	-5,76	-5,83	-1,67	0
12/02/2020 19:30:00	-1,60	-1,87	-2,23	-2,69	-3,27	-3,99	-4,67	-5,14	-5,33	-5,47	-5,59	-5,66	-5,74	-1,63	0
12/02/2020 19:35:00	-1,59	-1,74	-2,10	-2,68	-3,25	-4,01	-4,65	-5,07	-5,24	-5,36	-5,46	-5,50	-5,55	-1,57	0
12/02/2020 19:40:00	-1,59	-1,79	-2,20	-2,71	-3,32	-4,04	-4,67	-5,09	-5,24	-5,35	-5,43	-5,47	-5,50	-1,58	0
12/02/2020 19:45:00	-1,63	-1,73	-2,06	-2,54	-3,16	-3,97	-4,74	-5,28	-5,52	-5,68	-5,82	-5,91	-6,01	-1,61	0
12/02/2020 19:50:00	-1,58	-1,68	-2,02	-2,56	-3,18	-4,00	-4,70	-5,20	-5,42	-5,57	-5,70	-5,78	-5,86	-1,62	0
12/02/2020 19:55:00	-1,65	-1,79	-2,23	-2,90	-3,50	-4,25	-4,89	-5,27	-5,39	-5,46	-5,52	-5,52	-5,52	-1,62	0
12/02/2020 20:00:00	-1,68	-1,81	-2,18	-2,66	-3,33	-4,16	-4,92	-5,47	-5,71	-5,88	-6,04	-6,14	-6,24	-1,63	0
12/02/2020 20:05:00	-1,71	-1,83	-2,20	-2,76	-3,38	-4,15	-4,88	-5,36	-5,53	-5,65	-5,75	-5,79	-5,84	-1,72	0
12/02/2020 20:10:00	-1,68	-1,80	-2,20	-2,78	-3,47	-4,26	-4,93	-5,38	-5,56	-5,67	-5,76	-5,78	-5,81	-1,69	0
12/02/2020 20:15:00	-1,72	-1,82	-2,26	-2,83	-3,53	-4,31	-4,98	-5,42	-5,60	-5,71	-5,81	-5,84	-5,88	-1,76	0
12/02/2020 20:20:00	-1,78	-1,93	-2,31	-2,80	-3,44	-4,21	-4,92	-5,41	-5,62	-5,77	-5,90	-5,99	-6,07	-1,76	0
12/02/2020 20:25:00	-1,76	-1,82	-2,22	-2,76	-3,46	-4,26	-4,92	-5,37	-5,55	-5,67	-5,77	-5,80	-5,83	-1,79	0
12/02/2020 20:30:00	-1,76	-1,90	-2,29	-2,85	-3,45	-4,18	-4,85	-5,28	-5,43	-5,52	-5,60	-5,63	-5,66	-1,71	0
12/02/2020 20:35:00	-1,80	-1,88	-2,27	-2,84	-3,47	-4,24	-4,89	-5,33	-5,50	-5,61	-5,70	-5,74	-5,77	-1,76	0
12/02/2020 20:40:00	-1,76	-1,83	-2,22	-2,79	-3,49	-4,27	-4,94	-5,39	-5,58	-5,70	-5,79	-5,82	-5,84	-1,76	0
12/02/2020 20:45:00	-1,78	-1,87	-2,23	-2,77	-3,45	-4,28	-4,96	-5,45	-5,68	-5,83	-5,96	-6,04	-6,11	-1,79	0
12/02/2020 20:50:00	-1,80	-1,88	-2,30	-2,81	-3,47	-4,28	-5,00	-5,48	-5,66	-5,79	-5,90	-5,95	-6,01	-1,76	0
12/02/2020 20:55:00	-1,83	-1,87	-2,28	-2,84	-3,52	-4,28	-4,97	-5,43	-5,60	-5,71	-5,80	-5,84	-5,89	-1,80	0
12/02/2020 21:00:00	-1,85	-1,90	-2,34	-2,93	-3,59	-4,35	-5,02	-5,44	-5,59	-5,69	-5,76	-5,79	-5,82	-1,84	0
12/02/2020 21:05:00	-1,85	-1,95	-2,31	-2,76	-3,41	-4,20	-4,92	-5,41	-5,62	-5,76	-5,88	-5,95	-6,02	-1,80	0
12/02/2020 21:10:00	-1,77	-1,88	-2,19	-2,56	-3,19	-3,94	-4,70	-5,23	-5,46	-5,63	-5,78	-5,89	-6,00	-1,79	0
12/02/2020 21:15:00	-1,75	-1,82	-2,18	-2,68	-3,26	-4,01	-4,67	-5,10	-5,26	-5,38	-5,48	-5,53	-5,58	-1,71	0
12/02/2020 21:20:00	-1,79	-1,87	-2,17	-2,64	-3,23	-3,93	-4,58	-5,02	-5,20	-5,32	-5,42	-5,47	-5,52	-1,72	0
12/02/2020 21:25:00	-1,78	-1,96	-2,22	-2,66	-3,18	-3,95	-4,69	-5,23	-5,46	-5,63	-5,78	-5,88	-5,99	-1,84	0
12/02/2020 21:30:00	-1,81	-1,98	-2,28	-2,70	-3,29	-4,06	-4,83	-5,38	-5,62	-5,78	-5,93	-6,03	-6,13	-1,81	0
12/02/2020 21:35:00	-1,90	-2,02	-2,51	-3,08	-3,77	-4,52	-5,18	-5,58	-5,71	-5,79	-5,86	-5,87	-5,88	-1,99	0
12/02/2020 21:40:00	-2,13	-2,33	-2,75	-3,34	-3,96	-4,68	-5,34	-5,76	-5,89	-5,97	-6,04	-6,04	-6,05	-2,14	0
12/02/2020 21:45:00	-2,25	-2,46	-2,90	-3,48	-4,09	-4,79	-5,42	-5,81	-5,93	-6,00	-6,06	-6,07	-6,07	-2,20	0
12/02/2020 21:50:00	-2,32	-2,54	-2,99	-3,42	-4,00	-4,71	-5,33	-5,75	-5,91	-6,03	-6,14	-6,21	-6,29	-2,34	0
12/02/2020 21:55:00	-2,34	-2,55	-2,96	-3,52	-4,16	-4,91	-5,51	-5,90	-6,06	-6,14	-6,21	-6,22	-6,22	-2,47	0
12/02/2020 22:00:00	-2,41	-2,61	-3,03	-3,63	-4,21	-4,89	-5,46	-5,82	-5,92	-5,98	-6,02	-6,01	-6,01	-2,44	0
12/02/2020 22:05:00	-2,41	-2,65	-3,15	-3,64	-4,24	-4,96	-5,56	-5,94	-6,07	-6,15	-6,22	-6,26	-6,29	-2,46	0
12/02/2020 22:10:00	-2,48	-2,80	-3,22	-3,81	-4,37	-5,08	-5,75	-6,18	-6,32	-6,40	-6,48	-6,50	-6,52	-2,49	0
12/02/2020 22:15:00	-2,64	-2,93	-3,41	-4,04	-4,67	-5,31	-5,79	-6,08	-6,16	-6,19	-6,21	-6,17	-6,12	-2,82	0
12/02/2020 22:20:00	-2,93	-3,10	-3,56	-4,10	-4,80	-5,48	-6,06	-6,45	-6,59	-6,67	-6,73	-6,75	-6,76	-2,88	0
12/02/2020 22:25:00	-2,88	-3,13	-3,60	-4,13	-4,74	-5,39	-5,96	-6,32	-6,41	-6,47	-6,51	-6,51	-6,51	-2,85	0
12/02/2020 22:30:00	-2,80	-3,09	-3,52	-4,03	-4,65	-5,32	-5,89	-6,27	-6,41	-6,48	-6,55	-6,56	-6,57	-2,89	0
12/02/2020 22:35:00	-2,87	-3,14	-3,63	-4,20	-4,79	-5,41	-5,90	-6,19	-6,26	-6,28	-6,30	-6,27	-6,24	-2,82	0
12/02/2020 22:40:00	-2,87	-3,10	-3,53	-4,04	-4,62	-5,33	-5,95	-6,36	-6,49	-6,57	-6,65	-6,68	-6,71	-2,86	0
12/02/2020 22:45:00	-2,81	-3,02	-3,45	-4,02	-4,61	-5,29	-5,90	-6,27	-6,37	-6,42	-6,47	-6,46	-6,45	-2,87	0
12/02/2020 22:50:00	-2,78	-3,05	-3,46	-4,01	-4,67	-5,41	-6,04	-6,47	-6,63	-6,71	-6,77	-6,76	-6,76	-2,84	0
12/02/2020 22:55:00	-2,89	-3,14	-3,49	-4,03	-4,57	-5,30	-5,95	-6,40	-6,57	-6,67	-6,77	-6,82	-6,87	-2,91	0
12/02/2020 23:00:00	-2,97	-3,21	-3,68	-4,24	-4,85	-5,49	-6,06	-6,42	-6,51	-6,55	-6,59	-6,59	-6,58	-2,94	0
12/02/2020 23:05:00	-2,90	-3,17	-3,62	-4,18	-4,74	-5,43	-6,05	-6,43	-6,54	-6,59	-6,64	-6,64	-6,64	-2,96	0
12/02/2020 23:10:00	-3,01	-3,29	-3,71	-4,25	-4,85	-5,49	-5,99	-6,32	-6,43	-6,48	-6,52	-6,49	-6,47	-3,02	0
12/02/2020 23:15:00	-3,05	-3,18	-3,60	-4,21	-4,87	-5,57	-6,17	-6,54	-6,66	-6,72	-6,76	-6,74	-6,73	-3,03	0
12/02/2020 23:20:00	-2,98	-3,21	-3,67	-4,27	-4,86	-5,56	-6,19	-6,57	-6,68	-6,72	-6,76	-6,75	-6,74	-3,01	0
12/02/2020 23:25:00	-2,99	-3,23	-3,75	-4,40	-5,00	-5,66	-6,18	-6,48	-6,53	-6,54	-6,54	-6,50	-6,45	-2,97	0
12/02/2020 23:30:00	-3,02	-3,35	-3,79	-4,39	-4,93	-5,62	-6,27	-6,66	-6,76	-6,80	-6,84	-6,83	-6,82	-3,10	0
12/02/2020 23:35:00	-3,10	-3,28	-3,74	-4,34	-5,02	-5,64	-6,16	-6,46	-6,54	-6,56	-6,57	-6,52	-6,47	-3,10	0
12/02/2020 23:40:00	-3,11	-3,28	-3,73	-4,36	-5,02	-5,71	-6,25	-6,58	-6,68	-6,72	-6,75	-6,71	-6,68	-3,16	0
12/02/2020 23:45:00	-3,14	-3,34	-3,81	-4,42	-5,02	-5,62	-6,13	-6,42	-6,47	-6,49	-6,49	-6,46	-6,42	-3,07	0
12/02/2020 23:50:00	-3,11	-3,33	-3,88	-4,56	-5,14	-5,70	-6,16	-6,38	-6,37	-6,34	-6,31	-6,24	-6,17	-3,09	0
12/02/2020 23:55:00	-3,05	-3,29	-3,74	-4,27	-4,89	-5,56	-6,14	-6,52	-6,64	-6,71	-6,77	-6,78	-6,79	-3,05	0
