FileFormat:0002.2 file with temperature of atmosphere
200
local	GMT or Local
0	GMT-Local=[hours]
0	Height[m]
0	0	0	Longitude                [grd]               [min]               [sec]
0	0	0	Latitude                [grd]               [min]               [sec]
N	NS
59,40	Freq[GHz]
0,00	dTemostat[K]
0,150	MessErr[K]
0,248	//[grad/step]
version 14.0.20110218
MTP5H033F5940K-33.00D180214+A1.1
Commentary:
enter comment
End Of Commentary

SYSTEM\summer.dat
data time	0	50	100	150	200	250	300	350	400	450	500	550	600	OutsideTemperature	Quality
10/04/2020 00:00:00	11,56	13,59	13,86	13,65	13,24	12,68	12,11	11,56	11,06	10,56	10,03	9,51	8,98	11,58	0
10/04/2020 00:05:00	11,56	13,61	13,86	13,64	13,20	12,64	12,04	11,48	10,97	10,47	9,94	9,41	8,89	11,52	0
10/04/2020 00:10:00	11,55	13,62	13,87	13,65	13,25	12,67	12,10	11,56	11,06	10,57	10,04	9,53	9,01	11,63	0
10/04/2020 00:15:00	11,69	13,65	13,86	13,65	13,24	12,70	12,13	11,59	11,11	10,62	10,11	9,61	9,10	11,63	0
10/04/2020 00:20:00	11,16	13,74	14,16	13,95	13,51	12,93	12,28	11,67	11,13	10,59	10,01	9,45	8,88	11,50	0
10/04/2020 00:25:00	11,09	13,82	14,26	14,03	13,57	13,01	12,34	11,71	11,17	10,62	10,05	9,49	8,93	11,52	0
10/04/2020 00:30:00	10,77	14,19	14,72	14,59	14,13	13,47	12,78	12,13	11,54	10,96	10,34	9,74	9,15	11,47	0
10/04/2020 00:35:00	11,58	14,50	14,92	14,82	14,32	13,67	13,05	12,45	11,89	11,33	10,74	10,15	9,57	11,57	0
10/04/2020 00:40:00	11,79	14,49	14,89	14,71	14,28	13,69	13,03	12,43	11,89	11,35	10,77	10,20	9,63	11,42	0
10/04/2020 00:45:00	11,85	14,43	14,87	14,69	14,24	13,66	13,04	12,44	11,90	11,36	10,77	10,19	9,61	11,65	0
10/04/2020 00:50:00	11,57	14,22	14,60	14,42	14,00	13,42	12,77	12,17	11,63	11,10	10,53	9,98	9,42	11,67	0
10/04/2020 00:55:00	11,45	14,49	15,06	14,94	14,44	13,89	13,20	12,55	11,97	11,39	10,77	10,16	9,55	11,65	0
10/04/2020 01:00:00	11,84	14,52	14,92	14,73	14,30	13,72	13,08	12,48	11,95	11,41	10,84	10,28	9,72	11,55	0
10/04/2020 01:05:00	11,93	14,24	14,54	14,33	13,88	13,31	12,69	12,12	11,60	11,08	10,53	9,99	9,45	11,62	0
10/04/2020 01:10:00	11,89	14,20	14,54	14,34	13,92	13,32	12,74	12,17	11,65	11,12	10,56	10,01	9,45	11,72	0
10/04/2020 01:15:00	11,79	14,16	14,45	14,20	13,76	13,10	12,49	11,90	11,36	10,83	10,27	9,71	9,16	11,75	0
10/04/2020 01:20:00	11,66	14,01	14,37	14,21	13,82	13,24	12,60	12,01	11,49	10,96	10,38	9,81	9,24	11,70	0
10/04/2020 01:25:00	12,00	14,01	14,21	13,93	13,55	13,04	12,38	11,79	11,30	10,81	10,30	9,78	9,26	11,84	0
10/04/2020 01:30:00	12,05	14,01	14,25	14,00	13,59	12,99	12,37	11,80	11,29	10,78	10,23	9,68	9,13	11,82	0
10/04/2020 01:35:00	11,90	13,72	13,95	13,70	13,27	12,70	12,06	11,48	10,98	10,46	9,90	9,35	8,80	11,78	0
10/04/2020 01:40:00	11,80	13,71	13,90	13,67	13,23	12,62	11,99	11,41	10,90	10,38	9,82	9,26	8,71	11,78	0
10/04/2020 01:45:00	11,89	13,73	13,93	13,66	13,21	12,62	11,97	11,38	10,87	10,35	9,79	9,24	8,69	11,71	0
10/04/2020 01:50:00	11,68	13,77	13,99	13,72	13,22	12,56	11,94	11,35	10,82	10,28	9,72	9,16	8,61	11,70	0
10/04/2020 01:55:00	11,90	13,76	13,94	13,64	13,11	12,46	11,82	11,23	10,70	10,16	9,58	9,02	8,45	11,83	0
10/04/2020 02:00:00	11,55	13,82	14,06	13,80	13,28	12,60	11,91	11,27	10,71	10,15	9,55	8,96	8,37	11,75	0
10/04/2020 02:05:00	11,86	13,73	13,91	13,60	13,12	12,46	11,78	11,17	10,64	10,10	9,52	8,95	8,38	11,79	0
10/04/2020 02:10:00	11,84	13,70	13,81	13,43	12,87	12,22	11,61	11,04	10,51	9,99	9,46	8,94	8,42	11,60	0
10/04/2020 02:15:00	11,13	12,73	13,03	12,86	12,55	12,06	11,55	11,07	10,61	10,15	9,65	9,16	8,66	11,25	0
10/04/2020 02:20:00	11,08	12,96	13,30	13,08	12,64	12,06	11,51	10,98	10,47	9,95	9,41	8,87	8,33	10,87	0
10/04/2020 02:25:00	10,73	12,83	13,09	12,85	12,41	11,78	11,16	10,59	10,06	9,54	8,99	8,45	7,91	10,79	0
10/04/2020 02:30:00	10,81	12,72	12,93	12,67	12,18	11,61	10,98	10,41	9,89	9,39	8,85	8,33	7,81	10,88	0
10/04/2020 02:35:00	10,89	12,71	12,84	12,53	12,09	11,44	10,82	10,24	9,73	9,22	8,69	8,17	7,65	10,75	0
10/04/2020 02:40:00	10,76	12,43	12,55	12,22	11,72	11,12	10,50	9,93	9,42	8,92	8,40	7,89	7,38	10,68	0
10/04/2020 02:45:00	10,47	12,48	12,67	12,37	11,85	11,14	10,49	9,88	9,33	8,79	8,21	7,65	7,09	10,56	0
10/04/2020 02:50:00	10,55	12,37	12,50	12,15	11,56	10,88	10,12	9,45	8,89	8,32	7,73	7,14	6,56	10,47	0
10/04/2020 02:55:00	10,50	12,00	11,93	11,55	10,95	10,24	9,54	8,93	8,40	7,87	7,33	6,81	6,28	10,31	0
10/04/2020 03:00:00	10,33	11,50	11,36	10,88	10,31	9,66	8,99	8,39	7,89	7,40	6,91	6,44	5,96	9,69	0
10/04/2020 03:05:00	10,08	11,16	10,94	10,51	9,95	9,30	8,72	8,18	7,71	7,26	6,81	6,38	5,95	9,30	0
10/04/2020 03:10:00	9,96	10,93	10,70	10,18	9,65	9,05	8,53	8,04	7,60	7,18	6,80	6,43	6,05	8,94	0
10/04/2020 03:15:00	9,80	10,62	10,38	9,94	9,41	8,86	8,28	7,77	7,33	6,91	6,51	6,12	5,72	8,73	0
10/04/2020 03:20:00	9,62	10,46	10,25	9,81	9,34	8,74	8,13	7,60	7,15	6,72	6,30	5,88	5,46	8,38	0
10/04/2020 03:25:00	9,51	10,39	10,13	9,71	9,19	8,61	8,09	7,61	7,17	6,77	6,39	6,01	5,64	8,25	0
10/04/2020 03:30:00	9,33	10,11	9,93	9,57	9,17	8,73	8,23	7,77	7,38	7,02	6,67	6,32	5,97	8,18	0
10/04/2020 03:35:00	8,86	9,66	9,56	9,21	8,83	8,41	7,96	7,54	7,15	6,79	6,45	6,12	5,78	7,98	0
10/04/2020 03:40:00	8,54	9,29	9,17	8,79	8,35	8,00	7,59	7,19	6,81	6,48	6,17	5,88	5,58	7,89	0
10/04/2020 03:45:00	8,38	9,18	9,10	8,73	8,34	7,90	7,40	6,94	6,54	6,16	5,80	5,45	5,10	7,70	0
10/04/2020 03:50:00	7,88	8,88	8,80	8,43	7,95	7,38	6,85	6,35	5,90	5,48	5,07	4,68	4,28	7,55	0
10/04/2020 03:55:00	7,67	8,58	8,43	8,04	7,58	6,98	6,44	5,95	5,51	5,09	4,70	4,31	3,93	7,62	0
10/04/2020 04:00:00	7,61	8,56	8,35	7,94	7,51	6,88	6,30	5,79	5,35	4,93	4,54	4,17	3,79	7,56	0
10/04/2020 04:05:00	7,51	8,55	8,41	8,00	7,53	6,92	6,33	5,80	5,34	4,91	4,51	4,11	3,72	7,49	0
10/04/2020 04:10:00	7,41	8,74	8,61	8,26	7,73	7,11	6,50	5,95	5,48	5,03	4,61	4,20	3,79	7,48	0
10/04/2020 04:15:00	7,32	8,72	8,60	8,21	7,70	7,06	6,46	5,91	5,43	4,99	4,57	4,17	3,77	7,40	0
10/04/2020 04:20:00	7,50	8,70	8,59	8,20	7,68	7,09	6,46	5,90	5,43	4,99	4,57	4,16	3,75	7,41	0
10/04/2020 04:25:00	7,61	8,48	8,26	7,88	7,39	6,81	6,19	5,66	5,21	4,79	4,39	4,01	3,62	7,41	0
10/04/2020 04:30:00	7,39	8,34	8,16	7,78	7,28	6,68	6,08	5,54	5,09	4,66	4,25	3,86	3,46	7,39	0
10/04/2020 04:35:00	7,56	8,35	8,19	7,78	7,24	6,60	6,02	5,49	5,02	4,58	4,15	3,73	3,31	7,38	0
10/04/2020 04:40:00	7,52	8,24	8,06	7,67	7,16	6,58	5,94	5,39	4,93	4,50	4,08	3,66	3,25	7,43	0
10/04/2020 04:45:00	7,41	8,23	7,95	7,52	7,04	6,38	5,85	5,35	4,91	4,51	4,13	3,77	3,40	7,48	0
10/04/2020 04:50:00	7,48	8,21	7,94	7,52	7,00	6,34	5,77	5,24	4,79	4,37	3,96	3,57	3,18	7,40	0
10/04/2020 04:55:00	7,38	8,06	7,80	7,37	6,86	6,29	5,69	5,17	4,74	4,33	3,95	3,58	3,21	7,37	0
10/04/2020 05:00:00	7,40	7,89	7,62	7,23	6,70	6,09	5,57	5,09	4,65	4,25	3,86	3,48	3,10	7,31	0
10/04/2020 05:05:00	7,27	7,84	7,55	7,10	6,65	6,05	5,50	5,01	4,59	4,20	3,84	3,49	3,14	7,20	0
10/04/2020 05:10:00	7,18	7,71	7,50	7,13	6,65	6,15	5,59	5,10	4,68	4,29	3,92	3,56	3,20	7,08	0
10/04/2020 05:15:00	7,05	7,65	7,42	7,04	6,64	6,06	5,50	5,01	4,60	4,21	3,84	3,48	3,11	7,05	0
10/04/2020 05:20:00	7,03	7,70	7,44	7,06	6,50	5,97	5,35	4,82	4,38	3,98	3,59	3,22	2,85	7,08	0
10/04/2020 05:25:00	7,14	7,73	7,38	6,95	6,45	5,86	5,35	4,88	4,46	4,08	3,74	3,41	3,08	7,00	0
10/04/2020 05:30:00	6,98	7,63	7,33	6,95	6,40	5,81	5,22	4,70	4,26	3,85	3,47	3,10	2,73	6,81	0
10/04/2020 05:35:00	6,80	7,42	7,11	6,68	6,11	5,49	4,94	4,44	4,00	3,59	3,22	2,87	2,51	6,85	0
10/04/2020 05:40:00	6,84	7,44	7,10	6,65	6,07	5,48	4,83	4,27	3,82	3,41	3,02	2,65	2,28	6,85	0
10/04/2020 05:45:00	6,70	7,26	6,93	6,51	6,03	5,37	4,82	4,33	3,90	3,50	3,13	2,77	2,41	6,71	0
10/04/2020 05:50:00	6,62	7,12	6,85	6,47	5,92	5,38	4,75	4,22	3,78	3,37	2,99	2,62	2,25	6,53	0
10/04/2020 05:55:00	6,39	6,78	6,53	6,10	5,69	5,19	4,67	4,21	3,81	3,45	3,13	2,81	2,50	6,31	0
10/04/2020 06:00:00	6,31	6,65	6,37	6,02	5,60	5,20	4,77	4,37	4,02	3,70	3,43	3,17	2,90	6,25	0
10/04/2020 06:05:00	6,10	6,27	6,03	5,64	5,28	4,81	4,31	3,88	3,51	3,17	2,86	2,56	2,25	5,91	0
10/04/2020 06:10:00	5,75	5,91	5,66	5,30	4,88	4,40	3,90	3,46	3,08	2,73	2,42	2,11	1,81	5,28	0
10/04/2020 06:15:00	5,55	5,80	5,54	5,12	4,66	4,16	3,65	3,19	2,80	2,44	2,12	1,82	1,51	5,17	0
10/04/2020 06:20:00	5,45	5,77	5,52	5,12	4,62	4,17	3,58	3,09	2,69	2,33	2,00	1,68	1,37	5,03	0
10/04/2020 06:25:00	5,46	5,81	5,47	5,04	4,47	3,94	3,41	2,93	2,52	2,15	1,83	1,53	1,22	5,11	0
10/04/2020 06:30:00	5,41	5,74	5,40	4,95	4,37	3,78	3,21	2,71	2,28	1,89	1,53	1,20	0,86	5,04	0
10/04/2020 06:35:00	5,00	5,36	4,98	4,51	4,01	3,41	2,81	2,30	1,89	1,51	1,19	0,88	0,57	4,93	0
10/04/2020 06:40:00	4,96	5,31	4,91	4,37	3,83	3,13	2,54	2,02	1,57	1,17	0,82	0,49	0,16	4,93	0
10/04/2020 06:45:00	4,83	5,14	4,73	4,25	3,70	3,02	2,49	2,00	1,57	1,18	0,85	0,53	0,21	4,77	0
10/04/2020 06:50:00	4,78	5,11	4,71	4,23	3,69	3,09	2,46	1,93	1,51	1,14	0,81	0,50	0,18	4,78	0
10/04/2020 06:55:00	4,77	5,07	4,68	4,22	3,68	3,02	2,45	1,95	1,52	1,13	0,78	0,46	0,13	4,87	0
10/04/2020 07:00:00	4,64	5,06	4,66	4,17	3,65	2,99	2,44	1,94	1,51	1,13	0,80	0,49	0,18	4,60	0
10/04/2020 07:05:00	4,70	5,04	4,62	4,10	3,44	2,81	2,26	1,75	1,31	0,92	0,58	0,27	-0,04	4,79	0
10/04/2020 07:10:00	4,62	4,90	4,49	3,98	3,34	2,73	2,13	1,60	1,16	0,77	0,43	0,11	-0,20	4,64	0
10/04/2020 07:15:00	4,57	4,91	4,47	3,98	3,43	2,78	2,22	1,72	1,30	0,92	0,60	0,30	0,00	4,58	0
10/04/2020 07:20:00	4,60	4,87	4,42	3,97	3,33	2,69	2,15	1,66	1,23	0,85	0,51	0,20	-0,11	4,63	0
10/04/2020 07:25:00	4,67	4,92	4,47	3,99	3,39	2,79	2,19	1,67	1,24	0,87	0,54	0,24	-0,07	4,61	0
10/04/2020 07:30:00	4,63	4,90	4,42	3,93	3,32	2,67	2,04	1,50	1,06	0,68	0,34	0,02	-0,30	4,58	0
10/04/2020 07:35:00	4,64	4,78	4,34	3,78	3,19	2,50	1,90	1,37	0,93	0,53	0,18	-0,15	-0,48	4,68	0
10/04/2020 07:40:00	4,64	4,72	4,24	3,71	3,12	2,42	1,84	1,33	0,89	0,50	0,16	-0,16	-0,48	4,46	0
10/04/2020 07:45:00	4,71	4,61	4,03	3,53	3,00	2,39	1,84	1,36	0,98	0,64	0,35	0,08	-0,19	4,55	0
10/04/2020 07:50:00	4,57	4,45	3,92	3,39	2,82	2,13	1,54	1,03	0,61	0,23	-0,09	-0,41	-0,72	4,50	0
10/04/2020 07:55:00	4,97	4,34	3,74	3,24	2,72	2,12	1,56	1,10	0,73	0,39	0,10	-0,19	-0,47	4,64	0
10/04/2020 08:00:00	5,01	4,33	3,62	3,04	2,58	1,96	1,36	0,88	0,53	0,21	-0,05	-0,31	-0,56	4,57	0
10/04/2020 08:05:00	5,10	4,50	3,74	3,20	2,66	1,88	1,33	0,85	0,45	0,10	-0,21	-0,51	-0,81	4,70	0
10/04/2020 08:10:00	4,77	4,47	3,89	3,37	2,72	2,11	1,47	0,94	0,53	0,16	-0,17	-0,47	-0,78	4,55	0
10/04/2020 08:15:00	4,80	4,51	3,98	3,46	2,81	2,18	1,54	1,01	0,59	0,20	-0,15	-0,48	-0,81	4,61	0
10/04/2020 08:20:00	4,68	4,48	3,93	3,43	2,86	2,15	1,49	0,95	0,53	0,14	-0,21	-0,55	-0,89	4,55	0
10/04/2020 08:25:00	4,57	4,49	3,94	3,43	2,81	2,13	1,42	0,85	0,42	0,02	-0,33	-0,66	-1,00	4,61	0
10/04/2020 08:30:00	4,76	4,47	3,93	3,38	2,79	2,17	1,51	0,98	0,57	0,19	-0,14	-0,45	-0,76	4,60	0
10/04/2020 08:35:00	5,00	4,50	3,80	3,23	2,67	1,96	1,38	0,89	0,50	0,14	-0,16	-0,45	-0,74	4,68	0
10/04/2020 08:40:00	5,08	4,47	3,79	3,25	2,65	2,06	1,47	0,99	0,62	0,28	0,00	-0,27	-0,55	4,66	0
10/04/2020 08:45:00	5,18	4,52	3,80	3,26	2,70	2,13	1,55	1,09	0,73	0,41	0,15	-0,10	-0,35	4,61	0
10/04/2020 08:50:00	5,81	4,60	3,81	3,17	2,54	1,93	1,41	0,97	0,61	0,29	0,02	-0,24	-0,50	4,86	0
10/04/2020 08:55:00	5,47	4,70	3,92	3,27	2,65	2,02	1,42	0,93	0,55	0,22	-0,06	-0,32	-0,58	5,05	0
10/04/2020 09:00:00	5,25	4,64	3,91	3,36	2,87	2,26	1,64	1,15	0,79	0,47	0,21	-0,06	-0,32	4,81	0
10/04/2020 09:05:00	4,81	4,26	3,57	3,15	2,67	2,17	1,70	1,30	0,97	0,70	0,48	0,27	0,07	4,65	0
10/04/2020 09:10:00	4,03	3,67	3,23	2,93	2,69	2,37	1,96	1,62	1,36	1,14	0,98	0,82	0,66	4,00	0
10/04/2020 09:15:00	4,06	3,31	2,85	2,53	2,26	1,92	1,63	1,36	1,10	0,89	0,73	0,57	0,41	3,57	0
10/04/2020 09:20:00	4,48	3,42	2,91	2,54	2,22	1,85	1,45	1,12	0,85	0,60	0,41	0,21	0,01	3,51	0
10/04/2020 09:25:00	4,92	3,58	2,91	2,44	2,08	1,63	1,21	0,86	0,58	0,33	0,13	-0,07	-0,27	3,84	0
10/04/2020 09:30:00	6,44	3,79	2,68	2,14	1,63	1,26	0,91	0,65	0,44	0,26	0,13	-0,01	-0,14	4,04	1
10/04/2020 09:35:00	7,26	3,98	2,57	1,97	1,55	1,14	0,92	0,76	0,61	0,50	0,45	0,38	0,32	4,60	1
10/04/2020 09:40:00	7,99	4,00	2,55	1,91	1,53	1,29	1,05	0,90	0,80	0,72	0,70	0,65	0,61	4,96	1
10/04/2020 09:45:00	7,37	4,42	3,07	2,50	2,01	1,60	1,26	1,02	0,83	0,68	0,58	0,46	0,35	5,31	1
10/04/2020 09:50:00	6,12	4,82	3,90	3,22	2,64	2,09	1,58	1,16	0,83	0,55	0,33	0,12	-0,09	5,06	0
10/04/2020 09:55:00	5,77	4,79	3,93	3,29	2,69	2,18	1,59	1,13	0,80	0,51	0,28	0,07	-0,15	5,11	0
10/04/2020 10:00:00	6,70	4,80	3,65	3,03	2,48	1,90	1,46	1,11	0,84	0,60	0,43	0,26	0,08	4,86	1
10/04/2020 10:05:00	7,57	5,05	3,63	2,83	2,14	1,53	1,02	0,64	0,36	0,13	-0,04	-0,21	-0,39	5,51	1
10/04/2020 10:10:00	8,28	5,02	3,33	2,65	2,09	1,59	1,15	0,85	0,67	0,53	0,44	0,34	0,24	5,95	1
10/04/2020 10:15:00	6,39	5,23	4,13	3,44	2,78	2,21	1,54	1,03	0,69	0,40	0,18	-0,04	-0,25	5,48	0
10/04/2020 10:20:00	7,51	4,82	3,43	2,86	2,36	1,85	1,38	1,05	0,83	0,63	0,48	0,31	0,14	5,46	1
10/04/2020 10:25:00	8,31	4,74	3,30	2,60	2,12	1,70	1,31	1,05	0,86	0,70	0,58	0,44	0,30	5,38	1
10/04/2020 10:30:00	8,79	5,07	3,25	2,49	1,92	1,51	1,12	0,88	0,74	0,63	0,60	0,55	0,50	5,76	1
10/04/2020 10:35:00	7,22	5,02	3,81	3,08	2,51	1,99	1,45	1,06	0,79	0,56	0,39	0,22	0,04	5,20	1
10/04/2020 10:40:00	8,96	4,88	3,11	2,37	2,00	1,68	1,40	1,24	1,16	1,12	1,15	1,14	1,14	5,56	1
10/04/2020 10:45:00	8,40	5,35	3,80	3,18	2,74	2,33	1,92	1,64	1,48	1,34	1,27	1,17	1,06	6,48	1
10/04/2020 10:50:00	7,67	5,63	4,44	3,72	3,18	2,51	1,95	1,53	1,23	0,95	0,72	0,48	0,24	6,23	1
10/04/2020 10:55:00	6,86	5,78	4,90	4,26	3,67	3,08	2,42	1,91	1,55	1,22	0,93	0,64	0,36	6,21	0
10/04/2020 11:00:00	6,85	5,80	4,96	4,34	3,64	2,95	2,37	1,88	1,49	1,12	0,79	0,47	0,16	5,73	0
10/04/2020 11:05:00	6,32	5,92	5,02	4,34	3,63	2,92	2,22	1,65	1,23	0,86	0,56	0,26	-0,03	5,71	0
10/04/2020 11:10:00	6,37	5,63	4,91	4,27	3,70	3,00	2,50	2,06	1,67	1,33	1,03	0,74	0,45	5,80	0
10/04/2020 11:15:00	6,26	5,79	5,02	4,25	3,53	2,82	2,24	1,73	1,31	0,94	0,63	0,35	0,06	5,88	0
10/04/2020 11:20:00	8,00	5,59	4,43	3,77	3,15	2,51	2,10	1,75	1,45	1,17	0,92	0,67	0,43	6,08	1
10/04/2020 11:25:00	9,20	5,32	3,65	2,78	2,26	1,97	1,71	1,55	1,44	1,38	1,41	1,41	1,41	5,70	1
10/04/2020 11:30:00	8,99	5,56	4,14	3,31	2,62	2,07	1,68	1,37	1,11	0,88	0,69	0,50	0,31	6,65	1
10/04/2020 11:35:00	9,89	5,84	3,89	3,02	2,44	2,03	1,73	1,54	1,42	1,35	1,36	1,35	1,34	6,41	1
10/04/2020 11:40:00	9,02	5,95	4,31	3,47	2,89	2,34	1,90	1,59	1,38	1,20	1,10	0,98	0,86	6,53	1
10/04/2020 11:45:00	10,10	6,09	4,32	3,56	2,86	2,20	1,84	1,57	1,35	1,15	0,98	0,79	0,60	6,83	1
10/04/2020 11:50:00	10,17	5,87	4,18	3,37	2,90	2,60	2,27	2,06	1,94	1,83	1,78	1,70	1,62	6,81	1
10/04/2020 11:55:00	7,53	6,39	5,35	4,59	3,86	3,14	2,60	2,15	1,77	1,44	1,17	0,91	0,65	6,51	0
10/04/2020 12:00:00	7,22	6,21	5,23	4,55	3,94	3,28	2,78	2,35	2,00	1,69	1,45	1,21	0,98	6,46	0
10/04/2020 12:05:00	9,61	6,30	4,62	3,72	3,21	2,62	2,20	1,91	1,71	1,55	1,46	1,34	1,23	6,70	1
10/04/2020 12:10:00	11,41	6,38	4,22	3,43	2,80	2,44	2,15	1,99	1,92	1,86	1,86	1,82	1,79	7,51	1
10/04/2020 12:15:00	9,75	6,69	4,98	4,12	3,58	3,02	2,55	2,22	2,02	1,85	1,75	1,64	1,52	7,28	1
10/04/2020 12:20:00	7,27	6,14	5,00	3,99	3,28	2,61	2,00	1,50	1,13	0,83	0,62	0,43	0,24	6,82	1
10/04/2020 12:25:00	6,24	5,57	4,76	4,28	3,76	3,15	2,54	2,06	1,71	1,39	1,12	0,85	0,57	5,55	0
10/04/2020 12:30:00	6,20	5,48	4,66	4,13	3,61	3,10	2,59	2,17	1,85	1,58	1,36	1,15	0,94	5,43	0
10/04/2020 12:35:00	6,42	5,66	4,84	4,32	3,76	3,26	2,71	2,27	1,94	1,65	1,42	1,19	0,96	5,76	0
10/04/2020 12:40:00	8,84	5,62	4,29	3,60	3,08	2,67	2,36	2,12	1,93	1,76	1,65	1,51	1,38	6,08	1
10/04/2020 12:45:00	9,98	5,89	4,37	3,67	3,24	2,86	2,47	2,22	2,06	1,91	1,78	1,62	1,47	6,73	1
10/04/2020 12:50:00	10,35	6,24	4,70	3,87	3,22	2,88	2,45	2,15	1,96	1,77	1,62	1,45	1,28	7,23	1
10/04/2020 12:55:00	10,52	6,32	4,67	3,85	3,31	2,68	2,31	2,04	1,83	1,61	1,42	1,20	0,99	7,49	1
10/04/2020 13:00:00	9,58	6,38	5,02	4,29	3,58	2,90	2,45	2,09	1,79	1,49	1,21	0,92	0,64	7,13	1
10/04/2020 13:05:00	10,00	6,49	4,98	4,24	3,56	3,00	2,51	2,15	1,89	1,63	1,40	1,15	0,90	7,02	1
10/04/2020 13:10:00	9,42	6,60	4,84	3,92	3,27	2,77	2,28	1,93	1,71	1,53	1,44	1,34	1,25	7,22	1
10/04/2020 13:15:00	7,42	6,66	5,71	5,15	4,46	3,76	3,08	2,54	2,13	1,76	1,42	1,09	0,75	6,71	0
10/04/2020 13:20:00	8,10	7,31	5,93	5,12	4,32	3,67	2,91	2,35	1,97	1,67	1,44	1,22	1,00	7,63	1
10/04/2020 13:25:00	7,71	6,64	5,60	4,97	4,34	3,68	3,19	2,77	2,43	2,13	1,89	1,65	1,41	7,25	0
10/04/2020 13:30:00	7,26	6,76	5,98	5,36	4,67	3,85	3,16	2,59	2,15	1,72	1,33	0,94	0,55	6,89	0
10/04/2020 13:35:00	8,74	6,73	5,28	4,54	4,00	3,31	2,72	2,30	2,02	1,78	1,59	1,39	1,19	7,03	1
10/04/2020 13:40:00	9,67	6,35	4,73	4,02	3,50	3,06	2,66	2,39	2,22	2,08	2,00	1,89	1,78	7,23	1
10/04/2020 13:45:00	10,26	6,84	4,99	4,20	3,64	3,07	2,51	2,16	1,95	1,77	1,63	1,46	1,30	7,17	1
10/04/2020 13:50:00	9,94	6,51	5,06	4,44	3,92	3,48	3,08	2,80	2,60	2,41	2,25	2,06	1,87	7,56	1
10/04/2020 13:55:00	10,84	6,85	5,04	4,14	3,55	3,16	2,76	2,50	2,35	2,23	2,16	2,08	1,99	7,69	1
10/04/2020 14:00:00	8,49	7,14	5,98	5,36	4,80	4,18	3,68	3,27	2,96	2,70	2,48	2,26	2,05	7,45	0
10/04/2020 14:05:00	7,57	7,05	6,24	5,67	5,10	4,27	3,64	3,12	2,70	2,31	1,94	1,58	1,21	7,32	0
10/04/2020 14:10:00	7,09	6,97	6,27	5,62	4,94	4,15	3,44	2,85	2,39	1,97	1,58	1,21	0,83	7,11	0
10/04/2020 14:15:00	7,26	6,83	6,03	5,44	4,85	4,11	3,51	3,01	2,61	2,25	1,93	1,61	1,29	7,17	0
10/04/2020 14:20:00	7,28	6,76	5,96	5,40	4,79	4,07	3,45	2,94	2,54	2,17	1,83	1,50	1,17	7,01	0
10/04/2020 14:25:00	6,96	6,24	5,31	4,81	4,25	3,82	3,29	2,87	2,57	2,32	2,13	1,94	1,75	6,91	0
10/04/2020 14:30:00	7,01	6,34	5,55	4,95	4,35	3,75	3,20	2,75	2,38	2,05	1,78	1,51	1,24	6,74	0
10/04/2020 14:35:00	7,95	6,24	5,20	4,68	4,18	3,64	3,18	2,82	2,54	2,29	2,08	1,85	1,63	7,05	0
10/04/2020 14:40:00	8,80	6,56	5,35	4,78	4,21	3,69	3,17	2,79	2,52	2,27	2,05	1,81	1,58	7,00	1
10/04/2020 14:45:00	10,60	6,68	4,97	4,17	3,53	3,13	2,79	2,56	2,40	2,27	2,19	2,08	1,98	7,50	1
10/04/2020 14:50:00	10,75	7,00	5,11	4,39	3,86	3,35	3,04	2,84	2,69	2,58	2,53	2,44	2,36	7,48	1
10/04/2020 14:55:00	11,18	7,01	5,19	4,42	3,83	3,41	3,05	2,82	2,67	2,54	2,46	2,34	2,23	7,86	1
10/04/2020 15:00:00	9,22	7,19	5,94	5,30	4,70	4,03	3,56	3,18	2,87	2,59	2,34	2,09	1,84	7,70	1
10/04/2020 15:05:00	11,07	7,00	5,27	4,62	4,25	3,86	3,47	3,24	3,11	2,98	2,88	2,74	2,60	8,15	1
10/04/2020 15:10:00	10,55	7,20	5,33	4,57	4,02	3,57	3,21	2,96	2,81	2,69	2,65	2,58	2,51	8,50	1
10/04/2020 15:15:00	10,84	7,66	6,04	5,31	4,63	4,21	3,62	3,22	2,98	2,76	2,57	2,35	2,14	8,42	1
10/04/2020 15:20:00	8,36	7,70	6,65	5,85	5,12	4,37	3,68	3,12	2,71	2,33	2,01	1,71	1,40	7,78	0
10/04/2020 15:25:00	7,42	7,32	6,60	5,94	5,25	4,46	3,75	3,16	2,71	2,28	1,90	1,53	1,15	7,25	0
10/04/2020 15:30:00	7,56	7,08	6,22	5,50	4,90	4,20	3,62	3,13	2,74	2,40	2,11	1,84	1,56	7,12	0
10/04/2020 15:35:00	7,44	6,94	6,15	5,55	4,95	4,32	3,70	3,19	2,80	2,45	2,15	1,85	1,55	7,17	0
10/04/2020 15:40:00	7,40	7,02	6,23	5,60	4,90	4,15	3,54	3,02	2,60	2,21	1,87	1,54	1,21	7,02	0
10/04/2020 15:45:00	7,58	7,10	6,28	5,71	5,12	4,45	3,83	3,32	2,93	2,58	2,27	1,96	1,65	7,01	0
10/04/2020 15:50:00	7,88	7,06	6,27	5,73	5,14	4,48	3,90	3,42	3,04	2,69	2,36	2,03	1,71	7,50	0
10/04/2020 15:55:00	7,78	7,29	6,41	5,76	5,14	4,46	3,79	3,26	2,86	2,50	2,18	1,87	1,56	7,53	0
10/04/2020 16:00:00	8,63	7,44	6,17	5,52	4,83	4,21	3,66	3,23	2,92	2,66	2,47	2,27	2,08	7,44	0
10/04/2020 16:05:00	8,86	7,39	6,26	5,76	5,22	4,65	4,03	3,57	3,26	2,97	2,70	2,42	2,15	8,07	0
10/04/2020 16:10:00	9,78	7,61	6,18	5,48	4,86	4,31	3,79	3,41	3,14	2,91	2,73	2,54	2,35	8,07	1
10/04/2020 16:15:00	7,94	7,60	6,81	6,24	5,69	5,11	4,39	3,84	3,46	3,10	2,78	2,46	2,15	8,03	0
10/04/2020 16:20:00	7,29	7,41	6,78	6,26	5,61	4,82	4,15	3,59	3,13	2,70	2,31	1,92	1,54	7,69	0
10/04/2020 16:25:00	6,97	7,42	6,98	6,47	5,81	5,07	4,28	3,64	3,15	2,68	2,23	1,79	1,35	7,30	0
10/04/2020 16:30:00	6,88	7,47	6,92	6,34	5,69	4,93	4,15	3,52	3,03	2,59	2,18	1,78	1,39	7,46	0
10/04/2020 16:35:00	7,55	7,67	7,10	6,53	5,90	5,24	4,60	4,06	3,63	3,24	2,88	2,53	2,18	7,52	0
10/04/2020 16:40:00	8,83	7,75	6,76	6,20	5,66	5,00	4,36	3,86	3,51	3,17	2,86	2,54	2,22	7,61	0
10/04/2020 16:45:00	9,04	7,87	6,86	6,28	5,75	5,17	4,49	3,98	3,64	3,32	3,02	2,72	2,42	8,10	0
10/04/2020 16:50:00	9,86	7,95	6,74	6,10	5,50	4,88	4,35	3,95	3,64	3,35	3,09	2,82	2,55	8,27	1
10/04/2020 16:55:00	10,17	7,92	6,64	5,98	5,48	5,06	4,45	4,03	3,78	3,54	3,33	3,11	2,88	8,26	1
10/04/2020 17:00:00	10,36	8,00	6,76	6,16	5,69	5,21	4,74	4,39	4,15	3,91	3,71	3,48	3,25	8,70	1
10/04/2020 17:05:00	10,38	8,18	6,82	6,14	5,49	4,90	4,36	3,95	3,65	3,37	3,12	2,87	2,61	8,67	1
10/04/2020 17:10:00	8,92	8,43	7,52	6,90	6,16	5,49	4,99	4,55	4,16	3,81	3,52	3,23	2,94	8,73	0
10/04/2020 17:15:00	8,45	8,23	7,40	6,82	6,02	5,28	4,63	4,08	3,63	3,22	2,85	2,49	2,12	8,45	0
10/04/2020 17:20:00	8,14	8,15	7,48	6,87	6,23	5,41	4,78	4,23	3,77	3,34	2,94	2,56	2,17	7,99	0
10/04/2020 17:25:00	7,89	8,05	7,40	6,80	6,17	5,41	4,76	4,21	3,76	3,35	2,97	2,61	2,24	7,80	0
10/04/2020 17:30:00	8,35	7,83	7,02	6,39	5,77	5,10	4,41	3,86	3,45	3,07	2,72	2,38	2,04	7,77	0
10/04/2020 17:35:00	7,42	7,83	7,22	6,62	5,96	5,21	4,51	3,93	3,46	3,04	2,66	2,29	1,92	7,55	0
10/04/2020 17:40:00	7,41	7,77	7,22	6,66	6,04	5,29	4,61	4,04	3,57	3,14	2,75	2,36	1,98	7,45	0
10/04/2020 17:45:00	7,40	7,76	7,28	6,78	6,10	5,38	4,67	4,07	3,60	3,15	2,73	2,31	1,90	7,35	0
10/04/2020 17:50:00	7,43	7,79	7,33	6,77	6,15	5,40	4,71	4,12	3,64	3,19	2,77	2,35	1,94	7,42	0
10/04/2020 17:55:00	7,30	7,83	7,36	6,80	6,11	5,39	4,64	4,01	3,53	3,07	2,64	2,22	1,81	7,65	0
10/04/2020 18:00:00	7,27	7,79	7,40	6,86	6,26	5,49	4,77	4,16	3,67	3,21	2,76	2,33	1,89	7,52	0
10/04/2020 18:05:00	7,22	7,82	7,38	6,88	6,19	5,52	4,77	4,16	3,68	3,23	2,81	2,40	2,00	7,57	0
10/04/2020 18:10:00	7,22	7,74	7,26	6,81	6,27	5,56	4,78	4,15	3,69	3,25	2,83	2,42	2,01	7,60	0
10/04/2020 18:15:00	7,41	8,06	7,65	7,09	6,38	5,61	4,92	4,31	3,81	3,34	2,89	2,47	2,04	7,62	0
10/04/2020 18:20:00	7,27	8,03	7,53	6,93	6,32	5,61	4,90	4,30	3,83	3,41	3,03	2,66	2,30	7,52	0
10/04/2020 18:25:00	7,12	8,06	7,66	7,08	6,40	5,64	4,88	4,24	3,73	3,26	2,82	2,40	1,98	7,47	0
10/04/2020 18:30:00	6,92	7,98	7,62	7,04	6,42	5,64	4,89	4,26	3,75	3,28	2,84	2,42	2,00	7,40	0
10/04/2020 18:35:00	6,66	8,01	7,65	7,09	6,48	5,67	4,92	4,28	3,76	3,28	2,85	2,44	2,03	7,23	0
10/04/2020 18:40:00	6,83	7,87	7,55	7,10	6,40	5,66	4,94	4,32	3,81	3,34	2,88	2,45	2,02	7,37	0
10/04/2020 18:45:00	6,66	7,87	7,60	7,13	6,46	5,76	4,98	4,33	3,81	3,34	2,88	2,45	2,02	7,27	0
10/04/2020 18:50:00	6,51	8,26	8,14	7,66	7,01	6,22	5,40	4,70	4,14	3,61	3,10	2,62	2,14	7,25	0
10/04/2020 18:55:00	6,71	8,51	8,45	7,96	7,32	6,47	5,72	5,04	4,47	3,93	3,41	2,91	2,42	7,18	0
10/04/2020 19:00:00	6,66	8,88	8,85	8,43	7,80	6,98	6,12	5,38	4,79	4,23	3,69	3,17	2,65	7,12	0
10/04/2020 19:05:00	6,33	9,34	9,35	8,85	8,08	7,25	6,33	5,52	4,88	4,30	3,74	3,23	2,72	7,08	0
10/04/2020 19:10:00	6,58	9,08	9,11	8,70	7,96	7,05	6,22	5,47	4,85	4,26	3,68	3,13	2,58	6,95	0
10/04/2020 19:15:00	6,73	9,37	9,44	8,98	8,27	7,41	6,59	5,84	5,22	4,64	4,07	3,53	3,00	6,92	0
10/04/2020 19:20:00	6,94	9,47	9,51	9,11	8,38	7,56	6,74	6,01	5,41	4,84	4,29	3,77	3,25	6,88	0
10/04/2020 19:25:00	7,39	9,35	9,28	8,89	8,22	7,46	6,67	5,98	5,41	4,88	4,35	3,85	3,35	6,66	0
10/04/2020 19:30:00	7,11	9,32	9,36	8,95	8,31	7,45	6,63	5,91	5,32	4,75	4,18	3,64	3,10	6,70	0
10/04/2020 19:35:00	6,74	9,43	9,56	9,18	8,50	7,64	6,78	6,02	5,39	4,78	4,19	3,62	3,06	6,76	0
10/04/2020 19:40:00	6,38	9,30	9,42	9,03	8,36	7,46	6,58	5,81	5,17	4,57	3,99	3,43	2,88	6,77	0
10/04/2020 19:45:00	6,67	8,81	8,82	8,48	7,77	6,95	6,16	5,46	4,88	4,32	3,76	3,24	2,71	6,58	0
10/04/2020 19:50:00	6,81	8,70	8,68	8,25	7,62	6,82	6,08	5,42	4,85	4,32	3,79	3,30	2,80	6,48	0
10/04/2020 19:55:00	6,49	8,43	8,38	7,97	7,33	6,48	5,72	5,05	4,48	3,94	3,41	2,91	2,41	6,53	0
10/04/2020 20:00:00	6,89	7,69	7,19	6,57	6,03	5,28	4,64	4,07	3,61	3,20	2,84	2,50	2,16	6,28	0
10/04/2020 20:05:00	6,02	6,34	6,11	5,89	5,41	4,90	4,42	3,99	3,60	3,24	2,89	2,54	2,19	4,73	0
10/04/2020 20:10:00	5,29	6,12	6,25	6,14	5,88	5,46	5,07	4,69	4,31	3,96	3,62	3,28	2,94	4,16	0
10/04/2020 20:15:00	5,01	6,21	6,35	6,13	5,82	5,29	4,79	4,31	3,88	3,48	3,09	2,71	2,34	4,10	0
10/04/2020 20:20:00	5,07	6,51	6,62	6,36	5,96	5,34	4,82	4,32	3,85	3,42	3,00	2,60	2,21	4,58	0
10/04/2020 20:25:00	4,98	6,84	7,08	6,88	6,36	5,67	5,07	4,49	3,97	3,46	2,96	2,48	2,00	4,70	0
10/04/2020 20:30:00	5,07	6,95	7,11	6,76	6,24	5,62	4,86	4,20	3,67	3,18	2,70	2,24	1,79	5,30	0
10/04/2020 20:35:00	4,60	7,16	7,37	7,01	6,40	5,58	4,80	4,09	3,49	2,92	2,37	1,86	1,35	5,01	0
10/04/2020 20:40:00	4,61	7,19	7,28	6,98	6,41	5,59	4,85	4,17	3,60	3,07	2,56	2,09	1,62	4,97	0
10/04/2020 20:45:00	4,68	7,17	7,33	6,92	6,35	5,57	4,80	4,11	3,53	2,99	2,48	2,00	1,53	5,13	0
10/04/2020 20:50:00	4,83	7,11	7,24	6,92	6,28	5,56	4,81	4,13	3,56	3,03	2,52	2,04	1,56	5,16	0
10/04/2020 20:55:00	4,91	7,49	7,69	7,33	6,67	5,87	5,13	4,43	3,83	3,27	2,74	2,23	1,73	5,22	0
10/04/2020 21:00:00	4,95	7,48	7,71	7,35	6,79	5,88	5,13	4,43	3,82	3,23	2,65	2,11	1,57	5,28	0
10/04/2020 21:05:00	5,17	7,83	8,05	7,66	7,02	6,16	5,30	4,54	3,91	3,31	2,73	2,18	1,63	5,30	0
10/04/2020 21:10:00	5,28	7,77	7,97	7,58	6,91	6,06	5,26	4,53	3,91	3,32	2,75	2,21	1,66	5,32	0
10/04/2020 21:15:00	5,52	7,50	7,56	7,17	6,54	5,71	4,93	4,24	3,66	3,10	2,57	2,05	1,54	4,99	0
10/04/2020 21:20:00	5,49	7,24	7,23	6,87	6,18	5,44	4,67	3,99	3,43	2,90	2,38	1,89	1,40	4,78	0
10/04/2020 21:25:00	4,95	6,90	6,90	6,50	5,88	5,08	4,32	3,64	3,08	2,55	2,05	1,58	1,10	4,65	0
10/04/2020 21:30:00	4,57	6,56	6,61	6,20	5,57	4,78	4,00	3,30	2,72	2,18	1,67	1,18	0,69	4,62	0
10/04/2020 21:35:00	4,59	6,40	6,44	6,01	5,42	4,64	3,86	3,18	2,62	2,10	1,59	1,12	0,65	4,52	0
10/04/2020 21:40:00	4,41	6,38	6,39	6,00	5,30	4,48	3,68	2,97	2,38	1,83	1,30	0,80	0,31	4,46	0
10/04/2020 21:45:00	4,08	6,29	6,35	5,97	5,32	4,53	3,75	3,05	2,47	1,93	1,42	0,94	0,47	4,33	0
10/04/2020 21:50:00	4,12	6,46	6,56	6,12	5,51	4,67	3,93	3,25	2,66	2,11	1,60	1,12	0,65	4,13	0
10/04/2020 21:55:00	4,14	6,69	6,78	6,45	5,80	5,00	4,26	3,57	2,99	2,45	1,94	1,47	1,00	4,03	0
10/04/2020 22:00:00	3,94	6,68	6,87	6,48	5,82	5,00	4,20	3,46	2,84	2,27	1,72	1,22	0,72	3,98	0
10/04/2020 22:05:00	3,92	6,43	6,54	6,19	5,55	4,75	3,99	3,30	2,72	2,19	1,69	1,23	0,77	3,80	0
10/04/2020 22:10:00	4,00	6,17	6,27	5,88	5,27	4,55	3,79	3,11	2,55	2,04	1,55	1,10	0,65	3,78	0
10/04/2020 22:15:00	3,91	6,11	6,14	5,72	5,14	4,39	3,64	2,97	2,42	1,92	1,46	1,03	0,60	3,60	0
10/04/2020 22:20:00	3,57	5,93	6,01	5,59	4,94	4,10	3,34	2,64	2,05	1,50	0,99	0,53	0,06	3,51	0
10/04/2020 22:25:00	3,35	5,69	5,66	5,24	4,60	3,79	3,04	2,37	1,80	1,29	0,83	0,41	-0,01	3,54	0
10/04/2020 22:30:00	3,51	5,39	5,36	4,96	4,38	3,61	2,87	2,22	1,67	1,17	0,72	0,29	-0,13	3,51	0
10/04/2020 22:35:00	3,35	5,51	5,53	5,07	4,46	3,69	2,90	2,21	1,65	1,14	0,67	0,25	-0,18	3,38	0
10/04/2020 22:40:00	3,32	5,54	5,58	5,15	4,59	3,84	3,07	2,40	1,85	1,35	0,89	0,48	0,06	3,30	0
10/04/2020 22:45:00	3,14	5,57	5,61	5,24	4,56	3,79	3,07	2,40	1,83	1,31	0,84	0,42	-0,01	3,21	0
10/04/2020 22:50:00	3,07	5,45	5,52	5,08	4,46	3,66	2,90	2,22	1,65	1,13	0,67	0,24	-0,19	3,11	0
10/04/2020 22:55:00	3,22	5,41	5,44	5,09	4,51	3,82	3,13	2,51	1,98	1,50	1,08	0,69	0,31	3,02	0
10/04/2020 23:00:00	3,05	5,18	5,28	4,91	4,38	3,73	3,02	2,38	1,86	1,39	0,97	0,58	0,19	3,00	0
10/04/2020 23:05:00	3,03	5,38	5,56	5,30	4,69	3,97	3,26	2,61	2,05	1,53	1,04	0,59	0,14	2,81	0
10/04/2020 23:10:00	2,88	5,39	5,63	5,38	4,72	4,03	3,29	2,62	2,04	1,51	1,01	0,55	0,08	2,80	0
10/04/2020 23:15:00	2,66	5,45	5,74	5,40	4,81	4,03	3,24	2,53	1,93	1,38	0,86	0,38	-0,09	2,74	0
10/04/2020 23:20:00	2,71	5,30	5,58	5,29	4,77	4,03	3,32	2,66	2,09	1,57	1,08	0,63	0,18	2,72	0
10/04/2020 23:25:00	2,32	5,59	6,01	5,71	5,09	4,33	3,50	2,74	2,11	1,53	0,99	0,49	0,00	2,58	0
10/04/2020 23:30:00	2,33	5,67	6,04	5,76	5,14	4,32	3,50	2,74	2,11	1,52	0,97	0,47	-0,04	2,59	0
10/04/2020 23:35:00	2,48	5,71	6,08	5,83	5,25	4,46	3,64	2,91	2,30	1,73	1,20	0,71	0,21	2,55	0
10/04/2020 23:40:00	2,51	5,82	6,14	5,87	5,26	4,52	3,72	3,00	2,39	1,85	1,34	0,88	0,42	2,50	0
10/04/2020 23:45:00	2,65	5,75	6,07	5,79	5,19	4,41	3,65	2,94	2,34	1,78	1,26	0,78	0,30	2,60	0
10/04/2020 23:50:00	2,37	5,84	6,18	5,94	5,31	4,51	3,71	2,98	2,35	1,79	1,26	0,77	0,28	2,64	0
10/04/2020 23:55:00	2,80	6,06	6,40	6,12	5,53	4,69	3,91	3,19	2,56	1,98	1,44	0,94	0,43	2,55	0
