FileFormat:0002.2 file with temperature of atmosphere
200
local	GMT or Local
0	GMT-Local=[hours]
0	Height[m]
0	0	0	Longitude                [grd]               [min]               [sec]
0	0	0	Latitude                [grd]               [min]               [sec]
N	NS
59,40	Freq[GHz]
0,00	dTemostat[K]
0,150	MessErr[K]
0,248	//[grad/step]
version 14.0.20110218
MTP5H033F5940K-33.00D180214+A1.1
Commentary:
enter comment
End Of Commentary

SYSTEM\summer.dat
data time	0	50	100	150	200	250	300	350	400	450	500	550	600	OutsideTemperature	Quality
07/08/2020 00:00:00	20,07	20,65	20,67	20,46	20,24	20,00	19,74	19,47	19,17	18,86	18,50	18,12	17,73	20,07	0
07/08/2020 00:05:00	19,95	20,58	20,71	20,69	20,52	20,28	20,03	19,76	19,46	19,12	18,70	18,25	17,79	19,99	0
07/08/2020 00:10:00	19,83	20,58	20,71	20,58	20,45	20,28	20,02	19,76	19,48	19,17	18,81	18,41	18,02	19,92	0
07/08/2020 00:15:00	19,85	20,58	20,79	20,84	20,63	20,35	20,06	19,76	19,42	19,04	18,56	18,04	17,52	19,79	0
07/08/2020 00:20:00	19,67	20,45	20,59	20,52	20,36	20,18	19,92	19,65	19,36	19,04	18,66	18,24	17,83	19,68	0
07/08/2020 00:25:00	19,58	20,35	20,49	20,38	20,23	20,03	19,80	19,55	19,26	18,96	18,60	18,21	17,83	19,58	0
07/08/2020 00:30:00	19,48	20,32	20,49	20,46	20,41	20,16	19,86	19,57	19,26	18,91	18,49	18,02	17,55	19,46	0
07/08/2020 00:35:00	19,43	20,18	20,35	20,28	20,16	19,97	19,77	19,53	19,26	18,96	18,60	18,21	17,83	19,41	0
07/08/2020 00:40:00	19,24	20,07	20,31	20,31	20,19	19,97	19,71	19,43	19,12	18,78	18,36	17,91	17,45	19,27	0
07/08/2020 00:45:00	19,26	19,91	20,06	20,01	19,94	19,79	19,55	19,30	19,02	18,71	18,34	17,93	17,52	19,19	0
07/08/2020 00:50:00	19,14	19,85	19,96	19,94	19,81	19,64	19,43	19,20	18,92	18,63	18,27	17,88	17,49	19,09	0
07/08/2020 00:55:00	18,96	19,74	19,95	19,89	19,82	19,63	19,38	19,12	18,83	18,51	18,12	17,70	17,27	18,99	0
07/08/2020 01:00:00	18,89	19,71	19,91	19,86	19,76	19,59	19,28	18,98	18,67	18,33	17,91	17,46	17,00	18,92	0
07/08/2020 01:05:00	18,77	19,60	19,78	19,71	19,54	19,40	19,14	18,87	18,57	18,25	17,88	17,47	17,06	18,76	0
07/08/2020 01:10:00	18,80	19,49	19,63	19,66	19,69	19,46	19,18	18,90	18,61	18,28	17,87	17,41	16,95	18,64	0
07/08/2020 01:15:00	18,70	19,49	19,71	19,67	19,50	19,29	19,05	18,78	18,48	18,15	17,76	17,33	16,91	18,69	0
07/08/2020 01:20:00	18,63	19,32	19,41	19,45	19,35	19,20	19,00	18,78	18,52	18,23	17,88	17,49	17,10	18,62	0
07/08/2020 01:25:00	18,63	19,10	19,22	19,20	19,25	19,20	18,98	18,76	18,52	18,26	17,94	17,57	17,20	18,62	0
07/08/2020 01:30:00	18,55	19,22	19,40	19,43	19,38	19,26	19,02	18,78	18,51	18,21	17,83	17,42	17,00	18,60	0
07/08/2020 01:35:00	18,61	19,19	19,33	19,29	19,26	19,22	19,01	18,79	18,55	18,28	17,95	17,59	17,22	18,59	0
07/08/2020 01:40:00	18,49	19,25	19,37	19,32	19,24	19,11	18,90	18,67	18,41	18,14	17,81	17,45	17,08	18,61	0
07/08/2020 01:45:00	18,65	19,19	19,37	19,44	19,37	19,26	19,10	18,91	18,66	18,38	18,04	17,65	17,27	18,58	0
07/08/2020 01:50:00	18,51	19,28	19,52	19,50	19,45	19,36	19,15	18,91	18,65	18,36	18,01	17,62	17,23	18,54	0
07/08/2020 01:55:00	18,52	19,23	19,45	19,45	19,40	19,35	19,16	18,94	18,69	18,42	18,08	17,71	17,34	18,55	0
07/08/2020 02:00:00	18,48	19,19	19,47	19,51	19,52	19,43	19,22	19,00	18,74	18,44	18,07	17,66	17,25	18,46	0
07/08/2020 02:05:00	18,33	19,05	19,28	19,36	19,34	19,26	19,09	18,89	18,64	18,37	18,03	17,64	17,26	18,35	0
07/08/2020 02:10:00	18,29	18,93	19,25	19,37	19,32	19,24	19,03	18,81	18,54	18,22	17,83	17,39	16,95	18,26	0
07/08/2020 02:15:00	18,23	19,00	19,24	19,35	19,32	19,24	19,10	18,91	18,67	18,40	18,06	17,69	17,32	18,18	0
07/08/2020 02:20:00	18,04	18,90	19,23	19,33	19,31	19,25	19,06	18,85	18,58	18,29	17,93	17,52	17,12	18,11	0
07/08/2020 02:25:00	18,03	18,85	19,26	19,43	19,44	19,37	19,20	19,00	18,74	18,43	18,05	17,62	17,19	18,07	0
07/08/2020 02:30:00	17,91	18,73	19,09	19,26	19,28	19,24	19,07	18,86	18,61	18,32	17,95	17,54	17,13	17,94	0
07/08/2020 02:35:00	17,81	18,66	19,03	19,17	19,16	19,09	18,91	18,70	18,43	18,13	17,76	17,34	16,92	17,80	0
07/08/2020 02:40:00	17,78	18,66	18,97	19,10	19,07	18,97	18,80	18,59	18,32	18,03	17,67	17,27	16,86	17,79	0
07/08/2020 02:45:00	17,69	18,53	18,89	19,01	18,92	18,81	18,67	18,47	18,20	17,90	17,54	17,14	16,74	17,67	0
07/08/2020 02:50:00	17,61	18,33	18,61	18,73	18,81	18,77	18,62	18,44	18,21	17,95	17,63	17,26	16,90	17,60	0
07/08/2020 02:55:00	17,49	18,33	18,64	18,71	18,77	18,77	18,58	18,37	18,13	17,87	17,55	17,18	16,81	17,53	0
07/08/2020 03:00:00	17,53	18,31	18,56	18,68	18,70	18,63	18,47	18,28	18,04	17,78	17,45	17,08	16,71	17,48	0
07/08/2020 03:05:00	17,41	18,15	18,49	18,63	18,67	18,61	18,44	18,23	17,98	17,69	17,33	16,92	16,52	17,47	0
07/08/2020 03:10:00	17,42	17,98	18,24	18,41	18,41	18,33	18,17	17,98	17,73	17,45	17,09	16,69	16,28	17,34	0
07/08/2020 03:15:00	17,19	18,02	18,28	18,41	18,40	18,31	18,15	17,95	17,69	17,42	17,08	16,70	16,32	17,22	0
07/08/2020 03:20:00	17,15	17,88	18,26	18,47	18,55	18,50	18,34	18,15	17,90	17,61	17,24	16,82	16,41	17,17	0
07/08/2020 03:25:00	17,14	17,95	18,37	18,51	18,57	18,50	18,32	18,10	17,84	17,54	17,17	16,75	16,33	17,16	0
07/08/2020 03:30:00	17,07	18,01	18,40	18,54	18,60	18,55	18,36	18,15	17,89	17,60	17,24	16,83	16,43	17,09	0
07/08/2020 03:35:00	17,02	18,00	18,43	18,59	18,61	18,56	18,37	18,16	17,89	17,59	17,22	16,81	16,40	17,02	0
07/08/2020 03:40:00	16,92	17,87	18,28	18,49	18,49	18,44	18,32	18,15	17,90	17,62	17,28	16,90	16,51	16,89	0
07/08/2020 03:45:00	16,77	17,68	18,04	18,20	18,35	18,35	18,23	18,07	17,85	17,61	17,31	16,97	16,63	16,78	0
07/08/2020 03:50:00	16,72	17,52	17,92	18,22	18,23	18,21	18,09	17,91	17,67	17,39	17,03	16,62	16,22	16,74	0
07/08/2020 03:55:00	16,65	17,49	17,85	18,06	18,16	18,14	17,97	17,77	17,53	17,26	16,91	16,51	16,12	16,64	0
07/08/2020 04:00:00	16,54	17,43	17,85	18,10	18,17	18,18	18,01	17,82	17,58	17,30	16,94	16,54	16,14	16,62	0
07/08/2020 04:05:00	16,56	17,52	17,93	18,10	18,10	18,11	18,00	17,83	17,59	17,34	17,03	16,68	16,33	16,62	0
07/08/2020 04:10:00	16,50	17,54	17,98	18,21	18,20	18,14	18,02	17,83	17,57	17,28	16,92	16,53	16,14	16,54	0
07/08/2020 04:15:00	16,53	17,33	17,77	17,92	17,92	17,93	17,80	17,62	17,37	17,10	16,77	16,40	16,03	16,49	0
07/08/2020 04:20:00	16,45	17,40	17,82	17,99	18,12	18,12	17,95	17,76	17,52	17,26	16,92	16,55	16,17	16,48	0
07/08/2020 04:25:00	16,51	17,29	17,71	17,89	18,02	18,09	17,95	17,78	17,56	17,32	17,01	16,65	16,30	16,49	0
07/08/2020 04:30:00	16,32	17,28	17,87	18,14	18,24	18,26	18,12	17,94	17,69	17,40	17,03	16,61	16,20	16,34	0
07/08/2020 04:35:00	16,26	17,30	17,95	18,30	18,37	18,35	18,22	18,04	17,77	17,46	17,05	16,60	16,14	16,25	0
07/08/2020 04:40:00	16,12	17,27	17,96	18,34	18,45	18,40	18,25	18,05	17,78	17,44	17,01	16,54	16,06	16,12	0
07/08/2020 04:45:00	16,08	17,33	18,05	18,38	18,47	18,43	18,27	18,06	17,78	17,44	17,02	16,55	16,08	16,07	0
07/08/2020 04:50:00	16,03	17,28	17,96	18,28	18,35	18,32	18,18	17,97	17,70	17,38	16,97	16,52	16,07	15,96	0
07/08/2020 04:55:00	15,89	17,13	17,74	18,00	18,15	18,17	18,03	17,85	17,60	17,32	16,97	16,58	16,18	15,89	0
07/08/2020 05:00:00	15,79	16,99	17,65	18,02	18,25	18,22	18,10	17,92	17,67	17,37	16,98	16,55	16,11	15,80	0
07/08/2020 05:05:00	15,80	16,98	17,60	17,91	18,00	17,96	17,89	17,74	17,49	17,21	16,85	16,46	16,07	15,75	0
07/08/2020 05:10:00	15,66	16,85	17,46	17,77	17,87	17,83	17,70	17,52	17,26	16,96	16,58	16,16	15,74	15,74	0
07/08/2020 05:15:00	15,73	16,84	17,50	17,79	17,92	17,90	17,81	17,65	17,40	17,11	16,74	16,34	15,93	15,76	0
07/08/2020 05:20:00	15,82	16,95	17,52	17,75	17,85	17,85	17,73	17,55	17,30	17,02	16,67	16,28	15,90	15,84	0
07/08/2020 05:25:00	15,91	16,86	17,44	17,67	17,80	17,82	17,68	17,50	17,26	16,97	16,61	16,21	15,81	15,89	0
07/08/2020 05:30:00	15,90	16,85	17,35	17,60	17,75	17,78	17,66	17,50	17,27	17,01	16,68	16,31	15,94	15,91	0
07/08/2020 05:35:00	15,99	16,92	17,37	17,65	17,82	17,85	17,73	17,57	17,35	17,10	16,77	16,39	16,02	15,99	0
07/08/2020 05:40:00	16,10	16,98	17,34	17,55	17,66	17,65	17,51	17,34	17,12	16,86	16,55	16,19	15,84	16,00	0
07/08/2020 05:45:00	16,07	16,87	17,12	17,38	17,51	17,54	17,43	17,28	17,08	16,85	16,57	16,24	15,91	16,09	0
07/08/2020 05:50:00	16,20	17,06	17,35	17,63	17,73	17,72	17,61	17,46	17,25	17,01	16,70	16,35	16,00	16,24	0
07/08/2020 05:55:00	16,31	17,04	17,21	17,43	17,52	17,50	17,44	17,33	17,14	16,94	16,69	16,40	16,11	16,37	0
07/08/2020 06:00:00	16,57	17,10	17,21	17,44	17,50	17,47	17,37	17,24	17,05	16,83	16,56	16,24	15,93	16,52	0
07/08/2020 06:05:00	16,78	17,18	17,13	17,21	17,29	17,29	17,20	17,08	16,91	16,74	16,54	16,29	16,05	16,86	0
07/08/2020 06:10:00	16,89	17,30	17,22	17,33	17,38	17,36	17,29	17,17	17,00	16,83	16,63	16,38	16,14	16,96	0
07/08/2020 06:15:00	17,11	17,34	17,28	17,38	17,41	17,42	17,31	17,19	17,02	16,83	16,62	16,35	16,08	17,11	0
07/08/2020 06:20:00	17,24	17,33	17,19	17,27	17,28	17,30	17,21	17,10	16,94	16,78	16,58	16,34	16,09	17,33	0
07/08/2020 06:25:00	17,40	17,41	17,14	17,22	17,33	17,31	17,19	17,07	16,93	16,77	16,58	16,33	16,08	17,77	0
07/08/2020 06:30:00	17,50	17,49	17,22	17,27	17,35	17,29	17,20	17,09	16,94	16,78	16,59	16,36	16,12	17,92	0
07/08/2020 06:35:00	17,56	17,59	17,33	17,34	17,32	17,27	17,18	17,06	16,90	16,74	16,56	16,33	16,10	18,21	0
07/08/2020 06:40:00	17,66	17,67	17,31	17,35	17,38	17,37	17,26	17,14	17,00	16,86	16,69	16,47	16,25	18,26	0
07/08/2020 06:45:00	17,87	17,67	17,36	17,44	17,50	17,49	17,37	17,25	17,10	16,94	16,74	16,47	16,21	18,26	0
07/08/2020 06:50:00	17,84	17,91	17,58	17,54	17,50	17,42	17,30	17,17	17,00	16,83	16,65	16,42	16,19	18,37	0
07/08/2020 06:55:00	18,03	17,93	17,54	17,53	17,45	17,42	17,33	17,22	17,07	16,92	16,76	16,54	16,33	18,57	0
07/08/2020 07:00:00	18,15	18,06	17,64	17,57	17,52	17,46	17,33	17,20	17,04	16,88	16,70	16,48	16,26	18,58	0
07/08/2020 07:05:00	18,19	18,21	17,78	17,69	17,61	17,52	17,36	17,20	17,02	16,85	16,66	16,43	16,19	19,36	0
07/08/2020 07:10:00	18,28	18,26	17,76	17,71	17,62	17,55	17,40	17,25	17,08	16,92	16,75	16,52	16,30	19,81	0
07/08/2020 07:15:00	18,47	18,36	17,89	17,85	17,83	17,70	17,48	17,28	17,10	16,90	16,65	16,36	16,06	19,70	0
07/08/2020 07:20:00	18,50	18,47	18,07	17,88	17,71	17,58	17,38	17,18	16,97	16,76	16,53	16,26	16,00	19,86	0
07/08/2020 07:25:00	18,69	18,56	18,00	17,87	17,69	17,47	17,25	17,04	16,84	16,62	16,38	16,10	15,82	20,14	0
07/08/2020 07:30:00	18,84	18,66	18,00	17,77	17,56	17,38	17,17	16,97	16,78	16,60	16,40	16,18	15,95	19,83	0
07/08/2020 07:35:00	18,88	18,65	18,00	17,76	17,52	17,32	17,11	16,91	16,71	16,52	16,31	16,07	15,83	19,58	0
07/08/2020 07:40:00	18,86	18,65	17,98	17,71	17,52	17,35	17,15	16,96	16,78	16,61	16,44	16,23	16,02	19,42	0
07/08/2020 07:45:00	18,98	18,71	18,12	17,88	17,60	17,35	17,14	16,92	16,70	16,49	16,25	15,98	15,71	19,61	0
07/08/2020 07:50:00	19,04	18,78	18,13	17,87	17,58	17,33	17,13	16,93	16,73	16,53	16,33	16,09	15,85	19,98	0
07/08/2020 07:55:00	19,14	18,86	18,13	17,81	17,56	17,36	17,14	16,94	16,75	16,58	16,41	16,20	15,99	20,00	0
07/08/2020 08:00:00	19,14	19,03	18,34	17,99	17,66	17,38	17,14	16,91	16,68	16,47	16,27	16,03	15,80	20,24	0
07/08/2020 08:05:00	19,46	19,06	18,31	17,95	17,66	17,38	17,14	16,92	16,71	16,51	16,30	16,06	15,82	20,72	0
07/08/2020 08:10:00	19,51	19,20	18,50	18,11	17,72	17,44	17,14	16,87	16,63	16,39	16,14	15,86	15,59	20,76	0
07/08/2020 08:15:00	19,71	19,25	18,52	18,10	17,76	17,40	17,09	16,82	16,57	16,33	16,07	15,78	15,49	20,77	0
07/08/2020 08:20:00	19,60	19,14	18,40	18,10	17,81	17,54	17,28	17,05	16,83	16,62	16,38	16,11	15,83	20,34	0
07/08/2020 08:25:00	19,89	19,26	18,51	18,09	17,77	17,50	17,29	17,09	16,88	16,69	16,50	16,28	16,05	20,57	0
07/08/2020 08:30:00	19,76	19,48	18,73	18,41	18,12	17,80	17,46	17,17	16,92	16,67	16,38	16,06	15,74	21,04	0
07/08/2020 08:35:00	20,05	19,56	18,75	18,39	18,00	17,67	17,37	17,10	16,86	16,61	16,35	16,06	15,76	21,05	0
07/08/2020 08:40:00	20,01	19,62	18,77	18,30	17,96	17,70	17,41	17,15	16,93	16,73	16,53	16,31	16,08	20,88	0
07/08/2020 08:45:00	20,12	19,70	18,82	18,32	17,92	17,64	17,32	17,05	16,81	16,60	16,38	16,14	15,90	20,62	0
07/08/2020 08:50:00	20,05	19,73	18,95	18,48	18,08	17,76	17,46	17,19	16,95	16,72	16,49	16,23	15,98	20,99	0
07/08/2020 08:55:00	20,36	19,82	18,95	18,50	18,09	17,73	17,44	17,18	16,94	16,71	16,47	16,21	15,94	21,00	0
07/08/2020 09:00:00	20,52	19,89	19,00	18,53	18,13	17,79	17,50	17,24	17,00	16,78	16,54	16,28	16,01	21,48	0
07/08/2020 09:05:00	20,56	19,92	19,03	18,58	18,19	17,85	17,52	17,24	17,00	16,76	16,50	16,20	15,91	21,31	0
07/08/2020 09:10:00	20,80	19,87	18,98	18,51	18,08	17,75	17,48	17,24	17,00	16,78	16,54	16,26	15,99	21,74	0
07/08/2020 09:15:00	20,61	19,84	19,10	18,69	18,37	18,03	17,71	17,44	17,19	16,94	16,64	16,31	15,98	21,49	0
07/08/2020 09:20:00	20,71	19,95	19,25	18,83	18,40	18,03	17,73	17,46	17,20	16,92	16,62	16,28	15,95	22,00	0
07/08/2020 09:25:00	20,86	20,09	19,24	18,74	18,35	18,03	17,72	17,45	17,21	16,97	16,71	16,43	16,14	21,79	0
07/08/2020 09:30:00	20,86	20,22	19,49	18,99	18,58	18,19	17,82	17,51	17,23	16,94	16,61	16,26	15,90	21,83	0
07/08/2020 09:35:00	21,08	20,36	19,46	18,98	18,58	18,20	17,83	17,53	17,26	17,00	16,70	16,37	16,04	22,39	0
07/08/2020 09:40:00	21,00	20,38	19,60	19,20	18,81	18,40	18,05	17,75	17,47	17,19	16,86	16,50	16,14	21,96	0
07/08/2020 09:45:00	21,34	20,38	19,56	19,10	18,69	18,34	18,02	17,74	17,49	17,22	16,92	16,58	16,25	22,41	0
07/08/2020 09:50:00	21,34	20,51	19,73	19,28	18,83	18,40	18,02	17,70	17,41	17,10	16,74	16,35	15,96	22,29	0
07/08/2020 09:55:00	21,34	20,61	19,88	19,38	18,90	18,45	18,10	17,78	17,49	17,18	16,84	16,47	16,10	22,13	0
07/08/2020 10:00:00	21,22	20,68	19,91	19,40	18,92	18,52	18,14	17,81	17,52	17,22	16,89	16,53	16,17	22,30	0
07/08/2020 10:05:00	21,30	20,62	19,98	19,50	19,09	18,68	18,31	17,98	17,69	17,37	17,01	16,62	16,23	22,54	0
07/08/2020 10:10:00	21,36	20,81	19,90	19,37	18,97	18,65	18,27	17,96	17,71	17,45	17,18	16,87	16,56	22,23	0
07/08/2020 10:15:00	21,38	20,79	20,12	19,62	19,10	18,64	18,27	17,93	17,61	17,29	16,93	16,54	16,15	22,61	0
07/08/2020 10:20:00	21,78	20,76	20,07	19,63	19,22	18,80	18,45	18,14	17,86	17,55	17,18	16,77	16,37	23,24	0
07/08/2020 10:25:00	21,77	20,83	20,22	19,71	19,34	18,98	18,61	18,29	18,01	17,70	17,34	16,93	16,53	22,75	0
07/08/2020 10:30:00	21,71	20,81	20,22	19,77	19,34	18,94	18,57	18,24	17,94	17,61	17,21	16,77	16,34	23,11	0
07/08/2020 10:35:00	21,80	20,75	20,12	19,65	19,26	18,84	18,51	18,21	17,93	17,62	17,25	16,85	16,45	22,76	0
07/08/2020 10:40:00	21,88	20,87	20,21	19,74	19,33	18,95	18,58	18,26	17,98	17,66	17,28	16,87	16,46	22,73	0
07/08/2020 10:45:00	22,03	21,05	20,44	20,00	19,52	19,12	18,77	18,45	18,15	17,82	17,42	16,99	16,56	23,27	0
07/08/2020 10:50:00	22,10	20,94	20,25	19,76	19,35	19,00	18,66	18,37	18,09	17,79	17,44	17,04	16,65	23,11	0
07/08/2020 10:55:00	22,00	20,89	20,28	19,89	19,52	19,18	18,85	18,56	18,29	17,97	17,59	17,17	16,74	23,28	0
07/08/2020 11:00:00	21,89	21,12	20,47	20,03	19,67	19,26	18,88	18,56	18,26	17,94	17,55	17,12	16,70	23,04	0
07/08/2020 11:05:00	22,16	21,30	20,49	19,96	19,50	19,05	18,67	18,35	18,06	17,75	17,40	17,02	16,64	23,50	0
07/08/2020 11:10:00	22,41	21,50	20,58	20,06	19,59	19,18	18,77	18,43	18,14	17,83	17,46	17,06	16,66	23,86	0
07/08/2020 11:15:00	22,49	21,71	20,80	20,18	19,56	19,02	18,60	18,24	17,91	17,58	17,22	16,83	16,44	23,52	0
07/08/2020 11:20:00	22,37	21,41	20,62	20,11	19,71	19,37	18,99	18,67	18,39	18,09	17,73	17,34	16,94	23,88	0
07/08/2020 11:25:00	22,61	21,75	20,79	20,20	19,74	19,36	18,97	18,64	18,37	18,09	17,78	17,43	17,08	23,63	0
07/08/2020 11:30:00	22,56	21,61	20,69	20,16	19,64	19,19	18,81	18,48	18,20	17,89	17,55	17,17	16,80	23,96	0
07/08/2020 11:35:00	21,66	21,32	20,86	20,38	19,99	19,65	19,22	18,85	18,52	18,17	17,75	17,29	16,84	23,36	0
07/08/2020 11:40:00	21,34	21,22	20,81	20,39	19,97	19,52	19,11	18,74	18,39	18,02	17,59	17,13	16,67	22,93	0
07/08/2020 11:45:00	21,29	21,25	20,88	20,43	20,01	19,57	19,13	18,74	18,38	18,00	17,55	17,07	16,60	22,64	0
07/08/2020 11:50:00	21,94	21,36	20,58	20,11	19,64	19,23	18,84	18,51	18,22	17,92	17,58	17,20	16,82	22,76	0
07/08/2020 11:55:00	22,07	21,49	20,80	20,22	19,70	19,22	18,82	18,47	18,14	17,81	17,44	17,04	16,64	23,30	0
07/08/2020 12:00:00	21,08	21,21	20,95	20,55	20,13	19,66	19,20	18,79	18,41	18,00	17,51	17,00	16,49	22,81	0
07/08/2020 12:05:00	20,82	21,07	20,89	20,56	20,21	19,78	19,34	18,94	18,57	18,16	17,67	17,15	16,63	22,46	0
07/08/2020 12:10:00	21,70	21,43	20,68	20,17	19,72	19,30	18,90	18,55	18,24	17,94	17,60	17,23	16,87	22,65	0
07/08/2020 12:15:00	22,16	21,80	21,00	20,47	19,95	19,44	18,99	18,61	18,27	17,93	17,55	17,13	16,72	23,53	0
07/08/2020 12:20:00	22,54	21,99	21,10	20,61	20,09	19,58	19,11	18,71	18,37	18,01	17,60	17,14	16,69	24,19	0
07/08/2020 12:25:00	21,81	21,66	21,19	20,69	20,15	19,67	19,24	18,85	18,49	18,11	17,68	17,23	16,77	23,37	0
07/08/2020 12:30:00	21,72	21,58	21,13	20,67	20,18	19,68	19,24	18,85	18,48	18,10	17,65	17,17	16,69	23,08	0
07/08/2020 12:35:00	21,53	21,42	21,01	20,55	20,09	19,65	19,25	18,89	18,54	18,17	17,75	17,30	16,86	23,10	0
07/08/2020 12:40:00	21,38	21,34	21,08	20,72	20,29	19,84	19,43	19,05	18,69	18,30	17,83	17,33	16,83	23,31	0
07/08/2020 12:45:00	22,25	21,76	20,91	20,44	20,02	19,59	19,17	18,83	18,53	18,22	17,87	17,47	17,08	23,79	0
07/08/2020 12:50:00	22,62	21,94	21,06	20,61	20,11	19,61	19,22	18,88	18,58	18,27	17,90	17,50	17,10	24,06	0
07/08/2020 12:55:00	22,84	22,13	21,16	20,54	20,08	19,64	19,22	18,88	18,59	18,30	17,99	17,63	17,28	24,30	0
07/08/2020 13:00:00	22,74	21,93	21,06	20,54	20,09	19,70	19,32	19,00	18,73	18,44	18,12	17,75	17,39	24,61	0
07/08/2020 13:05:00	22,65	22,10	21,33	20,77	20,27	19,78	19,30	18,90	18,56	18,19	17,77	17,31	16,86	23,74	0
07/08/2020 13:10:00	22,05	21,82	21,14	20,63	20,11	19,65	19,19	18,79	18,45	18,10	17,70	17,27	16,84	23,38	0
07/08/2020 13:15:00	21,66	21,56	21,16	20,73	20,31	19,88	19,46	19,08	18,73	18,35	17,90	17,43	16,95	23,06	0
07/08/2020 13:20:00	22,48	21,66	20,80	20,30	19,90	19,51	19,14	18,83	18,56	18,28	17,96	17,60	17,25	23,59	0
07/08/2020 13:25:00	22,24	21,79	21,17	20,68	20,16	19,69	19,32	18,99	18,67	18,34	17,96	17,56	17,16	23,84	0
07/08/2020 13:30:00	22,10	21,85	21,35	20,89	20,45	20,00	19,55	19,16	18,82	18,44	18,00	17,53	17,06	23,65	0
07/08/2020 13:35:00	21,70	21,65	21,24	20,74	20,31	19,90	19,47	19,09	18,75	18,38	17,97	17,53	17,08	23,37	0
07/08/2020 13:40:00	21,45	21,56	21,25	20,82	20,33	19,88	19,44	19,04	18,67	18,27	17,82	17,34	16,85	23,01	0
07/08/2020 13:45:00	21,49	21,35	20,97	20,64	20,31	19,90	19,51	19,17	18,85	18,49	18,07	17,61	17,15	22,80	0
07/08/2020 13:50:00	21,60	21,45	21,05	20,71	20,33	19,89	19,49	19,13	18,79	18,42	17,98	17,50	17,02	23,06	0
07/08/2020 13:55:00	21,63	21,55	21,19	20,80	20,38	19,99	19,56	19,18	18,83	18,45	18,00	17,51	17,02	23,19	0
07/08/2020 14:00:00	21,70	21,48	20,99	20,58	20,12	19,68	19,27	18,91	18,57	18,20	17,77	17,32	16,86	23,11	0
07/08/2020 14:05:00	21,63	21,40	20,93	20,52	20,17	19,74	19,33	18,97	18,65	18,29	17,87	17,42	16,96	23,25	0
07/08/2020 14:10:00	21,69	21,50	21,06	20,62	20,15	19,70	19,27	18,89	18,53	18,15	17,71	17,23	16,75	23,25	0
07/08/2020 14:15:00	21,78	21,53	21,03	20,62	20,22	19,79	19,38	19,02	18,69	18,33	17,90	17,44	16,99	23,13	0
07/08/2020 14:20:00	21,85	21,56	21,15	20,76	20,31	19,82	19,43	19,08	18,73	18,35	17,91	17,43	16,95	23,37	0
07/08/2020 14:25:00	21,74	21,53	21,11	20,68	20,27	19,85	19,45	19,10	18,76	18,40	17,98	17,53	17,08	23,14	0
07/08/2020 14:30:00	21,76	21,53	21,09	20,69	20,29	19,89	19,49	19,14	18,81	18,45	18,03	17,58	17,13	23,32	0
07/08/2020 14:35:00	21,84	21,61	21,15	20,68	20,22	19,80	19,39	19,02	18,67	18,31	17,88	17,43	16,97	23,24	0
07/08/2020 14:40:00	21,83	21,55	21,13	20,72	20,25	19,81	19,40	19,02	18,68	18,30	17,86	17,39	16,91	23,05	0
07/08/2020 14:45:00	21,72	21,48	21,05	20,64	20,23	19,80	19,39	19,03	18,69	18,33	17,90	17,43	16,97	23,28	0
07/08/2020 14:50:00	21,67	21,48	21,01	20,57	20,14	19,70	19,30	18,94	18,61	18,27	17,86	17,43	17,00	23,18	0
07/08/2020 14:55:00	21,56	21,41	21,02	20,63	20,22	19,80	19,39	19,03	18,69	18,32	17,88	17,41	16,94	23,17	0
07/08/2020 15:00:00	22,70	21,74	20,82	20,26	19,80	19,39	19,03	18,73	18,46	18,18	17,87	17,52	17,18	23,71	0
07/08/2020 15:05:00	22,07	21,76	21,22	20,78	20,34	19,88	19,48	19,13	18,80	18,45	18,05	17,61	17,18	23,69	0
07/08/2020 15:10:00	22,43	21,99	21,34	20,88	20,39	19,85	19,39	18,99	18,64	18,25	17,80	17,31	16,82	23,57	0
07/08/2020 15:15:00	22,98	22,09	21,02	20,33	19,83	19,35	18,92	18,57	18,28	17,99	17,67	17,33	16,98	23,74	0
07/08/2020 15:20:00	21,78	21,42	20,86	20,44	20,05	19,64	19,27	18,94	18,64	18,31	17,92	17,51	17,09	23,08	0
07/08/2020 15:25:00	21,85	21,44	20,86	20,40	19,94	19,48	19,09	18,75	18,42	18,08	17,68	17,25	16,82	23,24	0
07/08/2020 15:30:00	21,98	21,47	20,89	20,40	19,89	19,42	19,05	18,71	18,39	18,04	17,65	17,23	16,81	23,05	0
07/08/2020 15:35:00	22,38	21,53	20,72	20,23	19,73	19,29	18,91	18,59	18,29	17,97	17,61	17,21	16,81	23,63	0
07/08/2020 15:40:00	21,98	21,43	20,75	20,28	19,81	19,37	18,99	18,66	18,35	18,03	17,66	17,25	16,84	22,90	0
07/08/2020 15:45:00	21,71	21,40	20,93	20,50	20,06	19,60	19,18	18,81	18,47	18,09	17,65	17,18	16,70	23,04	0
07/08/2020 15:50:00	21,61	21,41	20,92	20,44	20,00	19,55	19,13	18,76	18,42	18,06	17,64	17,19	16,74	22,91	0
07/08/2020 15:55:00	21,55	21,40	20,95	20,48	20,01	19,56	19,12	18,73	18,38	18,01	17,57	17,11	16,66	23,14	0
07/08/2020 16:00:00	21,38	21,26	20,84	20,44	20,01	19,57	19,16	18,79	18,45	18,08	17,65	17,18	16,72	23,04	0
07/08/2020 16:05:00	21,26	21,19	20,83	20,41	19,99	19,55	19,13	18,75	18,40	18,03	17,59	17,13	16,67	22,54	0
07/08/2020 16:10:00	21,28	21,24	20,84	20,44	19,98	19,55	19,17	18,82	18,48	18,12	17,71	17,27	16,84	22,54	0
07/08/2020 16:15:00	21,35	21,16	20,73	20,28	19,82	19,40	18,99	18,63	18,29	17,93	17,51	17,07	16,63	22,68	0
07/08/2020 16:20:00	21,28	21,07	20,61	20,24	19,91	19,49	19,11	18,76	18,45	18,10	17,69	17,25	16,80	22,63	0
07/08/2020 16:25:00	21,25	21,14	20,67	20,30	19,92	19,49	19,09	18,73	18,41	18,05	17,64	17,20	16,76	22,47	0
07/08/2020 16:30:00	21,29	21,14	20,71	20,32	19,90	19,50	19,13	18,80	18,47	18,13	17,73	17,31	16,88	22,50	0
07/08/2020 16:35:00	21,33	21,18	20,73	20,33	19,95	19,53	19,14	18,79	18,46	18,12	17,72	17,29	16,85	22,75	0
07/08/2020 16:40:00	21,30	21,13	20,69	20,29	19,90	19,46	19,05	18,70	18,36	18,00	17,58	17,12	16,67	22,58	0
07/08/2020 16:45:00	21,17	21,02	20,60	20,22	19,86	19,49	19,10	18,75	18,43	18,08	17,68	17,24	16,81	22,31	0
07/08/2020 16:50:00	21,22	21,01	20,60	20,21	19,82	19,44	19,08	18,75	18,43	18,09	17,70	17,27	16,84	22,31	0
07/08/2020 16:55:00	21,19	21,02	20,59	20,18	19,77	19,35	18,98	18,65	18,32	17,98	17,58	17,16	16,74	22,44	0
07/08/2020 17:00:00	21,20	21,00	20,58	20,18	19,76	19,34	18,95	18,60	18,27	17,91	17,50	17,05	16,61	22,29	0
07/08/2020 17:05:00	21,14	21,03	20,60	20,16	19,75	19,34	18,98	18,65	18,33	18,00	17,62	17,22	16,83	22,39	0
07/08/2020 17:10:00	21,18	21,04	20,67	20,31	19,91	19,51	19,13	18,78	18,45	18,10	17,68	17,23	16,78	22,62	0
07/08/2020 17:15:00	21,34	21,04	20,64	20,25	19,87	19,45	19,08	18,75	18,43	18,08	17,66	17,22	16,78	22,92	0
07/08/2020 17:20:00	21,34	21,10	20,75	20,35	19,93	19,51	19,12	18,77	18,43	18,06	17,63	17,16	16,70	22,86	0
07/08/2020 17:25:00	21,34	21,22	20,75	20,36	19,93	19,48	19,08	18,72	18,39	18,03	17,61	17,17	16,72	22,84	0
07/08/2020 17:30:00	21,39	21,20	20,75	20,33	19,92	19,50	19,09	18,72	18,39	18,03	17,61	17,17	16,72	22,65	0
07/08/2020 17:35:00	21,37	21,24	20,79	20,34	19,90	19,50	19,09	18,72	18,37	18,01	17,59	17,14	16,69	22,78	0
07/08/2020 17:40:00	21,28	21,22	20,88	20,47	20,04	19,60	19,19	18,82	18,46	18,09	17,64	17,17	16,70	22,83	0
07/08/2020 17:45:00	21,26	21,22	20,86	20,46	20,05	19,64	19,22	18,85	18,50	18,13	17,69	17,22	16,75	23,00	0
07/08/2020 17:50:00	21,14	21,17	20,83	20,45	20,05	19,64	19,25	18,89	18,55	18,18	17,76	17,31	16,86	22,89	0
07/08/2020 17:55:00	21,12	21,11	20,81	20,44	20,04	19,60	19,23	18,89	18,55	18,19	17,77	17,33	16,88	22,38	0
07/08/2020 18:00:00	20,97	21,14	20,89	20,52	20,10	19,66	19,23	18,84	18,48	18,08	17,61	17,12	16,63	22,39	0
07/08/2020 18:05:00	21,05	21,10	20,86	20,50	20,09	19,66	19,24	18,86	18,50	18,11	17,64	17,15	16,66	22,69	0
07/08/2020 18:10:00	21,26	21,22	20,78	20,34	19,91	19,51	19,12	18,77	18,45	18,11	17,72	17,31	16,89	22,89	0
07/08/2020 18:15:00	21,17	21,17	20,82	20,46	20,06	19,65	19,26	18,90	18,57	18,21	17,78	17,33	16,88	22,99	0
07/08/2020 18:20:00	21,02	21,15	20,90	20,57	20,18	19,74	19,34	18,96	18,61	18,22	17,76	17,27	16,78	22,74	0
07/08/2020 18:25:00	21,01	21,15	20,82	20,43	20,04	19,63	19,21	18,84	18,49	18,12	17,69	17,23	16,77	22,85	0
07/08/2020 18:30:00	20,84	21,16	20,93	20,56	20,12	19,70	19,29	18,90	18,53	18,14	17,69	17,21	16,73	22,68	0
07/08/2020 18:35:00	21,46	21,44	21,12	20,73	20,34	19,94	19,55	19,20	18,86	18,50	18,07	17,62	17,16	22,60	0
07/08/2020 18:40:00	21,50	21,53	21,14	20,74	20,32	19,90	19,50	19,13	18,79	18,44	18,02	17,58	17,13	22,94	0
07/08/2020 18:45:00	21,55	21,57	21,13	20,76	20,34	19,88	19,48	19,11	18,77	18,40	17,98	17,52	17,06	22,92	0
07/08/2020 18:50:00	21,76	21,77	21,41	21,01	20,63	20,26	19,85	19,48	19,15	18,79	18,36	17,90	17,45	22,84	0
07/08/2020 18:55:00	21,57	21,79	21,60	21,19	20,79	20,34	19,90	19,50	19,12	18,72	18,24	17,73	17,22	23,02	0
07/08/2020 19:00:00	21,47	21,77	21,57	21,20	20,81	20,37	19,94	19,55	19,18	18,78	18,31	17,81	17,32	22,84	0
07/08/2020 19:05:00	21,47	21,77	21,49	21,15	20,75	20,31	19,89	19,51	19,15	18,76	18,31	17,82	17,34	22,76	0
07/08/2020 19:10:00	21,33	21,75	21,52	21,16	20,76	20,34	19,92	19,54	19,18	18,80	18,36	17,89	17,43	22,92	0
07/08/2020 19:15:00	21,19	21,75	21,49	21,16	20,76	20,35	19,92	19,53	19,17	18,79	18,35	17,88	17,41	22,84	0
07/08/2020 19:20:00	21,16	21,73	21,50	21,14	20,76	20,32	19,91	19,53	19,17	18,79	18,36	17,90	17,44	22,86	0
07/08/2020 19:25:00	21,11	21,71	21,51	21,21	20,77	20,31	19,89	19,49	19,11	18,71	18,24	17,74	17,24	22,51	0
07/08/2020 19:30:00	20,95	21,67	21,54	21,23	20,82	20,37	19,95	19,55	19,17	18,76	18,28	17,78	17,28	22,50	0
07/08/2020 19:35:00	20,95	21,63	21,51	21,17	20,75	20,31	19,85	19,43	19,04	18,62	18,12	17,61	17,09	22,27	0
07/08/2020 19:40:00	20,96	21,53	21,38	21,04	20,63	20,18	19,73	19,33	18,94	18,53	18,05	17,54	17,04	22,24	0
07/08/2020 19:45:00	20,86	21,46	21,25	20,91	20,51	20,05	19,62	19,22	18,84	18,45	17,99	17,50	17,02	22,14	0
07/08/2020 19:50:00	20,81	21,31	21,14	20,83	20,43	20,00	19,59	19,21	18,84	18,44	17,98	17,49	17,00	21,80	0
07/08/2020 19:55:00	20,76	21,19	21,04	20,72	20,33	19,94	19,55	19,18	18,82	18,44	18,00	17,53	17,07	21,63	0
07/08/2020 20:00:00	20,74	21,14	20,99	20,67	20,25	19,86	19,48	19,12	18,77	18,39	17,94	17,48	17,02	21,68	0
07/08/2020 20:05:00	20,56	21,05	20,99	20,71	20,36	19,97	19,57	19,20	18,83	18,44	17,98	17,48	16,99	21,43	0
07/08/2020 20:10:00	21,00	21,28	21,19	20,97	20,70	20,35	19,97	19,63	19,28	18,90	18,43	17,93	17,42	21,29	0
07/08/2020 20:15:00	21,10	21,55	21,56	21,34	21,03	20,64	20,27	19,90	19,54	19,14	18,65	18,13	17,61	21,26	0
07/08/2020 20:20:00	21,19	21,60	21,51	21,29	21,04	20,74	20,38	20,04	19,71	19,35	18,91	18,43	17,95	21,29	0
07/08/2020 20:25:00	21,15	21,65	21,60	21,36	21,06	20,70	20,34	19,99	19,64	19,26	18,80	18,32	17,83	21,17	0
07/08/2020 20:30:00	21,01	21,57	21,60	21,37	21,06	20,72	20,38	20,04	19,70	19,32	18,87	18,38	17,90	21,11	0
07/08/2020 20:35:00	21,06	21,67	21,74	21,52	21,19	20,83	20,46	20,10	19,74	19,34	18,85	18,34	17,82	21,03	0
07/08/2020 20:40:00	20,89	21,55	21,62	21,43	21,09	20,72	20,40	20,06	19,70	19,32	18,85	18,36	17,87	20,99	0
07/08/2020 20:45:00	20,89	21,68	21,73	21,55	21,30	20,93	20,55	20,19	19,84	19,44	18,96	18,45	17,94	20,92	0
07/08/2020 20:50:00	20,72	21,60	21,74	21,60	21,30	20,96	20,59	20,23	19,86	19,46	18,97	18,44	17,92	20,83	0
07/08/2020 20:55:00	20,68	21,61	21,82	21,67	21,39	21,00	20,63	20,26	19,88	19,46	18,94	18,40	17,86	20,73	0
07/08/2020 21:00:00	20,60	21,53	21,78	21,60	21,28	20,93	20,57	20,21	19,83	19,41	18,91	18,38	17,85	20,57	0
07/08/2020 21:05:00	20,44	21,42	21,72	21,59	21,32	20,95	20,54	20,15	19,75	19,30	18,75	18,17	17,58	20,40	0
07/08/2020 21:10:00	20,29	21,32	21,61	21,52	21,29	20,94	20,57	20,19	19,81	19,39	18,86	18,30	17,75	20,31	0
07/08/2020 21:15:00	20,21	21,24	21,52	21,38	21,12	20,80	20,42	20,05	19,67	19,25	18,75	18,21	17,68	20,20	0
07/08/2020 21:20:00	20,09	21,21	21,56	21,45	21,17	20,84	20,48	20,11	19,72	19,29	18,77	18,22	17,67	20,06	0
07/08/2020 21:25:00	20,02	21,11	21,46	21,40	21,17	20,83	20,49	20,13	19,75	19,32	18,80	18,25	17,69	20,01	0
07/08/2020 21:30:00	19,92	21,12	21,47	21,38	21,17	20,85	20,45	20,07	19,68	19,25	18,72	18,15	17,59	19,86	0
07/08/2020 21:35:00	19,88	21,10	21,48	21,36	21,12	20,78	20,40	20,02	19,63	19,19	18,66	18,11	17,55	19,77	0
07/08/2020 21:40:00	19,66	20,84	21,21	21,12	20,90	20,55	20,16	19,78	19,39	18,95	18,42	17,86	17,30	19,71	0
07/08/2020 21:45:00	19,51	20,77	21,14	21,02	20,82	20,50	20,14	19,77	19,39	18,98	18,49	17,96	17,44	19,46	0
07/08/2020 21:50:00	19,28	20,55	21,01	20,98	20,76	20,45	20,08	19,71	19,32	18,89	18,35	17,79	17,22	19,29	0
07/08/2020 21:55:00	19,20	20,52	21,01	20,99	20,79	20,44	20,09	19,73	19,33	18,89	18,35	17,78	17,22	19,05	0
07/08/2020 22:00:00	19,11	20,48	20,96	20,90	20,72	20,44	20,08	19,71	19,33	18,90	18,39	17,85	17,30	18,86	0
07/08/2020 22:05:00	19,05	20,39	20,91	20,95	20,80	20,51	20,14	19,77	19,39	18,95	18,40	17,82	17,24	18,67	0
07/08/2020 22:10:00	18,66	20,12	20,70	20,72	20,53	20,24	19,87	19,48	19,08	18,63	18,07	17,48	16,89	18,54	0
07/08/2020 22:15:00	18,64	20,04	20,63	20,67	20,46	20,18	19,80	19,42	19,01	18,55	17,98	17,38	16,78	18,30	0
07/08/2020 22:20:00	18,23	19,62	20,24	20,30	20,20	19,94	19,59	19,22	18,84	18,40	17,86	17,28	16,70	18,21	0
07/08/2020 22:25:00	18,08	19,59	20,23	20,26	20,08	19,79	19,41	19,02	18,62	18,15	17,59	16,99	16,40	18,08	0
07/08/2020 22:30:00	18,02	19,61	20,25	20,28	20,12	19,80	19,41	19,02	18,60	18,14	17,57	16,97	16,38	17,93	0
07/08/2020 22:35:00	18,00	19,60	20,31	20,28	20,05	19,69	19,31	18,91	18,48	18,00	17,42	16,82	16,21	18,09	0
07/08/2020 22:40:00	18,00	19,49	20,06	20,09	19,94	19,68	19,32	18,95	18,56	18,13	17,60	17,04	16,47	17,86	0
07/08/2020 22:45:00	17,91	19,37	20,06	20,09	19,89	19,61	19,23	18,83	18,42	17,95	17,37	16,77	16,16	17,82	0
07/08/2020 22:50:00	17,76	19,21	19,85	19,97	19,80	19,50	19,14	18,77	18,37	17,91	17,33	16,73	16,12	17,70	0
07/08/2020 22:55:00	17,76	19,26	19,88	19,89	19,71	19,41	19,03	18,64	18,24	17,78	17,22	16,64	16,06	17,72	0
07/08/2020 23:00:00	17,66	19,22	19,87	19,90	19,70	19,41	19,06	18,68	18,28	17,82	17,27	16,70	16,13	17,60	0
07/08/2020 23:05:00	17,52	19,18	19,81	19,80	19,68	19,41	19,01	18,62	18,21	17,76	17,22	16,65	16,08	17,58	0
07/08/2020 23:10:00	17,60	19,12	19,72	19,82	19,71	19,45	19,11	18,75	18,37	17,94	17,40	16,84	16,28	17,57	0
07/08/2020 23:15:00	17,62	19,11	19,75	19,79	19,66	19,39	19,07	18,72	18,34	17,91	17,39	16,84	16,29	17,65	0
07/08/2020 23:20:00	17,67	19,15	19,77	19,78	19,69	19,43	19,06	18,68	18,30	17,86	17,33	16,77	16,20	17,61	0
07/08/2020 23:25:00	17,62	19,08	19,68	19,75	19,58	19,27	18,94	18,59	18,19	17,75	17,21	16,65	16,08	17,62	0
07/08/2020 23:30:00	17,60	19,00	19,52	19,61	19,49	19,28	18,95	18,62	18,26	17,85	17,35	16,82	16,29	17,77	0
07/08/2020 23:35:00	17,66	19,06	19,61	19,67	19,53	19,30	19,00	18,67	18,31	17,91	17,42	16,90	16,38	17,69	0
07/08/2020 23:40:00	17,74	19,07	19,67	19,77	19,66	19,41	19,12	18,80	18,44	18,03	17,52	16,98	16,44	17,80	0
07/08/2020 23:45:00	17,84	19,15	19,73	19,81	19,66	19,43	19,11	18,77	18,40	17,98	17,46	16,92	16,37	17,84	0
07/08/2020 23:50:00	17,82	18,99	19,54	19,68	19,58	19,36	19,07	18,76	18,42	18,01	17,50	16,96	16,42	17,76	0
07/08/2020 23:55:00	17,84	18,98	19,52	19,65	19,58	19,39	19,11	18,81	18,47	18,08	17,59	17,07	16,54	17,86	0
