FileFormat:0002.2 file with temperature of atmosphere
200
local	GMT or Local
0	GMT-Local=[hours]
0	Height[m]
0	0	0	Longitude                [grd]               [min]               [sec]
0	0	0	Latitude                [grd]               [min]               [sec]
N	NS
59,40	Freq[GHz]
0,00	dTemostat[K]
0,150	MessErr[K]
0,248	//[grad/step]
version 14.0.20110218
MTP5H033F5940K-33.00D180214+A1.1
Commentary:
enter comment
End Of Commentary

SYSTEM\alaska.dat
data time	0	50	100	150	200	250	300	350	400	450	500	550	600	OutsideTemperature	Quality
18/04/2020 00:00:00	1,72	3,20	3,37	2,82	2,11	1,21	0,36	-0,18	-0,44	-0,67	-0,83	-0,92	-1,00	1,61	0
18/04/2020 00:05:00	1,60	3,24	3,32	2,62	1,85	0,89	0,06	-0,41	-0,60	-0,78	-0,89	-0,91	-0,92	1,61	0
18/04/2020 00:10:00	1,70	3,13	3,22	2,66	1,91	1,07	0,28	-0,20	-0,41	-0,62	-0,75	-0,81	-0,87	1,58	0
18/04/2020 00:15:00	1,59	2,91	2,95	2,31	1,58	0,73	-0,01	-0,44	-0,61	-0,77	-0,87	-0,88	-0,89	1,56	0
18/04/2020 00:20:00	1,66	2,80	2,77	2,17	1,40	0,53	-0,22	-0,68	-0,88	-1,07	-1,19	-1,22	-1,26	1,62	0
18/04/2020 00:25:00	1,51	2,64	2,61	2,06	1,35	0,50	-0,23	-0,67	-0,86	-1,05	-1,18	-1,23	-1,28	1,66	0
18/04/2020 00:30:00	1,43	2,73	2,78	2,16	1,36	0,47	-0,30	-0,78	-1,02	-1,22	-1,36	-1,40	-1,45	1,58	0
18/04/2020 00:35:00	1,51	2,74	2,72	2,20	1,50	0,64	-0,13	-0,60	-0,81	-1,01	-1,16	-1,25	-1,34	1,63	0
18/04/2020 00:40:00	1,34	2,93	3,03	2,37	1,50	0,47	-0,36	-0,88	-1,15	-1,39	-1,54	-1,59	-1,65	1,59	0
18/04/2020 00:45:00	1,31	2,90	2,95	2,25	1,45	0,47	-0,41	-0,92	-1,15	-1,35	-1,48	-1,53	-1,58	1,43	0
18/04/2020 00:50:00	1,45	3,03	3,16	2,56	1,69	0,67	-0,23	-0,79	-1,08	-1,32	-1,47	-1,53	-1,58	1,41	0
18/04/2020 00:55:00	1,19	3,13	3,28	2,66	1,79	0,84	-0,07	-0,61	-0,85	-1,06	-1,21	-1,27	-1,33	1,39	0
18/04/2020 01:00:00	1,34	3,06	3,19	2,50	1,64	0,72	-0,15	-0,67	-0,89	-1,10	-1,22	-1,25	-1,28	1,34	0
18/04/2020 01:05:00	1,32	3,26	3,41	2,72	1,83	0,81	-0,06	-0,57	-0,80	-1,00	-1,12	-1,13	-1,15	1,32	0
18/04/2020 01:10:00	1,48	2,90	3,03	2,46	1,67	0,74	-0,14	-0,69	-0,95	-1,18	-1,32	-1,38	-1,43	1,41	0
18/04/2020 01:15:00	1,36	2,85	2,94	2,36	1,56	0,59	-0,33	-0,90	-1,17	-1,40	-1,56	-1,64	-1,72	1,31	0
18/04/2020 01:20:00	1,17	2,87	3,01	2,32	1,42	0,38	-0,52	-1,08	-1,34	-1,56	-1,68	-1,70	-1,72	1,31	0
18/04/2020 01:25:00	1,23	2,68	2,86	2,38	1,61	0,64	-0,31	-0,93	-1,24	-1,50	-1,68	-1,77	-1,86	1,26	0
18/04/2020 01:30:00	1,27	2,68	2,84	2,37	1,60	0,64	-0,29	-0,89	-1,19	-1,44	-1,62	-1,71	-1,79	1,14	0
18/04/2020 01:35:00	1,20	2,71	2,76	2,11	1,28	0,31	-0,48	-0,96	-1,19	-1,39	-1,51	-1,54	-1,57	1,15	0
18/04/2020 01:40:00	1,26	2,85	2,89	2,19	1,30	0,37	-0,47	-0,95	-1,15	-1,33	-1,43	-1,43	-1,44	1,08	0
18/04/2020 01:45:00	1,09	2,60	2,63	1,97	1,10	0,15	-0,70	-1,18	-1,38	-1,55	-1,64	-1,63	-1,63	1,06	0
18/04/2020 01:50:00	1,02	2,76	2,94	2,30	1,43	0,36	-0,55	-1,12	-1,40	-1,62	-1,75	-1,77	-1,80	1,06	0
18/04/2020 01:55:00	0,96	2,51	2,65	1,99	1,18	0,17	-0,67	-1,19	-1,44	-1,63	-1,75	-1,76	-1,76	0,99	0
18/04/2020 02:00:00	1,08	2,43	2,45	1,76	0,99	0,09	-0,69	-1,14	-1,32	-1,49	-1,58	-1,58	-1,59	0,95	0
18/04/2020 02:05:00	0,85	2,30	2,35	1,68	0,84	-0,08	-0,87	-1,34	-1,54	-1,71	-1,80	-1,80	-1,80	0,90	0
18/04/2020 02:10:00	0,91	2,23	2,25	1,57	0,73	-0,14	-0,84	-1,24	-1,41	-1,55	-1,62	-1,58	-1,54	0,80	0
18/04/2020 02:15:00	0,81	2,20	2,23	1,56	0,71	-0,13	-0,90	-1,33	-1,49	-1,63	-1,69	-1,65	-1,62	0,75	0
18/04/2020 02:20:00	0,83	2,33	2,39	1,70	0,82	-0,08	-0,85	-1,30	-1,49	-1,64	-1,71	-1,68	-1,64	0,74	0
18/04/2020 02:25:00	0,80	2,10	2,10	1,53	0,79	-0,11	-0,91	-1,38	-1,58	-1,76	-1,87	-1,91	-1,95	0,71	0
18/04/2020 02:30:00	0,65	2,13	2,22	1,61	0,74	-0,21	-0,97	-1,44	-1,68	-1,87	-1,97	-1,98	-1,98	0,64	0
18/04/2020 02:35:00	0,70	1,96	2,05	1,47	0,71	-0,17	-0,97	-1,45	-1,67	-1,85	-1,95	-1,97	-1,98	0,67	0
18/04/2020 02:40:00	0,52	2,11	2,21	1,56	0,78	-0,12	-0,85	-1,28	-1,46	-1,62	-1,71	-1,71	-1,70	0,66	0
18/04/2020 02:45:00	0,60	2,12	2,23	1,74	1,03	0,15	-0,65	-1,13	-1,34	-1,53	-1,66	-1,71	-1,77	0,50	0
18/04/2020 02:50:00	0,54	2,21	2,25	1,65	0,78	-0,11	-0,82	-1,21	-1,38	-1,52	-1,60	-1,59	-1,57	0,57	0
18/04/2020 02:55:00	0,64	1,97	1,98	1,33	0,54	-0,28	-0,97	-1,33	-1,47	-1,59	-1,64	-1,59	-1,54	0,53	0
18/04/2020 03:00:00	0,48	2,01	1,97	1,35	0,53	-0,30	-1,02	-1,39	-1,52	-1,64	-1,71	-1,69	-1,68	0,49	0
18/04/2020 03:05:00	0,55	1,91	2,06	1,61	0,87	-0,01	-0,82	-1,34	-1,60	-1,82	-1,97	-2,04	-2,11	0,51	0
18/04/2020 03:10:00	0,40	2,02	2,22	1,64	0,95	0,06	-0,79	-1,29	-1,50	-1,69	-1,80	-1,84	-1,87	0,54	0
18/04/2020 03:15:00	0,38	1,97	2,06	1,45	0,68	-0,15	-0,87	-1,25	-1,39	-1,52	-1,57	-1,54	-1,50	0,46	0
18/04/2020 03:20:00	0,32	2,32	2,48	1,82	0,94	0,05	-0,69	-1,09	-1,25	-1,39	-1,45	-1,42	-1,38	0,42	0
18/04/2020 03:25:00	0,41	1,99	2,09	1,42	0,61	-0,26	-1,01	-1,43	-1,60	-1,74	-1,81	-1,78	-1,75	0,34	0
18/04/2020 03:30:00	0,32	1,68	1,81	1,27	0,55	-0,36	-1,05	-1,47	-1,68	-1,85	-1,95	-1,95	-1,95	0,24	0
18/04/2020 03:35:00	0,24	1,62	1,68	1,10	0,34	-0,57	-1,33	-1,79	-1,99	-2,16	-2,26	-2,27	-2,28	0,31	0
18/04/2020 03:40:00	0,28	1,74	1,71	1,06	0,27	-0,58	-1,37	-1,80	-1,93	-2,06	-2,13	-2,13	-2,12	0,29	0
18/04/2020 03:45:00	0,33	1,60	1,63	1,14	0,39	-0,48	-1,27	-1,77	-1,99	-2,19	-2,32	-2,39	-2,46	0,32	0
18/04/2020 03:50:00	0,22	1,57	1,63	0,99	0,18	-0,60	-1,36	-1,77	-1,92	-2,03	-2,08	-2,02	-1,96	0,30	0
18/04/2020 03:55:00	0,33	1,75	1,73	1,06	0,31	-0,50	-1,20	-1,54	-1,63	-1,72	-1,75	-1,69	-1,63	0,29	0
18/04/2020 04:00:00	0,21	1,69	1,72	1,04	0,23	-0,63	-1,33	-1,71	-1,86	-1,98	-2,04	-1,99	-1,95	0,33	0
18/04/2020 04:05:00	0,24	1,82	1,79	1,07	0,21	-0,67	-1,37	-1,74	-1,88	-2,00	-2,06	-2,02	-1,99	0,32	0
18/04/2020 04:10:00	0,28	1,48	1,44	0,80	0,06	-0,73	-1,42	-1,79	-1,92	-2,04	-2,10	-2,08	-2,06	0,27	0
18/04/2020 04:15:00	0,34	1,45	1,37	0,77	0,03	-0,80	-1,42	-1,76	-1,90	-2,02	-2,07	-2,05	-2,02	0,20	0
18/04/2020 04:20:00	0,22	1,42	1,37	0,69	-0,05	-0,87	-1,54	-1,91	-2,03	-2,14	-2,19	-2,15	-2,12	0,19	0
18/04/2020 04:25:00	0,37	1,45	1,34	0,71	-0,11	-0,93	-1,60	-1,97	-2,11	-2,23	-2,29	-2,26	-2,23	0,16	0
18/04/2020 04:30:00	0,07	1,18	1,10	0,49	-0,32	-1,10	-1,73	-2,08	-2,21	-2,32	-2,36	-2,32	-2,27	0,18	0
18/04/2020 04:35:00	0,15	1,15	1,11	0,52	-0,22	-1,06	-1,70	-2,09	-2,27	-2,42	-2,51	-2,52	-2,52	0,08	0
18/04/2020 04:40:00	0,17	1,18	1,03	0,38	-0,33	-1,09	-1,78	-2,13	-2,22	-2,31	-2,36	-2,33	-2,30	0,11	0
18/04/2020 04:45:00	0,07	1,12	1,02	0,44	-0,36	-1,12	-1,84	-2,25	-2,40	-2,53	-2,62	-2,63	-2,63	0,13	0
18/04/2020 04:50:00	0,25	1,02	0,93	0,49	-0,17	-0,98	-1,69	-2,16	-2,38	-2,57	-2,72	-2,82	-2,91	0,08	0
18/04/2020 04:55:00	-0,02	0,92	0,87	0,41	-0,29	-1,11	-1,84	-2,32	-2,54	-2,73	-2,88	-2,96	-3,04	0,11	0
18/04/2020 05:00:00	0,05	0,94	0,83	0,24	-0,45	-1,20	-1,86	-2,23	-2,37	-2,49	-2,57	-2,58	-2,58	0,09	0
18/04/2020 05:05:00	0,09	0,92	0,71	0,06	-0,64	-1,40	-1,99	-2,30	-2,40	-2,48	-2,52	-2,50	-2,47	0,00	0
18/04/2020 05:10:00	0,00	0,82	0,58	-0,07	-0,84	-1,58	-2,14	-2,41	-2,49	-2,56	-2,58	-2,52	-2,46	0,04	0
18/04/2020 05:15:00	0,11	0,83	0,63	-0,06	-0,80	-1,49	-2,13	-2,46	-2,55	-2,63	-2,67	-2,63	-2,59	0,04	0
18/04/2020 05:20:00	0,05	0,80	0,62	-0,07	-0,76	-1,50	-2,20	-2,57	-2,67	-2,76	-2,80	-2,77	-2,73	0,03	0
18/04/2020 05:25:00	0,04	0,65	0,41	-0,18	-0,78	-1,50	-2,15	-2,50	-2,59	-2,68	-2,74	-2,74	-2,75	-0,01	0
18/04/2020 05:30:00	0,00	0,64	0,36	-0,30	-1,03	-1,80	-2,31	-2,59	-2,68	-2,76	-2,79	-2,75	-2,70	-0,05	0
18/04/2020 05:35:00	0,03	0,63	0,42	-0,23	-0,93	-1,70	-2,30	-2,66	-2,80	-2,92	-3,00	-3,00	-3,01	-0,05	0
18/04/2020 05:40:00	-0,09	0,66	0,51	-0,03	-0,77	-1,59	-2,29	-2,74	-2,94	-3,11	-3,23	-3,29	-3,34	-0,05	0
18/04/2020 05:45:00	-0,05	0,53	0,37	-0,15	-0,70	-1,43	-2,19	-2,64	-2,79	-2,93	-3,04	-3,11	-3,18	-0,07	0
18/04/2020 05:50:00	-0,08	0,70	0,52	-0,09	-0,79	-1,57	-2,22	-2,58	-2,70	-2,81	-2,86	-2,84	-2,83	-0,06	0
18/04/2020 05:55:00	0,02	0,70	0,51	0,09	-0,50	-1,30	-2,02	-2,47	-2,67	-2,85	-3,01	-3,13	-3,25	-0,08	0
18/04/2020 06:00:00	-0,13	0,60	0,47	-0,10	-0,71	-1,54	-2,34	-2,83	-3,03	-3,20	-3,33	-3,41	-3,49	-0,08	0
18/04/2020 06:05:00	-0,11	0,49	0,31	-0,25	-0,82	-1,65	-2,36	-2,80	-2,98	-3,13	-3,25	-3,32	-3,39	-0,07	0
18/04/2020 06:10:00	0,04	0,44	0,09	-0,48	-1,10	-1,74	-2,28	-2,54	-2,59	-2,66	-2,69	-2,68	-2,67	-0,06	0
18/04/2020 06:15:00	0,00	0,48	0,16	-0,41	-1,17	-1,92	-2,48	-2,81	-2,94	-3,05	-3,11	-3,11	-3,10	-0,07	0
18/04/2020 06:20:00	0,00	0,53	0,26	-0,25	-0,94	-1,72	-2,43	-2,85	-3,01	-3,15	-3,25	-3,30	-3,35	-0,04	0
18/04/2020 06:25:00	-0,02	0,41	0,01	-0,65	-1,28	-1,97	-2,52	-2,80	-2,86	-2,93	-2,98	-2,99	-3,00	-0,01	0
18/04/2020 06:30:00	0,05	0,28	-0,08	-0,68	-1,30	-2,01	-2,67	-3,04	-3,16	-3,26	-3,34	-3,38	-3,41	-0,10	0
18/04/2020 06:35:00	-0,06	0,37	-0,05	-0,93	-1,67	-2,36	-2,79	-2,95	-2,94	-2,94	-2,90	-2,77	-2,64	-0,07	0
18/04/2020 06:40:00	-0,07	0,27	-0,01	-0,51	-1,16	-1,95	-2,56	-2,97	-3,16	-3,33	-3,47	-3,55	-3,64	-0,11	0
18/04/2020 06:45:00	-0,05	0,30	-0,05	-0,79	-1,49	-2,16	-2,76	-3,06	-3,12	-3,17	-3,19	-3,13	-3,07	-0,08	0
18/04/2020 06:50:00	0,04	0,38	-0,04	-0,63	-1,36	-2,14	-2,81	-3,21	-3,36	-3,49	-3,60	-3,66	-3,72	-0,12	0
18/04/2020 06:55:00	0,16	0,37	-0,07	-0,68	-1,28	-1,80	-2,41	-2,68	-2,68	-2,70	-2,71	-2,68	-2,65	0,03	0
18/04/2020 07:00:00	0,32	0,43	-0,11	-0,95	-1,83	-2,45	-2,82	-2,95	-2,95	-2,94	-2,87	-2,71	-2,56	0,08	0
18/04/2020 07:05:00	0,16	0,30	-0,15	-0,76	-1,50	-2,30	-2,95	-3,37	-3,55	-3,69	-3,81	-3,89	-3,96	0,06	0
18/04/2020 07:10:00	0,13	0,32	-0,11	-0,75	-1,52	-2,28	-2,96	-3,40	-3,56	-3,71	-3,82	-3,89	-3,95	0,07	0
18/04/2020 07:15:00	0,20	0,28	-0,23	-0,94	-1,63	-2,35	-2,85	-3,13	-3,21	-3,29	-3,34	-3,34	-3,34	0,12	0
18/04/2020 07:20:00	0,85	0,37	-0,50	-1,31	-1,98	-2,47	-2,84	-2,95	-2,88	-2,86	-2,85	-2,80	-2,76	0,28	0
18/04/2020 07:25:00	0,66	0,53	-0,20	-1,01	-1,77	-2,47	-2,93	-3,16	-3,21	-3,26	-3,30	-3,30	-3,29	0,30	0
18/04/2020 07:30:00	1,10	0,61	-0,31	-1,20	-1,86	-2,44	-2,86	-3,04	-3,03	-3,07	-3,12	-3,15	-3,19	0,38	0
18/04/2020 07:35:00	1,09	0,56	-0,26	-1,02	-1,69	-2,28	-2,73	-2,95	-2,98	-3,05	-3,11	-3,14	-3,18	0,53	0
18/04/2020 07:40:00	1,18	0,51	-0,28	-0,95	-1,60	-2,21	-2,69	-2,97	-3,05	-3,15	-3,24	-3,31	-3,38	0,66	0
18/04/2020 07:45:00	0,93	0,51	-0,21	-0,87	-1,48	-2,07	-2,66	-2,99	-3,06	-3,15	-3,25	-3,34	-3,43	0,47	0
18/04/2020 07:50:00	0,98	0,43	-0,22	-0,84	-1,37	-2,05	-2,63	-3,00	-3,13	-3,26	-3,39	-3,51	-3,62	0,56	0
18/04/2020 07:55:00	1,08	0,38	-0,32	-0,99	-1,64	-2,22	-2,72	-3,02	-3,11	-3,20	-3,28	-3,32	-3,36	0,52	0
18/04/2020 08:00:00	1,68	0,35	-0,44	-0,98	-1,53	-2,07	-2,59	-2,95	-3,10	-3,25	-3,39	-3,52	-3,65	0,86	0
18/04/2020 08:05:00	1,82	0,40	-0,52	-1,00	-1,46	-2,01	-2,50	-2,83	-2,96	-3,11	-3,27	-3,45	-3,63	0,78	0
18/04/2020 08:10:00	1,49	0,56	-0,29	-0,88	-1,46	-2,10	-2,70	-3,08	-3,21	-3,35	-3,50	-3,64	-3,79	0,66	0
18/04/2020 08:15:00	1,27	0,51	-0,22	-0,78	-1,40	-2,01	-2,60	-2,97	-3,10	-3,22	-3,35	-3,45	-3,56	0,49	0
18/04/2020 08:20:00	1,36	0,48	-0,27	-0,80	-1,32	-1,92	-2,59	-3,03	-3,18	-3,34	-3,51	-3,68	-3,85	0,61	0
18/04/2020 08:25:00	1,12	0,59	-0,10	-0,74	-1,40	-2,12	-2,78	-3,21	-3,39	-3,55	-3,70	-3,83	-3,96	0,58	0
18/04/2020 08:30:00	1,11	0,48	-0,19	-0,77	-1,35	-2,04	-2,70	-3,13	-3,29	-3,44	-3,59	-3,72	-3,85	0,51	0
18/04/2020 08:35:00	0,92	0,52	-0,17	-0,78	-1,41	-2,14	-2,81	-3,23	-3,37	-3,52	-3,66	-3,78	-3,90	0,27	0
18/04/2020 08:40:00	1,04	0,44	-0,19	-0,72	-1,36	-2,10	-2,77	-3,23	-3,44	-3,62	-3,80	-3,94	-4,09	0,57	0
18/04/2020 08:45:00	1,15	0,36	-0,31	-0,86	-1,38	-2,07	-2,71	-3,15	-3,34	-3,51	-3,69	-3,85	-4,02	0,40	0
18/04/2020 08:50:00	1,00	0,44	-0,14	-0,64	-1,23	-1,94	-2,72	-3,25	-3,48	-3,69	-3,90	-4,09	-4,28	0,36	0
18/04/2020 08:55:00	1,38	0,41	-0,37	-0,91	-1,45	-2,08	-2,65	-3,03	-3,19	-3,35	-3,51	-3,67	-3,84	0,64	0
18/04/2020 09:00:00	1,84	0,40	-0,45	-0,91	-1,41	-1,95	-2,50	-2,89	-3,06	-3,23	-3,41	-3,59	-3,77	0,93	0
18/04/2020 09:05:00	2,08	0,64	-0,33	-0,85	-1,37	-1,93	-2,50	-2,88	-3,03	-3,19	-3,37	-3,56	-3,75	0,88	0
18/04/2020 09:10:00	2,28	0,81	-0,02	-0,66	-1,22	-1,90	-2,59	-3,10	-3,34	-3,55	-3,76	-3,95	-4,14	1,18	0
18/04/2020 09:15:00	2,04	0,74	-0,13	-0,64	-1,08	-1,72	-2,30	-2,73	-2,92	-3,12	-3,35	-3,59	-3,82	1,11	0
18/04/2020 09:20:00	2,63	0,60	-0,36	-0,78	-1,09	-1,52	-2,09	-2,49	-2,64	-2,81	-3,00	-3,21	-3,42	1,20	0
18/04/2020 09:25:00	1,98	0,87	0,08	-0,39	-0,92	-1,58	-2,29	-2,80	-3,03	-3,26	-3,49	-3,73	-3,98	1,07	0
18/04/2020 09:30:00	1,81	0,77	-0,01	-0,61	-1,10	-1,76	-2,36	-2,75	-2,90	-3,05	-3,20	-3,34	-3,49	1,07	0
18/04/2020 09:35:00	2,03	0,73	-0,06	-0,53	-1,01	-1,59	-2,09	-2,47	-2,64	-2,82	-3,01	-3,18	-3,36	0,93	0
18/04/2020 09:40:00	2,18	0,87	-0,06	-0,71	-1,24	-1,85	-2,37	-2,72	-2,84	-2,98	-3,12	-3,26	-3,40	0,98	0
18/04/2020 09:45:00	2,62	0,85	-0,19	-0,72	-1,06	-1,53	-2,01	-2,34	-2,47	-2,63	-2,83	-3,07	-3,30	0,99	0
18/04/2020 09:50:00	2,44	0,94	0,08	-0,40	-0,86	-1,48	-2,12	-2,59	-2,80	-3,02	-3,24	-3,48	-3,71	1,43	0
18/04/2020 09:55:00	2,91	0,96	-0,08	-0,55	-0,91	-1,39	-1,85	-2,19	-2,32	-2,49	-2,68	-2,89	-3,10	1,78	0
18/04/2020 10:00:00	3,37	0,97	-0,22	-0,71	-1,04	-1,40	-1,79	-2,08	-2,18	-2,32	-2,50	-2,71	-2,93	1,61	1
18/04/2020 10:05:00	3,31	1,08	0,03	-0,42	-0,70	-1,18	-1,70	-2,11	-2,29	-2,49	-2,73	-3,00	-3,27	1,46	1
18/04/2020 10:10:00	3,05	1,17	0,14	-0,27	-0,60	-1,04	-1,53	-1,88	-2,01	-2,18	-2,39	-2,63	-2,87	1,83	0
18/04/2020 10:15:00	2,66	1,31	0,47	-0,06	-0,55	-1,10	-1,60	-1,95	-2,11	-2,29	-2,47	-2,65	-2,83	1,56	0
18/04/2020 10:20:00	3,48	1,16	0,07	-0,34	-0,53	-0,88	-1,27	-1,58	-1,70	-1,88	-2,10	-2,36	-2,63	1,43	0
18/04/2020 10:25:00	2,80	1,32	0,44	0,04	-0,34	-0,86	-1,36	-1,71	-1,86	-2,05	-2,25	-2,47	-2,69	1,43	0
18/04/2020 10:30:00	3,38	1,34	0,21	-0,28	-0,69	-1,13	-1,54	-1,81	-1,90	-2,02	-2,17	-2,33	-2,50	1,68	0
18/04/2020 10:35:00	2,98	1,43	0,56	0,21	-0,19	-0,71	-1,24	-1,64	-1,83	-2,05	-2,28	-2,53	-2,78	1,91	0
18/04/2020 10:40:00	3,10	1,34	0,51	0,19	-0,05	-0,57	-1,18	-1,65	-1,88	-2,13	-2,41	-2,71	-3,02	1,48	0
18/04/2020 10:45:00	3,43	1,54	0,62	0,18	-0,16	-0,77	-1,35	-1,80	-2,04	-2,28	-2,53	-2,80	-3,07	1,71	0
18/04/2020 10:50:00	3,37	1,80	0,85	0,24	-0,30	-0,94	-1,53	-1,97	-2,18	-2,38	-2,60	-2,81	-3,01	2,02	0
18/04/2020 10:55:00	3,57	1,67	0,67	0,31	-0,01	-0,56	-1,21	-1,71	-1,95	-2,21	-2,51	-2,85	-3,19	1,83	0
18/04/2020 11:00:00	3,42	1,76	0,82	0,38	-0,06	-0,60	-1,28	-1,78	-2,01	-2,26	-2,54	-2,83	-3,13	2,07	0
18/04/2020 11:05:00	2,88	1,80	1,00	0,42	-0,22	-0,88	-1,45	-1,86	-2,05	-2,24	-2,42	-2,58	-2,74	1,85	0
18/04/2020 11:10:00	5,18	1,56	-0,10	-0,55	-0,77	-0,96	-1,16	-1,34	-1,40	-1,54	-1,75	-2,03	-2,31	1,95	1
18/04/2020 11:15:00	4,49	1,84	0,55	0,02	-0,32	-0,73	-1,13	-1,43	-1,57	-1,75	-1,96	-2,21	-2,46	2,59	1
18/04/2020 11:20:00	4,49	2,06	0,87	0,56	0,29	-0,13	-0,61	-1,00	-1,19	-1,43	-1,71	-2,05	-2,39	3,00	1
18/04/2020 11:25:00	4,65	2,33	1,14	0,71	0,43	-0,06	-0,70	-1,20	-1,43	-1,71	-2,03	-2,41	-2,79	2,71	1
18/04/2020 11:30:00	3,77	2,20	1,03	0,22	-0,26	-0,75	-1,21	-1,45	-1,48	-1,57	-1,69	-1,83	-1,97	2,75	0
18/04/2020 11:35:00	3,25	2,00	1,16	0,72	0,18	-0,35	-0,92	-1,33	-1,51	-1,71	-1,93	-2,15	-2,37	2,45	0
18/04/2020 11:40:00	5,35	1,95	0,53	0,18	0,03	-0,27	-0,59	-0,89	-1,05	-1,27	-1,54	-1,87	-2,21	2,95	1
18/04/2020 11:45:00	6,35	2,10	0,33	-0,04	-0,14	-0,34	-0,70	-1,03	-1,16	-1,36	-1,64	-2,01	-2,37	3,10	1
18/04/2020 11:50:00	5,65	2,46	0,87	0,39	0,19	-0,06	-0,40	-0,65	-0,73	-0,91	-1,16	-1,49	-1,82	3,62	1
18/04/2020 11:55:00	4,75	2,62	1,53	1,18	0,87	0,34	-0,31	-0,81	-1,05	-1,34	-1,65	-2,02	-2,38	3,02	1
18/04/2020 12:00:00	4,62	2,73	1,64	1,12	0,69	0,06	-0,47	-0,85	-1,03	-1,24	-1,47	-1,70	-1,94	2,99	1
18/04/2020 12:05:00	5,15	2,80	1,27	0,54	0,14	-0,24	-0,60	-0,81	-0,85	-0,98	-1,17	-1,42	-1,68	3,34	1
18/04/2020 12:10:00	6,04	2,26	0,82	0,69	0,63	0,40	0,04	-0,33	-0,54	-0,80	-1,12	-1,53	-1,93	3,40	1
18/04/2020 12:15:00	5,02	2,89	1,53	0,96	0,50	0,10	-0,29	-0,53	-0,61	-0,77	-0,97	-1,22	-1,47	3,23	1
18/04/2020 12:20:00	5,56	2,78	1,27	0,59	0,15	-0,23	-0,58	-0,81	-0,88	-1,02	-1,19	-1,40	-1,61	3,51	1
18/04/2020 12:25:00	5,42	2,80	1,26	0,70	0,45	0,21	-0,12	-0,35	-0,42	-0,60	-0,86	-1,22	-1,58	3,15	1
18/04/2020 12:30:00	5,05	3,05	1,68	1,00	0,41	-0,12	-0,59	-0,90	-1,01	-1,18	-1,38	-1,62	-1,86	3,45	1
18/04/2020 12:35:00	6,23	2,55	0,87	0,46	0,37	0,17	-0,03	-0,20	-0,27	-0,44	-0,68	-1,00	-1,33	3,66	1
18/04/2020 12:40:00	6,93	2,66	0,66	0,25	0,13	0,06	-0,06	-0,16	-0,16	-0,28	-0,50	-0,83	-1,15	3,90	1
18/04/2020 12:45:00	7,66	3,19	1,09	0,40	0,18	0,07	-0,15	-0,33	-0,36	-0,51	-0,75	-1,08	-1,41	3,61	1
18/04/2020 12:50:00	7,48	2,91	0,76	0,14	0,03	0,06	0,14	0,22	0,34	0,30	0,18	-0,04	-0,26	3,83	1
18/04/2020 12:55:00	7,18	2,89	0,90	0,54	0,55	0,57	0,48	0,41	0,44	0,31	0,08	-0,28	-0,64	4,39	1
18/04/2020 13:00:00	6,68	3,60	1,83	1,07	0,65	0,13	-0,25	-0,52	-0,63	-0,81	-1,04	-1,34	-1,64	4,49	1
18/04/2020 13:05:00	5,25	3,07	1,58	0,88	0,51	0,26	0,16	0,17	0,25	0,19	0,08	-0,09	-0,26	3,66	1
18/04/2020 13:10:00	3,93	2,57	1,73	1,21	0,65	0,33	0,16	0,08	0,05	-0,04	-0,11	-0,17	-0,22	3,45	0
18/04/2020 13:15:00	2,70	1,95	1,46	1,14	0,81	0,36	0,07	-0,14	-0,25	-0,40	-0,55	-0,69	-0,83	2,07	0
18/04/2020 13:20:00	3,94	2,62	1,21	0,28	-0,17	-0,40	-0,34	-0,13	0,11	0,18	0,20	0,18	0,16	2,00	0
18/04/2020 13:25:00	3,97	2,94	1,39	0,41	-0,10	-0,25	-0,22	0,01	0,28	0,35	0,34	0,25	0,17	2,86	0
18/04/2020 13:30:00	4,77	2,86	1,25	0,44	-0,05	-0,14	-0,22	-0,18	-0,06	-0,10	-0,22	-0,42	-0,63	2,14	0
18/04/2020 13:35:00	6,04	2,97	1,03	0,13	-0,22	-0,28	-0,25	-0,11	0,08	0,10	0,04	-0,10	-0,24	3,00	1
18/04/2020 13:40:00	7,10	3,09	1,13	0,61	0,47	0,38	0,23	0,12	0,12	-0,01	-0,23	-0,55	-0,88	3,77	1
18/04/2020 13:45:00	5,48	3,42	2,28	1,67	0,98	0,40	-0,13	-0,53	-0,75	-0,99	-1,21	-1,42	-1,64	4,14	1
18/04/2020 13:50:00	4,89	2,76	1,64	1,28	1,04	0,94	0,98	1,07	1,16	1,12	1,06	0,96	0,87	3,39	0
18/04/2020 13:55:00	4,16	2,86	2,38	2,29	2,11	1,75	1,28	0,90	0,69	0,43	0,17	-0,11	-0,38	3,07	0
18/04/2020 14:00:00	6,98	3,23	1,46	1,01	1,04	0,98	1,03	1,06	1,11	1,01	0,81	0,52	0,23	3,57	1
18/04/2020 14:05:00	7,56	3,71	1,68	1,15	1,10	1,09	1,14	1,19	1,27	1,17	0,96	0,62	0,28	4,47	1
18/04/2020 14:10:00	6,65	3,77	2,42	2,07	1,97	1,61	1,21	0,90	0,76	0,52	0,24	-0,12	-0,48	5,61	1
18/04/2020 14:15:00	7,01	3,98	2,39	1,82	1,51	1,05	0,67	0,40	0,29	0,09	-0,15	-0,45	-0,75	5,37	1
18/04/2020 14:20:00	5,28	4,06	3,08	2,07	1,20	0,42	-0,23	-0,62	-0,79	-0,95	-1,06	-1,10	-1,14	4,63	1
18/04/2020 14:25:00	4,61	3,57	2,85	2,37	1,87	1,20	0,55	0,06	-0,20	-0,48	-0,76	-1,03	-1,31	3,76	0
18/04/2020 14:30:00	4,53	3,61	2,85	2,29	1,71	1,02	0,29	-0,22	-0,46	-0,73	-0,99	-1,24	-1,50	3,90	0
18/04/2020 14:35:00	4,00	3,23	2,54	2,14	1,72	0,89	0,16	-0,43	-0,76	-1,12	-1,48	-1,88	-2,27	3,71	0
18/04/2020 14:40:00	3,47	2,57	1,72	0,91	0,20	-0,37	-0,86	-1,12	-1,20	-1,30	-1,37	-1,41	-1,45	2,84	0
18/04/2020 14:45:00	2,73	1,92	1,19	0,82	0,51	0,20	0,01	-0,05	-0,02	-0,09	-0,17	-0,27	-0,36	2,13	0
18/04/2020 14:50:00	4,22	1,84	0,77	0,46	0,34	0,13	0,01	-0,08	-0,11	-0,22	-0,37	-0,56	-0,75	2,55	0
18/04/2020 14:55:00	3,96	1,66	0,72	0,63	0,53	0,42	0,36	0,30	0,28	0,16	0,01	-0,18	-0,36	2,30	0
18/04/2020 15:00:00	4,94	2,07	0,73	0,52	0,72	0,84	0,91	1,00	1,12	1,06	0,90	0,64	0,37	2,74	0
18/04/2020 15:05:00	5,90	2,31	0,80	0,46	0,51	0,60	0,50	0,43	0,46	0,36	0,18	-0,09	-0,36	3,16	1
18/04/2020 15:10:00	5,92	2,39	0,89	0,62	0,59	0,59	0,52	0,45	0,45	0,32	0,12	-0,15	-0,43	3,01	1
18/04/2020 15:15:00	6,62	2,65	0,72	0,30	0,25	0,34	0,45	0,53	0,63	0,57	0,40	0,12	-0,16	3,83	1
18/04/2020 15:20:00	7,24	2,91	1,02	0,57	0,49	0,55	0,70	0,81	0,91	0,87	0,76	0,57	0,38	4,71	1
18/04/2020 15:25:00	7,07	3,31	1,56	1,02	0,92	0,77	0,63	0,52	0,50	0,37	0,16	-0,13	-0,43	4,67	1
18/04/2020 15:30:00	7,42	3,22	1,49	1,20	1,21	1,09	1,01	0,88	0,80	0,60	0,33	-0,03	-0,39	5,08	1
18/04/2020 15:35:00	6,69	3,73	2,30	1,88	1,68	1,48	1,15	0,92	0,84	0,66	0,43	0,13	-0,17	4,85	1
18/04/2020 15:40:00	6,96	4,03	2,46	1,83	1,58	1,28	1,01	0,85	0,81	0,65	0,45	0,17	-0,10	4,67	1
18/04/2020 15:45:00	7,02	4,32	2,88	2,28	1,85	1,38	0,94	0,62	0,47	0,24	-0,01	-0,30	-0,59	4,96	1
18/04/2020 15:50:00	6,96	4,23	2,77	2,17	1,83	1,45	1,10	0,87	0,78	0,61	0,40	0,14	-0,12	5,63	1
18/04/2020 15:55:00	6,22	4,29	3,24	2,83	2,48	1,94	1,48	1,12	0,92	0,65	0,38	0,07	-0,25	5,07	0
18/04/2020 16:00:00	7,40	4,61	2,86	2,12	1,75	1,46	1,27	1,18	1,19	1,06	0,87	0,60	0,33	4,98	1
18/04/2020 16:05:00	7,50	4,77	2,86	1,91	1,40	1,14	1,08	1,13	1,23	1,17	1,05	0,86	0,67	5,77	1
18/04/2020 16:10:00	7,61	4,58	2,79	2,02	1,61	1,30	1,09	0,99	1,00	0,88	0,70	0,47	0,23	5,96	1
18/04/2020 16:15:00	7,61	4,47	2,69	1,99	1,85	1,69	1,57	1,54	1,59	1,48	1,30	1,02	0,73	5,57	1
18/04/2020 16:20:00	8,05	4,26	2,39	1,94	1,78	1,64	1,69	1,71	1,73	1,60	1,39	1,10	0,80	6,26	1
18/04/2020 16:25:00	8,09	4,57	2,91	2,37	2,15	2,02	1,83	1,71	1,68	1,53	1,33	1,06	0,79	5,56	1
18/04/2020 16:30:00	6,81	4,97	3,79	3,19	2,56	2,06	1,63	1,33	1,17	0,95	0,72	0,48	0,24	5,64	1
18/04/2020 16:35:00	5,63	5,10	4,41	3,87	3,28	2,57	1,89	1,43	1,19	0,91	0,64	0,37	0,10	5,31	0
18/04/2020 16:40:00	5,44	5,23	4,54	3,82	3,09	2,31	1,60	1,14	0,91	0,65	0,41	0,18	-0,05	5,28	0
18/04/2020 16:45:00	5,39	5,16	4,55	3,82	3,16	2,37	1,62	1,15	0,92	0,67	0,46	0,27	0,07	5,21	0
18/04/2020 16:50:00	5,09	5,15	4,63	4,05	3,32	2,56	1,78	1,27	1,02	0,74	0,49	0,26	0,03	5,46	0
18/04/2020 16:55:00	4,94	5,08	4,65	4,05	3,30	2,37	1,60	1,07	0,78	0,49	0,25	0,05	-0,15	5,35	0
18/04/2020 17:00:00	5,08	5,04	4,50	3,86	3,16	2,32	1,50	0,96	0,69	0,40	0,15	-0,07	-0,30	5,37	0
18/04/2020 17:05:00	4,83	4,74	4,11	3,41	2,59	1,72	0,97	0,48	0,23	-0,04	-0,26	-0,45	-0,64	4,97	0
18/04/2020 17:10:00	4,29	4,44	3,86	3,15	2,36	1,57	0,76	0,29	0,09	-0,13	-0,32	-0,48	-0,64	4,55	0
18/04/2020 17:15:00	4,14	4,01	3,31	2,61	1,91	1,30	0,77	0,50	0,43	0,29	0,17	0,07	-0,03	3,99	0
18/04/2020 17:20:00	4,28	3,83	3,19	2,55	1,86	1,23	0,68	0,35	0,20	0,03	-0,12	-0,23	-0,34	4,01	0
18/04/2020 17:25:00	4,33	3,85	3,11	2,42	1,82	1,24	0,73	0,45	0,35	0,20	0,06	-0,08	-0,21	3,87	0
18/04/2020 17:30:00	4,38	3,63	2,75	2,10	1,64	1,27	1,11	1,13	1,21	1,17	1,13	1,09	1,05	3,98	0
18/04/2020 17:35:00	4,36	3,57	2,78	2,33	2,06	1,83	1,54	1,45	1,48	1,39	1,27	1,11	0,95	4,01	0
18/04/2020 17:40:00	4,67	3,67	2,92	2,50	2,12	1,68	1,29	1,04	0,93	0,74	0,55	0,34	0,13	4,23	0
18/04/2020 17:45:00	4,56	3,98	3,21	2,55	1,92	1,35	0,89	0,63	0,53	0,38	0,23	0,10	-0,04	4,35	0
18/04/2020 17:50:00	4,50	4,01	3,24	2,61	2,09	1,66	1,23	1,03	0,99	0,85	0,71	0,55	0,39	4,36	0
18/04/2020 17:55:00	5,23	4,12	3,12	2,34	1,83	1,41	1,11	1,00	1,01	0,92	0,82	0,73	0,63	4,49	0
18/04/2020 18:00:00	5,02	4,41	3,33	2,32	1,64	1,07	0,72	0,63	0,69	0,64	0,60	0,57	0,54	4,82	0
18/04/2020 18:05:00	4,65	4,32	3,59	2,86	2,29	1,64	1,06	0,74	0,62	0,44	0,27	0,10	-0,06	5,03	0
18/04/2020 18:10:00	4,45	4,34	3,82	3,20	2,48	1,72	0,99	0,49	0,24	-0,02	-0,25	-0,45	-0,65	4,51	0
18/04/2020 18:15:00	4,43	4,38	3,89	3,26	2,53	1,75	1,00	0,52	0,28	0,03	-0,17	-0,34	-0,50	4,50	0
18/04/2020 18:20:00	4,28	4,39	3,90	3,25	2,57	1,81	1,08	0,64	0,43	0,20	0,00	-0,17	-0,33	4,43	0
18/04/2020 18:25:00	4,31	4,67	4,19	3,47	2,73	1,92	1,26	0,87	0,70	0,50	0,34	0,22	0,10	4,41	0
18/04/2020 18:30:00	4,43	4,88	4,45	3,74	2,91	2,08	1,34	0,90	0,70	0,48	0,31	0,20	0,08	4,46	0
18/04/2020 18:35:00	4,51	4,89	4,46	3,71	3,05	2,22	1,56	1,16	0,97	0,75	0,57	0,43	0,28	4,63	0
18/04/2020 18:40:00	4,55	5,07	4,62	3,96	3,13	2,34	1,61	1,16	0,95	0,70	0,50	0,33	0,16	4,95	0
18/04/2020 18:45:00	4,53	5,13	4,66	3,97	3,11	2,34	1,62	1,20	1,01	0,79	0,60	0,45	0,30	4,88	0
18/04/2020 18:50:00	4,40	5,08	4,78	4,12	3,32	2,43	1,65	1,17	0,93	0,67	0,47	0,33	0,18	4,83	0
18/04/2020 18:55:00	4,22	5,55	5,36	4,56	3,75	2,88	2,08	1,65	1,48	1,28	1,14	1,06	0,98	4,78	0
18/04/2020 19:00:00	4,32	5,88	5,88	5,14	4,23	3,21	2,33	1,77	1,48	1,20	1,00	0,88	0,76	4,70	0
18/04/2020 19:05:00	4,35	5,77	5,78	5,22	4,41	3,45	2,53	1,95	1,65	1,35	1,13	0,97	0,81	4,78	0
18/04/2020 19:10:00	4,40	5,75	5,68	5,06	4,18	3,23	2,39	1,86	1,57	1,28	1,06	0,91	0,76	4,65	0
18/04/2020 19:15:00	4,68	5,73	5,63	5,00	4,19	3,34	2,42	1,84	1,56	1,27	1,05	0,89	0,73	4,73	0
18/04/2020 19:20:00	4,68	5,84	5,78	5,27	4,45	3,50	2,67	2,14	1,84	1,54	1,32	1,16	1,01	4,68	0
18/04/2020 19:25:00	4,60	6,17	6,21	5,60	4,70	3,69	2,74	2,15	1,84	1,54	1,33	1,20	1,07	4,60	0
18/04/2020 19:30:00	4,41	6,64	6,88	6,18	5,18	4,05	2,99	2,35	2,01	1,69	1,48	1,38	1,28	4,66	0
18/04/2020 19:35:00	4,36	6,64	6,92	6,29	5,26	4,09	3,04	2,35	1,96	1,60	1,35	1,21	1,06	4,56	0
18/04/2020 19:40:00	4,75	6,92	7,05	6,31	5,22	4,11	3,14	2,56	2,25	1,96	1,78	1,70	1,63	4,63	0
18/04/2020 19:45:00	4,76	6,48	6,61	5,96	5,01	3,92	2,94	2,30	1,94	1,61	1,38	1,24	1,11	4,58	0
18/04/2020 19:50:00	4,70	6,42	6,54	5,95	5,11	4,05	3,07	2,45	2,11	1,77	1,53	1,36	1,19	4,60	0
18/04/2020 19:55:00	4,58	6,34	6,64	6,21	5,38	4,25	3,16	2,39	1,93	1,51	1,19	0,95	0,72	4,56	0
18/04/2020 20:00:00	4,11	6,84	7,14	6,35	5,22	4,01	2,95	2,32	2,00	1,70	1,52	1,46	1,40	4,57	0
18/04/2020 20:05:00	4,41	6,52	6,76	6,11	5,17	4,11	3,12	2,50	2,16	1,84	1,62	1,49	1,36	4,34	0
18/04/2020 20:10:00	4,20	7,02	7,33	6,46	5,35	4,15	3,11	2,51	2,22	1,95	1,80	1,78	1,76	4,29	0
18/04/2020 20:15:00	4,28	6,80	7,08	6,36	5,36	4,35	3,39	2,85	2,58	2,31	2,14	2,08	2,01	4,01	0
18/04/2020 20:20:00	4,02	6,51	6,88	6,16	5,16	3,96	2,96	2,33	1,98	1,66	1,47	1,40	1,33	4,12	0
18/04/2020 20:25:00	3,72	6,57	6,90	6,16	5,17	4,05	3,11	2,58	2,32	2,04	1,87	1,80	1,72	4,06	0
18/04/2020 20:30:00	3,94	6,83	7,27	6,58	5,55	4,36	3,32	2,70	2,37	2,06	1,87	1,81	1,75	4,03	0
18/04/2020 20:35:00	4,24	6,50	6,86	6,33	5,44	4,41	3,45	2,84	2,50	2,18	1,95	1,83	1,70	3,84	0
18/04/2020 20:40:00	3,66	7,20	7,81	7,07	5,84	4,57	3,38	2,66	2,29	1,95	1,77	1,72	1,67	3,91	0
18/04/2020 20:45:00	3,59	7,16	7,83	7,12	5,96	4,65	3,47	2,74	2,34	1,99	1,78	1,71	1,64	3,89	0
18/04/2020 20:50:00	3,83	7,31	7,96	7,28	6,11	4,82	3,66	2,95	2,57	2,22	2,03	1,97	1,92	3,76	0
18/04/2020 20:55:00	3,89	6,67	7,28	6,78	5,87	4,69	3,54	2,80	2,38	2,00	1,74	1,59	1,45	3,73	0
18/04/2020 21:00:00	3,62	7,05	7,78	7,17	6,09	4,80	3,62	2,87	2,43	2,05	1,80	1,69	1,57	3,68	0
18/04/2020 21:05:00	3,85	6,64	7,24	6,70	5,70	4,49	3,32	2,55	2,11	1,72	1,46	1,32	1,18	3,79	0
18/04/2020 21:10:00	3,70	6,64	7,23	6,66	5,70	4,43	3,27	2,51	2,09	1,71	1,45	1,31	1,16	3,83	0
18/04/2020 21:15:00	3,81	6,60	7,18	6,62	5,68	4,38	3,25	2,48	2,03	1,62	1,34	1,17	1,00	3,83	0
18/04/2020 21:20:00	3,68	6,70	7,23	6,49	5,46	4,18	3,01	2,30	1,92	1,59	1,39	1,32	1,25	3,75	0
18/04/2020 21:25:00	3,88	6,50	6,99	6,44	5,46	4,19	3,06	2,31	1,88	1,50	1,25	1,11	0,98	3,77	0
18/04/2020 21:30:00	3,94	6,40	6,84	6,25	5,25	4,06	2,99	2,29	1,88	1,52	1,29	1,17	1,06	3,90	0
18/04/2020 21:35:00	3,67	6,23	6,61	5,89	4,81	3,60	2,51	1,83	1,47	1,16	0,97	0,91	0,86	3,82	0
18/04/2020 21:40:00	3,92	5,82	5,99	5,30	4,28	3,25	2,28	1,69	1,39	1,11	0,95	0,89	0,84	3,72	0
18/04/2020 21:45:00	3,78	5,35	5,45	4,85	3,95	2,89	1,94	1,34	1,03	0,74	0,56	0,48	0,39	3,66	0
18/04/2020 21:50:00	3,84	4,99	4,87	4,29	3,54	2,65	1,83	1,34	1,10	0,85	0,66	0,53	0,39	3,60	0
18/04/2020 21:55:00	3,96	4,70	4,60	4,08	3,34	2,56	1,87	1,44	1,22	0,99	0,83	0,75	0,67	3,39	0
18/04/2020 22:00:00	3,81	4,66	4,59	4,08	3,51	2,64	1,90	1,44	1,20	0,95	0,75	0,62	0,48	3,23	0
18/04/2020 22:05:00	3,10	4,53	4,61	4,00	3,21	2,28	1,50	1,01	0,76	0,52	0,36	0,29	0,22	3,19	0
18/04/2020 22:10:00	2,88	4,71	4,81	4,19	3,40	2,45	1,69	1,25	1,05	0,83	0,70	0,64	0,58	3,10	0
18/04/2020 22:15:00	2,97	4,51	4,69	4,21	3,53	2,64	1,85	1,37	1,13	0,88	0,71	0,61	0,52	2,98	0
18/04/2020 22:20:00	2,90	4,56	4,77	4,23	3,50	2,64	1,72	1,16	0,90	0,64	0,46	0,35	0,24	3,03	0
18/04/2020 22:25:00	2,93	4,82	5,00	4,46	3,63	2,80	2,03	1,59	1,38	1,16	1,03	0,97	0,92	2,91	0
18/04/2020 22:30:00	2,88	5,13	5,55	5,05	4,24	3,25	2,32	1,75	1,46	1,18	1,00	0,92	0,84	2,95	0
18/04/2020 22:35:00	2,67	5,29	5,66	4,95	4,10	3,06	2,14	1,61	1,35	1,10	0,93	0,86	0,80	2,91	0
18/04/2020 22:40:00	2,85	5,27	5,62	4,99	4,06	3,04	2,07	1,49	1,21	0,94	0,78	0,72	0,66	2,85	0
18/04/2020 22:45:00	2,96	4,95	5,20	4,73	3,95	2,99	2,10	1,56	1,27	0,99	0,79	0,67	0,55	2,88	0
18/04/2020 22:50:00	2,97	4,65	4,87	4,37	3,56	2,65	1,83	1,31	1,03	0,76	0,58	0,49	0,40	2,91	0
18/04/2020 22:55:00	3,03	4,37	4,52	4,04	3,30	2,46	1,61	1,08	0,82	0,56	0,39	0,30	0,20	2,95	0
18/04/2020 23:00:00	2,82	4,48	4,62	4,09	3,26	2,31	1,48	0,95	0,68	0,41	0,24	0,14	0,05	3,08	0
18/04/2020 23:05:00	2,71	4,41	4,61	4,09	3,35	2,38	1,55	1,02	0,74	0,46	0,27	0,16	0,04	2,95	0
18/04/2020 23:10:00	2,81	4,67	4,86	4,28	3,48	2,50	1,60	1,05	0,78	0,51	0,33	0,23	0,14	2,87	0
18/04/2020 23:15:00	2,81	4,70	4,88	4,26	3,43	2,41	1,48	0,91	0,64	0,38	0,20	0,12	0,03	2,86	0
18/04/2020 23:20:00	2,63	4,53	4,83	4,30	3,44	2,41	1,45	0,83	0,50	0,21	0,02	-0,07	-0,16	2,81	0
18/04/2020 23:25:00	2,57	4,57	4,74	4,11	3,23	2,24	1,38	0,88	0,63	0,40	0,25	0,19	0,13	2,63	0
18/04/2020 23:30:00	2,59	4,57	4,86	4,29	3,53	2,53	1,60	1,02	0,74	0,46	0,27	0,17	0,07	2,70	0
18/04/2020 23:35:00	2,78	4,56	4,83	4,32	3,56	2,55	1,62	1,03	0,73	0,46	0,27	0,18	0,09	2,58	0
18/04/2020 23:40:00	2,54	4,21	4,45	4,00	3,14	2,21	1,28	0,68	0,35	0,06	-0,15	-0,27	-0,39	2,51	0
18/04/2020 23:45:00	2,37	4,24	4,48	3,93	3,16	2,14	1,20	0,62	0,33	0,07	-0,10	-0,19	-0,28	2,67	0
18/04/2020 23:50:00	2,28	4,24	4,61	4,14	3,29	2,23	1,25	0,58	0,21	-0,12	-0,35	-0,48	-0,61	2,48	0
18/04/2020 23:55:00	2,45	4,42	4,76	4,20	3,37	2,29	1,39	0,82	0,50	0,23	0,07	0,02	-0,03	2,52	0
