FileFormat:0002.2 file with temperature of atmosphere
200
local	GMT or Local
0	GMT-Local=[hours]
0	Height[m]
0	0	0	Longitude                [grd]               [min]               [sec]
0	0	0	Latitude                [grd]               [min]               [sec]
N	NS
59,40	Freq[GHz]
0,00	dTemostat[K]
0,150	MessErr[K]
0,248	//[grad/step]
version 14.0.20110218
MTP5H033F5940K-33.00D180214+A1.1
Commentary:
enter comment
End Of Commentary

SYSTEM\alaska.dat
data time	0	50	100	150	200	250	300	350	400	450	500	550	600	OutsideTemperature	Quality
17/03/2020 00:00:00	3,31	4,92	5,21	4,76	3,92	2,93	2,05	1,48	1,15	0,87	0,69	0,63	0,56	3,23	0
17/03/2020 00:05:00	3,27	4,91	5,26	4,77	3,96	2,95	2,01	1,41	1,08	0,80	0,64	0,59	0,55	3,28	0
17/03/2020 00:10:00	3,18	4,81	5,08	4,59	3,80	2,85	2,00	1,46	1,17	0,91	0,75	0,70	0,65	3,24	0
17/03/2020 00:15:00	3,25	4,87	5,14	4,68	3,92	2,90	2,01	1,43	1,11	0,82	0,63	0,55	0,46	3,29	0
17/03/2020 00:20:00	3,24	4,89	5,16	4,62	3,74	2,78	1,85	1,28	0,98	0,71	0,56	0,53	0,50	3,25	0
17/03/2020 00:25:00	3,18	4,82	5,04	4,52	3,69	2,71	1,84	1,31	1,03	0,78	0,64	0,60	0,56	3,20	0
17/03/2020 00:30:00	3,18	4,66	4,96	4,50	3,81	2,81	1,99	1,47	1,17	0,90	0,74	0,70	0,66	3,13	0
17/03/2020 00:35:00	3,17	4,70	5,03	4,54	3,76	2,76	1,86	1,27	0,95	0,69	0,54	0,51	0,49	3,15	0
17/03/2020 00:40:00	3,19	4,67	4,93	4,47	3,74	2,78	1,92	1,37	1,06	0,79	0,62	0,54	0,47	3,21	0
17/03/2020 00:45:00	3,16	4,69	4,97	4,42	3,66	2,65	1,79	1,24	0,94	0,69	0,54	0,51	0,49	3,11	0
17/03/2020 00:50:00	3,15	4,61	4,90	4,49	3,77	2,80	1,87	1,25	0,91	0,61	0,41	0,31	0,20	3,00	0
17/03/2020 00:55:00	3,01	4,60	4,92	4,39	3,64	2,64	1,70	1,10	0,79	0,51	0,35	0,29	0,24	3,00	0
17/03/2020 01:00:00	2,95	4,62	4,94	4,41	3,62	2,59	1,65	1,05	0,73	0,45	0,28	0,22	0,17	2,97	0
17/03/2020 01:05:00	2,97	4,44	4,75	4,35	3,63	2,65	1,80	1,24	0,92	0,64	0,46	0,39	0,33	3,06	0
17/03/2020 01:10:00	2,90	4,57	4,79	4,28	3,42	2,43	1,59	1,08	0,80	0,56	0,42	0,40	0,38	2,86	0
17/03/2020 01:15:00	2,88	4,44	4,71	4,24	3,49	2,55	1,66	1,10	0,80	0,54	0,37	0,31	0,25	2,95	0
17/03/2020 01:20:00	2,82	4,41	4,76	4,33	3,58	2,60	1,69	1,09	0,76	0,48	0,30	0,23	0,16	2,83	0
17/03/2020 01:25:00	2,87	4,48	4,79	4,31	3,59	2,58	1,73	1,17	0,86	0,58	0,40	0,33	0,25	2,87	0
17/03/2020 01:30:00	2,88	4,43	4,74	4,28	3,56	2,60	1,76	1,23	0,95	0,69	0,55	0,51	0,48	2,86	0
17/03/2020 01:35:00	2,82	4,39	4,58	4,03	3,14	2,18	1,36	0,87	0,62	0,40	0,30	0,31	0,33	2,84	0
17/03/2020 01:40:00	2,70	4,29	4,69	4,26	3,51	2,49	1,59	0,98	0,63	0,34	0,17	0,12	0,07	2,83	0
17/03/2020 01:45:00	2,66	4,25	4,57	4,11	3,38	2,42	1,52	0,95	0,65	0,39	0,24	0,19	0,15	2,65	0
17/03/2020 01:50:00	2,62	4,24	4,65	4,23	3,49	2,48	1,64	1,06	0,70	0,41	0,22	0,16	0,09	2,71	0
17/03/2020 01:55:00	2,70	4,14	4,50	4,11	3,40	2,43	1,54	0,94	0,60	0,31	0,13	0,06	-0,01	2,73	0
17/03/2020 02:00:00	2,72	4,12	4,46	4,07	3,43	2,47	1,62	1,06	0,74	0,46	0,29	0,21	0,14	2,73	0
17/03/2020 02:05:00	2,74	4,17	4,48	4,12	3,48	2,51	1,63	1,04	0,71	0,42	0,22	0,11	0,01	2,74	0
17/03/2020 02:10:00	2,61	4,18	4,57	4,15	3,37	2,33	1,44	0,83	0,48	0,19	0,01	-0,04	-0,08	2,71	0
17/03/2020 02:15:00	2,53	4,16	4,49	4,12	3,24	2,28	1,39	0,80	0,46	0,17	-0,01	-0,07	-0,14	2,53	0
17/03/2020 02:20:00	2,47	4,12	4,47	4,05	3,31	2,35	1,41	0,82	0,51	0,25	0,09	0,03	-0,02	2,50	0
17/03/2020 02:25:00	2,58	3,99	4,43	4,07	3,31	2,35	1,39	0,73	0,35	0,05	-0,14	-0,20	-0,26	2,56	0
17/03/2020 02:30:00	2,42	3,99	4,32	3,83	3,08	2,15	1,36	0,87	0,60	0,38	0,26	0,27	0,28	2,40	0
17/03/2020 02:35:00	2,45	3,94	4,22	3,82	3,09	2,17	1,41	0,92	0,65	0,41	0,27	0,23	0,20	2,31	0
17/03/2020 02:40:00	2,49	3,89	4,25	3,84	3,18	2,26	1,40	0,83	0,52	0,25	0,07	0,01	-0,05	2,39	0
17/03/2020 02:45:00	2,25	3,67	4,01	3,67	3,00	2,10	1,29	0,77	0,48	0,23	0,08	0,04	0,00	2,26	0
17/03/2020 02:50:00	2,27	3,79	4,08	3,60	2,90	1,96	1,13	0,60	0,32	0,08	-0,06	-0,10	-0,13	2,35	0
17/03/2020 02:55:00	2,14	3,69	4,04	3,67	2,99	2,15	1,26	0,69	0,40	0,14	-0,03	-0,12	-0,20	2,12	0
17/03/2020 03:00:00	2,28	3,62	3,89	3,51	2,90	2,10	1,36	0,90	0,66	0,44	0,30	0,25	0,20	2,14	0
17/03/2020 03:05:00	2,23	3,68	3,91	3,45	2,73	1,88	1,13	0,67	0,44	0,23	0,11	0,10	0,08	2,36	0
17/03/2020 03:10:00	2,13	3,79	4,14	3,70	2,98	2,01	1,10	0,51	0,20	-0,06	-0,24	-0,30	-0,37	2,21	0
17/03/2020 03:15:00	2,27	3,69	3,94	3,48	2,79	1,86	1,08	0,59	0,33	0,11	-0,02	-0,04	-0,06	2,33	0
17/03/2020 03:20:00	2,32	3,61	3,78	3,42	2,72	1,91	1,17	0,71	0,47	0,24	0,09	0,02	-0,05	2,35	0
17/03/2020 03:25:00	2,33	3,59	3,86	3,48	2,84	2,00	1,23	0,74	0,47	0,23	0,07	0,01	-0,05	2,20	0
17/03/2020 03:30:00	2,11	3,47	3,72	3,34	2,65	1,77	0,97	0,46	0,20	-0,03	-0,18	-0,22	-0,26	2,20	0
17/03/2020 03:35:00	2,18	3,45	3,64	3,20	2,48	1,65	0,93	0,50	0,27	0,08	-0,03	-0,02	-0,02	2,18	0
17/03/2020 03:40:00	2,09	3,46	3,65	3,27	2,55	1,75	1,01	0,57	0,35	0,15	0,03	0,00	-0,03	2,11	0
17/03/2020 03:45:00	2,16	3,57	3,77	3,30	2,64	1,77	1,06	0,64	0,44	0,24	0,14	0,14	0,14	2,11	0
17/03/2020 03:50:00	2,23	3,51	3,67	3,17	2,51	1,70	0,98	0,56	0,37	0,18	0,07	0,05	0,03	2,28	0
17/03/2020 03:55:00	2,19	3,47	3,62	3,16	2,47	1,59	0,90	0,47	0,25	0,05	-0,07	-0,09	-0,11	2,29	0
17/03/2020 04:00:00	2,17	3,37	3,64	3,27	2,70	1,81	1,06	0,55	0,27	0,02	-0,15	-0,23	-0,31	2,26	0
17/03/2020 04:05:00	2,02	3,40	3,52	3,03	2,30	1,54	0,93	0,61	0,48	0,34	0,30	0,35	0,41	2,03	0
17/03/2020 04:10:00	2,10	3,27	3,46	3,05	2,46	1,62	0,97	0,55	0,32	0,10	-0,04	-0,09	-0,15	2,11	0
17/03/2020 04:15:00	2,10	3,32	3,51	3,12	2,42	1,67	0,98	0,55	0,33	0,13	0,00	-0,03	-0,06	2,13	0
17/03/2020 04:20:00	2,06	3,28	3,51	3,06	2,43	1,61	0,85	0,38	0,14	-0,07	-0,20	-0,22	-0,25	2,11	0
17/03/2020 04:25:00	2,11	3,33	3,52	3,04	2,39	1,60	0,87	0,44	0,23	0,04	-0,06	-0,07	-0,08	1,97	0
17/03/2020 04:30:00	2,14	3,21	3,35	2,92	2,29	1,58	0,87	0,45	0,27	0,10	0,00	-0,02	-0,03	2,08	0
17/03/2020 04:35:00	2,10	3,19	3,39	3,06	2,45	1,64	0,89	0,40	0,14	-0,10	-0,26	-0,34	-0,42	2,06	0
17/03/2020 04:40:00	1,98	3,19	3,46	3,17	2,59	1,77	1,00	0,47	0,18	-0,08	-0,28	-0,39	-0,51	1,96	0
17/03/2020 04:45:00	2,01	3,23	3,43	3,03	2,38	1,53	0,77	0,28	0,02	-0,22	-0,38	-0,45	-0,52	1,91	0
17/03/2020 04:50:00	2,05	3,11	3,30	2,96	2,37	1,63	0,86	0,39	0,15	-0,07	-0,21	-0,29	-0,36	2,06	0
17/03/2020 04:55:00	1,98	3,16	3,29	2,75	2,13	1,29	0,62	0,24	0,07	-0,09	-0,17	-0,15	-0,13	2,03	0
17/03/2020 05:00:00	1,92	2,99	3,11	2,78	2,24	1,49	0,73	0,25	0,03	-0,20	-0,38	-0,49	-0,61	1,91	0
17/03/2020 05:05:00	1,88	2,99	3,15	2,74	2,11	1,36	0,62	0,18	-0,02	-0,21	-0,32	-0,34	-0,36	1,89	0
17/03/2020 05:10:00	1,87	2,95	3,14	2,86	2,32	1,56	0,89	0,46	0,24	0,02	-0,13	-0,21	-0,29	1,88	0
17/03/2020 05:15:00	1,86	2,98	3,18	2,85	2,24	1,47	0,73	0,25	0,01	-0,22	-0,37	-0,45	-0,52	1,83	0
17/03/2020 05:20:00	1,83	3,04	3,31	2,91	2,25	1,42	0,64	0,14	-0,12	-0,34	-0,47	-0,49	-0,51	1,87	0
17/03/2020 05:25:00	1,81	3,01	3,26	2,93	2,34	1,46	0,68	0,16	-0,12	-0,37	-0,54	-0,62	-0,70	1,78	0
17/03/2020 05:30:00	1,86	3,04	3,16	2,71	2,13	1,32	0,63	0,23	0,05	-0,13	-0,24	-0,27	-0,29	1,93	0
17/03/2020 05:35:00	1,90	3,00	3,13	2,74	2,18	1,47	0,80	0,41	0,24	0,06	-0,06	-0,10	-0,15	1,83	0
17/03/2020 05:40:00	1,81	3,05	3,27	2,97	2,42	1,59	0,85	0,37	0,12	-0,12	-0,29	-0,39	-0,49	1,89	0
17/03/2020 05:45:00	1,82	3,09	3,42	3,07	2,38	1,52	0,82	0,34	0,05	-0,19	-0,34	-0,36	-0,39	1,86	0
17/03/2020 05:50:00	1,77	3,07	3,33	2,90	2,21	1,40	0,62	0,15	-0,08	-0,28	-0,39	-0,39	-0,38	1,81	0
17/03/2020 05:55:00	1,83	3,00	3,29	2,98	2,43	1,64	0,87	0,37	0,10	-0,14	-0,31	-0,39	-0,47	1,79	0
17/03/2020 06:00:00	1,66	3,06	3,35	3,06	2,46	1,64	0,86	0,37	0,13	-0,09	-0,24	-0,30	-0,35	1,66	0
17/03/2020 06:05:00	1,82	3,02	3,25	2,89	2,28	1,46	0,79	0,37	0,13	-0,08	-0,21	-0,24	-0,27	1,59	0
17/03/2020 06:10:00	1,65	2,80	2,98	2,60	1,97	1,21	0,54	0,14	-0,06	-0,24	-0,34	-0,35	-0,36	1,66	0
17/03/2020 06:15:00	1,58	2,87	3,05	2,58	2,01	1,23	0,63	0,28	0,12	-0,03	-0,11	-0,10	-0,09	1,59	0
17/03/2020 06:20:00	1,62	2,83	3,10	2,82	2,24	1,39	0,67	0,18	-0,10	-0,34	-0,52	-0,61	-0,69	1,73	0
17/03/2020 06:25:00	1,69	2,86	3,08	2,82	2,14	1,40	0,76	0,35	0,12	-0,09	-0,22	-0,26	-0,30	1,72	0
17/03/2020 06:30:00	1,65	2,73	2,90	2,65	2,15	1,47	0,80	0,40	0,21	0,02	-0,11	-0,18	-0,25	1,71	0
17/03/2020 06:35:00	1,76	2,90	3,06	2,71	2,07	1,34	0,66	0,23	0,02	-0,18	-0,32	-0,37	-0,41	1,60	0
17/03/2020 06:40:00	1,58	2,88	3,09	2,74	2,10	1,30	0,62	0,20	-0,01	-0,20	-0,31	-0,34	-0,36	1,63	0
17/03/2020 06:45:00	1,66	2,77	2,91	2,54	1,97	1,30	0,67	0,32	0,17	0,02	-0,06	-0,05	-0,05	1,57	0
17/03/2020 06:50:00	1,48	2,64	2,88	2,62	2,09	1,42	0,83	0,47	0,30	0,13	0,04	0,03	0,02	1,58	0
17/03/2020 06:55:00	1,61	2,78	3,02	2,75	2,19	1,51	0,90	0,54	0,35	0,18	0,07	0,06	0,04	1,65	0
17/03/2020 07:00:00	1,60	2,79	3,05	2,76	2,21	1,47	0,77	0,33	0,11	-0,09	-0,22	-0,26	-0,31	1,57	0
17/03/2020 07:05:00	1,49	2,78	2,99	2,65	1,99	1,34	0,69	0,33	0,16	0,00	-0,08	-0,08	-0,07	1,56	0
17/03/2020 07:10:00	1,55	2,76	3,01	2,66	2,20	1,55	0,94	0,59	0,44	0,28	0,18	0,16	0,13	1,46	0
17/03/2020 07:15:00	1,49	2,79	3,04	2,69	2,16	1,42	0,82	0,47	0,30	0,13	0,03	0,02	0,01	1,49	0
17/03/2020 07:20:00	1,52	2,73	2,94	2,66	2,19	1,52	0,92	0,57	0,41	0,24	0,13	0,08	0,04	1,53	0
17/03/2020 07:25:00	1,55	2,70	3,01	2,71	2,19	1,43	0,79	0,38	0,15	-0,05	-0,17	-0,19	-0,21	1,56	0
17/03/2020 07:30:00	1,43	2,73	2,98	2,73	2,16	1,53	0,97	0,64	0,48	0,32	0,22	0,21	0,20	1,41	0
17/03/2020 07:35:00	1,45	2,86	3,04	2,54	1,90	1,18	0,61	0,31	0,19	0,06	0,01	0,06	0,12	1,56	0
17/03/2020 07:40:00	1,49	2,92	2,95	2,44	1,73	1,05	0,55	0,33	0,26	0,17	0,14	0,21	0,27	1,49	0
17/03/2020 07:45:00	1,59	2,96	2,97	2,36	1,71	1,06	0,58	0,40	0,37	0,30	0,30	0,38	0,47	1,72	0
17/03/2020 07:50:00	1,66	3,03	3,05	2,48	1,84	1,19	0,74	0,57	0,54	0,47	0,46	0,54	0,62	1,66	0
17/03/2020 07:55:00	1,72	3,19	3,14	2,59	1,83	1,18	0,69	0,49	0,45	0,36	0,34	0,40	0,45	1,74	0
17/03/2020 08:00:00	1,90	3,22	3,07	2,44	1,78	1,11	0,56	0,36	0,34	0,26	0,23	0,26	0,28	1,86	0
17/03/2020 08:05:00	2,01	3,34	3,20	2,43	1,70	0,99	0,48	0,30	0,27	0,20	0,19	0,26	0,33	2,02	0
17/03/2020 08:10:00	2,06	3,48	3,26	2,54	1,66	0,96	0,48	0,32	0,31	0,25	0,25	0,33	0,41	2,19	0
17/03/2020 08:15:00	2,14	3,59	3,40	2,67	1,84	1,08	0,43	0,15	0,08	-0,03	-0,09	-0,08	-0,07	2,35	0
17/03/2020 08:20:00	2,47	3,73	3,49	2,77	1,99	1,22	0,63	0,38	0,32	0,22	0,17	0,17	0,18	2,37	0
17/03/2020 08:25:00	2,38	3,73	3,45	2,54	1,65	0,93	0,33	0,12	0,11	0,06	0,07	0,16	0,24	2,37	0
17/03/2020 08:30:00	2,49	3,78	3,43	2,54	1,66	0,95	0,52	0,42	0,46	0,44	0,47	0,59	0,70	2,52	0
17/03/2020 08:35:00	2,52	3,75	3,46	2,60	1,71	1,04	0,49	0,30	0,29	0,24	0,24	0,33	0,41	2,51	0
17/03/2020 08:40:00	2,50	3,81	3,42	2,57	1,62	0,93	0,42	0,27	0,29	0,24	0,25	0,33	0,41	2,49	0
17/03/2020 08:45:00	2,53	3,94	3,54	2,51	1,52	0,74	0,18	0,02	0,04	0,02	0,06	0,18	0,31	2,53	0
17/03/2020 08:50:00	2,75	3,90	3,44	2,49	1,59	0,89	0,45	0,35	0,39	0,36	0,38	0,47	0,55	2,73	0
17/03/2020 08:55:00	2,81	4,01	3,58	2,69	1,77	0,98	0,45	0,24	0,20	0,10	0,04	0,04	0,04	2,81	0
17/03/2020 09:00:00	2,79	3,99	3,47	2,44	1,49	0,69	0,15	-0,01	0,00	-0,04	-0,04	0,03	0,10	2,85	0
17/03/2020 09:05:00	2,86	4,03	3,45	2,42	1,47	0,71	0,24	0,12	0,17	0,15	0,16	0,24	0,31	2,91	0
17/03/2020 09:10:00	2,88	4,12	3,52	2,44	1,49	0,67	0,19	0,08	0,13	0,11	0,13	0,21	0,29	2,82	0
17/03/2020 09:15:00	3,01	4,23	3,55	2,45	1,46	0,76	0,29	0,23	0,33	0,34	0,39	0,48	0,57	2,85	0
17/03/2020 09:20:00	2,89	4,23	3,59	2,36	1,29	0,53	0,05	-0,02	0,08	0,10	0,17	0,31	0,45	3,02	0
17/03/2020 09:25:00	3,14	4,30	3,73	2,76	1,76	0,96	0,38	0,17	0,15	0,06	0,02	0,03	0,04	3,06	0
17/03/2020 09:30:00	3,15	4,44	3,75	2,52	1,44	0,76	0,36	0,36	0,50	0,55	0,65	0,81	0,98	3,20	0
17/03/2020 09:35:00	3,09	4,40	3,75	2,57	1,50	0,75	0,33	0,30	0,41	0,44	0,51	0,66	0,81	3,20	0
17/03/2020 09:40:00	3,23	4,49	3,84	2,67	1,51	0,83	0,35	0,27	0,37	0,39	0,46	0,61	0,75	3,36	0
17/03/2020 09:45:00	3,34	4,51	3,87	2,92	1,97	1,24	0,62	0,39	0,39	0,30	0,24	0,19	0,14	3,46	0
17/03/2020 09:50:00	3,28	4,57	3,86	2,72	1,57	0,87	0,42	0,35	0,44	0,44	0,48	0,58	0,68	3,25	0
17/03/2020 09:55:00	3,21	4,48	3,84	2,71	1,73	0,96	0,49	0,40	0,46	0,44	0,45	0,51	0,57	3,35	0
17/03/2020 10:00:00	3,41	4,61	3,91	2,76	1,70	0,93	0,44	0,34	0,41	0,39	0,42	0,50	0,58	3,56	0
17/03/2020 10:05:00	3,69	5,00	4,24	2,96	1,93	1,13	0,75	0,76	0,90	0,93	1,01	1,14	1,27	3,62	0
17/03/2020 10:10:00	3,87	5,29	4,49	3,20	1,97	1,18	0,66	0,58	0,67	0,67	0,71	0,81	0,91	3,63	0
17/03/2020 10:15:00	3,78	5,16	4,41	3,19	2,13	1,39	0,98	0,96	1,07	1,08	1,11	1,19	1,27	3,91	0
17/03/2020 10:20:00	3,98	5,46	4,60	3,24	2,03	1,26	0,81	0,81	0,96	1,00	1,08	1,21	1,35	3,78	0
17/03/2020 10:25:00	4,03	5,32	4,44	3,20	2,01	1,26	0,87	0,88	1,00	1,01	1,06	1,15	1,24	4,20	0
17/03/2020 10:30:00	4,21	5,60	4,78	3,53	2,31	1,51	1,02	0,95	1,04	1,03	1,06	1,14	1,22	4,37	0
17/03/2020 10:35:00	4,14	5,56	4,86	3,63	2,60	1,80	1,21	1,05	1,10	1,04	1,02	1,03	1,05	4,53	0
17/03/2020 10:40:00	4,45	5,90	4,98	3,56	2,47	1,66	1,14	1,09	1,22	1,22	1,25	1,30	1,35	4,51	0
17/03/2020 10:45:00	4,42	5,86	5,05	3,69	2,60	1,72	1,16	1,06	1,14	1,12	1,14	1,20	1,25	4,68	0
17/03/2020 10:50:00	4,13	5,68	5,08	3,93	2,93	2,09	1,56	1,43	1,47	1,41	1,39	1,42	1,45	4,68	0
17/03/2020 10:55:00	4,03	5,78	5,45	4,39	3,26	2,31	1,61	1,31	1,22	1,08	1,03	1,06	1,09	4,41	0
17/03/2020 11:00:00	4,67	6,07	5,26	4,01	2,89	2,09	1,58	1,50	1,59	1,55	1,56	1,60	1,64	4,84	0
17/03/2020 11:05:00	4,57	6,20	5,46	4,06	2,85	1,87	1,34	1,24	1,29	1,27	1,31	1,42	1,53	5,25	0
17/03/2020 11:10:00	4,63	6,40	5,58	4,12	2,89	1,95	1,39	1,30	1,40	1,39	1,44	1,53	1,63	4,96	0
17/03/2020 11:15:00	4,94	6,39	5,51	4,21	2,96	2,23	1,70	1,63	1,74	1,72	1,74	1,80	1,86	5,23	0
17/03/2020 11:20:00	5,12	6,39	5,38	3,98	2,82	2,07	1,64	1,65	1,81	1,83	1,88	1,96	2,04	5,11	0
17/03/2020 11:25:00	5,25	6,57	5,65	4,31	3,12	2,28	1,72	1,61	1,68	1,64	1,63	1,66	1,69	5,63	0
17/03/2020 11:30:00	5,35	6,67	5,81	4,55	3,48	2,64	2,13	2,04	2,12	2,08	2,07	2,10	2,12	5,39	0
17/03/2020 11:35:00	5,61	6,64	5,74	4,51	3,37	2,63	2,10	1,98	2,03	1,96	1,93	1,92	1,92	5,60	0
17/03/2020 11:40:00	5,59	6,87	6,06	4,77	3,59	2,75	2,21	2,08	2,12	2,04	2,02	2,05	2,08	5,61	0
17/03/2020 11:45:00	5,69	6,76	5,86	4,58	3,43	2,63	2,17	2,11	2,19	2,16	2,17	2,24	2,30	5,86	0
17/03/2020 11:50:00	5,78	6,70	5,92	4,76	3,74	3,03	2,47	2,31	2,33	2,25	2,20	2,19	2,18	5,58	0
17/03/2020 11:55:00	6,20	6,63	5,70	4,66	3,75	3,15	2,72	2,63	2,68	2,60	2,54	2,49	2,44	5,37	0
17/03/2020 12:00:00	6,20	6,79	5,94	4,92	3,94	3,12	2,60	2,41	2,37	2,23	2,13	2,06	1,99	5,93	0
17/03/2020 12:05:00	6,41	6,98	6,11	5,05	3,98	3,21	2,64	2,42	2,39	2,26	2,17	2,12	2,07	6,53	0
17/03/2020 12:10:00	6,29	6,75	6,13	5,29	4,41	3,65	2,98	2,65	2,53	2,34	2,19	2,09	1,98	6,05	0
17/03/2020 12:15:00	6,29	7,06	6,41	5,39	4,39	3,54	2,86	2,56	2,47	2,31	2,21	2,17	2,12	6,84	0
17/03/2020 12:20:00	6,21	6,89	6,18	5,16	4,30	3,50	2,90	2,67	2,61	2,47	2,36	2,29	2,22	6,12	0
17/03/2020 12:25:00	6,17	7,03	6,34	5,33	4,32	3,52	3,00	2,81	2,77	2,64	2,57	2,54	2,51	5,83	0
17/03/2020 12:30:00	6,65	7,33	6,51	5,33	4,26	3,38	2,74	2,49	2,45	2,32	2,26	2,25	2,24	6,23	0
17/03/2020 12:35:00	6,72	7,35	6,63	5,63	4,79	4,05	3,41	3,14	3,09	2,93	2,81	2,71	2,61	6,80	0
17/03/2020 12:40:00	6,65	7,61	7,00	5,92	4,88	3,87	3,01	2,56	2,39	2,16	2,01	1,90	1,80	6,63	0
17/03/2020 12:45:00	7,12	7,44	6,79	5,97	5,16	4,32	3,63	3,27	3,11	2,89	2,72	2,58	2,44	7,16	0
17/03/2020 12:50:00	6,91	7,29	6,62	5,75	4,94	4,13	3,54	3,27	3,18	3,00	2,87	2,79	2,70	7,52	0
17/03/2020 12:55:00	7,05	7,37	6,82	6,07	5,23	4,34	3,61	3,20	3,00	2,74	2,56	2,42	2,28	6,96	0
17/03/2020 13:00:00	6,98	7,63	7,11	6,34	5,48	4,54	3,70	3,23	3,01	2,74	2,53	2,36	2,19	6,92	0
17/03/2020 13:05:00	7,28	7,67	7,17	6,34	5,47	4,51	3,62	3,13	2,91	2,66	2,49	2,40	2,30	7,14	0
17/03/2020 13:10:00	7,04	7,64	7,29	6,68	5,84	4,84	4,03	3,53	3,25	2,95	2,72	2,56	2,40	7,24	0
17/03/2020 13:15:00	7,00	8,04	7,59	6,80	5,69	4,59	3,69	3,17	2,90	2,60	2,39	2,25	2,12	7,27	0
17/03/2020 13:20:00	7,09	7,76	7,46	6,90	6,17	5,18	4,32	3,79	3,50	3,17	2,91	2,70	2,48	7,33	0
17/03/2020 13:25:00	6,71	8,56	8,14	7,04	5,75	4,51	3,53	3,02	2,78	2,51	2,34	2,25	2,15	7,47	0
17/03/2020 13:30:00	6,45	8,64	8,13	6,88	5,62	4,45	3,65	3,32	3,23	3,06	2,97	2,96	2,94	7,23	0
17/03/2020 13:35:00	6,59	9,07	8,52	7,17	5,69	4,50	3,58	3,17	3,02	2,81	2,68	2,61	2,54	7,83	0
17/03/2020 13:40:00	6,52	9,08	8,51	7,07	5,62	4,52	3,74	3,49	3,45	3,32	3,28	3,32	3,35	7,65	0
17/03/2020 13:45:00	6,81	9,12	8,50	7,08	5,72	4,71	3,90	3,63	3,61	3,48	3,43	3,44	3,45	8,02	0
17/03/2020 13:50:00	7,54	8,80	8,17	7,02	5,81	4,86	4,07	3,70	3,55	3,33	3,18	3,09	3,00	7,83	0
17/03/2020 13:55:00	8,24	8,54	7,65	6,73	5,86	5,00	4,32	3,98	3,83	3,57	3,34	3,11	2,88	7,83	0
17/03/2020 14:00:00	8,30	8,68	7,75	6,62	5,59	4,76	4,17	3,94	3,89	3,74	3,64	3,59	3,53	7,57	0
17/03/2020 14:05:00	8,43	8,46	7,58	6,68	5,85	5,08	4,49	4,23	4,13	3,94	3,78	3,65	3,51	8,37	0
17/03/2020 14:10:00	8,45	8,71	7,83	6,95	6,13	5,39	4,84	4,60	4,51	4,28	4,08	3,88	3,68	8,07	0
17/03/2020 14:15:00	8,81	8,68	7,77	6,83	6,02	5,24	4,65	4,37	4,26	4,05	3,88	3,73	3,58	8,90	0
17/03/2020 14:20:00	9,22	8,55	7,55	6,92	6,28	5,71	5,23	4,98	4,88	4,63	4,41	4,16	3,91	8,54	0
17/03/2020 14:25:00	9,52	8,89	7,84	7,07	6,35	5,57	4,94	4,58	4,40	4,11	3,85	3,57	3,28	8,92	0
17/03/2020 14:30:00	9,30	8,94	8,01	7,25	6,45	5,75	5,08	4,72	4,54	4,27	4,02	3,77	3,52	8,65	0
17/03/2020 14:35:00	9,19	8,99	8,09	7,26	6,39	5,67	5,08	4,79	4,66	4,43	4,24	4,08	3,91	8,97	0
17/03/2020 14:40:00	9,42	9,16	8,15	7,27	6,44	5,80	5,18	4,88	4,76	4,52	4,31	4,09	3,87	8,88	0
17/03/2020 14:45:00	9,36	8,94	8,08	7,44	6,82	6,11	5,44	5,04	4,83	4,50	4,20	3,87	3,53	8,51	0
17/03/2020 14:50:00	9,59	9,08	8,14	7,38	6,61	5,90	5,37	5,08	4,93	4,66	4,43	4,21	3,98	9,14	0
17/03/2020 14:55:00	9,51	9,36	8,50	7,66	6,82	5,95	5,17	4,70	4,45	4,12	3,83	3,55	3,26	9,23	0
17/03/2020 15:00:00	9,35	9,13	8,36	7,65	6,94	6,17	5,40	4,95	4,73	4,41	4,13	3,86	3,58	8,75	0
17/03/2020 15:05:00	9,51	9,16	8,29	7,52	6,69	5,95	5,33	4,99	4,81	4,53	4,31	4,10	3,89	8,83	0
17/03/2020 15:10:00	9,53	9,15	8,35	7,58	6,83	6,01	5,36	4,98	4,77	4,48	4,24	4,02	3,80	9,39	0
17/03/2020 15:15:00	9,33	9,26	8,43	7,57	6,79	6,13	5,45	5,09	4,94	4,68	4,45	4,23	4,01	8,90	0
17/03/2020 15:20:00	9,85	9,45	8,60	7,93	7,20	6,44	5,65	5,14	4,85	4,47	4,12	3,75	3,37	9,23	0
17/03/2020 15:25:00	9,44	9,31	8,61	7,92	7,09	6,24	5,45	4,94	4,66	4,31	4,02	3,75	3,48	8,67	0
17/03/2020 15:30:00	9,49	9,34	8,46	7,57	6,79	6,07	5,42	5,08	4,93	4,68	4,46	4,24	4,03	8,78	0
17/03/2020 15:35:00	9,19	9,40	8,73	7,86	6,93	6,02	5,23	4,78	4,54	4,25	4,02	3,84	3,66	8,78	0
17/03/2020 15:40:00	9,26	9,26	8,64	7,92	7,17	6,35	5,55	5,06	4,79	4,46	4,19	3,94	3,69	9,06	0
17/03/2020 15:45:00	9,31	9,33	8,81	8,25	7,50	6,55	5,72	5,16	4,82	4,43	4,11	3,82	3,52	9,30	0
17/03/2020 15:50:00	9,32	9,60	8,95	8,04	7,14	6,21	5,38	4,91	4,67	4,37	4,15	3,97	3,79	8,98	0
17/03/2020 15:55:00	9,47	9,59	8,99	8,33	7,43	6,49	5,55	4,90	4,52	4,10	3,73	3,38	3,03	9,47	0
17/03/2020 16:00:00	9,28	9,44	8,88	8,14	7,31	6,44	5,60	5,08	4,79	4,44	4,16	3,92	3,68	9,15	0
17/03/2020 16:05:00	9,15	9,54	9,07	8,46	7,60	6,61	5,67	5,04	4,67	4,26	3,91	3,60	3,28	9,35	0
17/03/2020 16:10:00	9,27	9,55	8,98	8,23	7,34	6,37	5,51	4,96	4,65	4,29	4,00	3,76	3,51	8,96	0
17/03/2020 16:15:00	8,68	9,61	9,21	8,36	7,39	6,32	5,43	4,88	4,58	4,23	3,96	3,76	3,55	9,18	0
17/03/2020 16:20:00	8,93	9,53	9,05	8,26	7,36	6,46	5,57	5,05	4,79	4,46	4,21	4,01	3,80	9,13	0
17/03/2020 16:25:00	8,68	9,46	8,96	8,17	7,28	6,30	5,54	5,11	4,87	4,57	4,33	4,14	3,95	9,40	0
17/03/2020 16:30:00	8,61	9,50	9,14	8,36	7,38	6,38	5,47	4,93	4,64	4,31	4,07	3,90	3,73	9,04	0
17/03/2020 16:35:00	8,40	9,49	9,09	8,25	7,33	6,36	5,50	5,02	4,77	4,46	4,22	4,03	3,84	9,05	0
17/03/2020 16:40:00	8,30	9,46	9,11	8,33	7,47	6,51	5,66	5,17	4,92	4,60	4,35	4,15	3,94	9,13	0
17/03/2020 16:45:00	8,23	9,55	9,30	8,52	7,60	6,53	5,63	5,11	4,84	4,51	4,27	4,10	3,93	9,03	0
17/03/2020 16:50:00	8,39	9,60	9,40	8,75	7,85	6,87	5,90	5,28	4,93	4,53	4,21	3,95	3,68	9,27	0
17/03/2020 16:55:00	8,06	9,53	9,41	8,66	7,62	6,55	5,60	5,00	4,66	4,29	4,03	3,85	3,67	8,90	0
17/03/2020 17:00:00	8,00	9,50	9,42	8,73	7,83	6,79	5,81	5,20	4,87	4,49	4,22	4,01	3,80	8,88	0
17/03/2020 17:05:00	8,38	9,86	9,84	9,20	8,30	7,27	6,22	5,55	5,16	4,75	4,44	4,19	3,94	8,85	0
17/03/2020 17:10:00	8,14	9,95	9,94	9,13	8,14	6,93	5,95	5,35	5,00	4,63	4,38	4,22	4,06	9,02	0
17/03/2020 17:15:00	8,00	9,88	9,93	9,23	8,24	7,19	6,08	5,40	5,03	4,64	4,35	4,13	3,92	8,87	0
17/03/2020 17:20:00	7,93	9,95	10,09	9,40	8,32	7,17	6,04	5,33	4,92	4,52	4,23	4,05	3,87	8,91	0
17/03/2020 17:25:00	7,75	9,83	9,96	9,29	8,27	7,14	6,08	5,43	5,06	4,67	4,39	4,21	4,03	8,83	0
17/03/2020 17:30:00	7,52	9,91	10,22	9,55	8,49	7,27	6,07	5,31	4,87	4,44	4,15	3,96	3,77	8,72	0
17/03/2020 17:35:00	7,62	10,28	10,69	10,10	9,09	7,81	6,57	5,76	5,29	4,82	4,48	4,24	4,00	8,70	0
17/03/2020 17:40:00	7,43	10,28	10,72	9,98	8,85	7,54	6,33	5,57	5,13	4,71	4,44	4,30	4,16	8,62	0
17/03/2020 17:45:00	7,70	10,50	10,86	10,18	9,06	7,81	6,65	5,95	5,54	5,14	4,88	4,74	4,60	8,49	0
17/03/2020 17:50:00	7,45	10,46	10,93	10,21	9,06	7,77	6,62	5,92	5,51	5,12	4,87	4,77	4,67	8,31	0
17/03/2020 17:55:00	7,71	10,74	11,33	10,73	9,63	8,27	7,03	6,25	5,78	5,33	5,05	4,92	4,78	8,33	0
17/03/2020 18:00:00	7,45	11,27	12,02	11,28	9,98	8,45	7,10	6,25	5,73	5,26	4,98	4,87	4,75	8,41	0
17/03/2020 18:05:00	7,16	11,24	12,04	11,30	9,97	8,47	7,13	6,31	5,82	5,38	5,12	5,05	4,97	8,14	0
17/03/2020 18:10:00	7,60	11,00	11,75	11,14	10,01	8,62	7,32	6,48	5,97	5,50	5,21	5,07	4,92	8,23	0
17/03/2020 18:15:00	7,26	11,14	11,90	11,15	9,93	8,53	7,20	6,38	5,91	5,46	5,18	5,06	4,94	8,18	0
17/03/2020 18:20:00	7,03	11,10	12,01	11,33	10,13	8,61	7,24	6,37	5,84	5,36	5,07	4,96	4,84	8,12	0
17/03/2020 18:25:00	6,25	11,38	12,53	11,71	10,27	8,58	7,04	6,10	5,56	5,08	4,83	4,78	4,73	8,08	0
17/03/2020 18:30:00	7,21	10,96	11,86	11,34	10,18	8,72	7,29	6,37	5,81	5,31	4,99	4,84	4,69	7,83	0
17/03/2020 18:35:00	6,57	11,11	12,19	11,51	10,19	8,62	7,20	6,30	5,75	5,27	5,00	4,92	4,84	7,90	0
17/03/2020 18:40:00	6,47	11,18	12,28	11,58	10,24	8,58	7,13	6,21	5,66	5,17	4,90	4,83	4,76	7,99	0
17/03/2020 18:45:00	5,69	11,31	12,56	11,75	10,24	8,50	7,00	6,10	5,58	5,12	4,90	4,90	4,90	7,77	0
17/03/2020 18:50:00	5,78	11,35	12,61	11,68	10,16	8,50	6,92	5,99	5,48	5,04	4,84	4,87	4,89	7,57	0
17/03/2020 18:55:00	5,63	11,33	12,64	11,80	10,25	8,52	6,94	5,98	5,43	4,97	4,74	4,74	4,74	7,70	0
17/03/2020 19:00:00	5,90	11,50	12,86	12,13	10,70	8,93	7,39	6,44	5,87	5,38	5,13	5,09	5,06	7,52	0
17/03/2020 19:05:00	5,92	11,71	13,27	12,62	11,17	9,38	7,81	6,79	6,16	5,62	5,34	5,30	5,26	7,35	0
17/03/2020 19:10:00	5,78	11,76	13,31	12,56	11,09	9,36	7,71	6,68	6,09	5,59	5,33	5,31	5,28	7,07	0
17/03/2020 19:15:00	5,69	11,73	13,28	12,62	11,20	9,47	7,84	6,83	6,24	5,73	5,46	5,40	5,35	6,83	0
17/03/2020 19:20:00	5,74	11,65	13,35	12,72	11,34	9,51	7,81	6,70	6,03	5,47	5,17	5,13	5,08	6,66	0
17/03/2020 19:25:00	5,49	11,47	13,33	12,88	11,51	9,75	8,04	6,89	6,16	5,56	5,22	5,12	5,03	6,46	0
17/03/2020 19:30:00	5,40	11,35	13,19	12,77	11,49	9,70	8,05	6,94	6,24	5,65	5,33	5,25	5,16	6,28	0
17/03/2020 19:35:00	5,25	11,29	13,28	12,89	11,55	9,79	8,02	6,84	6,09	5,50	5,19	5,14	5,10	5,80	0
17/03/2020 19:40:00	5,16	11,08	13,15	13,03	11,89	10,10	8,37	7,14	6,34	5,67	5,27	5,11	4,95	4,96	0
17/03/2020 19:45:00	4,84	10,81	12,92	12,71	11,56	9,77	7,99	6,74	5,93	5,28	4,89	4,75	4,60	4,80	0
17/03/2020 19:50:00	4,80	10,69	12,77	12,63	11,48	9,70	7,99	6,77	5,97	5,33	4,94	4,80	4,67	4,67	0
17/03/2020 19:55:00	4,87	10,70	12,88	12,76	11,62	9,85	8,01	6,69	5,84	5,16	4,75	4,60	4,45	4,80	0
17/03/2020 20:00:00	4,71	10,64	12,86	12,78	11,65	9,86	8,06	6,75	5,90	5,21	4,80	4,64	4,48	4,46	0
17/03/2020 20:05:00	4,64	10,59	12,81	12,78	11,66	9,86	8,10	6,81	5,95	5,26	4,84	4,67	4,51	4,25	0
17/03/2020 20:10:00	4,62	10,55	12,77	12,80	11,74	9,97	8,18	6,87	6,01	5,30	4,86	4,65	4,44	4,02	0
17/03/2020 20:15:00	4,35	10,38	12,65	12,53	11,36	9,54	7,65	6,29	5,40	4,70	4,28	4,13	3,97	3,93	0
17/03/2020 20:20:00	4,24	10,24	12,48	12,42	11,29	9,49	7,69	6,38	5,52	4,83	4,42	4,26	4,09	3,86	0
17/03/2020 20:25:00	4,26	10,28	12,48	12,35	11,12	9,31	7,48	6,17	5,31	4,63	4,24	4,10	3,97	4,25	0
17/03/2020 20:30:00	4,10	10,17	12,54	12,57	11,47	9,60	7,68	6,25	5,30	4,54	4,06	3,84	3,61	4,53	0
17/03/2020 20:35:00	4,03	9,92	12,32	12,39	11,43	9,61	7,66	6,21	5,28	4,53	4,06	3,84	3,61	4,72	0
17/03/2020 20:40:00	4,00	9,85	12,18	12,18	11,21	9,39	7,54	6,17	5,27	4,55	4,11	3,91	3,72	4,45	0
17/03/2020 20:45:00	4,02	9,84	12,15	12,23	11,19	9,37	7,54	6,17	5,26	4,54	4,10	3,90	3,71	4,39	0
17/03/2020 20:50:00	3,96	9,76	12,02	12,07	11,00	9,25	7,42	6,08	5,20	4,50	4,07	3,89	3,71	4,18	0
17/03/2020 20:55:00	3,90	9,76	12,12	12,08	11,09	9,24	7,39	6,02	5,12	4,42	3,99	3,84	3,69	4,29	0
17/03/2020 21:00:00	4,04	9,98	12,27	12,29	11,21	9,38	7,57	6,24	5,36	4,67	4,26	4,11	3,97	4,03	0
17/03/2020 21:05:00	4,11	9,75	11,91	11,89	10,85	9,11	7,43	6,19	5,36	4,69	4,29	4,14	3,98	4,06	0
17/03/2020 21:10:00	4,15	10,00	12,08	11,90	10,86	9,04	7,24	5,97	5,16	4,51	4,11	3,93	3,76	4,10	0
17/03/2020 21:15:00	4,13	10,01	12,13	11,96	10,74	8,95	7,14	5,85	5,03	4,39	4,02	3,91	3,80	4,08	0
17/03/2020 21:20:00	4,09	9,95	11,99	11,74	10,50	8,68	6,93	5,69	4,89	4,26	3,91	3,81	3,71	4,11	0
17/03/2020 21:25:00	4,25	10,25	11,76	11,12	9,67	8,01	6,51	5,58	5,04	4,58	4,35	4,35	4,34	4,41	0
17/03/2020 21:30:00	4,24	10,12	11,83	11,21	9,86	8,07	6,46	5,42	4,79	4,29	4,05	4,06	4,08	5,50	0
17/03/2020 21:35:00	4,19	10,04	11,70	11,11	9,75	7,99	6,41	5,41	4,80	4,31	4,07	4,09	4,10	5,26	0
17/03/2020 21:40:00	4,39	9,97	11,49	10,94	9,55	7,85	6,34	5,37	4,77	4,27	4,01	3,98	3,95	5,42	0
17/03/2020 21:45:00	5,03	10,10	11,51	10,94	9,78	8,13	6,73	5,82	5,25	4,76	4,49	4,43	4,36	5,39	0
17/03/2020 21:50:00	4,53	10,09	11,64	11,07	9,71	8,02	6,53	5,59	5,01	4,55	4,33	4,35	4,37	5,31	0
17/03/2020 21:55:00	4,62	10,14	11,45	10,76	9,36	7,76	6,37	5,56	5,10	4,70	4,52	4,57	4,61	5,35	0
17/03/2020 22:00:00	4,56	9,95	11,31	10,63	9,30	7,73	6,36	5,54	5,06	4,66	4,47	4,51	4,55	5,33	0
17/03/2020 22:05:00	4,86	9,84	11,05	10,43	9,11	7,71	6,44	5,69	5,25	4,86	4,67	4,68	4,69	5,56	0
17/03/2020 22:10:00	4,86	9,72	10,98	10,40	9,11	7,74	6,48	5,74	5,29	4,90	4,73	4,76	4,80	5,45	0
17/03/2020 22:15:00	4,68	9,83	11,08	10,41	9,17	7,74	6,46	5,73	5,32	4,94	4,77	4,80	4,83	5,56	0
17/03/2020 22:20:00	4,65	9,81	11,12	10,56	9,29	7,81	6,47	5,65	5,17	4,74	4,52	4,50	4,48	5,43	0
17/03/2020 22:25:00	4,85	10,18	11,37	10,59	9,23	7,70	6,52	5,86	5,47	5,12	4,99	5,07	5,15	5,37	0
17/03/2020 22:30:00	5,33	9,86	11,08	10,63	9,50	8,12	6,87	6,08	5,61	5,18	4,95	4,90	4,86	5,25	0
17/03/2020 22:35:00	5,37	9,80	10,95	10,44	9,28	7,98	6,80	6,08	5,65	5,25	5,06	5,05	5,04	5,40	0
17/03/2020 22:40:00	5,22	9,71	10,89	10,46	9,37	8,11	6,85	6,08	5,64	5,22	4,99	4,93	4,87	5,54	0
17/03/2020 22:45:00	4,88	9,82	11,09	10,53	9,40	8,01	6,80	6,09	5,68	5,30	5,12	5,14	5,15	5,21	0
17/03/2020 22:50:00	4,85	10,15	11,40	10,72	9,41	7,96	6,69	5,98	5,59	5,23	5,09	5,16	5,23	5,03	0
17/03/2020 22:55:00	4,87	10,00	11,33	10,79	9,57	8,19	6,82	6,02	5,56	5,16	4,95	4,94	4,92	4,96	0
17/03/2020 23:00:00	5,05	9,85	11,13	10,62	9,48	8,11	6,84	6,07	5,62	5,21	5,00	4,98	4,96	4,93	0
17/03/2020 23:05:00	5,08	9,85	11,07	10,43	9,33	7,98	6,74	6,02	5,61	5,23	5,05	5,05	5,06	4,86	0
17/03/2020 23:10:00	4,81	9,60	10,85	10,33	9,25	7,91	6,74	6,04	5,62	5,22	5,01	4,98	4,95	4,83	0
17/03/2020 23:15:00	4,78	9,64	11,03	10,65	9,59	8,25	7,05	6,30	5,83	5,39	5,16	5,11	5,06	4,93	0
17/03/2020 23:20:00	4,88	9,61	10,96	10,60	9,58	8,23	7,06	6,32	5,85	5,41	5,16	5,09	5,02	4,71	0
17/03/2020 23:25:00	4,91	9,77	11,09	10,60	9,54	8,10	6,85	6,07	5,61	5,18	4,96	4,91	4,87	4,68	0
17/03/2020 23:30:00	4,73	9,65	11,13	10,72	9,68	8,27	6,99	6,18	5,68	5,24	5,01	4,99	4,96	4,41	0
17/03/2020 23:35:00	4,78	9,54	11,10	10,87	9,90	8,48	7,12	6,21	5,64	5,14	4,86	4,77	4,69	4,18	0
17/03/2020 23:40:00	4,61	9,19	10,72	10,51	9,60	8,19	6,84	5,91	5,33	4,82	4,51	4,39	4,27	4,05	0
17/03/2020 23:45:00	4,32	8,81	10,35	10,17	9,26	7,88	6,58	5,70	5,12	4,63	4,35	4,25	4,16	3,96	0
17/03/2020 23:50:00	4,54	8,86	10,36	10,19	9,25	7,92	6,53	5,58	4,98	4,47	4,16	4,04	3,91	3,70	0
17/03/2020 23:55:00	4,64	8,94	10,25	9,92	9,02	7,75	6,55	5,78	5,30	4,87	4,61	4,52	4,43	3,84	0
