FileFormat:0002.2 file with temperature of atmosphere
200
local	GMT or Local
0	GMT-Local=[hours]
0	Height[m]
0	0	0	Longitude                [grd]               [min]               [sec]
0	0	0	Latitude                [grd]               [min]               [sec]
N	NS
59,40	Freq[GHz]
0,00	dTemostat[K]
0,150	MessErr[K]
0,248	//[grad/step]
version 14.0.20110218
MTP5H033F5940K-33.00D180214+A1.1
Commentary:
enter comment
End Of Commentary

SYSTEM\summer.dat
data time	0	50	100	150	200	250	300	350	400	450	500	550	600	OutsideTemperature	Quality
28/06/2020 00:00:00	22,49	23,37	23,72	23,72	23,64	23,53	23,37	23,17	22,91	22,62	22,24	21,82	21,41	22,53	0
28/06/2020 00:05:00	22,38	23,26	23,60	23,60	23,61	23,51	23,30	23,07	22,80	22,48	22,08	21,62	21,17	22,34	0
28/06/2020 00:10:00	22,21	23,22	23,53	23,53	23,49	23,41	23,22	22,99	22,72	22,42	22,03	21,60	21,18	22,35	0
28/06/2020 00:15:00	22,03	23,24	23,45	23,45	23,48	23,44	23,21	22,97	22,71	22,43	22,06	21,65	21,24	22,18	0
28/06/2020 00:20:00	22,14	23,08	23,35	23,37	23,34	23,24	23,06	22,86	22,60	22,31	21,94	21,53	21,12	22,04	0
28/06/2020 00:25:00	21,92	22,99	23,32	23,35	23,32	23,22	23,04	22,82	22,55	22,25	21,86	21,44	21,01	21,88	0
28/06/2020 00:30:00	21,64	22,88	23,18	23,21	23,20	23,14	22,93	22,70	22,43	22,12	21,73	21,30	20,87	21,81	0
28/06/2020 00:35:00	21,84	22,99	23,30	23,38	23,40	23,34	23,16	22,96	22,70	22,41	22,04	21,63	21,21	21,73	0
28/06/2020 00:40:00	21,69	22,70	23,24	23,42	23,53	23,53	23,37	23,17	22,92	22,61	22,18	21,71	21,23	21,76	0
28/06/2020 00:45:00	21,54	22,91	23,38	23,51	23,49	23,41	23,23	23,01	22,73	22,41	22,00	21,55	21,10	21,56	0
28/06/2020 00:50:00	21,66	22,76	23,24	23,24	23,12	22,92	22,62	22,30	21,96	21,55	21,04	20,49	19,94	21,78	0
28/06/2020 00:55:00	21,48	22,61	23,23	23,27	23,20	23,08	22,82	22,53	22,19	21,80	21,29	20,75	20,20	21,51	0
28/06/2020 01:00:00	21,71	22,94	23,45	23,44	23,31	23,13	22,85	22,55	22,20	21,81	21,30	20,76	20,22	21,51	0
28/06/2020 01:05:00	21,24	22,80	23,42	23,45	23,34	23,19	22,91	22,60	22,25	21,85	21,35	20,81	20,28	21,47	0
28/06/2020 01:10:00	21,04	22,87	23,48	23,45	23,28	23,07	22,80	22,48	22,12	21,72	21,25	20,75	20,25	21,56	0
28/06/2020 01:15:00	21,43	22,67	23,23	23,22	23,13	22,96	22,70	22,41	22,07	21,69	21,21	20,69	20,17	21,45	0
28/06/2020 01:20:00	21,41	22,54	23,05	23,06	22,99	22,87	22,63	22,36	22,05	21,68	21,22	20,72	20,22	21,37	0
28/06/2020 01:25:00	21,38	22,58	22,95	23,02	23,02	22,90	22,68	22,44	22,15	21,82	21,40	20,93	20,47	21,49	0
28/06/2020 01:30:00	21,63	22,58	23,00	23,05	23,08	23,05	22,86	22,64	22,37	22,06	21,65	21,20	20,74	21,44	0
28/06/2020 01:35:00	21,28	22,53	23,01	23,08	23,06	23,03	22,88	22,67	22,40	22,09	21,70	21,27	20,84	21,16	0
28/06/2020 01:40:00	20,82	22,26	22,90	23,10	23,14	23,04	22,87	22,64	22,35	22,01	21,56	21,07	20,58	21,01	0
28/06/2020 01:45:00	21,07	22,15	22,69	22,82	22,90	22,93	22,76	22,56	22,30	22,00	21,59	21,14	20,68	20,87	0
28/06/2020 01:50:00	20,85	22,34	22,96	23,11	23,20	23,14	22,94	22,71	22,43	22,09	21,66	21,19	20,72	20,86	0
28/06/2020 01:55:00	21,13	22,10	22,66	22,76	22,85	22,86	22,68	22,47	22,21	21,90	21,48	21,02	20,56	20,72	0
28/06/2020 02:00:00	21,02	21,95	22,53	22,69	22,81	22,87	22,76	22,60	22,37	22,09	21,72	21,29	20,87	20,49	0
28/06/2020 02:05:00	20,85	21,89	22,50	22,69	22,83	22,86	22,78	22,63	22,40	22,13	21,76	21,34	20,92	20,27	0
28/06/2020 02:10:00	20,23	21,93	22,60	22,84	22,94	22,92	22,74	22,52	22,24	21,91	21,48	21,01	20,54	20,16	0
28/06/2020 02:15:00	20,17	22,11	22,78	22,97	22,95	22,88	22,72	22,49	22,18	21,85	21,44	20,99	20,55	20,14	0
28/06/2020 02:20:00	20,20	21,85	22,56	22,79	22,82	22,75	22,56	22,32	22,01	21,65	21,19	20,69	20,19	19,98	0
28/06/2020 02:25:00	19,84	21,33	22,14	22,43	22,48	22,46	22,34	22,14	21,85	21,51	21,06	20,57	20,07	19,88	0
28/06/2020 02:30:00	19,76	21,66	22,64	22,95	23,08	23,04	22,88	22,65	22,34	21,97	21,48	20,95	20,42	19,70	0
28/06/2020 02:35:00	19,47	21,50	22,42	22,74	22,92	22,97	22,78	22,54	22,25	21,90	21,44	20,93	20,43	19,67	0
28/06/2020 02:40:00	19,62	21,47	22,25	22,46	22,47	22,40	22,24	22,01	21,70	21,36	20,92	20,45	19,98	19,61	0
28/06/2020 02:45:00	19,56	21,10	22,02	22,28	22,41	22,42	22,29	22,08	21,80	21,46	21,01	20,52	20,03	19,52	0
28/06/2020 02:50:00	19,46	21,45	22,25	22,47	22,58	22,59	22,42	22,19	21,90	21,58	21,16	20,71	20,26	19,63	0
28/06/2020 02:55:00	19,33	21,41	22,21	22,50	22,62	22,63	22,49	22,29	22,02	21,71	21,31	20,88	20,45	19,24	0
28/06/2020 03:00:00	19,11	21,20	22,30	22,65	22,86	22,93	22,81	22,62	22,34	22,01	21,57	21,08	20,60	18,86	0
28/06/2020 03:05:00	18,91	21,06	22,24	22,63	22,81	22,86	22,71	22,48	22,17	21,80	21,30	20,76	20,22	18,70	0
28/06/2020 03:10:00	18,94	21,16	22,31	22,68	22,85	22,86	22,66	22,40	22,07	21,67	21,15	20,58	20,02	18,44	0
28/06/2020 03:15:00	18,56	20,62	21,68	21,89	21,94	21,94	21,76	21,51	21,19	20,82	20,36	19,86	19,37	18,59	0
28/06/2020 03:20:00	18,58	20,60	21,55	21,78	21,81	21,78	21,60	21,35	21,03	20,67	20,21	19,71	19,22	18,37	0
28/06/2020 03:25:00	18,69	20,36	21,44	21,57	21,58	21,59	21,42	21,17	20,84	20,46	19,98	19,47	18,96	18,17	0
28/06/2020 03:30:00	18,41	20,28	21,47	21,70	21,80	21,79	21,61	21,36	21,03	20,64	20,13	19,59	19,05	18,14	0
28/06/2020 03:35:00	18,42	20,27	21,40	21,75	21,91	21,90	21,77	21,56	21,25	20,88	20,39	19,86	19,33	18,32	0
28/06/2020 03:40:00	18,21	20,30	21,43	21,65	21,76	21,76	21,57	21,31	20,98	20,60	20,12	19,60	19,09	18,01	0
28/06/2020 03:45:00	17,91	19,90	21,03	21,29	21,39	21,39	21,19	20,93	20,59	20,20	19,71	19,17	18,64	18,06	0
28/06/2020 03:50:00	17,88	19,81	21,00	21,28	21,46	21,44	21,22	20,96	20,62	20,22	19,70	19,14	18,58	17,82	0
28/06/2020 03:55:00	17,76	19,69	20,91	21,23	21,33	21,33	21,19	20,95	20,63	20,24	19,74	19,20	18,66	17,79	0
28/06/2020 04:00:00	17,70	19,52	20,66	20,98	21,13	21,20	21,06	20,85	20,55	20,19	19,72	19,22	18,72	17,78	0
28/06/2020 04:05:00	17,54	19,50	20,66	21,00	21,19	21,26	21,12	20,91	20,61	20,26	19,80	19,31	18,81	17,80	0
28/06/2020 04:10:00	17,59	19,43	20,57	20,88	20,98	21,05	20,92	20,71	20,40	20,05	19,59	19,09	18,60	17,50	0
28/06/2020 04:15:00	17,48	19,43	20,49	20,82	20,98	21,00	20,86	20,65	20,36	20,01	19,57	19,08	18,60	17,31	0
28/06/2020 04:20:00	17,38	19,26	20,25	20,59	20,76	20,78	20,64	20,43	20,15	19,81	19,38	18,90	18,43	17,46	0
28/06/2020 04:25:00	17,53	19,29	20,31	20,60	20,76	20,83	20,71	20,51	20,23	19,90	19,47	19,01	18,55	17,58	0
28/06/2020 04:30:00	17,50	19,35	20,27	20,52	20,64	20,64	20,49	20,27	19,97	19,64	19,21	18,76	18,30	17,35	0
28/06/2020 04:35:00	17,31	19,08	20,03	20,26	20,38	20,37	20,23	20,01	19,72	19,38	18,96	18,50	18,04	17,22	0
28/06/2020 04:40:00	17,31	19,00	19,96	20,16	20,30	20,37	20,23	20,03	19,75	19,43	19,03	18,60	18,16	17,39	0
28/06/2020 04:45:00	17,56	19,11	20,03	20,22	20,33	20,38	20,23	20,02	19,74	19,41	19,00	18,55	18,11	17,49	0
28/06/2020 04:50:00	17,60	19,13	19,98	20,16	20,27	20,25	20,11	19,91	19,62	19,30	18,89	18,45	18,01	17,90	0
28/06/2020 04:55:00	17,51	19,28	20,05	20,16	20,17	20,12	19,95	19,71	19,40	19,08	18,68	18,26	17,83	18,03	0
28/06/2020 05:00:00	17,86	19,48	20,31	20,57	20,71	20,70	20,55	20,34	20,06	19,73	19,31	18,85	18,40	17,88	0
28/06/2020 05:05:00	18,26	19,49	20,09	20,28	20,35	20,34	20,22	20,03	19,78	19,49	19,12	18,72	18,31	17,92	0
28/06/2020 05:10:00	17,91	19,22	19,83	20,04	20,08	20,12	20,02	19,85	19,61	19,33	18,99	18,61	18,24	17,79	0
28/06/2020 05:15:00	17,97	19,29	19,97	20,21	20,37	20,47	20,40	20,25	20,03	19,77	19,45	19,08	18,71	17,94	0
28/06/2020 05:20:00	18,22	19,07	19,57	19,77	19,94	20,12	20,10	20,02	19,84	19,65	19,39	19,10	18,80	17,88	0
28/06/2020 05:25:00	18,46	19,13	19,57	19,83	19,99	20,06	19,98	19,85	19,65	19,40	19,07	18,69	18,31	18,86	0
28/06/2020 05:30:00	18,68	19,19	19,47	19,65	19,80	19,92	19,87	19,76	19,59	19,39	19,13	18,81	18,50	19,44	0
28/06/2020 05:35:00	18,85	19,20	19,38	19,49	19,60	19,72	19,68	19,60	19,44	19,25	19,02	18,74	18,46	19,41	0
28/06/2020 05:40:00	18,96	19,29	19,44	19,65	19,81	19,90	19,86	19,77	19,62	19,43	19,17	18,87	18,56	19,81	0
28/06/2020 05:45:00	19,04	19,35	19,37	19,45	19,55	19,65	19,60	19,51	19,36	19,19	18,99	18,73	18,48	19,78	0
28/06/2020 05:50:00	19,25	19,54	19,51	19,67	19,82	19,91	19,87	19,79	19,65	19,48	19,27	19,00	18,73	19,96	0
28/06/2020 05:55:00	19,37	19,61	19,48	19,48	19,54	19,59	19,50	19,39	19,22	19,06	18,85	18,60	18,35	20,19	0
28/06/2020 06:00:00	19,42	19,69	19,45	19,38	19,36	19,34	19,21	19,07	18,89	18,71	18,49	18,24	17,99	20,07	0
28/06/2020 06:05:00	19,59	19,70	19,37	19,17	19,09	19,05	18,91	18,76	18,58	18,41	18,23	18,01	17,79	20,18	0
28/06/2020 06:10:00	19,67	19,74	19,39	19,25	19,19	19,08	18,93	18,78	18,59	18,40	18,19	17,94	17,69	20,17	0
28/06/2020 06:15:00	19,81	19,71	19,34	19,20	19,14	19,10	18,96	18,81	18,63	18,46	18,25	18,00	17,75	20,66	0
28/06/2020 06:20:00	19,76	19,76	19,36	19,19	19,11	19,03	18,87	18,70	18,52	18,34	18,14	17,89	17,65	19,96	0
28/06/2020 06:25:00	19,91	19,78	19,36	19,22	19,09	18,98	18,86	18,72	18,54	18,37	18,17	17,93	17,69	19,98	0
28/06/2020 06:30:00	20,10	19,97	19,50	19,27	19,16	19,06	18,87	18,68	18,49	18,30	18,08	17,82	17,56	21,24	0
28/06/2020 06:35:00	20,41	20,09	19,55	19,28	19,09	18,94	18,75	18,56	18,36	18,17	17,95	17,69	17,43	20,64	0
28/06/2020 06:40:00	20,64	20,21	19,66	19,39	19,16	18,96	18,75	18,55	18,34	18,13	17,89	17,60	17,32	21,81	0
28/06/2020 06:45:00	20,69	20,31	19,86	19,62	19,40	19,20	18,96	18,73	18,50	18,25	17,94	17,60	17,26	21,11	0
28/06/2020 06:50:00	20,95	20,44	19,87	19,66	19,51	19,32	19,11	18,91	18,71	18,48	18,21	17,90	17,58	20,72	0
28/06/2020 06:55:00	21,03	20,36	19,82	19,55	19,37	19,21	19,04	18,87	18,68	18,48	18,25	17,97	17,69	21,41	0
28/06/2020 07:00:00	21,08	20,53	19,94	19,62	19,42	19,26	19,04	18,83	18,63	18,42	18,18	17,90	17,62	21,34	0
28/06/2020 07:05:00	21,08	20,51	20,06	19,83	19,66	19,43	19,20	18,98	18,75	18,50	18,19	17,84	17,48	21,29	0
28/06/2020 07:10:00	20,99	20,64	20,05	19,77	19,55	19,39	19,22	19,05	18,86	18,67	18,47	18,22	17,98	20,55	0
28/06/2020 07:15:00	21,34	20,57	20,05	19,78	19,55	19,36	19,18	19,00	18,80	18,58	18,32	18,02	17,72	21,48	0
28/06/2020 07:20:00	21,26	20,67	20,11	19,85	19,62	19,42	19,25	19,07	18,87	18,66	18,42	18,14	17,85	21,69	0
28/06/2020 07:25:00	21,22	20,71	20,19	19,88	19,73	19,60	19,40	19,22	19,03	18,83	18,60	18,32	18,05	22,14	0
28/06/2020 07:30:00	21,27	20,99	20,47	20,10	19,84	19,62	19,37	19,13	18,90	18,66	18,40	18,10	17,80	22,79	0
28/06/2020 07:35:00	21,40	21,10	20,58	20,29	20,03	19,80	19,54	19,30	19,06	18,81	18,52	18,19	17,86	23,01	0
28/06/2020 07:40:00	21,54	21,16	20,67	20,35	20,10	19,84	19,57	19,31	19,06	18,80	18,48	18,12	17,77	21,93	0
28/06/2020 07:45:00	21,66	21,17	20,65	20,30	20,03	19,81	19,58	19,36	19,13	18,90	18,63	18,33	18,02	22,09	0
28/06/2020 07:50:00	21,81	21,19	20,69	20,37	20,14	19,92	19,66	19,43	19,20	18,95	18,64	18,29	17,95	21,42	0
28/06/2020 07:55:00	22,05	21,25	20,76	20,47	20,30	20,14	19,91	19,71	19,50	19,27	18,97	18,63	18,29	22,43	0
28/06/2020 08:00:00	22,36	21,50	20,99	20,56	20,23	19,97	19,68	19,42	19,17	18,88	18,54	18,16	17,78	22,28	0
28/06/2020 08:05:00	22,32	21,54	21,08	20,72	20,40	20,07	19,78	19,51	19,24	18,93	18,55	18,13	17,72	22,19	0
28/06/2020 08:10:00	22,66	21,62	21,13	20,75	20,43	20,17	19,89	19,63	19,38	19,09	18,73	18,33	17,93	23,48	0
28/06/2020 08:15:00	22,76	21,88	21,29	20,87	20,51	20,17	19,87	19,61	19,35	19,07	18,73	18,35	17,97	22,72	0
28/06/2020 08:20:00	22,77	21,93	21,49	21,14	20,83	20,55	20,23	19,95	19,68	19,36	18,96	18,51	18,07	23,08	0
28/06/2020 08:25:00	23,02	22,10	21,50	21,10	20,74	20,44	20,11	19,83	19,57	19,27	18,91	18,50	18,09	24,58	0
28/06/2020 08:30:00	23,27	22,23	21,60	21,19	20,82	20,49	20,20	19,94	19,68	19,38	19,02	18,61	18,21	23,89	0
28/06/2020 08:35:00	23,20	22,29	21,72	21,32	21,00	20,68	20,36	20,08	19,81	19,49	19,10	18,67	18,23	23,75	0
28/06/2020 08:40:00	23,47	22,44	21,89	21,43	21,06	20,73	20,37	20,06	19,77	19,43	19,02	18,57	18,11	25,24	0
28/06/2020 08:45:00	23,55	22,51	21,90	21,39	20,96	20,57	20,23	19,93	19,64	19,32	18,93	18,51	18,09	24,00	0
28/06/2020 08:50:00	23,64	22,75	22,00	21,53	21,08	20,65	20,28	19,96	19,66	19,34	18,95	18,52	18,09	24,09	0
28/06/2020 08:55:00	23,48	22,91	22,34	21,83	21,34	20,87	20,48	20,13	19,80	19,44	19,02	18,57	18,12	24,18	0
28/06/2020 09:00:00	23,99	22,84	22,18	21,69	21,28	20,92	20,57	20,27	19,99	19,66	19,27	18,83	18,40	24,33	0
28/06/2020 09:05:00	23,86	23,02	22,39	21,93	21,53	21,11	20,69	20,34	20,03	19,67	19,23	18,75	18,27	24,41	0
28/06/2020 09:10:00	23,66	23,02	22,45	21,96	21,51	21,09	20,67	20,32	20,00	19,64	19,22	18,76	18,31	23,82	0
28/06/2020 09:15:00	24,11	23,21	22,47	22,02	21,58	21,13	20,73	20,39	20,08	19,73	19,31	18,84	18,37	24,22	0
28/06/2020 09:20:00	24,05	23,23	22,60	22,13	21,69	21,26	20,87	20,54	20,23	19,88	19,46	19,00	18,54	24,29	0
28/06/2020 09:25:00	24,46	23,25	22,66	22,19	21,73	21,30	20,94	20,63	20,31	19,95	19,49	18,99	18,49	24,41	0
28/06/2020 09:30:00	23,68	23,54	22,85	22,39	21,86	21,41	20,97	20,59	20,25	19,88	19,45	18,99	18,53	23,87	0
28/06/2020 09:35:00	24,36	23,55	22,65	22,13	21,64	21,20	20,82	20,50	20,21	19,90	19,54	19,15	18,75	23,91	0
28/06/2020 09:40:00	24,64	23,46	22,61	22,14	21,70	21,29	20,87	20,53	20,22	19,87	19,44	18,96	18,48	24,09	0
28/06/2020 09:45:00	24,28	23,51	22,78	22,27	21,77	21,29	20,89	20,53	20,21	19,84	19,41	18,94	18,47	24,58	0
28/06/2020 09:50:00	24,71	23,66	22,68	22,15	21,69	21,25	20,84	20,50	20,21	19,88	19,48	19,04	18,61	24,54	0
28/06/2020 09:55:00	24,76	23,74	22,90	22,44	21,98	21,47	21,08	20,74	20,43	20,07	19,64	19,16	18,68	24,87	0
28/06/2020 10:00:00	24,85	23,94	22,93	22,39	21,90	21,45	21,04	20,70	20,41	20,09	19,72	19,31	18,91	24,80	0
28/06/2020 10:05:00	24,90	24,09	22,96	22,36	21,83	21,32	20,90	20,55	20,25	19,94	19,60	19,21	18,83	25,44	0
28/06/2020 10:10:00	24,87	23,94	22,95	22,42	21,94	21,52	21,14	20,83	20,55	20,24	19,89	19,49	19,09	25,99	0
28/06/2020 10:15:00	24,88	24,07	23,19	22,61	22,08	21,58	21,15	20,79	20,47	20,13	19,72	19,28	18,84	24,86	0
28/06/2020 10:20:00	24,75	24,12	23,21	22,65	22,08	21,63	21,18	20,82	20,50	20,16	19,78	19,36	18,94	25,30	0
28/06/2020 10:25:00	24,87	24,15	23,37	22,77	22,30	21,79	21,31	20,92	20,57	20,20	19,74	19,26	18,77	25,61	0
28/06/2020 10:30:00	24,91	24,29	23,33	22,77	22,24	21,70	21,23	20,83	20,50	20,13	19,70	19,24	18,77	25,63	0
28/06/2020 10:35:00	25,02	24,34	23,26	22,68	22,12	21,61	21,17	20,81	20,50	20,19	19,82	19,43	19,03	25,50	0
28/06/2020 10:40:00	24,98	24,27	23,32	22,78	22,27	21,76	21,35	21,00	20,69	20,36	19,98	19,56	19,14	25,52	0
28/06/2020 10:45:00	25,53	24,29	23,36	22,79	22,34	21,87	21,46	21,13	20,83	20,48	20,06	19,60	19,13	27,01	0
28/06/2020 10:50:00	25,30	24,42	23,38	22,85	22,41	21,97	21,55	21,21	20,92	20,61	20,23	19,81	19,39	25,74	0
28/06/2020 10:55:00	25,07	24,54	23,63	23,10	22,59	22,11	21,69	21,34	21,03	20,71	20,34	19,93	19,52	25,53	0
28/06/2020 11:00:00	23,76	24,65	24,22	23,77	23,23	22,68	22,15	21,67	21,25	20,81	20,30	19,77	19,23	25,93	0
28/06/2020 11:05:00	25,62	24,79	23,88	23,29	22,68	22,10	21,62	21,22	20,87	20,49	20,03	19,54	19,05	25,84	0
28/06/2020 11:10:00	25,65	24,93	23,88	23,27	22,61	22,09	21,61	21,22	20,89	20,54	20,15	19,72	19,29	25,58	0
28/06/2020 11:15:00	25,80	25,03	23,91	23,29	22,72	22,17	21,70	21,30	20,96	20,60	20,17	19,70	19,24	26,23	0
28/06/2020 11:20:00	26,01	24,63	23,69	23,12	22,64	22,24	21,87	21,56	21,29	20,97	20,59	20,15	19,72	26,83	0
28/06/2020 11:25:00	24,18	24,35	24,21	23,90	23,51	23,02	22,56	22,14	21,74	21,28	20,70	20,08	19,46	26,22	0
28/06/2020 11:30:00	23,83	24,34	24,28	23,89	23,44	22,94	22,45	22,00	21,58	21,11	20,53	19,92	19,32	25,28	0
28/06/2020 11:35:00	25,67	24,59	23,68	23,15	22,68	22,24	21,87	21,55	21,27	20,95	20,56	20,14	19,71	25,14	0
28/06/2020 11:40:00	25,34	24,96	24,04	23,53	23,04	22,57	22,15	21,79	21,47	21,14	20,74	20,31	19,88	25,86	0
28/06/2020 11:45:00	25,43	24,72	24,13	23,63	23,18	22,76	22,30	21,92	21,58	21,20	20,73	20,22	19,70	26,63	0
28/06/2020 11:50:00	24,33	24,64	24,57	24,18	23,76	23,33	22,87	22,45	22,06	21,60	21,05	20,46	19,87	25,84	0
28/06/2020 11:55:00	24,26	24,72	24,69	24,34	23,91	23,40	22,89	22,43	21,99	21,49	20,86	20,20	19,54	25,56	0
28/06/2020 12:00:00	24,24	24,59	24,69	24,38	24,03	23,60	23,11	22,66	22,24	21,74	21,10	20,43	19,76	25,78	0
28/06/2020 12:05:00	24,47	24,84	24,73	24,35	23,91	23,43	22,96	22,53	22,13	21,68	21,12	20,53	19,94	25,99	0
28/06/2020 12:10:00	26,47	25,05	24,15	23,61	23,19	22,80	22,42	22,11	21,81	21,46	21,02	20,52	20,02	25,83	0
28/06/2020 12:15:00	26,08	25,04	24,37	23,86	23,34	22,86	22,47	22,12	21,78	21,39	20,90	20,37	19,84	26,34	0
28/06/2020 12:20:00	24,24	24,75	24,73	24,39	24,00	23,48	22,98	22,52	22,10	21,61	21,00	20,35	19,71	25,58	0
28/06/2020 12:25:00	24,09	24,65	24,76	24,43	23,99	23,52	23,05	22,60	22,17	21,68	21,07	20,43	19,79	25,53	0
28/06/2020 12:30:00	24,22	24,51	24,61	24,25	23,83	23,33	22,84	22,39	21,96	21,45	20,82	20,16	19,49	25,95	0
28/06/2020 12:35:00	23,86	24,43	24,64	24,35	23,96	23,56	23,09	22,66	22,23	21,73	21,11	20,45	19,79	25,48	0
28/06/2020 12:40:00	25,87	24,90	24,05	23,53	23,10	22,73	22,34	22,02	21,74	21,42	21,02	20,59	20,15	25,86	0
28/06/2020 12:45:00	24,91	24,53	24,35	24,03	23,76	23,43	23,04	22,69	22,36	21,96	21,44	20,87	20,30	25,70	0
28/06/2020 12:50:00	26,44	24,52	24,04	23,70	23,46	23,20	22,90	22,65	22,40	22,06	21,59	21,05	20,51	26,04	0
28/06/2020 12:55:00	26,40	24,87	24,50	24,12	23,76	23,41	23,07	22,78	22,48	22,10	21,58	21,02	20,45	27,50	0
28/06/2020 13:00:00	26,26	24,84	24,73	24,34	24,05	23,74	23,41	23,11	22,80	22,39	21,83	21,21	20,60	26,87	0
28/06/2020 13:05:00	26,46	25,00	25,02	24,66	24,32	23,97	23,60	23,27	22,93	22,47	21,86	21,19	20,52	27,48	0
28/06/2020 13:10:00	25,41	25,44	25,41	25,09	24,73	24,28	23,82	23,40	22,99	22,50	21,87	21,19	20,51	27,60	0
28/06/2020 13:15:00	26,61	25,58	25,22	24,86	24,52	24,10	23,74	23,41	23,08	22,68	22,14	21,55	20,96	27,20	0
28/06/2020 13:20:00	25,86	26,13	25,61	25,19	24,71	24,22	23,73	23,30	22,92	22,50	21,99	21,45	20,91	26,95	0
28/06/2020 13:25:00	26,03	26,43	25,51	24,88	24,21	23,60	23,02	22,53	22,13	21,72	21,26	20,78	20,30	27,38	0
28/06/2020 13:30:00	25,34	25,52	25,39	25,05	24,62	24,17	23,70	23,27	22,88	22,42	21,84	21,22	20,60	26,68	0
28/06/2020 13:35:00	24,85	25,69	25,63	25,32	24,85	24,38	23,88	23,43	23,00	22,53	21,94	21,32	20,70	26,43	0
28/06/2020 13:40:00	25,90	26,07	25,51	24,95	24,40	23,84	23,33	22,89	22,49	22,06	21,55	21,01	20,47	26,96	0
28/06/2020 13:45:00	26,61	25,94	25,31	24,85	24,47	24,08	23,67	23,32	23,00	22,63	22,15	21,62	21,09	27,45	0
28/06/2020 13:50:00	26,73	26,26	25,26	24,65	24,10	23,62	23,22	22,87	22,57	22,25	21,88	21,47	21,07	27,66	0
28/06/2020 13:55:00	26,11	26,25	25,75	25,22	24,69	24,16	23,65	23,21	22,83	22,41	21,92	21,39	20,86	28,09	0
28/06/2020 14:00:00	27,43	26,20	25,18	24,66	24,21	23,81	23,44	23,14	22,87	22,56	22,17	21,72	21,28	27,43	0
28/06/2020 14:05:00	27,11	26,28	25,43	24,93	24,47	24,04	23,63	23,28	22,97	22,61	22,16	21,66	21,16	27,43	0
28/06/2020 14:10:00	27,27	26,44	25,62	25,00	24,45	23,97	23,52	23,15	22,82	22,45	22,00	21,51	21,02	27,73	0
28/06/2020 14:15:00	26,37	26,28	25,87	25,40	24,95	24,52	24,08	23,69	23,33	22,92	22,41	21,87	21,32	27,10	0
28/06/2020 14:20:00	26,37	26,26	25,93	25,48	24,92	24,39	23,96	23,56	23,17	22,73	22,19	21,61	21,03	27,60	0
28/06/2020 14:25:00	26,33	26,21	25,77	25,29	24,80	24,30	23,86	23,47	23,10	22,70	22,20	21,67	21,13	27,68	0
28/06/2020 14:30:00	26,88	26,11	25,60	25,11	24,68	24,18	23,74	23,37	23,01	22,59	22,05	21,47	20,89	28,76	0
28/06/2020 14:35:00	25,87	26,15	25,83	25,47	24,99	24,51	24,05	23,65	23,27	22,84	22,31	21,74	21,17	27,38	0
28/06/2020 14:40:00	27,07	26,40	25,54	24,95	24,47	23,98	23,51	23,12	22,79	22,42	21,96	21,47	20,97	27,60	0
28/06/2020 14:45:00	26,55	26,31	25,79	25,38	24,94	24,46	23,98	23,57	23,21	22,79	22,26	21,69	21,12	27,30	0
28/06/2020 14:50:00	26,90	26,56	25,73	25,15	24,58	23,98	23,44	23,00	22,62	22,21	21,72	21,19	20,66	27,50	0
28/06/2020 14:55:00	26,65	26,27	25,66	25,20	24,72	24,24	23,76	23,35	22,99	22,58	22,08	21,53	20,98	27,05	0
28/06/2020 15:00:00	26,15	26,13	25,86	25,37	24,87	24,32	23,81	23,35	22,94	22,46	21,87	21,25	20,63	27,16	0
28/06/2020 15:05:00	26,02	26,08	25,64	25,09	24,59	24,07	23,53	23,08	22,69	22,25	21,71	21,15	20,59	27,35	0
28/06/2020 15:10:00	25,70	25,91	25,56	25,15	24,71	24,20	23,71	23,28	22,89	22,44	21,88	21,29	20,69	26,51	0
28/06/2020 15:15:00	25,39	25,77	25,53	25,16	24,73	24,21	23,71	23,26	22,85	22,38	21,79	21,16	20,53	26,66	0
28/06/2020 15:20:00	25,59	25,73	25,42	25,02	24,54	24,05	23,60	23,19	22,80	22,36	21,81	21,22	20,64	26,37	0
28/06/2020 15:25:00	25,48	25,67	25,35	24,92	24,48	23,95	23,49	23,07	22,68	22,25	21,71	21,13	20,55	26,51	0
28/06/2020 15:30:00	24,93	25,52	25,46	25,08	24,61	24,09	23,60	23,14	22,72	22,24	21,65	21,04	20,42	26,28	0
28/06/2020 15:35:00	25,04	25,41	25,28	24,88	24,44	24,00	23,52	23,09	22,69	22,24	21,68	21,09	20,50	26,03	0
28/06/2020 15:40:00	24,99	25,74	25,46	24,65	23,75	22,80	22,00	21,30	20,70	20,06	19,32	18,58	17,84	26,15	0
28/06/2020 15:45:00	23,21	23,12	22,52	22,13	21,74	21,38	21,12	20,87	20,62	20,37	20,10	19,80	19,50	23,54	0
28/06/2020 15:50:00	22,95	23,11	22,63	22,13	21,62	21,22	20,83	20,47	20,14	19,79	19,41	19,00	18,60	23,07	0
28/06/2020 15:55:00	22,67	22,57	22,09	21,77	21,40	21,07	20,78	20,51	20,24	19,95	19,62	19,25	18,88	22,73	0
28/06/2020 16:00:00	22,67	22,61	22,07	21,72	21,39	21,07	20,71	20,39	20,10	19,79	19,42	19,01	18,61	22,77	0
28/06/2020 16:05:00	22,76	22,59	22,01	21,61	21,22	20,89	20,54	20,22	19,93	19,63	19,27	18,88	18,49	22,85	0
28/06/2020 16:10:00	22,48	22,55	22,01	21,52	21,15	20,76	20,38	20,04	19,73	19,41	19,06	18,68	18,29	22,62	0
28/06/2020 16:15:00	23,17	22,67	21,85	21,33	20,90	20,51	20,15	19,84	19,56	19,28	18,97	18,62	18,27	23,01	0
28/06/2020 16:20:00	22,88	22,48	21,80	21,36	20,98	20,66	20,33	20,03	19,76	19,48	19,15	18,79	18,42	22,91	0
28/06/2020 16:25:00	22,63	22,57	22,01	21,53	21,12	20,71	20,35	20,03	19,73	19,42	19,08	18,72	18,35	23,05	0
28/06/2020 16:30:00	22,90	22,65	21,91	21,40	21,03	20,67	20,27	19,93	19,65	19,35	19,02	18,65	18,28	23,41	0
28/06/2020 16:35:00	22,89	22,70	22,07	21,67	21,25	20,82	20,40	20,05	19,72	19,38	18,97	18,53	18,08	22,73	0
28/06/2020 16:40:00	22,92	22,66	21,97	21,46	21,00	20,61	20,25	19,92	19,63	19,33	18,99	18,63	18,27	22,89	0
28/06/2020 16:45:00	22,70	22,64	22,15	21,69	21,28	20,86	20,47	20,12	19,80	19,45	19,05	18,62	18,19	22,97	0
28/06/2020 16:50:00	22,43	22,63	22,31	21,82	21,37	20,94	20,49	20,08	19,71	19,32	18,86	18,37	17,88	22,70	0
28/06/2020 16:55:00	22,27	22,43	22,06	21,67	21,31	20,93	20,52	20,16	19,82	19,47	19,04	18,59	18,14	22,96	0
28/06/2020 17:00:00	22,45	22,45	22,04	21,57	21,14	20,74	20,34	19,98	19,65	19,29	18,88	18,45	18,01	22,82	0
28/06/2020 17:05:00	22,34	22,54	22,13	21,68	21,20	20,67	20,25	19,85	19,48	19,09	18,64	18,16	17,69	22,42	0
28/06/2020 17:10:00	22,30	22,37	21,92	21,47	21,00	20,56	20,18	19,82	19,48	19,13	18,72	18,29	17,87	22,61	0
28/06/2020 17:15:00	22,18	22,25	21,83	21,42	20,97	20,53	20,10	19,72	19,37	18,99	18,55	18,08	17,60	22,46	0
28/06/2020 17:20:00	22,34	22,31	21,76	21,26	20,76	20,31	19,88	19,50	19,16	18,80	18,40	17,97	17,55	22,26	0
28/06/2020 17:25:00	22,24	22,17	21,66	21,17	20,69	20,29	19,88	19,52	19,19	18,84	18,44	18,02	17,59	22,27	0
28/06/2020 17:30:00	22,14	22,34	21,87	21,38	20,88	20,32	19,82	19,37	18,98	18,56	18,07	17,56	17,05	22,66	0
28/06/2020 17:35:00	22,15	22,07	21,49	21,05	20,66	20,24	19,81	19,44	19,11	18,77	18,36	17,93	17,49	22,58	0
28/06/2020 17:40:00	21,92	22,07	21,57	21,14	20,65	20,15	19,66	19,24	18,87	18,46	18,00	17,50	17,01	22,14	0
28/06/2020 17:45:00	21,73	22,00	21,58	21,18	20,71	20,18	19,72	19,30	18,93	18,52	18,06	17,56	17,07	21,84	0
28/06/2020 17:50:00	21,80	21,91	21,44	20,98	20,56	20,10	19,65	19,26	18,91	18,53	18,10	17,65	17,19	21,63	0
28/06/2020 17:55:00	22,06	22,08	21,56	21,08	20,63	20,16	19,69	19,28	18,92	18,53	18,08	17,60	17,13	22,38	0
28/06/2020 18:00:00	21,87	21,88	21,29	20,76	20,26	19,78	19,35	18,97	18,63	18,28	17,90	17,50	17,10	22,28	0
28/06/2020 18:05:00	21,69	21,78	21,29	20,86	20,43	19,95	19,49	19,10	18,75	18,37	17,94	17,49	17,03	21,95	0
28/06/2020 18:10:00	21,73	21,61	21,19	20,79	20,36	19,94	19,54	19,17	18,84	18,47	18,05	17,59	17,14	22,03	0
28/06/2020 18:15:00	21,78	21,64	21,01	20,55	20,17	19,79	19,42	19,10	18,80	18,50	18,16	17,79	17,42	21,67	0
28/06/2020 18:20:00	23,05	21,63	20,63	20,15	19,75	19,42	19,14	18,91	18,69	18,46	18,18	17,86	17,54	22,51	0
28/06/2020 18:25:00	23,10	21,75	20,66	20,09	19,70	19,39	19,08	18,84	18,62	18,40	18,14	17,85	17,56	22,74	0
28/06/2020 18:30:00	22,89	21,71	20,79	20,25	19,86	19,58	19,32	19,10	18,89	18,68	18,44	18,17	17,90	22,36	0
28/06/2020 18:35:00	22,66	21,88	21,25	20,80	20,31	19,92	19,56	19,25	18,94	18,62	18,23	17,81	17,39	22,18	0
28/06/2020 18:40:00	22,20	21,73	21,23	20,82	20,39	20,00	19,64	19,32	19,01	18,67	18,26	17,83	17,40	22,05	0
28/06/2020 18:45:00	21,38	21,72	21,35	20,93	20,54	20,16	19,80	19,46	19,14	18,82	18,46	18,07	17,69	21,78	0
28/06/2020 18:50:00	21,46	21,64	21,42	21,04	20,67	20,31	19,93	19,58	19,24	18,87	18,45	17,99	17,54	21,89	0
28/06/2020 18:55:00	21,41	21,71	21,43	21,03	20,65	20,24	19,82	19,44	19,08	18,70	18,26	17,79	17,32	22,21	0
28/06/2020 19:00:00	21,51	21,64	21,37	21,08	20,80	20,46	20,07	19,72	19,40	19,04	18,60	18,13	17,66	21,88	0
28/06/2020 19:05:00	21,29	21,66	21,50	21,16	20,79	20,41	20,02	19,65	19,30	18,93	18,49	18,02	17,56	22,26	0
28/06/2020 19:10:00	21,25	21,63	21,46	21,08	20,70	20,30	19,91	19,55	19,20	18,84	18,41	17,96	17,51	21,86	0
28/06/2020 19:15:00	21,16	21,64	21,47	21,09	20,68	20,30	19,93	19,58	19,23	18,87	18,46	18,03	17,59	22,09	0
28/06/2020 19:20:00	21,11	21,69	21,51	21,19	20,82	20,42	20,03	19,66	19,30	18,92	18,48	18,01	17,55	22,46	0
28/06/2020 19:25:00	21,20	21,72	21,52	21,18	20,79	20,35	19,95	19,58	19,22	18,84	18,40	17,93	17,47	21,71	0
28/06/2020 19:30:00	21,65	22,01	21,80	21,41	21,03	20,63	20,22	19,84	19,49	19,10	18,66	18,19	17,71	21,78	0
28/06/2020 19:35:00	21,37	22,02	21,88	21,54	21,16	20,75	20,34	19,96	19,60	19,21	18,76	18,28	17,80	21,74	0
28/06/2020 19:40:00	21,34	22,03	21,95	21,60	21,24	20,88	20,47	20,09	19,72	19,33	18,87	18,39	17,91	21,90	0
28/06/2020 19:45:00	21,53	22,04	21,89	21,56	21,16	20,71	20,31	19,92	19,54	19,13	18,65	18,14	17,63	21,57	0
28/06/2020 19:50:00	21,41	21,98	21,82	21,47	21,06	20,64	20,23	19,84	19,47	19,07	18,61	18,12	17,64	21,63	0
28/06/2020 19:55:00	21,47	22,01	21,82	21,49	21,14	20,78	20,36	19,98	19,62	19,23	18,77	18,29	17,80	21,86	0
28/06/2020 20:00:00	21,49	21,89	21,81	21,51	21,19	20,77	20,33	19,93	19,55	19,13	18,61	18,07	17,52	21,82	0
28/06/2020 20:05:00	21,32	21,97	21,87	21,55	21,17	20,78	20,33	19,92	19,53	19,11	18,61	18,09	17,56	22,00	0
28/06/2020 20:10:00	21,26	22,03	21,91	21,55	21,13	20,68	20,22	19,80	19,40	18,98	18,49	17,98	17,47	22,00	0
28/06/2020 20:15:00	21,68	22,18	22,14	21,82	21,41	20,98	20,58	20,19	19,81	19,39	18,89	18,37	17,85	21,89	0
28/06/2020 20:20:00	21,60	22,28	22,18	21,87	21,47	21,01	20,57	20,17	19,78	19,36	18,86	18,34	17,82	21,97	0
28/06/2020 20:25:00	21,46	22,17	22,22	21,94	21,55	21,10	20,67	20,27	19,87	19,43	18,90	18,34	17,79	22,18	0
28/06/2020 20:30:00	21,10	22,20	22,46	22,23	21,84	21,38	20,90	20,45	20,01	19,52	18,93	18,31	17,69	21,99	0
28/06/2020 20:35:00	20,87	22,15	22,52	22,32	21,90	21,38	20,89	20,41	19,94	19,41	18,78	18,11	17,45	22,01	0
28/06/2020 20:40:00	21,01	22,07	22,37	22,15	21,76	21,28	20,81	20,35	19,90	19,40	18,79	18,15	17,52	21,58	0
28/06/2020 20:45:00	20,78	21,80	22,37	22,21	21,86	21,43	20,96	20,49	20,03	19,49	18,81	18,11	17,41	21,61	0
28/06/2020 20:50:00	20,87	22,12	22,60	22,41	22,07	21,67	21,21	20,76	20,32	19,81	19,19	18,55	17,91	21,60	0
28/06/2020 20:55:00	20,80	22,01	22,57	22,41	22,14	21,77	21,32	20,87	20,43	19,92	19,29	18,63	17,97	21,32	0
28/06/2020 21:00:00	20,57	22,03	22,63	22,51	22,22	21,84	21,38	20,92	20,47	19,95	19,31	18,65	17,98	21,16	0
28/06/2020 21:05:00	20,46	21,86	22,67	22,52	22,20	21,80	21,34	20,88	20,40	19,85	19,16	18,45	17,75	21,47	0
28/06/2020 21:10:00	20,53	21,87	22,42	22,33	22,04	21,64	21,19	20,74	20,29	19,78	19,13	18,46	17,79	20,80	0
28/06/2020 21:15:00	20,41	21,77	22,42	22,33	22,06	21,67	21,23	20,80	20,35	19,83	19,19	18,52	17,85	20,61	0
28/06/2020 21:20:00	20,13	21,70	22,52	22,41	22,17	21,78	21,29	20,81	20,33	19,78	19,09	18,37	17,66	20,61	0
28/06/2020 21:25:00	20,38	21,75	22,28	22,09	21,73	21,37	20,94	20,50	20,06	19,57	18,98	18,36	17,75	20,41	0
28/06/2020 21:30:00	20,25	21,59	22,11	22,01	21,76	21,41	21,00	20,59	20,17	19,70	19,12	18,50	17,89	20,15	0
28/06/2020 21:35:00	20,28	21,57	22,16	21,98	21,72	21,34	20,87	20,41	19,96	19,45	18,82	18,16	17,51	19,84	0
28/06/2020 21:40:00	20,04	21,36	21,74	21,60	21,25	20,80	20,34	19,89	19,45	18,96	18,36	17,74	17,12	20,04	0
28/06/2020 21:45:00	20,13	21,30	21,62	21,43	21,08	20,65	20,21	19,78	19,35	18,88	18,30	17,71	17,12	20,16	0
28/06/2020 21:50:00	20,11	21,13	21,59	21,44	21,12	20,71	20,26	19,82	19,38	18,87	18,25	17,60	16,95	20,10	0
28/06/2020 21:55:00	20,18	21,57	21,89	21,69	21,35	20,89	20,43	19,98	19,54	19,05	18,48	17,89	17,29	20,19	0
28/06/2020 22:00:00	20,14	21,43	21,93	21,80	21,46	21,03	20,56	20,11	19,65	19,13	18,49	17,83	17,17	20,06	0
28/06/2020 22:05:00	19,94	21,05	21,68	21,59	21,28	20,90	20,45	20,00	19,55	19,02	18,36	17,67	16,98	19,91	0
28/06/2020 22:10:00	19,89	21,07	21,35	21,19	20,86	20,42	19,97	19,53	19,10	18,62	18,04	17,43	16,83	19,96	0
28/06/2020 22:15:00	19,96	20,94	21,17	20,95	20,65	20,27	19,85	19,44	19,04	18,60	18,08	17,53	16,98	19,83	0
28/06/2020 22:20:00	19,85	20,76	20,98	20,84	20,56	20,19	19,78	19,39	19,00	18,57	18,04	17,48	16,92	19,74	0
28/06/2020 22:25:00	19,58	20,72	21,03	20,87	20,57	20,19	19,77	19,35	18,94	18,49	17,94	17,37	16,80	19,60	0
28/06/2020 22:30:00	19,71	20,63	20,96	20,76	20,53	20,18	19,78	19,40	19,00	18,57	18,04	17,49	16,93	19,60	0
28/06/2020 22:35:00	19,66	20,53	20,80	20,68	20,37	20,02	19,66	19,29	18,91	18,48	17,97	17,42	16,88	19,39	0
28/06/2020 22:40:00	19,52	20,21	20,36	20,24	19,98	19,67	19,29	18,92	18,56	18,15	17,65	17,11	16,58	19,37	0
28/06/2020 22:45:00	19,25	20,18	20,34	20,10	19,82	19,44	19,02	18,63	18,24	17,82	17,32	16,80	16,28	19,41	0
28/06/2020 22:50:00	19,43	20,23	20,27	20,05	19,77	19,42	19,02	18,64	18,27	17,87	17,40	16,91	16,41	19,51	0
28/06/2020 22:55:00	19,53	20,26	20,27	20,08	19,73	19,33	18,91	18,52	18,13	17,71	17,21	16,68	16,15	19,41	0
28/06/2020 23:00:00	19,53	20,08	19,94	19,66	19,38	19,00	18,59	18,22	17,86	17,48	17,04	16,57	16,10	19,42	0
28/06/2020 23:05:00	19,27	19,92	19,95	19,73	19,40	18,99	18,60	18,22	17,84	17,43	16,95	16,44	15,93	19,38	0
28/06/2020 23:10:00	19,34	19,92	19,82	19,49	19,12	18,76	18,37	18,01	17,65	17,28	16,86	16,42	15,98	19,40	0
28/06/2020 23:15:00	19,44	20,00	19,97	19,70	19,32	18,89	18,46	18,06	17,67	17,24	16,75	16,23	15,70	19,46	0
28/06/2020 23:20:00	19,56	20,09	19,95	19,58	19,19	18,74	18,33	17,94	17,57	17,17	16,73	16,26	15,79	19,44	0
28/06/2020 23:25:00	19,28	19,95	19,80	19,47	19,06	18,63	18,17	17,76	17,37	16,96	16,50	16,01	15,52	19,51	0
28/06/2020 23:30:00	19,40	20,02	19,90	19,56	19,13	18,70	18,25	17,83	17,44	17,03	16,55	16,06	15,56	19,42	0
28/06/2020 23:35:00	19,44	19,96	19,80	19,44	18,99	18,54	18,11	17,70	17,31	16,90	16,43	15,94	15,46	19,36	0
28/06/2020 23:40:00	19,28	19,82	19,65	19,28	18,86	18,37	17,89	17,46	17,06	16,63	16,14	15,63	15,12	19,36	0
28/06/2020 23:45:00	19,26	19,70	19,49	19,13	18,72	18,28	17,85	17,46	17,08	16,69	16,24	15,77	15,31	19,14	0
28/06/2020 23:50:00	19,09	19,58	19,41	19,04	18,63	18,23	17,80	17,40	17,03	16,64	16,20	15,74	15,28	19,09	0
28/06/2020 23:55:00	18,98	19,52	19,35	18,98	18,56	18,07	17,62	17,20	16,80	16,38	15,91	15,42	14,93	19,06	0
