FileFormat:0002.2 file with temperature of atmosphere
200
local	GMT or Local
0	GMT-Local=[hours]
0	Height[m]
0	0	0	Longitude                [grd]               [min]               [sec]
0	0	0	Latitude                [grd]               [min]               [sec]
N	NS
59,40	Freq[GHz]
0,00	dTemostat[K]
0,150	MessErr[K]
0,248	//[grad/step]
version 14.0.20110218
MTP5H033F5940K-33.00D180214+A1.1
Commentary:
enter comment
End Of Commentary

SYSTEM\summer.dat
data time	0	50	100	150	200	250	300	350	400	450	500	550	600	OutsideTemperature	Quality
25/10/2020 00:00:00	8,38	8,49	8,32	7,97	7,62	7,29	6,88	6,50	6,16	5,84	5,54	5,24	4,94	8,32	0
25/10/2020 00:05:00	8,39	8,48	8,23	7,94	7,59	7,20	6,84	6,49	6,15	5,84	5,55	5,26	4,97	8,35	0
25/10/2020 00:10:00	8,40	8,41	8,16	7,89	7,52	7,18	6,80	6,45	6,12	5,81	5,52	5,22	4,92	8,33	0
25/10/2020 00:15:00	8,28	8,36	8,14	7,86	7,48	7,11	6,73	6,36	6,02	5,70	5,39	5,09	4,78	8,33	0
25/10/2020 00:20:00	8,28	8,39	8,18	7,86	7,52	7,14	6,76	6,40	6,06	5,74	5,44	5,14	4,84	8,32	0
25/10/2020 00:25:00	8,38	8,38	8,19	7,89	7,49	7,15	6,75	6,38	6,03	5,71	5,39	5,08	4,76	8,28	0
25/10/2020 00:30:00	8,26	8,35	8,18	7,85	7,53	7,11	6,68	6,29	5,93	5,59	5,26	4,93	4,60	8,28	0
25/10/2020 00:35:00	8,25	8,29	8,13	7,84	7,48	7,13	6,70	6,31	5,96	5,63	5,31	4,98	4,66	8,25	0
25/10/2020 00:40:00	8,27	8,28	8,06	7,70	7,32	6,99	6,59	6,22	5,88	5,57	5,28	4,99	4,71	8,22	0
25/10/2020 00:45:00	8,20	8,30	8,07	7,73	7,29	6,88	6,47	6,09	5,72	5,38	5,06	4,74	4,42	8,22	0
25/10/2020 00:50:00	8,13	8,26	8,00	7,67	7,25	6,84	6,43	6,05	5,69	5,36	5,05	4,75	4,44	8,16	0
25/10/2020 00:55:00	8,28	8,31	8,06	7,70	7,35	6,92	6,52	6,15	5,80	5,47	5,17	4,86	4,55	8,30	0
25/10/2020 01:00:00	8,30	8,37	8,13	7,83	7,44	7,03	6,60	6,20	5,84	5,50	5,18	4,85	4,52	8,23	0
25/10/2020 01:05:00	8,24	8,31	8,06	7,71	7,29	6,88	6,42	6,00	5,64	5,29	4,96	4,63	4,30	8,25	0
25/10/2020 01:10:00	8,21	8,26	7,98	7,70	7,27	6,89	6,43	6,02	5,67	5,33	5,01	4,69	4,37	8,30	0
25/10/2020 01:15:00	8,29	8,36	8,07	7,73	7,31	6,94	6,50	6,11	5,76	5,44	5,14	4,84	4,55	8,26	0
25/10/2020 01:20:00	8,33	8,32	8,03	7,73	7,39	6,99	6,59	6,21	5,88	5,56	5,26	4,96	4,66	8,18	0
25/10/2020 01:25:00	8,32	8,37	8,12	7,76	7,33	6,89	6,50	6,12	5,75	5,41	5,09	4,77	4,45	8,28	0
25/10/2020 01:30:00	8,13	8,18	7,89	7,55	7,23	6,74	6,33	5,95	5,60	5,26	4,95	4,63	4,31	8,32	0
25/10/2020 01:35:00	8,34	8,39	8,08	7,71	7,34	6,91	6,48	6,08	5,73	5,41	5,11	4,80	4,50	8,21	0
25/10/2020 01:40:00	8,15	8,20	7,94	7,51	7,13	6,65	6,25	5,86	5,49	5,16	4,84	4,53	4,22	8,17	0
25/10/2020 01:45:00	8,15	8,18	7,91	7,47	7,09	6,61	6,18	5,79	5,42	5,08	4,76	4,44	4,12	8,15	0
25/10/2020 01:50:00	8,03	8,14	7,85	7,45	7,05	6,68	6,21	5,79	5,44	5,11	4,82	4,52	4,23	8,01	0
25/10/2020 01:55:00	7,91	8,11	7,84	7,42	6,94	6,49	5,98	5,52	5,13	4,76	4,42	4,09	3,75	7,98	0
25/10/2020 02:00:00	8,00	7,97	7,66	7,30	6,86	6,43	6,06	5,69	5,34	5,02	4,72	4,43	4,13	7,92	0
25/10/2020 02:05:00	7,92	7,86	7,54	7,20	6,86	6,46	6,07	5,71	5,37	5,07	4,79	4,51	4,23	7,68	0
25/10/2020 02:10:00	7,89	7,83	7,53	7,12	6,80	6,40	6,01	5,65	5,32	5,02	4,75	4,47	4,20	7,60	0
25/10/2020 02:15:00	7,59	7,54	7,20	6,81	6,45	6,00	5,59	5,22	4,87	4,56	4,28	4,00	3,72	7,65	0
25/10/2020 02:20:00	7,53	7,43	7,14	6,80	6,40	5,94	5,59	5,25	4,90	4,57	4,28	3,99	3,69	7,42	0
25/10/2020 02:25:00	7,43	7,34	7,03	6,62	6,25	5,80	5,40	5,03	4,68	4,36	4,07	3,78	3,50	7,39	0
25/10/2020 02:30:00	7,35	7,22	6,90	6,55	6,14	5,75	5,37	5,02	4,68	4,37	4,10	3,83	3,55	7,28	0
25/10/2020 02:35:00	7,23	7,19	6,88	6,50	6,11	5,74	5,34	4,97	4,63	4,33	4,06	3,80	3,54	7,15	0
25/10/2020 02:40:00	7,18	7,05	6,74	6,46	6,13	5,77	5,39	5,04	4,72	4,43	4,17	3,90	3,64	7,08	0
25/10/2020 02:45:00	7,03	6,97	6,65	6,26	5,88	5,48	5,15	4,81	4,48	4,19	3,94	3,69	3,45	7,04	0
25/10/2020 02:50:00	7,02	6,87	6,57	6,21	5,93	5,52	5,08	4,70	4,37	4,06	3,78	3,50	3,22	6,99	0
25/10/2020 02:55:00	6,96	6,93	6,64	6,29	5,97	5,56	5,19	4,85	4,51	4,22	3,95	3,69	3,43	6,95	0
25/10/2020 03:00:00	6,95	6,78	6,51	6,17	5,85	5,50	5,15	4,82	4,50	4,22	3,97	3,71	3,46	6,86	0
25/10/2020 03:05:00	6,74	6,73	6,47	6,12	5,75	5,36	4,99	4,63	4,29	3,99	3,72	3,45	3,18	6,68	0
25/10/2020 03:10:00	6,58	6,57	6,30	6,04	5,70	5,39	5,06	4,74	4,43	4,16	3,92	3,68	3,45	6,63	0
25/10/2020 03:15:00	6,57	6,53	6,29	6,01	5,70	5,41	5,11	4,81	4,51	4,24	4,02	3,79	3,57	6,52	0
25/10/2020 03:20:00	6,59	6,56	6,28	6,01	5,75	5,43	5,15	4,86	4,56	4,31	4,10	3,88	3,67	6,52	0
25/10/2020 03:25:00	6,55	6,52	6,26	6,03	5,71	5,36	5,05	4,74	4,42	4,14	3,89	3,64	3,39	6,51	0
25/10/2020 03:30:00	6,45	6,52	6,30	6,02	5,75	5,42	5,02	4,66	4,35	4,06	3,80	3,55	3,29	6,44	0
25/10/2020 03:35:00	6,54	6,53	6,34	6,05	5,77	5,47	5,08	4,72	4,41	4,12	3,86	3,61	3,35	6,44	0
25/10/2020 03:40:00	6,44	6,63	6,44	6,17	5,74	5,44	5,03	4,65	4,31	4,00	3,73	3,46	3,18	6,51	0
25/10/2020 03:45:00	6,37	6,60	6,43	6,10	5,80	5,46	5,03	4,65	4,31	4,01	3,74	3,47	3,20	6,48	0
25/10/2020 03:50:00	6,44	6,67	6,53	6,23	5,94	5,58	5,19	4,83	4,49	4,18	3,90	3,62	3,35	6,45	0
25/10/2020 03:55:00	6,54	6,67	6,46	6,17	5,76	5,42	5,00	4,62	4,27	3,95	3,66	3,38	3,09	6,40	0
25/10/2020 04:00:00	6,43	6,49	6,22	5,87	5,48	5,11	4,78	4,45	4,12	3,82	3,58	3,33	3,09	6,37	0
25/10/2020 04:05:00	6,41	6,55	6,29	5,93	5,60	5,20	4,80	4,43	4,09	3,79	3,52	3,26	3,00	6,43	0
25/10/2020 04:10:00	6,50	6,48	6,21	5,85	5,49	5,08	4,67	4,30	3,95	3,64	3,35	3,07	2,79	6,51	0
25/10/2020 04:15:00	6,41	6,38	6,11	5,74	5,36	4,98	4,62	4,27	3,94	3,63	3,37	3,12	2,86	6,36	0
25/10/2020 04:20:00	6,28	6,32	6,06	5,71	5,41	4,99	4,58	4,20	3,86	3,55	3,28	3,01	2,74	6,25	0
25/10/2020 04:25:00	6,14	6,24	6,04	5,70	5,32	4,88	4,55	4,21	3,86	3,53	3,25	2,97	2,69	6,11	0
25/10/2020 04:30:00	6,03	6,21	5,98	5,64	5,29	4,96	4,53	4,15	3,81	3,51	3,26	3,01	2,76	6,08	0
25/10/2020 04:35:00	5,98	6,14	5,94	5,58	5,33	4,95	4,65	4,34	4,02	3,74	3,51	3,28	3,06	6,05	0
25/10/2020 04:40:00	5,77	6,02	5,91	5,70	5,43	5,15	4,82	4,49	4,18	3,90	3,65	3,40	3,16	5,86	0
25/10/2020 04:45:00	5,64	6,04	5,98	5,67	5,42	4,99	4,65	4,30	3,94	3,62	3,34	3,06	2,78	5,76	0
25/10/2020 04:50:00	5,58	6,09	6,04	5,79	5,50	5,16	4,72	4,31	3,96	3,64	3,35	3,06	2,77	5,61	0
25/10/2020 04:55:00	5,55	5,89	5,74	5,34	5,06	4,60	4,26	3,91	3,55	3,24	2,97	2,71	2,45	5,49	0
25/10/2020 05:00:00	5,48	5,74	5,52	5,16	4,79	4,48	4,15	3,81	3,48	3,20	2,98	2,76	2,55	5,44	0
25/10/2020 05:05:00	5,24	5,62	5,47	5,19	4,84	4,47	4,13	3,79	3,44	3,14	2,88	2,63	2,38	5,33	0
25/10/2020 05:10:00	5,45	5,67	5,47	5,18	4,82	4,46	4,08	3,72	3,38	3,08	2,82	2,57	2,31	5,29	0
25/10/2020 05:15:00	5,21	5,50	5,37	5,08	4,83	4,49	4,08	3,70	3,37	3,08	2,83	2,58	2,33	5,24	0
25/10/2020 05:20:00	5,24	5,54	5,38	5,15	4,88	4,54	4,21	3,88	3,55	3,27	3,03	2,79	2,55	5,17	0
25/10/2020 05:25:00	5,15	5,30	5,15	4,90	4,62	4,34	3,97	3,62	3,30	3,03	2,79	2,55	2,32	5,11	0
25/10/2020 05:30:00	5,02	5,30	5,12	4,87	4,65	4,33	4,07	3,78	3,48	3,22	3,02	2,82	2,62	5,08	0
25/10/2020 05:35:00	5,02	5,32	5,18	4,95	4,66	4,38	4,05	3,73	3,41	3,14	2,92	2,69	2,47	5,06	0
25/10/2020 05:40:00	4,92	5,37	5,29	5,05	4,86	4,57	4,23	3,90	3,58	3,31	3,09	2,87	2,65	4,96	0
25/10/2020 05:45:00	4,92	5,23	5,10	4,91	4,66	4,42	4,15	3,86	3,57	3,32	3,12	2,92	2,72	4,91	0
25/10/2020 05:50:00	4,96	5,34	5,26	5,04	4,85	4,51	4,24	3,95	3,63	3,36	3,13	2,90	2,67	4,95	0
25/10/2020 05:55:00	4,85	5,22	5,16	4,99	4,74	4,51	4,23	3,94	3,63	3,37	3,16	2,95	2,73	4,83	0
25/10/2020 06:00:00	4,77	5,18	5,13	4,93	4,67	4,38	4,11	3,82	3,50	3,23	2,99	2,76	2,54	4,84	0
25/10/2020 06:05:00	4,78	5,26	5,26	5,08	4,90	4,56	4,23	3,90	3,58	3,29	3,03	2,77	2,51	4,79	0
25/10/2020 06:10:00	4,82	5,18	5,16	5,04	4,85	4,57	4,29	4,00	3,69	3,42	3,19	2,95	2,72	4,77	0
25/10/2020 06:15:00	4,65	5,16	5,13	4,96	4,74	4,59	4,32	4,03	3,74	3,51	3,33	3,15	2,97	4,68	0
25/10/2020 06:20:00	4,53	5,14	5,21	5,08	4,82	4,56	4,29	4,00	3,67	3,38	3,13	2,89	2,64	4,56	0
25/10/2020 06:25:00	4,51	5,15	5,13	4,99	4,76	4,50	4,20	3,89	3,57	3,30	3,07	2,85	2,63	4,43	0
25/10/2020 06:30:00	4,55	5,16	5,20	5,03	4,86	4,60	4,36	4,09	3,78	3,52	3,30	3,09	2,87	4,28	0
25/10/2020 06:35:00	4,26	4,95	4,97	4,88	4,71	4,45	4,18	3,89	3,59	3,32	3,10	2,88	2,67	4,38	0
25/10/2020 06:40:00	4,21	4,94	5,11	5,00	4,88	4,61	4,27	3,93	3,61	3,32	3,05	2,79	2,52	4,13	0
25/10/2020 06:45:00	4,07	4,87	5,12	5,04	4,86	4,62	4,28	3,94	3,59	3,28	2,99	2,71	2,42	4,05	0
25/10/2020 06:50:00	3,91	4,84	5,10	5,00	4,81	4,52	4,22	3,90	3,54	3,22	2,93	2,64	2,35	3,90	0
25/10/2020 06:55:00	3,73	4,94	5,31	5,22	4,98	4,69	4,33	3,94	3,56	3,20	2,86	2,54	2,22	3,58	0
25/10/2020 07:00:00	3,74	4,87	5,12	5,07	4,88	4,59	4,28	3,95	3,59	3,27	2,98	2,70	2,42	3,43	0
25/10/2020 07:05:00	3,67	4,73	5,11	5,12	5,00	4,78	4,46	4,12	3,78	3,46	3,17	2,88	2,58	3,10	0
25/10/2020 07:10:00	3,68	4,91	5,23	5,21	5,07	4,80	4,47	4,12	3,77	3,44	3,14	2,85	2,56	2,88	0
25/10/2020 07:15:00	3,57	4,72	5,13	5,14	5,01	4,82	4,54	4,23	3,89	3,58	3,29	3,01	2,73	3,38	0
25/10/2020 07:20:00	3,32	4,59	4,97	4,91	4,77	4,53	4,29	3,98	3,63	3,31	3,04	2,77	2,50	3,27	0
25/10/2020 07:25:00	3,25	4,50	4,99	5,02	4,88	4,69	4,39	4,05	3,70	3,37	3,06	2,76	2,46	3,03	0
25/10/2020 07:30:00	3,33	4,51	4,97	4,93	4,84	4,64	4,38	4,08	3,73	3,42	3,13	2,86	2,58	2,76	0
25/10/2020 07:35:00	3,36	4,55	4,96	4,98	4,85	4,68	4,41	4,10	3,76	3,46	3,19	2,92	2,65	2,64	0
25/10/2020 07:40:00	3,51	4,56	4,94	4,95	4,76	4,58	4,26	3,92	3,58	3,26	2,97	2,68	2,39	3,00	0
25/10/2020 07:45:00	3,63	4,54	4,84	4,81	4,69	4,46	4,20	3,89	3,57	3,27	3,00	2,74	2,47	3,45	0
25/10/2020 07:50:00	3,54	4,34	4,68	4,61	4,54	4,29	4,06	3,78	3,45	3,15	2,87	2,60	2,33	3,50	0
25/10/2020 07:55:00	3,52	4,34	4,57	4,58	4,43	4,24	3,91	3,59	3,27	2,99	2,73	2,47	2,22	3,47	0
25/10/2020 08:00:00	3,53	4,26	4,48	4,32	4,19	3,93	3,57	3,21	2,87	2,57	2,30	2,03	1,76	3,63	0
25/10/2020 08:05:00	3,79	4,59	4,78	4,66	4,51	4,23	3,92	3,59	3,25	2,95	2,68	2,42	2,16	3,70	0
25/10/2020 08:10:00	3,81	4,54	4,76	4,72	4,58	4,29	4,07	3,80	3,47	3,17	2,90	2,63	2,36	3,88	0
25/10/2020 08:15:00	3,94	4,85	4,85	4,71	4,49	4,19	3,83	3,48	3,15	2,86	2,62	2,39	2,16	3,90	0
25/10/2020 08:20:00	3,74	4,52	4,69	4,69	4,56	4,23	4,01	3,73	3,40	3,11	2,84	2,58	2,31	3,87	0
25/10/2020 08:25:00	4,02	4,49	4,61	4,52	4,32	4,02	3,70	3,37	3,04	2,73	2,45	2,18	1,90	3,79	0
25/10/2020 08:30:00	3,81	4,34	4,40	4,24	4,08	3,77	3,49	3,19	2,87	2,58	2,34	2,10	1,85	3,90	0
25/10/2020 08:35:00	4,07	4,59	4,54	4,41	4,13	3,87	3,53	3,19	2,87	2,59	2,35	2,12	1,89	4,10	0
25/10/2020 08:40:00	4,14	4,69	4,64	4,43	4,18	3,82	3,49	3,15	2,81	2,51	2,26	2,01	1,76	4,16	0
25/10/2020 08:45:00	4,44	4,66	4,49	4,23	3,98	3,72	3,35	3,02	2,72	2,46	2,26	2,06	1,85	4,28	0
25/10/2020 08:50:00	5,19	4,61	4,23	3,98	3,71	3,45	3,20	2,94	2,69	2,47	2,31	2,14	1,97	4,52	0
25/10/2020 08:55:00	5,45	4,73	4,27	3,93	3,71	3,43	3,10	2,81	2,56	2,35	2,18	2,02	1,85	4,80	0
25/10/2020 09:00:00	5,86	4,81	4,19	3,78	3,53	3,33	3,03	2,77	2,56	2,39	2,30	2,19	2,08	5,03	0
25/10/2020 09:05:00	5,80	4,85	4,24	3,91	3,63	3,38	3,18	2,98	2,76	2,59	2,49	2,38	2,27	5,42	0
25/10/2020 09:10:00	5,46	4,98	4,46	4,16	3,84	3,54	3,27	3,00	2,74	2,54	2,39	2,24	2,09	5,65	0
25/10/2020 09:15:00	5,54	5,01	4,61	4,39	4,10	3,88	3,61	3,36	3,11	2,90	2,74	2,57	2,41	5,55	0
25/10/2020 09:20:00	5,52	5,10	4,66	4,42	4,22	4,01	3,66	3,36	3,13	2,93	2,78	2,63	2,48	5,61	0
25/10/2020 09:25:00	5,62	5,14	4,67	4,38	4,17	3,93	3,68	3,43	3,20	3,02	2,89	2,76	2,63	5,60	0
25/10/2020 09:30:00	5,72	5,19	4,78	4,46	4,20	3,90	3,65	3,39	3,13	2,91	2,75	2,58	2,41	5,76	0
25/10/2020 09:35:00	5,65	5,24	4,82	4,48	4,18	3,82	3,51	3,21	2,92	2,68	2,48	2,28	2,08	5,84	0
25/10/2020 09:40:00	5,75	5,36	4,93	4,59	4,32	3,99	3,67	3,38	3,10	2,87	2,69	2,51	2,32	5,77	0
25/10/2020 09:45:00	5,96	5,41	4,85	4,50	4,19	3,86	3,54	3,24	2,97	2,75	2,59	2,43	2,26	5,98	0
25/10/2020 09:50:00	5,99	5,45	4,99	4,61	4,28	3,89	3,55	3,23	2,94	2,68	2,47	2,25	2,04	5,91	0
25/10/2020 09:55:00	5,98	5,52	5,03	4,65	4,29	3,92	3,56	3,24	2,94	2,68	2,48	2,27	2,07	6,02	0
25/10/2020 10:00:00	6,03	5,54	5,06	4,68	4,34	3,97	3,56	3,21	2,91	2,65	2,44	2,22	2,00	5,91	0
25/10/2020 10:05:00	6,04	5,61	5,09	4,73	4,37	3,94	3,56	3,22	2,92	2,65	2,44	2,22	2,00	6,13	0
25/10/2020 10:10:00	6,07	5,58	5,15	4,78	4,45	4,08	3,72	3,39	3,09	2,83	2,61	2,40	2,18	5,94	0
25/10/2020 10:15:00	6,10	5,58	5,11	4,78	4,44	4,11	3,73	3,41	3,12	2,87	2,66	2,45	2,24	6,28	0
25/10/2020 10:20:00	6,13	5,60	5,13	4,77	4,41	4,06	3,72	3,40	3,11	2,86	2,65	2,45	2,24	6,33	0
25/10/2020 10:25:00	5,89	5,60	5,19	4,80	4,54	4,18	3,82	3,50	3,21	2,97	2,77	2,58	2,39	6,53	0
25/10/2020 10:30:00	6,47	5,92	5,44	5,04	4,73	4,42	4,11	3,82	3,55	3,32	3,15	2,97	2,79	6,46	0
25/10/2020 10:35:00	6,44	5,99	5,51	5,15	4,78	4,40	4,05	3,73	3,43	3,17	2,95	2,73	2,52	6,54	0
25/10/2020 10:40:00	6,42	6,03	5,57	5,14	4,81	4,49	4,12	3,79	3,50	3,26	3,07	2,88	2,69	6,43	0
25/10/2020 10:45:00	6,45	6,08	5,63	5,27	4,96	4,60	4,27	3,96	3,67	3,42	3,22	3,02	2,81	6,50	0
25/10/2020 10:50:00	6,56	6,10	5,66	5,31	5,00	4,72	4,39	4,09	3,82	3,59	3,40	3,21	3,03	6,56	0
25/10/2020 10:55:00	6,62	6,19	5,74	5,32	4,99	4,60	4,36	4,09	3,80	3,56	3,37	3,18	2,99	6,56	0
25/10/2020 11:00:00	6,76	6,21	5,67	5,34	5,01	4,73	4,42	4,13	3,87	3,65	3,48	3,31	3,14	6,76	0
25/10/2020 11:05:00	6,74	6,30	5,77	5,40	5,07	4,76	4,49	4,22	3,95	3,74	3,58	3,43	3,27	6,70	0
25/10/2020 11:10:00	6,94	6,35	5,79	5,42	5,14	4,82	4,49	4,19	3,93	3,71	3,54	3,36	3,18	6,90	0
25/10/2020 11:15:00	7,03	6,42	5,91	5,50	5,16	4,90	4,59	4,31	4,04	3,83	3,66	3,49	3,33	7,17	0
25/10/2020 11:20:00	7,24	6,49	5,91	5,61	5,26	5,00	4,60	4,27	4,01	3,78	3,59	3,38	3,18	7,17	0
25/10/2020 11:25:00	7,22	6,55	6,00	5,65	5,36	5,03	4,65	4,32	4,06	3,82	3,62	3,41	3,21	7,83	0
25/10/2020 11:30:00	7,12	6,59	5,99	5,56	5,22	4,85	4,53	4,23	3,95	3,72	3,55	3,37	3,20	8,28	0
25/10/2020 11:35:00	6,96	6,56	6,03	5,65	5,25	4,86	4,50	4,16	3,86	3,59	3,38	3,16	2,94	7,93	0
25/10/2020 11:40:00	6,98	6,88	6,17	5,64	5,15	4,74	4,35	3,99	3,68	3,43	3,26	3,10	2,93	7,77	0
25/10/2020 11:45:00	7,11	7,00	6,25	5,80	5,39	4,89	4,44	4,06	3,75	3,49	3,29	3,09	2,90	8,07	0
25/10/2020 11:50:00	7,27	7,06	6,43	6,00	5,52	5,04	4,63	4,25	3,93	3,64	3,41	3,18	2,95	8,35	0
25/10/2020 11:55:00	7,29	7,21	6,43	5,95	5,45	4,97	4,51	4,11	3,78	3,52	3,31	3,11	2,91	7,93	0
25/10/2020 12:00:00	7,55	7,14	6,40	5,93	5,52	5,02	4,63	4,29	3,98	3,72	3,52	3,32	3,12	7,77	0
25/10/2020 12:05:00	7,75	7,28	6,54	6,03	5,58	5,13	4,66	4,26	3,95	3,68	3,47	3,26	3,04	8,25	0
25/10/2020 12:10:00	7,86	7,37	6,65	6,20	5,72	5,24	4,78	4,39	4,07	3,79	3,55	3,32	3,08	8,61	0
25/10/2020 12:15:00	7,90	7,29	6,65	6,14	5,65	5,21	4,83	4,49	4,17	3,90	3,67	3,45	3,23	8,30	0
25/10/2020 12:20:00	7,83	7,35	6,76	6,30	5,80	5,37	4,93	4,54	4,21	3,91	3,66	3,41	3,16	7,95	0
25/10/2020 12:25:00	7,98	7,37	6,79	6,35	5,90	5,41	4,92	4,51	4,18	3,86	3,58	3,29	3,00	8,30	0
25/10/2020 12:30:00	8,13	7,48	6,80	6,30	5,81	5,37	4,97	4,62	4,30	4,03	3,80	3,58	3,36	8,53	0
25/10/2020 12:35:00	8,05	7,40	6,80	6,37	6,01	5,58	5,17	4,82	4,51	4,24	4,00	3,76	3,51	8,48	0
25/10/2020 12:40:00	8,23	7,47	6,75	6,25	5,82	5,34	4,93	4,58	4,28	4,01	3,78	3,55	3,32	8,45	0
25/10/2020 12:45:00	8,14	7,49	6,84	6,41	5,97	5,54	5,13	4,77	4,46	4,19	3,95	3,71	3,47	8,29	0
25/10/2020 12:50:00	8,06	7,54	6,93	6,44	5,97	5,44	5,03	4,65	4,31	4,00	3,73	3,47	3,20	8,50	0
25/10/2020 12:55:00	8,27	7,50	6,80	6,35	5,83	5,43	4,99	4,62	4,30	4,03	3,79	3,55	3,31	8,34	0
25/10/2020 13:00:00	8,21	7,59	6,89	6,40	5,97	5,51	5,11	4,76	4,46	4,19	3,97	3,75	3,53	8,48	0
25/10/2020 13:05:00	8,97	7,79	6,83	6,28	5,91	5,50	5,15	4,85	4,61	4,41	4,26	4,11	3,96	8,60	0
25/10/2020 13:10:00	8,78	7,67	6,86	6,30	5,89	5,54	5,21	4,93	4,67	4,46	4,31	4,15	3,99	9,25	0
25/10/2020 13:15:00	8,89	7,81	7,01	6,50	6,12	5,72	5,30	4,96	4,69	4,45	4,25	4,04	3,84	8,61	0
25/10/2020 13:20:00	8,93	7,74	6,92	6,39	5,97	5,59	5,19	4,87	4,60	4,37	4,18	3,99	3,80	8,57	0
25/10/2020 13:25:00	9,23	7,99	7,00	6,45	5,96	5,55	5,23	4,94	4,69	4,49	4,35	4,20	4,05	8,66	0
25/10/2020 13:30:00	9,17	7,85	6,97	6,49	6,05	5,64	5,29	5,00	4,74	4,51	4,33	4,14	3,95	8,98	0
25/10/2020 13:35:00	8,90	7,78	7,02	6,50	6,06	5,60	5,22	4,89	4,60	4,34	4,12	3,88	3,65	9,08	0
25/10/2020 13:40:00	8,68	7,94	7,18	6,65	6,06	5,56	5,20	4,86	4,54	4,25	4,02	3,78	3,55	8,98	0
25/10/2020 13:45:00	8,67	7,92	7,28	6,73	6,18	5,70	5,19	4,76	4,41	4,08	3,79	3,50	3,20	8,95	0
25/10/2020 13:50:00	8,32	7,79	7,18	6,70	6,29	5,81	5,40	5,04	4,72	4,43	4,18	3,93	3,68	8,73	0
25/10/2020 13:55:00	8,29	7,86	7,32	6,80	6,26	5,78	5,36	4,97	4,61	4,30	4,02	3,74	3,47	8,87	0
25/10/2020 14:00:00	8,42	7,88	7,30	6,81	6,32	5,83	5,40	5,02	4,68	4,37	4,10	3,83	3,55	8,83	0
25/10/2020 14:05:00	8,29	7,78	7,30	6,88	6,43	5,96	5,50	5,11	4,76	4,43	4,12	3,81	3,50	8,75	0
25/10/2020 14:10:00	8,31	7,88	7,32	6,83	6,32	5,83	5,39	4,99	4,64	4,32	4,04	3,76	3,48	8,82	0
25/10/2020 14:15:00	8,29	7,86	7,34	6,88	6,39	5,89	5,46	5,08	4,72	4,40	4,11	3,82	3,53	8,87	0
25/10/2020 14:20:00	8,56	8,22	7,68	7,16	6,70	6,20	5,77	5,37	5,03	4,71	4,43	4,16	3,88	8,96	0
25/10/2020 14:25:00	8,99	8,39	7,78	7,34	6,89	6,43	6,02	5,65	5,33	5,03	4,77	4,50	4,23	8,90	0
25/10/2020 14:30:00	8,82	8,43	7,93	7,48	7,00	6,52	6,09	5,71	5,36	5,04	4,74	4,44	4,15	8,94	0
25/10/2020 14:35:00	8,67	8,46	8,03	7,55	7,09	6,54	6,10	5,69	5,31	4,97	4,64	4,32	4,00	8,75	0
25/10/2020 14:40:00	8,74	8,51	8,02	7,57	7,02	6,55	6,06	5,63	5,26	4,91	4,59	4,27	3,95	8,85	0
25/10/2020 14:45:00	8,71	8,46	7,96	7,46	6,92	6,41	5,97	5,56	5,19	4,85	4,55	4,25	3,95	8,89	0
25/10/2020 14:50:00	8,61	8,34	7,92	7,49	7,07	6,55	6,06	5,63	5,26	4,91	4,57	4,23	3,89	8,72	0
25/10/2020 14:55:00	8,56	8,28	7,78	7,35	6,87	6,39	5,95	5,56	5,21	4,88	4,59	4,30	4,01	8,56	0
25/10/2020 15:00:00	8,57	8,32	7,85	7,40	6,96	6,39	5,99	5,61	5,25	4,91	4,61	4,30	3,99	8,60	0
25/10/2020 15:05:00	8,55	8,30	7,84	7,40	6,91	6,43	6,03	5,64	5,29	4,96	4,67	4,38	4,08	8,62	0
25/10/2020 15:10:00	8,51	8,35	7,92	7,47	7,00	6,52	6,09	5,69	5,33	5,00	4,69	4,39	4,09	8,62	0
25/10/2020 15:15:00	8,55	8,38	7,94	7,50	7,00	6,60	6,11	5,68	5,33	5,00	4,70	4,40	4,11	8,55	0
25/10/2020 15:20:00	8,66	8,46	8,05	7,65	7,22	6,75	6,33	5,95	5,60	5,27	4,97	4,66	4,36	8,62	0
25/10/2020 15:25:00	8,61	8,43	7,99	7,52	7,10	6,62	6,14	5,73	5,37	5,04	4,74	4,43	4,13	8,60	0
25/10/2020 15:30:00	8,55	8,37	7,94	7,43	7,00	6,56	6,12	5,73	5,38	5,07	4,79	4,52	4,25	8,58	0
25/10/2020 15:35:00	8,54	8,36	7,93	7,52	7,09	6,60	6,19	5,80	5,45	5,12	4,82	4,52	4,22	8,70	0
25/10/2020 15:40:00	8,56	8,38	8,00	7,55	7,07	6,58	6,15	5,76	5,39	5,04	4,73	4,41	4,10	8,69	0
25/10/2020 15:45:00	8,63	8,51	8,13	7,71	7,30	6,86	6,43	6,04	5,68	5,36	5,06	4,76	4,46	8,65	0
25/10/2020 15:50:00	8,60	8,42	8,07	7,64	7,24	6,82	6,39	6,00	5,66	5,34	5,04	4,74	4,45	8,62	0
25/10/2020 15:55:00	8,55	8,46	8,15	7,74	7,35	6,91	6,53	6,16	5,81	5,49	5,19	4,89	4,59	8,60	0
25/10/2020 16:00:00	8,64	8,68	8,39	8,03	7,58	7,16	6,68	6,26	5,89	5,54	5,21	4,87	4,54	8,68	0
25/10/2020 16:05:00	8,72	8,72	8,40	8,02	7,55	7,07	6,63	6,22	5,85	5,49	5,15	4,82	4,48	8,69	0
25/10/2020 16:10:00	8,60	8,75	8,49	8,08	7,63	7,20	6,72	6,29	5,91	5,55	5,22	4,89	4,55	8,71	0
25/10/2020 16:15:00	8,51	8,75	8,50	8,11	7,71	7,23	6,83	6,44	6,07	5,72	5,40	5,08	4,77	8,51	0
25/10/2020 16:20:00	8,39	8,67	8,46	8,11	7,68	7,30	6,83	6,41	6,04	5,70	5,37	5,05	4,73	8,44	0
25/10/2020 16:25:00	8,37	8,60	8,40	8,00	7,62	7,18	6,75	6,34	5,97	5,62	5,29	4,97	4,65	8,35	0
25/10/2020 16:30:00	8,29	8,57	8,37	7,98	7,61	7,19	6,79	6,40	6,04	5,71	5,40	5,10	4,79	8,30	0
25/10/2020 16:35:00	8,25	8,59	8,40	8,10	7,65	7,28	6,86	6,47	6,10	5,77	5,45	5,14	4,82	8,26	0
25/10/2020 16:40:00	8,25	8,61	8,54	8,24	7,86	7,46	7,06	6,67	6,30	5,95	5,61	5,27	4,93	8,29	0
25/10/2020 16:45:00	8,20	8,67	8,60	8,28	7,90	7,47	7,06	6,66	6,28	5,92	5,57	5,22	4,88	8,16	0
25/10/2020 16:50:00	8,22	8,65	8,59	8,38	8,01	7,66	7,25	6,86	6,50	6,15	5,81	5,47	5,13	8,08	0
25/10/2020 16:55:00	8,14	8,57	8,54	8,28	7,97	7,58	7,19	6,82	6,45	6,11	5,77	5,43	5,09	8,06	0
25/10/2020 17:00:00	8,09	8,54	8,54	8,34	8,08	7,69	7,31	6,94	6,59	6,24	5,90	5,56	5,22	8,04	0
25/10/2020 17:05:00	7,95	8,72	8,77	8,48	8,18	7,73	7,34	6,95	6,56	6,19	5,84	5,49	5,13	8,07	0
25/10/2020 17:10:00	8,00	8,91	9,03	8,81	8,48	8,05	7,61	7,18	6,77	6,38	5,98	5,59	5,20	7,95	0
25/10/2020 17:15:00	8,04	8,99	9,03	8,84	8,48	8,04	7,62	7,20	6,81	6,43	6,05	5,68	5,31	7,94	0
25/10/2020 17:20:00	7,90	8,89	8,98	8,73	8,43	8,00	7,57	7,15	6,75	6,38	6,01	5,65	5,29	7,90	0
25/10/2020 17:25:00	7,85	8,67	8,76	8,52	8,13	7,85	7,43	7,02	6,64	6,29	5,94	5,61	5,27	7,77	0
25/10/2020 17:30:00	7,79	8,65	8,72	8,53	8,23	7,83	7,47	7,10	6,73	6,37	6,03	5,69	5,35	7,74	0
25/10/2020 17:35:00	7,71	8,37	8,35	8,21	7,92	7,55	7,21	6,87	6,52	6,19	5,88	5,56	5,24	7,72	0
25/10/2020 17:40:00	7,96	8,41	8,35	8,14	7,79	7,45	7,08	6,71	6,36	6,02	5,70	5,38	5,06	7,95	0
25/10/2020 17:45:00	8,12	8,54	8,42	8,21	7,97	7,57	7,16	6,78	6,43	6,10	5,78	5,46	5,13	8,11	0
25/10/2020 17:50:00	8,16	8,52	8,42	8,16	7,86	7,51	7,14	6,78	6,44	6,13	5,83	5,53	5,23	8,19	0
25/10/2020 17:55:00	8,28	8,62	8,49	8,26	7,95	7,57	7,23	6,89	6,55	6,23	5,93	5,63	5,32	8,32	0
25/10/2020 18:00:00	8,39	8,57	8,46	8,26	7,98	7,67	7,31	6,96	6,64	6,33	6,02	5,72	5,41	8,32	0
25/10/2020 18:05:00	8,33	8,67	8,55	8,38	8,10	7,74	7,33	6,96	6,62	6,29	5,96	5,63	5,29	8,47	0
25/10/2020 18:10:00	8,60	8,77	8,63	8,41	8,10	7,75	7,40	7,06	6,73	6,41	6,11	5,80	5,49	8,55	0
25/10/2020 18:15:00	8,68	8,83	8,73	8,49	8,18	7,83	7,44	7,08	6,74	6,41	6,09	5,76	5,43	8,59	0
25/10/2020 18:20:00	8,66	8,86	8,76	8,55	8,22	7,83	7,44	7,07	6,72	6,38	6,04	5,69	5,34	8,70	0
25/10/2020 18:25:00	8,65	9,08	8,98	8,69	8,42	7,97	7,59	7,22	6,86	6,51	6,18	5,84	5,51	8,71	0
25/10/2020 18:30:00	8,74	9,09	8,97	8,73	8,43	8,09	7,68	7,30	6,96	6,64	6,32	6,00	5,68	8,70	0
25/10/2020 18:35:00	8,62	8,98	8,84	8,55	8,19	7,79	7,42	7,06	6,70	6,37	6,05	5,73	5,41	8,70	0
25/10/2020 18:40:00	8,77	9,01	8,86	8,59	8,22	7,73	7,33	6,95	6,57	6,20	5,84	5,47	5,10	8,75	0
25/10/2020 18:45:00	8,80	9,04	8,87	8,57	8,25	7,81	7,44	7,07	6,72	6,38	6,06	5,73	5,40	8,82	0
25/10/2020 18:50:00	8,83	9,01	8,80	8,55	8,24	7,85	7,46	7,10	6,76	6,44	6,13	5,81	5,49	8,84	0
25/10/2020 18:55:00	8,81	9,00	8,80	8,56	8,26	7,90	7,50	7,14	6,80	6,49	6,18	5,87	5,56	8,75	0
25/10/2020 19:00:00	8,82	9,04	8,86	8,60	8,26	7,88	7,50	7,13	6,79	6,46	6,15	5,83	5,51	8,81	0
25/10/2020 19:05:00	8,81	8,95	8,79	8,53	8,22	7,86	7,47	7,11	6,77	6,45	6,14	5,82	5,50	8,79	0
25/10/2020 19:10:00	8,84	8,84	8,70	8,43	8,18	7,87	7,50	7,15	6,83	6,53	6,24	5,93	5,63	8,86	0
25/10/2020 19:15:00	8,73	8,96	8,82	8,56	8,25	7,85	7,50	7,16	6,82	6,49	6,17	5,85	5,53	8,77	0
25/10/2020 19:20:00	8,78	8,97	8,83	8,58	8,25	7,89	7,52	7,16	6,82	6,50	6,18	5,86	5,54	8,72	0
25/10/2020 19:25:00	8,71	9,03	8,94	8,73	8,43	8,03	7,62	7,24	6,88	6,54	6,19	5,84	5,49	8,70	0
25/10/2020 19:30:00	8,63	8,97	8,83	8,57	8,21	7,81	7,40	7,01	6,65	6,31	5,98	5,64	5,31	8,69	0
25/10/2020 19:35:00	8,70	9,03	8,93	8,67	8,35	7,95	7,55	7,17	6,82	6,48	6,14	5,81	5,47	8,68	0
25/10/2020 19:40:00	8,69	8,99	8,83	8,59	8,25	7,87	7,46	7,08	6,73	6,40	6,07	5,75	5,42	8,70	0
25/10/2020 19:45:00	8,82	8,96	8,74	8,43	8,07	7,68	7,28	6,91	6,57	6,24	5,93	5,62	5,30	8,77	0
25/10/2020 19:50:00	8,74	8,93	8,72	8,41	8,15	7,79	7,40	7,03	6,71	6,40	6,12	5,83	5,54	8,75	0
25/10/2020 19:55:00	8,69	8,99	8,82	8,49	8,19	7,81	7,34	6,93	6,58	6,25	5,93	5,60	5,28	8,82	0
25/10/2020 20:00:00	8,67	9,08	8,96	8,71	8,40	7,95	7,56	7,18	6,82	6,47	6,13	5,78	5,44	8,78	0
25/10/2020 20:05:00	8,68	9,10	8,98	8,70	8,34	7,97	7,57	7,19	6,83	6,49	6,17	5,85	5,52	8,78	0
25/10/2020 20:10:00	8,82	9,05	8,95	8,66	8,38	7,96	7,58	7,22	6,86	6,52	6,18	5,84	5,50	8,70	0
25/10/2020 20:15:00	8,85	9,04	8,86	8,56	8,28	7,85	7,46	7,09	6,74	6,41	6,09	5,77	5,44	8,83	0
25/10/2020 20:20:00	8,91	9,14	8,93	8,67	8,36	8,03	7,67	7,33	7,01	6,71	6,43	6,15	5,87	8,95	0
25/10/2020 20:25:00	8,99	9,09	8,88	8,63	8,41	8,06	7,68	7,33	7,02	6,72	6,44	6,14	5,84	8,92	0
25/10/2020 20:30:00	8,89	9,12	8,93	8,69	8,42	8,11	7,70	7,33	7,01	6,71	6,42	6,12	5,82	8,92	0
25/10/2020 20:35:00	9,01	9,06	8,88	8,64	8,37	8,02	7,62	7,25	6,93	6,61	6,30	5,98	5,66	8,97	0
25/10/2020 20:40:00	9,09	9,20	9,02	8,73	8,41	8,03	7,65	7,28	6,94	6,62	6,30	5,98	5,66	8,95	0
25/10/2020 20:45:00	9,01	9,18	8,97	8,60	8,28	7,85	7,47	7,11	6,76	6,44	6,13	5,82	5,52	8,97	0
25/10/2020 20:50:00	9,02	9,13	8,90	8,63	8,27	7,89	7,49	7,11	6,77	6,44	6,13	5,81	5,49	8,99	0
25/10/2020 20:55:00	8,99	9,12	8,87	8,58	8,20	7,76	7,39	7,03	6,68	6,35	6,04	5,72	5,40	9,04	0
25/10/2020 21:00:00	9,05	9,13	8,92	8,62	8,27	7,88	7,52	7,17	6,83	6,51	6,19	5,88	5,56	9,03	0
25/10/2020 21:05:00	9,07	9,21	9,00	8,72	8,35	7,93	7,53	7,16	6,80	6,46	6,14	5,80	5,47	9,05	0
25/10/2020 21:10:00	9,00	9,12	8,91	8,62	8,26	7,86	7,49	7,13	6,79	6,46	6,14	5,82	5,50	9,05	0
25/10/2020 21:15:00	9,08	9,17	8,94	8,63	8,33	7,96	7,56	7,20	6,86	6,55	6,25	5,95	5,65	9,07	0
25/10/2020 21:20:00	9,01	9,17	8,95	8,64	8,31	7,92	7,52	7,15	6,81	6,48	6,17	5,86	5,54	9,00	0
25/10/2020 21:25:00	8,98	9,13	8,93	8,65	8,37	8,04	7,66	7,31	6,99	6,69	6,40	6,11	5,82	9,05	0
25/10/2020 21:30:00	9,00	9,19	9,01	8,75	8,40	7,99	7,62	7,27	6,92	6,59	6,27	5,95	5,63	9,05	0
25/10/2020 21:35:00	9,03	9,14	8,92	8,61	8,28	7,96	7,54	7,17	6,84	6,53	6,23	5,94	5,64	9,05	0
25/10/2020 21:40:00	9,08	9,24	9,00	8,70	8,33	7,96	7,52	7,13	6,78	6,45	6,13	5,80	5,48	9,13	0
25/10/2020 21:45:00	9,11	9,23	8,98	8,61	8,23	7,84	7,43	7,04	6,69	6,37	6,06	5,75	5,44	9,13	0
25/10/2020 21:50:00	9,08	9,32	9,09	8,78	8,38	7,93	7,52	7,13	6,77	6,42	6,08	5,75	5,41	9,17	0
25/10/2020 21:55:00	9,09	9,28	9,09	8,74	8,38	8,02	7,60	7,21	6,86	6,53	6,22	5,91	5,59	9,11	0
25/10/2020 22:00:00	8,98	9,20	9,01	8,68	8,30	7,88	7,51	7,15	6,79	6,46	6,14	5,82	5,51	9,08	0
25/10/2020 22:05:00	8,93	9,23	9,04	8,74	8,36	8,00	7,56	7,15	6,80	6,46	6,14	5,81	5,49	9,07	0
25/10/2020 22:10:00	9,04	9,27	9,06	8,85	8,43	8,04	7,59	7,18	6,81	6,46	6,11	5,75	5,39	8,98	0
25/10/2020 22:15:00	9,00	9,20	8,97	8,63	8,28	7,84	7,42	7,03	6,67	6,33	6,00	5,67	5,34	8,97	0
25/10/2020 22:20:00	9,04	9,13	8,94	8,63	8,26	7,88	7,51	7,16	6,81	6,49	6,18	5,87	5,56	9,00	0
25/10/2020 22:25:00	8,98	9,07	8,90	8,58	8,23	7,82	7,42	7,03	6,68	6,34	6,00	5,67	5,33	9,02	0
25/10/2020 22:30:00	8,96	9,02	8,80	8,52	8,18	7,82	7,43	7,06	6,72	6,41	6,10	5,79	5,47	8,99	0
25/10/2020 22:35:00	8,97	9,10	8,90	8,61	8,21	7,86	7,46	7,09	6,74	6,41	6,10	5,78	5,47	8,98	0
25/10/2020 22:40:00	8,99	9,00	8,74	8,44	8,08	7,72	7,37	7,03	6,71	6,40	6,11	5,82	5,53	8,97	0
25/10/2020 22:45:00	8,98	9,05	8,77	8,48	8,15	7,76	7,41	7,08	6,75	6,45	6,17	5,88	5,59	8,98	0
25/10/2020 22:50:00	8,94	9,04	8,79	8,45	8,13	7,81	7,40	7,02	6,70	6,39	6,11	5,82	5,54	8,98	0
25/10/2020 22:55:00	8,92	8,97	8,74	8,43	8,12	7,78	7,37	7,01	6,68	6,37	6,07	5,77	5,46	8,93	0
25/10/2020 23:00:00	8,95	9,03	8,81	8,52	8,15	7,78	7,38	7,00	6,66	6,33	6,01	5,69	5,37	8,92	0
25/10/2020 23:05:00	8,97	9,01	8,78	8,52	8,18	7,78	7,43	7,10	6,76	6,45	6,14	5,83	5,52	8,93	0
25/10/2020 23:10:00	8,94	8,99	8,73	8,42	8,05	7,67	7,24	6,85	6,50	6,17	5,86	5,53	5,21	8,88	0
25/10/2020 23:15:00	8,87	8,98	8,69	8,44	8,07	7,66	7,25	6,88	6,53	6,21	5,90	5,58	5,26	8,88	0
25/10/2020 23:20:00	8,89	8,91	8,63	8,36	8,03	7,66	7,29	6,95	6,62	6,32	6,03	5,73	5,44	8,88	0
25/10/2020 23:25:00	8,93	8,99	8,75	8,41	8,04	7,61	7,20	6,82	6,46	6,13	5,80	5,47	5,15	8,92	0
25/10/2020 23:30:00	8,90	9,04	8,75	8,42	8,03	7,63	7,20	6,81	6,46	6,14	5,83	5,52	5,21	8,91	0
25/10/2020 23:35:00	8,90	8,95	8,69	8,37	8,03	7,63	7,22	6,84	6,50	6,17	5,87	5,55	5,24	8,87	0
25/10/2020 23:40:00	8,87	8,94	8,69	8,36	8,00	7,58	7,22	6,88	6,53	6,21	5,91	5,60	5,30	8,93	0
25/10/2020 23:45:00	8,99	9,07	8,81	8,55	8,21	7,78	7,39	7,03	6,69	6,36	6,05	5,73	5,41	8,96	0
25/10/2020 23:50:00	9,01	9,09	8,78	8,46	8,10	7,73	7,34	6,98	6,65	6,35	6,07	5,78	5,49	8,99	0
25/10/2020 23:55:00	8,92	9,00	8,76	8,43	8,05	7,62	7,26	6,91	6,56	6,23	5,92	5,60	5,29	8,97	0
