FileFormat:0002.2 file with temperature of atmosphere
200
local	GMT or Local
0	GMT-Local=[hours]
0	Height[m]
0	0	0	Longitude                [grd]               [min]               [sec]
0	0	0	Latitude                [grd]               [min]               [sec]
N	NS
59,40	Freq[GHz]
0,00	dTemostat[K]
0,150	MessErr[K]
0,248	//[grad/step]
version 14.0.20110218
MTP5H033F5940K-33.00D180214+A1.1
Commentary:
enter comment
End Of Commentary

SYSTEM\summer.dat
data time	0	50	100	150	200	250	300	350	400	450	500	550	600	OutsideTemperature	Quality
18/05/2020 00:00:00	9,13	11,05	11,57	11,63	11,46	11,09	10,66	10,23	9,81	9,37	8,90	8,43	7,96	9,51	0
18/05/2020 00:05:00	9,49	11,22	11,58	11,53	11,37	11,01	10,50	10,04	9,63	9,21	8,77	8,33	7,88	9,55	0
18/05/2020 00:10:00	9,80	11,09	11,38	11,29	11,11	10,72	10,32	9,92	9,53	9,13	8,71	8,28	7,85	9,81	0
18/05/2020 00:15:00	9,92	11,17	11,38	11,26	10,98	10,61	10,17	9,74	9,34	8,94	8,52	8,10	7,68	9,63	0
18/05/2020 00:20:00	9,95	11,29	11,37	11,17	10,85	10,43	9,97	9,53	9,12	8,73	8,33	7,93	7,54	9,82	0
18/05/2020 00:25:00	9,86	11,21	11,24	11,06	10,74	10,35	9,87	9,42	9,02	8,64	8,26	7,88	7,50	9,75	0
18/05/2020 00:30:00	9,94	11,22	11,21	10,99	10,67	10,27	9,79	9,34	8,95	8,57	8,20	7,83	7,46	9,98	0
18/05/2020 00:35:00	9,83	11,05	11,23	11,14	10,89	10,50	10,04	9,60	9,21	8,81	8,38	7,95	7,52	9,82	0
18/05/2020 00:40:00	9,54	11,31	11,51	11,36	11,03	10,60	10,12	9,66	9,23	8,81	8,40	7,98	7,57	9,84	0
18/05/2020 00:45:00	9,75	11,22	11,35	11,09	10,76	10,32	9,81	9,33	8,90	8,49	8,07	7,66	7,25	9,88	0
18/05/2020 00:50:00	9,82	11,11	11,17	10,92	10,62	10,22	9,73	9,28	8,87	8,48	8,10	7,71	7,32	9,78	0
18/05/2020 00:55:00	9,85	10,97	11,01	10,84	10,60	10,22	9,80	9,40	9,02	8,66	8,30	7,93	7,56	9,67	0
18/05/2020 01:00:00	9,69	10,75	10,76	10,52	10,22	9,80	9,38	8,98	8,59	8,22	7,85	7,49	7,12	9,65	0
18/05/2020 01:05:00	9,59	10,68	10,67	10,49	10,20	9,77	9,33	8,91	8,52	8,15	7,78	7,40	7,03	9,57	0
18/05/2020 01:10:00	9,50	10,69	10,79	10,62	10,32	9,90	9,49	9,09	8,69	8,31	7,92	7,53	7,15	9,52	0
18/05/2020 01:15:00	9,47	10,75	10,84	10,62	10,28	9,82	9,33	8,86	8,44	8,03	7,61	7,19	6,77	9,50	0
18/05/2020 01:20:00	9,35	10,67	10,76	10,60	10,35	9,94	9,48	9,05	8,65	8,28	7,89	7,51	7,12	9,45	0
18/05/2020 01:25:00	9,50	10,62	10,77	10,57	10,28	9,86	9,39	8,94	8,53	8,13	7,71	7,29	6,87	9,45	0
18/05/2020 01:30:00	9,31	10,79	10,96	10,80	10,40	10,00	9,47	8,99	8,55	8,13	7,70	7,27	6,84	9,39	0
18/05/2020 01:35:00	9,51	10,74	10,80	10,63	10,39	9,96	9,52	9,10	8,71	8,33	7,95	7,57	7,18	9,47	0
18/05/2020 01:40:00	9,33	10,83	10,89	10,64	10,32	9,93	9,44	8,99	8,58	8,21	7,84	7,48	7,11	9,45	0
18/05/2020 01:45:00	9,49	10,82	10,84	10,59	10,19	9,76	9,32	8,89	8,48	8,10	7,73	7,36	6,99	9,47	0
18/05/2020 01:50:00	9,48	10,74	10,77	10,55	10,22	9,79	9,32	8,87	8,46	8,08	7,69	7,30	6,92	9,41	0
18/05/2020 01:55:00	9,33	10,59	10,66	10,46	10,13	9,71	9,25	8,82	8,41	8,02	7,63	7,24	6,85	9,38	0
18/05/2020 02:00:00	9,34	10,59	10,69	10,50	10,17	9,71	9,17	8,68	8,25	7,83	7,39	6,96	6,52	9,28	0
18/05/2020 02:05:00	9,40	10,66	10,68	10,46	10,08	9,52	9,04	8,58	8,14	7,71	7,27	6,84	6,41	9,43	0
18/05/2020 02:10:00	9,40	10,53	10,58	10,33	9,94	9,46	8,96	8,49	8,06	7,64	7,22	6,80	6,38	9,30	0
18/05/2020 02:15:00	9,39	10,52	10,49	10,24	9,84	9,36	8,83	8,34	7,92	7,51	7,09	6,68	6,27	9,33	0
18/05/2020 02:20:00	9,25	10,50	10,53	10,28	9,80	9,26	8,73	8,24	7,78	7,34	6,89	6,45	6,00	9,37	0
18/05/2020 02:25:00	9,23	10,63	10,68	10,40	9,96	9,43	8,85	8,32	7,86	7,41	6,96	6,51	6,06	9,33	0
18/05/2020 02:30:00	9,41	10,54	10,59	10,28	9,84	9,32	8,76	8,24	7,79	7,34	6,89	6,44	5,99	9,28	0
18/05/2020 02:35:00	9,35	10,60	10,65	10,30	9,85	9,31	8,76	8,24	7,78	7,33	6,89	6,45	6,01	9,25	0
18/05/2020 02:40:00	9,36	10,50	10,51	10,16	9,71	9,21	8,61	8,09	7,63	7,19	6,75	6,31	5,88	9,29	0
18/05/2020 02:45:00	9,27	10,59	10,54	10,14	9,67	9,12	8,58	8,07	7,61	7,18	6,77	6,37	5,96	9,28	0
18/05/2020 02:50:00	9,24	10,49	10,49	10,15	9,66	9,07	8,49	7,95	7,47	7,01	6,54	6,08	5,63	9,26	0
18/05/2020 02:55:00	9,24	10,44	10,42	10,12	9,66	9,07	8,50	7,98	7,51	7,06	6,60	6,15	5,70	9,23	0
18/05/2020 03:00:00	9,09	10,33	10,38	10,02	9,51	8,99	8,41	7,88	7,41	6,95	6,49	6,05	5,60	9,17	0
18/05/2020 03:05:00	9,10	10,36	10,31	10,00	9,52	9,05	8,44	7,90	7,45	7,02	6,60	6,18	5,76	9,10	0
18/05/2020 03:10:00	9,07	10,15	10,15	9,87	9,37	8,90	8,32	7,80	7,35	6,92	6,48	6,05	5,61	9,13	0
18/05/2020 03:15:00	9,11	10,18	10,20	9,91	9,45	8,91	8,37	7,87	7,41	6,97	6,52	6,08	5,64	9,02	0
18/05/2020 03:20:00	8,88	10,18	10,15	9,86	9,38	8,80	8,25	7,74	7,28	6,84	6,39	5,96	5,53	9,06	0
18/05/2020 03:25:00	9,04	10,35	10,43	10,15	9,65	9,09	8,49	7,94	7,46	6,98	6,50	6,02	5,55	9,08	0
18/05/2020 03:30:00	9,01	10,27	10,36	10,07	9,61	9,05	8,47	7,94	7,47	7,00	6,52	6,05	5,59	9,08	0
18/05/2020 03:35:00	9,05	10,25	10,29	10,01	9,52	8,94	8,36	7,83	7,36	6,89	6,41	5,94	5,47	9,03	0
18/05/2020 03:40:00	8,82	10,67	10,75	10,44	9,92	9,30	8,65	8,06	7,54	7,05	6,56	6,09	5,62	8,94	0
18/05/2020 03:45:00	9,06	10,55	10,64	10,35	9,86	9,29	8,72	8,19	7,71	7,24	6,77	6,30	5,84	8,88	0
18/05/2020 03:50:00	8,80	10,18	10,37	10,10	9,69	9,14	8,55	8,02	7,54	7,06	6,58	6,09	5,61	8,90	0
18/05/2020 03:55:00	8,79	10,38	10,50	10,19	9,74	9,15	8,56	8,01	7,52	7,04	6,57	6,11	5,64	8,91	0
18/05/2020 04:00:00	8,76	10,40	10,62	10,31	9,88	9,26	8,64	8,07	7,56	7,05	6,53	6,02	5,51	8,88	0
18/05/2020 04:05:00	8,91	10,38	10,49	10,17	9,68	9,14	8,54	7,99	7,50	7,03	6,56	6,09	5,63	8,85	0
18/05/2020 04:10:00	8,58	10,31	10,47	10,14	9,62	9,02	8,39	7,81	7,30	6,81	6,31	5,83	5,35	8,77	0
18/05/2020 04:15:00	8,79	10,33	10,42	10,09	9,64	9,03	8,42	7,86	7,37	6,89	6,41	5,94	5,47	8,77	0
18/05/2020 04:20:00	8,55	10,21	10,30	9,96	9,48	8,96	8,28	7,69	7,20	6,73	6,26	5,81	5,36	8,76	0
18/05/2020 04:25:00	8,83	10,08	10,13	9,83	9,37	8,72	8,17	7,64	7,16	6,68	6,20	5,72	5,25	8,72	0
18/05/2020 04:30:00	8,58	10,09	10,11	9,74	9,24	8,63	8,01	7,45	6,96	6,50	6,04	5,59	5,15	8,67	0
18/05/2020 04:35:00	8,68	9,94	9,94	9,58	9,04	8,46	7,87	7,33	6,85	6,38	5,92	5,47	5,03	8,70	0
18/05/2020 04:40:00	8,69	9,78	9,76	9,46	8,99	8,37	7,77	7,22	6,75	6,28	5,80	5,33	4,86	8,57	0
18/05/2020 04:45:00	8,47	9,78	9,71	9,39	8,90	8,28	7,67	7,12	6,64	6,18	5,72	5,27	4,83	8,60	0
18/05/2020 04:50:00	8,55	9,53	9,48	9,18	8,72	8,18	7,57	7,03	6,57	6,12	5,68	5,23	4,79	8,55	0
18/05/2020 04:55:00	8,61	9,77	9,70	9,37	8,91	8,37	7,81	7,31	6,86	6,44	6,02	5,62	5,21	8,47	0
18/05/2020 05:00:00	8,35	9,63	9,58	9,22	8,81	8,18	7,60	7,07	6,60	6,16	5,73	5,30	4,88	8,45	0
18/05/2020 05:05:00	8,25	9,54	9,51	9,15	8,70	8,12	7,56	7,04	6,58	6,15	5,72	5,30	4,89	8,37	0
18/05/2020 05:10:00	8,29	9,36	9,25	8,93	8,51	7,98	7,41	6,90	6,46	6,05	5,65	5,25	4,86	8,28	0
18/05/2020 05:15:00	8,32	9,30	9,18	8,83	8,30	7,78	7,19	6,66	6,21	5,78	5,36	4,96	4,55	8,29	0
18/05/2020 05:20:00	8,15	9,17	9,05	8,71	8,21	7,63	7,04	6,52	6,06	5,62	5,19	4,77	4,35	8,30	0
18/05/2020 05:25:00	8,22	9,18	9,01	8,58	8,10	7,49	6,86	6,31	5,85	5,41	4,98	4,57	4,15	8,22	0
18/05/2020 05:30:00	8,07	9,05	8,99	8,61	8,11	7,47	6,90	6,38	5,90	5,45	5,00	4,56	4,12	8,20	0
18/05/2020 05:35:00	8,11	9,05	8,97	8,59	8,11	7,52	6,94	6,41	5,95	5,51	5,08	4,65	4,23	8,07	0
18/05/2020 05:40:00	8,08	8,92	8,77	8,38	7,92	7,29	6,72	6,20	5,74	5,31	4,88	4,47	4,05	8,07	0
18/05/2020 05:45:00	8,00	8,84	8,68	8,30	7,83	7,23	6,64	6,11	5,66	5,23	4,81	4,40	3,99	8,03	0
18/05/2020 05:50:00	7,98	8,84	8,62	8,25	7,71	7,15	6,55	6,02	5,57	5,15	4,74	4,34	3,95	8,04	0
18/05/2020 05:55:00	8,05	8,93	8,71	8,34	7,82	7,21	6,64	6,12	5,67	5,25	4,83	4,43	4,03	8,07	0
18/05/2020 06:00:00	7,98	8,82	8,66	8,23	7,77	7,18	6,60	6,08	5,63	5,21	4,80	4,41	4,01	8,05	0
18/05/2020 06:05:00	7,96	8,75	8,61	8,16	7,63	7,04	6,51	6,02	5,57	5,14	4,74	4,35	3,96	7,91	0
18/05/2020 06:10:00	7,91	8,80	8,65	8,20	7,67	7,04	6,45	5,91	5,44	5,00	4,57	4,16	3,75	7,92	0
18/05/2020 06:15:00	8,18	8,51	8,13	7,68	7,24	6,67	6,13	5,65	5,25	4,88	4,53	4,19	3,85	7,98	0
18/05/2020 06:20:00	8,07	8,27	7,81	7,35	6,84	6,24	5,68	5,20	4,79	4,42	4,06	3,72	3,38	8,10	0
18/05/2020 06:25:00	8,04	8,18	7,79	7,36	6,80	6,27	5,75	5,29	4,89	4,51	4,16	3,82	3,48	8,14	0
18/05/2020 06:30:00	8,11	8,25	7,83	7,35	6,88	6,29	5,72	5,22	4,81	4,43	4,07	3,71	3,36	8,01	0
18/05/2020 06:35:00	8,26	8,23	7,78	7,29	6,71	6,16	5,63	5,15	4,75	4,37	4,02	3,68	3,33	8,21	0
18/05/2020 06:40:00	8,77	8,35	7,62	7,15	6,66	6,11	5,59	5,16	4,81	4,49	4,21	3,92	3,63	8,20	0
18/05/2020 06:45:00	8,86	8,46	7,68	7,12	6,50	5,83	5,32	4,87	4,48	4,14	3,82	3,52	3,21	8,37	0
18/05/2020 06:50:00	8,75	8,38	7,76	7,26	6,69	6,11	5,51	5,02	4,62	4,25	3,90	3,55	3,20	8,51	0
18/05/2020 06:55:00	8,71	8,25	7,64	7,14	6,65	6,08	5,60	5,17	4,81	4,47	4,16	3,85	3,54	8,37	0
18/05/2020 07:00:00	8,58	8,23	7,76	7,35	6,78	6,25	5,70	5,23	4,84	4,46	4,09	3,72	3,36	8,28	0
18/05/2020 07:05:00	8,49	8,23	7,73	7,25	6,73	6,16	5,63	5,17	4,78	4,42	4,07	3,73	3,39	8,27	0
18/05/2020 07:10:00	8,64	8,28	7,78	7,34	6,84	6,41	5,82	5,34	4,98	4,64	4,31	3,98	3,65	8,18	0
18/05/2020 07:15:00	8,40	8,23	7,81	7,38	6,90	6,35	5,91	5,50	5,12	4,77	4,44	4,11	3,78	8,43	0
18/05/2020 07:20:00	7,96	8,12	7,91	7,54	7,19	6,68	6,27	5,88	5,50	5,15	4,82	4,48	4,15	7,94	0
18/05/2020 07:25:00	7,87	8,06	7,97	7,58	7,26	6,83	6,42	6,04	5,67	5,32	4,99	4,67	4,34	7,90	0
18/05/2020 07:30:00	7,70	7,86	7,77	7,64	7,39	7,21	6,98	6,73	6,45	6,20	5,98	5,75	5,52	7,81	0
18/05/2020 07:35:00	7,43	7,52	7,47	7,27	7,06	6,80	6,56	6,28	5,99	5,72	5,47	5,22	4,96	7,36	0
18/05/2020 07:40:00	7,31	7,44	7,37	7,17	6,97	6,63	6,41	6,15	5,85	5,57	5,32	5,06	4,80	7,20	0
18/05/2020 07:45:00	7,22	7,15	7,07	6,85	6,64	6,43	6,15	5,88	5,59	5,34	5,10	4,86	4,62	6,77	0
18/05/2020 07:50:00	6,89	6,91	6,78	6,48	6,20	5,97	5,67	5,37	5,07	4,81	4,58	4,35	4,12	6,69	0
18/05/2020 07:55:00	6,74	6,49	6,26	6,01	5,79	5,66	5,36	5,09	4,84	4,63	4,46	4,28	4,11	6,73	0
18/05/2020 08:00:00	6,84	6,48	6,31	6,06	5,75	5,47	5,16	4,87	4,57	4,29	4,03	3,77	3,51	6,78	0
18/05/2020 08:05:00	6,96	6,50	6,27	5,98	5,78	5,55	5,24	4,95	4,69	4,44	4,23	4,01	3,79	6,83	0
18/05/2020 08:10:00	6,96	6,53	6,22	5,96	5,71	5,31	4,99	4,68	4,38	4,10	3,85	3,59	3,33	6,81	0
18/05/2020 08:15:00	7,30	6,62	6,21	5,83	5,52	5,18	4,78	4,44	4,15	3,88	3,64	3,39	3,15	7,14	0
18/05/2020 08:20:00	7,58	6,78	6,29	5,81	5,48	5,08	4,64	4,28	3,97	3,69	3,45	3,20	2,95	7,25	0
18/05/2020 08:25:00	7,97	6,86	6,20	5,70	5,29	4,89	4,44	4,08	3,78	3,51	3,28	3,04	2,80	7,35	0
18/05/2020 08:30:00	9,14	7,00	5,98	5,43	4,97	4,58	4,22	3,94	3,70	3,49	3,32	3,13	2,95	7,63	0
18/05/2020 08:35:00	8,53	7,26	6,45	5,94	5,40	4,97	4,45	4,04	3,73	3,45	3,19	2,93	2,67	7,87	0
18/05/2020 08:40:00	8,52	7,29	6,55	6,04	5,61	5,07	4,56	4,15	3,83	3,53	3,24	2,94	2,65	7,82	0
18/05/2020 08:45:00	8,73	7,24	6,47	5,91	5,46	5,03	4,56	4,19	3,90	3,63	3,38	3,13	2,88	7,89	0
18/05/2020 08:50:00	8,42	7,43	6,69	6,16	5,63	5,11	4,63	4,23	3,90	3,59	3,31	3,04	2,76	7,98	0
18/05/2020 08:55:00	8,40	7,36	6,77	6,26	5,81	5,34	4,87	4,47	4,14	3,83	3,54	3,24	2,95	7,75	0
18/05/2020 09:00:00	8,18	7,50	6,97	6,51	6,11	5,57	5,05	4,61	4,26	3,92	3,60	3,27	2,95	7,96	0
18/05/2020 09:05:00	8,10	7,52	7,00	6,49	6,02	5,53	5,03	4,60	4,25	3,92	3,62	3,31	3,01	8,01	0
18/05/2020 09:10:00	7,86	7,44	7,13	6,67	6,17	5,71	5,20	4,75	4,37	4,00	3,65	3,30	2,95	7,85	0
18/05/2020 09:15:00	7,84	7,53	7,15	6,67	6,18	5,65	5,11	4,64	4,25	3,88	3,53	3,18	2,83	7,67	0
18/05/2020 09:20:00	8,00	7,59	7,16	6,71	6,20	5,60	5,08	4,62	4,22	3,84	3,47	3,10	2,73	7,93	0
18/05/2020 09:25:00	8,23	7,57	7,10	6,63	6,13	5,59	5,05	4,60	4,23	3,86	3,50	3,14	2,79	8,13	0
18/05/2020 09:30:00	8,54	7,56	6,99	6,51	6,02	5,50	4,99	4,56	4,21	3,86	3,53	3,20	2,86	8,16	0
18/05/2020 09:35:00	8,46	7,65	7,01	6,54	6,05	5,54	5,05	4,64	4,30	3,99	3,69	3,39	3,09	8,03	0
18/05/2020 09:40:00	8,75	7,64	6,86	6,34	5,85	5,29	4,79	4,39	4,06	3,74	3,45	3,16	2,86	8,44	0
18/05/2020 09:45:00	8,39	7,78	7,03	6,54	5,99	5,39	4,90	4,47	4,12	3,79	3,50	3,21	2,91	8,19	0
18/05/2020 09:50:00	9,73	7,83	6,67	6,04	5,52	5,09	4,67	4,34	4,09	3,88	3,71	3,54	3,36	8,37	1
18/05/2020 09:55:00	10,80	7,65	6,47	5,90	5,48	5,12	4,87	4,67	4,49	4,32	4,17	4,00	3,82	9,00	1
18/05/2020 10:00:00	11,02	8,33	6,66	5,91	5,41	4,98	4,58	4,30	4,12	3,99	3,91	3,82	3,73	9,23	1
18/05/2020 10:05:00	11,40	8,65	6,95	6,12	5,45	4,94	4,48	4,14	3,92	3,74	3,62	3,48	3,34	9,90	1
18/05/2020 10:10:00	11,97	8,34	6,81	6,00	5,49	5,00	4,64	4,39	4,20	4,02	3,87	3,70	3,53	9,58	1
18/05/2020 10:15:00	10,93	8,33	7,26	6,59	6,11	5,62	5,20	4,87	4,60	4,34	4,08	3,82	3,55	9,37	1
18/05/2020 10:20:00	11,80	8,30	6,83	6,14	5,75	5,42	5,11	4,91	4,77	4,64	4,55	4,42	4,30	9,25	1
18/05/2020 10:25:00	10,63	9,05	7,64	6,98	6,40	5,76	5,21	4,79	4,50	4,25	4,04	3,82	3,59	9,97	1
18/05/2020 10:30:00	9,93	8,63	7,69	7,04	6,55	6,01	5,52	5,12	4,80	4,51	4,26	4,00	3,74	9,96	0
18/05/2020 10:35:00	11,74	8,69	7,37	6,67	6,11	5,71	5,35	5,08	4,87	4,67	4,50	4,31	4,12	9,83	1
18/05/2020 10:40:00	12,28	8,50	7,07	6,42	6,05	5,68	5,40	5,21	5,07	4,92	4,79	4,63	4,46	10,40	1
18/05/2020 10:45:00	11,79	9,10	7,56	6,87	6,31	5,89	5,49	5,20	4,99	4,82	4,70	4,55	4,40	10,07	1
18/05/2020 10:50:00	10,61	8,82	7,93	7,29	6,75	6,27	5,80	5,42	5,12	4,84	4,57	4,30	4,02	10,05	0
18/05/2020 10:55:00	11,78	9,06	7,73	6,88	6,29	5,79	5,30	4,94	4,68	4,44	4,23	4,02	3,80	9,99	1
18/05/2020 11:00:00	11,48	9,20	7,84	7,21	6,75	6,29	5,83	5,51	5,29	5,09	4,92	4,73	4,54	10,33	1
18/05/2020 11:05:00	11,78	9,68	8,39	7,55	6,77	6,07	5,53	5,09	4,73	4,40	4,10	3,80	3,49	10,53	1
18/05/2020 11:10:00	12,27	9,64	7,93	7,04	6,38	5,81	5,33	4,98	4,74	4,54	4,40	4,24	4,08	10,78	1
18/05/2020 11:15:00	11,50	9,47	8,35	7,57	6,95	6,43	5,88	5,46	5,15	4,86	4,59	4,32	4,04	11,15	1
18/05/2020 11:20:00	12,11	9,49	7,82	7,06	6,52	6,00	5,52	5,18	4,97	4,79	4,65	4,49	4,34	10,53	1
18/05/2020 11:25:00	11,11	9,58	8,57	7,96	7,35	6,77	6,19	5,74	5,40	5,07	4,76	4,43	4,10	10,75	0
18/05/2020 11:30:00	12,76	10,01	7,91	6,97	6,26	5,70	5,20	4,85	4,65	4,51	4,46	4,38	4,30	10,77	1
18/05/2020 11:35:00	11,78	9,48	8,23	7,57	7,01	6,52	6,09	5,76	5,50	5,25	5,03	4,80	4,56	11,33	1
18/05/2020 11:40:00	12,06	9,63	8,53	7,85	7,30	6,76	6,33	5,99	5,70	5,41	5,13	4,84	4,54	11,49	1
18/05/2020 11:45:00	10,69	10,01	9,23	8,62	7,97	7,37	6,73	6,21	5,81	5,43	5,07	4,70	4,33	10,80	0
18/05/2020 11:50:00	12,81	9,94	8,36	7,60	7,02	6,49	6,00	5,66	5,43	5,22	5,03	4,82	4,60	11,09	1
18/05/2020 11:55:00	10,79	10,10	9,27	8,63	8,00	7,36	6,79	6,32	5,93	5,57	5,23	4,89	4,55	11,27	0
18/05/2020 12:00:00	12,75	9,88	8,68	8,12	7,68	7,31	6,86	6,54	6,32	6,08	5,84	5,57	5,29	11,61	1
18/05/2020 12:05:00	12,43	10,25	9,03	8,39	7,86	7,31	6,75	6,34	6,04	5,75	5,45	5,14	4,82	12,02	1
18/05/2020 12:10:00	11,40	10,24	9,32	8,73	8,15	7,49	6,92	6,46	6,10	5,74	5,39	5,02	4,66	11,37	0
18/05/2020 12:15:00	11,66	10,12	9,21	8,60	8,02	7,51	6,92	6,47	6,12	5,78	5,44	5,09	4,74	11,53	0
18/05/2020 12:20:00	11,42	10,27	9,36	8,80	8,24	7,59	7,02	6,57	6,20	5,84	5,48	5,11	4,74	11,32	0
18/05/2020 12:25:00	11,42	10,04	9,19	8,62	8,03	7,37	6,86	6,43	6,06	5,70	5,33	4,96	4,58	11,33	0
18/05/2020 12:30:00	10,58	10,21	9,58	9,05	8,46	7,74	7,11	6,59	6,16	5,73	5,31	4,88	4,45	11,24	0
18/05/2020 12:35:00	9,87	9,86	9,47	9,03	8,54	7,94	7,34	6,84	6,42	6,00	5,58	5,16	4,74	10,85	0
18/05/2020 12:40:00	9,95	9,90	9,40	8,82	8,26	7,59	7,02	6,53	6,10	5,70	5,30	4,92	4,53	10,76	0
18/05/2020 12:45:00	11,25	9,91	9,05	8,49	7,90	7,43	6,93	6,53	6,21	5,90	5,61	5,30	5,00	10,99	0
18/05/2020 12:50:00	11,53	10,08	9,16	8,60	8,06	7,51	6,95	6,52	6,19	5,87	5,54	5,21	4,87	11,17	0
18/05/2020 12:55:00	11,85	10,55	9,51	8,84	8,20	7,50	6,88	6,39	6,01	5,64	5,27	4,89	4,52	11,90	0
18/05/2020 13:00:00	11,30	10,37	9,59	8,99	8,37	7,70	7,10	6,61	6,21	5,82	5,42	5,02	4,62	11,79	0
18/05/2020 13:05:00	11,78	10,42	9,50	8,96	8,41	7,87	7,28	6,82	6,48	6,12	5,77	5,40	5,03	11,95	0
18/05/2020 13:10:00	10,94	11,02	10,16	9,46	8,61	7,79	7,10	6,51	6,03	5,58	5,15	4,74	4,33	11,91	0
18/05/2020 13:15:00	10,84	11,36	9,93	9,10	8,28	7,43	6,73	6,15	5,74	5,40	5,16	4,93	4,70	11,78	0
18/05/2020 13:20:00	11,12	10,97	10,01	9,37	8,58	7,83	7,17	6,62	6,20	5,81	5,45	5,09	4,73	11,89	0
18/05/2020 13:25:00	13,01	11,09	9,56	8,78	8,14	7,46	6,94	6,55	6,26	6,00	5,78	5,55	5,31	12,41	1
18/05/2020 13:30:00	12,38	10,87	9,82	9,10	8,42	7,78	7,22	6,76	6,40	6,06	5,73	5,39	5,05	11,47	1
18/05/2020 13:35:00	13,49	11,08	9,61	8,75	8,03	7,35	6,79	6,37	6,05	5,76	5,48	5,19	4,91	12,60	1
18/05/2020 13:40:00	13,74	10,40	9,15	8,57	8,19	7,74	7,36	7,09	6,87	6,63	6,36	6,06	5,76	13,00	1
18/05/2020 13:45:00	12,81	10,65	9,60	9,06	8,56	8,08	7,68	7,37	7,11	6,85	6,59	6,30	6,02	12,20	1
18/05/2020 13:50:00	11,70	11,11	10,36	9,77	9,20	8,59	7,97	7,47	7,08	6,70	6,32	5,94	5,56	12,26	0
18/05/2020 13:55:00	11,71	11,00	10,21	9,63	9,01	8,31	7,70	7,20	6,79	6,38	5,98	5,57	5,16	12,75	0
18/05/2020 14:00:00	11,13	11,13	10,56	10,03	9,44	8,74	8,09	7,54	7,10	6,67	6,23	5,80	5,36	12,10	0
18/05/2020 14:05:00	11,08	11,14	10,60	10,11	9,52	8,87	8,19	7,63	7,19	6,75	6,30	5,86	5,41	12,13	0
18/05/2020 14:10:00	10,77	11,22	10,82	10,33	9,71	9,02	8,32	7,73	7,25	6,78	6,30	5,83	5,35	12,15	0
18/05/2020 14:15:00	10,36	11,17	10,84	10,16	9,17	7,73	6,56	5,59	4,82	4,01	3,12	2,25	1,39	11,97	0
18/05/2020 14:20:00	7,94	7,39	6,71	6,21	5,75	5,34	5,03	4,73	4,43	4,19	4,01	3,83	3,66	8,52	0
18/05/2020 14:25:00	7,18	6,63	6,15	5,69	5,32	4,90	4,50	4,15	3,84	3,56	3,32	3,08	2,84	7,27	0
18/05/2020 14:30:00	6,55	6,18	5,77	5,37	5,06	4,78	4,55	4,29	4,02	3,81	3,65	3,50	3,35	6,36	0
18/05/2020 14:35:00	6,28	6,08	5,92	5,65	5,35	5,10	4,88	4,62	4,33	4,08	3,87	3,65	3,44	6,48	0
18/05/2020 14:40:00	6,17	5,94	5,76	5,59	5,37	5,10	4,87	4,62	4,35	4,10	3,89	3,68	3,46	6,21	0
18/05/2020 14:45:00	6,02	5,91	5,71	5,48	5,26	5,06	4,82	4,57	4,30	4,08	3,90	3,72	3,54	6,07	0
18/05/2020 14:50:00	6,18	5,72	5,38	5,12	4,93	4,74	4,50	4,27	4,03	3,84	3,70	3,55	3,40	6,31	0
18/05/2020 14:55:00	5,98	5,63	5,39	5,16	4,86	4,54	4,26	3,97	3,68	3,42	3,19	2,95	2,72	6,02	0
18/05/2020 15:00:00	5,93	5,64	5,35	4,97	4,71	4,34	4,09	3,82	3,53	3,27	3,07	2,87	2,67	5,99	0
18/05/2020 15:05:00	5,75	5,51	5,29	4,99	4,64	4,29	3,90	3,54	3,22	2,92	2,66	2,40	2,14	5,83	0
18/05/2020 15:10:00	5,91	5,45	5,24	5,03	4,78	4,53	4,24	3,96	3,69	3,44	3,22	2,99	2,76	5,88	0
18/05/2020 15:15:00	5,78	5,37	5,17	4,94	4,68	4,55	4,35	4,12	3,88	3,67	3,52	3,35	3,19	5,86	0
18/05/2020 15:20:00	5,64	5,40	5,23	5,01	4,71	4,45	4,18	3,90	3,61	3,35	3,13	2,90	2,68	5,73	0
18/05/2020 15:25:00	5,71	5,49	5,29	5,04	4,80	4,57	4,35	4,10	3,83	3,60	3,41	3,23	3,04	5,83	0
18/05/2020 15:30:00	5,85	5,60	5,39	5,15	4,88	4,55	4,16	3,82	3,51	3,23	2,97	2,71	2,44	5,83	0
18/05/2020 15:35:00	6,00	5,61	5,33	4,99	4,68	4,37	4,03	3,70	3,40	3,14	2,91	2,68	2,45	5,93	0
18/05/2020 15:40:00	5,87	5,72	5,47	5,14	4,80	4,53	4,16	3,82	3,52	3,25	3,02	2,80	2,58	6,01	0
18/05/2020 15:45:00	5,95	5,82	5,59	5,23	4,94	4,61	4,26	3,93	3,62	3,34	3,11	2,88	2,65	6,01	0
18/05/2020 15:50:00	5,98	5,84	5,74	5,54	5,27	4,99	4,71	4,42	4,12	3,85	3,60	3,35	3,10	5,96	0
18/05/2020 15:55:00	5,95	5,77	5,63	5,32	4,93	4,56	4,17	3,80	3,45	3,13	2,83	2,54	2,24	6,03	0
18/05/2020 16:00:00	5,90	5,59	5,37	4,97	4,63	4,17	3,68	3,26	2,90	2,56	2,25	1,93	1,62	5,94	0
18/05/2020 16:05:00	5,77	5,59	5,38	4,99	4,43	3,92	3,40	2,93	2,52	2,13	1,75	1,38	1,02	5,95	0
18/05/2020 16:10:00	5,72	5,56	5,30	4,89	4,41	3,87	3,27	2,77	2,37	1,98	1,61	1,25	0,88	5,86	0
18/05/2020 16:15:00	5,70	5,51	5,20	4,78	4,23	3,76	3,22	2,76	2,37	2,00	1,67	1,34	1,01	5,81	0
18/05/2020 16:20:00	5,84	5,44	5,05	4,64	4,14	3,65	3,15	2,72	2,35	2,00	1,69	1,39	1,08	5,89	0
18/05/2020 16:25:00	5,85	5,45	5,01	4,55	4,12	3,54	3,05	2,61	2,24	1,90	1,59	1,29	0,98	5,70	0
18/05/2020 16:30:00	5,71	5,51	5,12	4,64	4,08	3,57	3,03	2,55	2,16	1,80	1,47	1,16	0,85	5,66	0
18/05/2020 16:35:00	5,72	5,47	5,09	4,68	4,15	3,60	3,04	2,56	2,16	1,79	1,44	1,11	0,77	5,58	0
18/05/2020 16:40:00	5,72	5,51	5,12	4,64	4,19	3,65	3,06	2,57	2,19	1,83	1,51	1,19	0,88	5,85	0
18/05/2020 16:45:00	5,65	5,57	5,16	4,69	4,23	3,66	3,11	2,63	2,24	1,89	1,57	1,26	0,95	5,73	0
18/05/2020 16:50:00	5,58	5,61	5,19	4,69	4,16	3,57	2,99	2,49	2,08	1,71	1,38	1,06	0,74	5,75	0
18/05/2020 16:55:00	5,59	5,51	5,15	4,71	4,18	3,64	3,08	2,59	2,19	1,83	1,49	1,17	0,85	5,83	0
18/05/2020 17:00:00	5,71	5,60	5,21	4,73	4,19	3,63	3,06	2,57	2,17	1,80	1,46	1,14	0,82	5,70	0
18/05/2020 17:05:00	5,94	5,69	5,15	4,67	4,16	3,58	3,05	2,59	2,21	1,87	1,58	1,29	1,00	5,80	0
18/05/2020 17:10:00	6,17	5,72	5,20	4,71	4,16	3,56	3,00	2,53	2,14	1,77	1,44	1,12	0,80	5,90	0
18/05/2020 17:15:00	6,20	5,71	5,18	4,70	4,16	3,61	3,04	2,57	2,19	1,83	1,52	1,20	0,89	6,01	0
18/05/2020 17:20:00	5,83	5,70	5,26	4,78	4,12	3,58	3,02	2,53	2,11	1,73	1,39	1,06	0,74	5,91	0
18/05/2020 17:25:00	5,82	5,66	5,14	4,68	4,21	3,66	3,13	2,68	2,31	1,98	1,69	1,42	1,14	5,79	0
18/05/2020 17:30:00	6,14	5,77	5,21	4,71	4,21	3,61	3,06	2,59	2,22	1,87	1,57	1,27	0,98	5,92	0
18/05/2020 17:35:00	6,33	5,78	5,22	4,70	4,17	3,55	3,00	2,53	2,14	1,77	1,44	1,12	0,80	6,26	0
18/05/2020 17:40:00	5,84	5,82	5,40	4,87	4,35	3,76	3,18	2,69	2,28	1,91	1,58	1,26	0,95	6,02	0
18/05/2020 17:45:00	5,86	5,86	5,43	4,99	4,46	3,87	3,35	2,89	2,49	2,12	1,80	1,48	1,16	6,08	0
18/05/2020 17:50:00	6,04	5,95	5,53	5,09	4,54	3,94	3,37	2,87	2,46	2,08	1,73	1,39	1,05	6,20	0
18/05/2020 17:55:00	6,19	6,01	5,57	4,97	4,47	3,88	3,29	2,79	2,39	2,02	1,68	1,36	1,04	6,15	0
18/05/2020 18:00:00	6,20	6,04	5,56	5,03	4,43	3,92	3,37	2,90	2,50	2,14	1,83	1,54	1,24	6,24	0
18/05/2020 18:05:00	6,23	6,15	5,67	5,14	4,58	3,93	3,33	2,82	2,40	2,01	1,65	1,31	0,97	6,18	0
18/05/2020 18:10:00	6,49	6,19	5,63	5,13	4,63	4,01	3,50	3,06	2,68	2,34	2,03	1,73	1,43	6,30	0
18/05/2020 18:15:00	7,55	6,39	5,45	4,79	4,26	3,75	3,21	2,78	2,46	2,18	1,96	1,74	1,53	6,83	0
18/05/2020 18:20:00	7,04	6,46	5,69	5,21	4,66	4,09	3,50	3,04	2,68	2,36	2,08	1,80	1,52	6,99	0
18/05/2020 18:25:00	7,30	6,63	5,86	5,36	4,83	4,13	3,61	3,17	2,80	2,46	2,15	1,83	1,52	6,87	0
18/05/2020 18:30:00	7,60	6,93	5,84	5,25	4,69	4,11	3,56	3,12	2,80	2,54	2,34	2,15	1,95	7,12	0
18/05/2020 18:35:00	7,69	6,85	6,15	5,52	4,97	4,39	3,82	3,35	2,97	2,63	2,32	2,02	1,71	7,45	0
18/05/2020 18:40:00	7,33	6,88	6,30	5,81	5,28	4,68	4,13	3,66	3,28	2,92	2,60	2,27	1,95	7,33	0
18/05/2020 18:45:00	7,27	7,00	6,51	5,98	5,43	4,88	4,24	3,71	3,31	2,93	2,58	2,23	1,89	7,19	0
18/05/2020 18:50:00	7,34	7,08	6,62	6,18	5,70	5,12	4,51	4,01	3,62	3,24	2,88	2,52	2,16	7,47	0
18/05/2020 18:55:00	7,04	7,19	6,87	6,42	5,84	5,26	4,61	4,07	3,63	3,21	2,80	2,41	2,01	7,24	0
18/05/2020 19:00:00	6,69	7,23	6,99	6,57	6,02	5,30	4,72	4,19	3,72	3,27	2,84	2,42	2,00	7,50	0
18/05/2020 19:05:00	6,58	7,20	7,07	6,64	6,13	5,46	4,79	4,22	3,74	3,28	2,82	2,38	1,94	7,16	0
18/05/2020 19:10:00	6,91	7,61	7,42	7,03	6,35	5,56	4,95	4,39	3,88	3,38	2,89	2,41	1,94	7,28	0
18/05/2020 19:15:00	5,48	5,44	5,36	5,13	4,90	4,65	4,46	4,21	3,92	3,67	3,46	3,25	3,04	5,01	0
18/05/2020 19:20:00	5,27	5,32	5,26	5,12	4,87	4,65	4,38	4,10	3,81	3,55	3,33	3,10	2,87	4,87	0
18/05/2020 19:25:00	5,30	5,44	5,43	5,30	5,13	4,88	4,55	4,24	3,95	3,68	3,43	3,17	2,92	4,79	0
18/05/2020 19:30:00	5,65	5,36	5,08	4,79	4,57	4,24	3,86	3,53	3,25	2,99	2,77	2,55	2,32	4,68	0
18/05/2020 19:35:00	5,94	5,34	5,03	4,71	4,36	4,05	3,67	3,33	3,03	2,75	2,51	2,26	2,01	5,17	0
18/05/2020 19:40:00	5,63	5,36	5,10	4,78	4,34	4,02	3,68	3,35	3,02	2,73	2,48	2,23	1,99	5,28	0
18/05/2020 19:45:00	5,15	5,44	5,37	5,13	4,85	4,48	3,96	3,53	3,17	2,84	2,53	2,22	1,91	5,20	0
18/05/2020 19:50:00	4,90	5,54	5,56	5,28	4,91	4,49	3,99	3,54	3,14	2,77	2,43	2,10	1,76	5,15	0
18/05/2020 19:55:00	4,47	5,61	5,70	5,44	5,11	4,70	4,19	3,72	3,30	2,93	2,60	2,27	1,95	4,98	0
18/05/2020 20:00:00	4,42	5,51	5,61	5,40	5,04	4,62	4,14	3,69	3,28	2,91	2,57	2,24	1,91	4,70	0
18/05/2020 20:05:00	4,33	5,46	5,64	5,48	5,13	4,68	4,15	3,67	3,24	2,84	2,46	2,08	1,71	4,53	0
18/05/2020 20:10:00	4,40	5,92	6,10	6,04	5,61	5,16	4,66	4,18	3,75	3,34	2,95	2,57	2,20	4,55	0
18/05/2020 20:15:00	4,60	5,79	6,00	5,75	5,37	4,95	4,44	3,96	3,52	3,12	2,74	2,38	2,01	4,76	0
18/05/2020 20:20:00	4,49	5,80	6,01	5,77	5,39	4,97	4,53	4,09	3,66	3,27	2,91	2,57	2,22	4,69	0
18/05/2020 20:25:00	4,58	5,91	6,12	5,86	5,56	5,14	4,66	4,20	3,78	3,40	3,05	2,72	2,38	4,63	0
18/05/2020 20:30:00	4,65	6,13	6,27	6,04	5,62	5,25	4,77	4,31	3,89	3,52	3,19	2,88	2,56	4,62	0
18/05/2020 20:35:00	4,62	5,74	5,92	5,81	5,45	5,11	4,64	4,20	3,80	3,43	3,08	2,73	2,39	4,61	0
18/05/2020 20:40:00	4,51	5,78	6,02	5,86	5,52	5,10	4,63	4,18	3,76	3,37	3,00	2,64	2,27	4,55	0
18/05/2020 20:45:00	4,59	5,89	6,12	6,06	5,75	5,38	4,92	4,48	4,08	3,71	3,36	3,01	2,67	4,55	0
18/05/2020 20:50:00	4,70	5,98	6,23	6,13	5,75	5,38	4,91	4,46	4,04	3,65	3,28	2,91	2,55	4,60	0
18/05/2020 20:55:00	4,74	5,85	6,22	6,13	5,79	5,40	4,91	4,45	4,02	3,60	3,18	2,77	2,35	4,69	0
18/05/2020 21:00:00	4,64	6,04	6,33	6,19	5,85	5,33	4,85	4,38	3,93	3,49	3,07	2,66	2,24	4,65	0
18/05/2020 21:05:00	4,57	6,16	6,45	6,28	5,91	5,24	4,70	4,18	3,68	3,21	2,73	2,27	1,82	4,85	0
18/05/2020 21:10:00	4,70	6,06	6,32	6,11	5,79	5,29	4,75	4,25	3,80	3,37	2,95	2,55	2,15	4,75	0
18/05/2020 21:15:00	4,70	6,12	6,37	6,12	5,75	5,19	4,60	4,06	3,59	3,13	2,69	2,26	1,84	4,92	0
18/05/2020 21:20:00	5,03	6,34	6,64	6,43	6,09	5,64	5,10	4,60	4,15	3,72	3,30	2,89	2,49	5,08	0
18/05/2020 21:25:00	4,89	6,58	6,86	6,63	6,30	5,71	5,15	4,61	4,13	3,67	3,22	2,79	2,36	5,05	0
18/05/2020 21:30:00	4,89	6,62	6,93	6,71	6,34	5,74	5,27	4,79	4,30	3,85	3,41	3,00	2,58	4,90	0
18/05/2020 21:35:00	4,80	6,54	6,96	6,87	6,49	6,00	5,46	4,94	4,46	3,99	3,53	3,08	2,63	4,84	0
18/05/2020 21:40:00	4,66	6,33	6,71	6,56	6,27	5,73	5,19	4,68	4,21	3,76	3,31	2,87	2,43	4,75	0
18/05/2020 21:45:00	4,85	6,23	6,51	6,38	6,01	5,57	5,10	4,64	4,20	3,79	3,39	3,00	2,62	4,67	0
18/05/2020 21:50:00	4,67	6,30	6,60	6,51	6,14	5,69	5,10	4,57	4,11	3,68	3,25	2,83	2,41	4,68	0
18/05/2020 21:55:00	4,59	6,29	6,71	6,54	6,22	5,63	5,07	4,54	4,04	3,56	3,08	2,61	2,14	4,80	0
18/05/2020 22:00:00	4,95	6,50	6,67	6,40	6,04	5,47	5,00	4,53	4,07	3,64	3,25	2,87	2,49	4,72	0
18/05/2020 22:05:00	4,90	6,25	6,34	6,13	5,73	5,18	4,65	4,15	3,70	3,28	2,87	2,49	2,10	4,74	0
18/05/2020 22:10:00	4,66	6,18	6,31	6,05	5,65	5,20	4,73	4,26	3,82	3,43	3,08	2,75	2,42	4,80	0
18/05/2020 22:15:00	4,46	6,15	6,45	6,31	5,87	5,34	4,85	4,35	3,87	3,42	2,98	2,56	2,14	4,58	0
18/05/2020 22:20:00	4,49	6,01	6,19	5,98	5,58	5,09	4,65	4,20	3,75	3,35	2,97	2,61	2,26	4,54	0
18/05/2020 22:25:00	4,83	5,98	6,09	5,88	5,53	5,06	4,61	4,17	3,75	3,36	3,00	2,65	2,30	4,58	0
18/05/2020 22:30:00	4,60	6,01	6,21	5,97	5,65	5,13	4,63	4,15	3,70	3,29	2,90	2,52	2,15	4,66	0
18/05/2020 22:35:00	4,43	6,08	6,35	6,08	5,62	5,04	4,50	3,97	3,47	3,00	2,55	2,12	1,70	4,75	0
18/05/2020 22:40:00	4,81	6,24	6,41	6,16	5,78	5,28	4,73	4,22	3,76	3,34	2,94	2,55	2,17	4,72	0
18/05/2020 22:45:00	4,73	6,07	6,31	6,10	5,68	5,11	4,59	4,09	3,61	3,16	2,71	2,28	1,85	4,70	0
18/05/2020 22:50:00	4,82	6,14	6,25	6,01	5,52	4,91	4,31	3,77	3,28	2,82	2,37	1,94	1,51	4,71	0
18/05/2020 22:55:00	4,76	6,09	6,19	5,93	5,53	4,98	4,37	3,82	3,36	2,93	2,52	2,12	1,72	4,80	0
18/05/2020 23:00:00	4,74	5,99	6,14	5,90	5,48	4,97	4,37	3,84	3,38	2,94	2,53	2,13	1,73	4,72	0
18/05/2020 23:05:00	4,73	5,97	6,05	5,76	5,35	4,83	4,24	3,72	3,26	2,85	2,45	2,07	1,70	4,76	0
18/05/2020 23:10:00	4,71	6,02	6,10	5,77	5,35	4,82	4,21	3,66	3,20	2,78	2,38	2,00	1,63	4,91	0
18/05/2020 23:15:00	4,74	6,19	6,38	6,11	5,72	5,27	4,68	4,14	3,69	3,27	2,87	2,49	2,12	4,87	0
18/05/2020 23:20:00	4,69	6,14	6,30	6,02	5,67	5,11	4,53	4,01	3,55	3,12	2,71	2,32	1,93	4,68	0
18/05/2020 23:25:00	4,98	6,07	6,17	5,88	5,49	5,02	4,48	3,99	3,56	3,15	2,77	2,41	2,04	4,62	0
18/05/2020 23:30:00	4,58	6,13	6,22	5,95	5,53	4,96	4,45	3,95	3,48	3,06	2,66	2,29	1,92	4,60	0
18/05/2020 23:35:00	4,47	5,76	5,81	5,51	5,10	4,59	4,08	3,60	3,15	2,75	2,39	2,05	1,70	4,61	0
18/05/2020 23:40:00	4,44	5,90	5,95	5,63	5,19	4,79	4,33	3,88	3,45	3,08	2,76	2,46	2,17	4,59	0
18/05/2020 23:45:00	4,41	5,55	5,70	5,49	5,11	4,65	4,15	3,67	3,24	2,84	2,46	2,09	1,73	4,46	0
18/05/2020 23:50:00	4,48	5,58	5,62	5,30	4,87	4,40	3,86	3,35	2,92	2,52	2,16	1,82	1,48	4,35	0
18/05/2020 23:55:00	4,34	5,42	5,43	5,08	4,72	4,21	3,68	3,20	2,77	2,38	2,03	1,69	1,36	4,31	0
