FileFormat:0002.2 file with temperature of atmosphere
200
local	GMT or Local
0	GMT-Local=[hours]
0	Height[m]
0	0	0	Longitude                [grd]               [min]               [sec]
0	0	0	Latitude                [grd]               [min]               [sec]
N	NS
59,40	Freq[GHz]
0,00	dTemostat[K]
0,150	MessErr[K]
0,248	//[grad/step]
version 14.0.20110218
MTP5H033F5940K-33.00D180214+A1.1
Commentary:
enter comment
End Of Commentary

SYSTEM\alaska.dat
data time	0	50	100	150	200	250	300	350	400	450	500	550	600	OutsideTemperature	Quality
26/02/2020 00:00:00	-1,03	1,61	2,24	1,89	1,11	0,09	-0,85	-1,46	-1,77	-2,02	-2,18	-2,24	-2,29	-1,01	0
26/02/2020 00:05:00	-1,26	1,43	2,13	1,87	1,16	0,14	-0,77	-1,37	-1,69	-1,95	-2,12	-2,19	-2,25	-1,12	0
26/02/2020 00:10:00	-1,23	1,54	2,34	2,15	1,39	0,40	-0,61	-1,29	-1,66	-1,96	-2,16	-2,26	-2,35	-1,26	0
26/02/2020 00:15:00	-1,20	1,48	2,25	2,04	1,36	0,36	-0,62	-1,28	-1,62	-1,90	-2,09	-2,17	-2,26	-1,64	0
26/02/2020 00:20:00	-1,52	1,25	1,97	1,60	0,83	-0,15	-1,08	-1,66	-1,95	-2,17	-2,30	-2,32	-2,33	-1,66	0
26/02/2020 00:25:00	-1,47	1,18	1,83	1,53	0,83	-0,12	-1,07	-1,67	-1,96	-2,20	-2,36	-2,43	-2,51	-1,47	0
26/02/2020 00:30:00	-1,38	1,12	1,79	1,55	0,86	-0,12	-1,01	-1,59	-1,89	-2,13	-2,29	-2,34	-2,38	-1,35	0
26/02/2020 00:35:00	-1,33	1,15	1,80	1,55	0,76	-0,18	-1,05	-1,64	-1,95	-2,20	-2,36	-2,41	-2,46	-1,19	0
26/02/2020 00:40:00	-1,45	1,17	1,82	1,47	0,76	-0,25	-1,18	-1,77	-2,06	-2,29	-2,44	-2,48	-2,52	-1,49	0
26/02/2020 00:45:00	-1,49	1,17	1,88	1,54	0,84	-0,15	-1,08	-1,67	-1,97	-2,20	-2,35	-2,38	-2,42	-1,62	0
26/02/2020 00:50:00	-1,59	1,21	1,87	1,57	0,88	-0,06	-0,93	-1,46	-1,70	-1,91	-2,03	-2,06	-2,09	-1,57	0
26/02/2020 00:55:00	-1,60	1,17	2,02	1,76	1,05	0,01	-0,94	-1,61	-1,99	-2,30	-2,51	-2,61	-2,71	-1,70	0
26/02/2020 01:00:00	-1,58	1,22	1,96	1,69	1,01	0,05	-0,84	-1,41	-1,70	-1,94	-2,10	-2,16	-2,22	-1,86	0
26/02/2020 01:05:00	-1,97	0,80	1,60	1,48	0,82	-0,10	-1,02	-1,64	-1,96	-2,23	-2,42	-2,52	-2,62	-1,95	0
26/02/2020 01:10:00	-1,91	0,92	1,62	1,31	0,52	-0,45	-1,42	-2,04	-2,33	-2,57	-2,73	-2,78	-2,83	-2,11	0
26/02/2020 01:15:00	-1,97	0,64	1,45	1,23	0,63	-0,32	-1,25	-1,87	-2,18	-2,43	-2,60	-2,66	-2,72	-1,97	0
26/02/2020 01:20:00	-1,93	0,54	1,33	1,17	0,61	-0,32	-1,28	-1,94	-2,27	-2,54	-2,73	-2,83	-2,93	-1,72	0
26/02/2020 01:25:00	-1,77	0,66	1,33	1,15	0,48	-0,46	-1,34	-1,93	-2,25	-2,50	-2,68	-2,76	-2,84	-1,42	0
26/02/2020 01:30:00	-1,64	0,66	1,28	1,07	0,46	-0,43	-1,26	-1,81	-2,09	-2,32	-2,49	-2,57	-2,65	-1,61	0
26/02/2020 01:35:00	-1,69	0,78	1,48	1,19	0,55	-0,35	-1,28	-1,88	-2,16	-2,39	-2,55	-2,61	-2,67	-1,30	0
26/02/2020 01:40:00	-1,59	1,07	1,85	1,64	1,05	0,05	-0,91	-1,56	-1,89	-2,17	-2,36	-2,47	-2,57	-1,37	0
26/02/2020 01:45:00	-1,63	1,00	1,84	1,70	1,08	0,08	-0,91	-1,59	-1,96	-2,25	-2,46	-2,57	-2,67	-1,57	0
26/02/2020 01:50:00	-1,55	0,88	1,73	1,67	1,07	0,04	-0,99	-1,73	-2,14	-2,46	-2,69	-2,81	-2,93	-1,84	0
26/02/2020 01:55:00	-1,60	0,82	1,71	1,72	1,11	0,10	-0,91	-1,66	-2,09	-2,43	-2,66	-2,79	-2,92	-1,86	0
26/02/2020 02:00:00	-1,76	0,82	1,83	1,82	1,24	0,24	-0,80	-1,57	-2,01	-2,35	-2,58	-2,71	-2,83	-2,17	0
26/02/2020 02:05:00	-2,03	0,63	1,62	1,56	0,93	-0,14	-1,21	-1,97	-2,40	-2,71	-2,91	-2,98	-3,05	-2,28	0
26/02/2020 02:10:00	-2,11	0,56	1,65	1,61	1,08	0,07	-1,03	-1,83	-2,27	-2,60	-2,83	-2,94	-3,05	-2,52	0
26/02/2020 02:15:00	-2,23	0,59	1,74	1,83	1,22	0,10	-1,07	-1,95	-2,47	-2,86	-3,14	-3,29	-3,45	-2,83	0
26/02/2020 02:20:00	-2,15	0,50	1,74	1,85	1,34	0,27	-0,89	-1,78	-2,32	-2,72	-3,01	-3,16	-3,32	-3,04	0
26/02/2020 02:25:00	-2,23	0,44	1,78	1,99	1,55	0,47	-0,74	-1,69	-2,26	-2,69	-3,01	-3,20	-3,39	-3,31	0
26/02/2020 02:30:00	-2,20	0,45	1,70	1,86	1,43	0,33	-0,83	-1,72	-2,25	-2,64	-2,92	-3,08	-3,23	-3,28	0
26/02/2020 02:35:00	-2,24	0,42	1,77	1,98	1,47	0,33	-0,91	-1,88	-2,49	-2,92	-3,23	-3,39	-3,55	-3,22	0
26/02/2020 02:40:00	-2,16	0,62	1,94	1,98	1,38	0,17	-1,09	-2,07	-2,66	-3,07	-3,34	-3,46	-3,57	-3,09	0
26/02/2020 02:45:00	-2,18	0,42	1,69	1,87	1,34	0,26	-0,90	-1,83	-2,41	-2,84	-3,16	-3,34	-3,52	-2,97	0
26/02/2020 02:50:00	-2,25	0,46	1,76	2,00	1,53	0,42	-0,80	-1,75	-2,32	-2,74	-3,05	-3,23	-3,40	-3,36	0
26/02/2020 02:55:00	-2,28	0,42	1,71	1,84	1,31	0,17	-1,02	-1,95	-2,53	-2,95	-3,25	-3,42	-3,58	-3,49	0
26/02/2020 03:00:00	-2,25	0,64	1,77	1,75	1,02	-0,17	-1,35	-2,24	-2,77	-3,14	-3,39	-3,49	-3,59	-3,64	0
26/02/2020 03:05:00	-2,21	0,59	1,63	1,59	0,97	-0,17	-1,30	-2,13	-2,60	-2,96	-3,20	-3,32	-3,44	-3,17	0
26/02/2020 03:10:00	-2,51	0,16	1,24	1,20	0,59	-0,52	-1,62	-2,44	-2,91	-3,25	-3,47	-3,56	-3,64	-3,31	0
26/02/2020 03:15:00	-2,51	0,15	1,33	1,41	0,79	-0,32	-1,47	-2,36	-2,90	-3,30	-3,57	-3,71	-3,84	-3,26	0
26/02/2020 03:20:00	-2,54	-0,04	1,21	1,44	0,98	-0,12	-1,29	-2,23	-2,80	-3,23	-3,55	-3,74	-3,93	-3,61	0
26/02/2020 03:25:00	-2,43	0,01	1,19	1,45	0,99	-0,04	-1,20	-2,11	-2,65	-3,05	-3,36	-3,54	-3,73	-3,48	0
26/02/2020 03:30:00	-2,36	-0,03	1,18	1,25	0,84	-0,23	-1,41	-2,32	-2,85	-3,23	-3,50	-3,64	-3,78	-2,94	0
26/02/2020 03:35:00	-2,68	-0,18	0,90	0,91	0,39	-0,73	-1,86	-2,71	-3,21	-3,56	-3,81	-3,94	-4,06	-3,01	0
26/02/2020 03:40:00	-3,08	-0,46	0,64	0,62	0,08	-1,04	-2,19	-3,05	-3,53	-3,87	-4,10	-4,21	-4,32	-3,08	0
26/02/2020 03:45:00	-3,12	-0,46	0,80	0,87	0,33	-0,84	-2,10	-3,08	-3,64	-4,04	-4,32	-4,47	-4,61	-3,18	0
26/02/2020 03:50:00	-3,15	-0,62	0,62	0,77	0,24	-0,86	-2,04	-2,94	-3,47	-3,84	-4,08	-4,17	-4,27	-3,21	0
26/02/2020 03:55:00	-3,13	-0,57	0,68	0,92	0,44	-0,63	-1,82	-2,76	-3,32	-3,72	-4,01	-4,19	-4,36	-3,17	0
26/02/2020 04:00:00	-3,19	-0,65	0,71	0,98	0,54	-0,51	-1,67	-2,62	-3,22	-3,66	-3,99	-4,20	-4,41	-3,06	0
26/02/2020 04:05:00	-3,10	-0,57	0,65	0,91	0,52	-0,54	-1,69	-2,61	-3,16	-3,58	-3,91	-4,13	-4,36	-3,18	0
26/02/2020 04:10:00	-3,16	-0,55	0,61	0,80	0,32	-0,66	-1,72	-2,53	-3,01	-3,36	-3,63	-3,78	-3,94	-3,38	0
26/02/2020 04:15:00	-3,46	-0,75	0,45	0,58	0,04	-1,05	-2,23	-3,14	-3,66	-4,04	-4,31	-4,46	-4,61	-3,46	0
26/02/2020 04:20:00	-3,54	-0,75	0,48	0,60	0,06	-1,01	-2,14	-3,00	-3,50	-3,85	-4,10	-4,21	-4,33	-3,80	0
26/02/2020 04:25:00	-3,49	-0,98	0,28	0,48	0,08	-0,94	-2,01	-2,86	-3,36	-3,72	-3,97	-4,10	-4,23	-3,64	0
26/02/2020 04:30:00	-3,60	-1,21	0,08	0,49	0,11	-0,83	-1,90	-2,78	-3,33	-3,73	-4,03	-4,22	-4,42	-3,59	0
26/02/2020 04:35:00	-3,48	-1,21	0,08	0,44	0,13	-0,85	-1,94	-2,83	-3,37	-3,77	-4,07	-4,25	-4,43	-3,58	0
26/02/2020 04:40:00	-3,30	-1,17	0,01	0,34	0,02	-0,93	-2,00	-2,86	-3,37	-3,75	-4,04	-4,22	-4,40	-3,50	0
26/02/2020 04:45:00	-3,15	-1,21	-0,25	-0,01	-0,31	-1,15	-2,07	-2,78	-3,19	-3,50	-3,73	-3,89	-4,04	-3,23	0
26/02/2020 04:50:00	-3,06	-1,09	-0,37	-0,36	-0,76	-1,55	-2,31	-2,85	-3,14	-3,36	-3,53	-3,62	-3,71	-3,07	0
26/02/2020 04:55:00	-2,99	-1,10	-0,38	-0,29	-0,63	-1,37	-2,17	-2,73	-3,01	-3,24	-3,43	-3,54	-3,66	-3,04	0
26/02/2020 05:00:00	-2,69	-1,05	-0,38	-0,28	-0,61	-1,33	-2,10	-2,66	-2,95	-3,18	-3,37	-3,49	-3,61	-3,14	0
26/02/2020 05:05:00	-2,64	-1,00	-0,38	-0,30	-0,68	-1,46	-2,31	-2,94	-3,26	-3,52	-3,73	-3,89	-4,04	-2,57	0
26/02/2020 05:10:00	-2,48	-1,14	-0,59	-0,54	-0,90	-1,58	-2,26	-2,77	-3,06	-3,30	-3,49	-3,62	-3,74	-2,27	0
26/02/2020 05:15:00	-2,33	-1,14	-0,72	-0,71	-1,00	-1,59	-2,25	-2,70	-2,91	-3,10	-3,27	-3,40	-3,52	-1,74	0
26/02/2020 05:20:00	-2,29	-1,08	-0,71	-0,80	-1,17	-1,86	-2,52	-2,98	-3,21	-3,40	-3,55	-3,65	-3,76	-1,63	0
26/02/2020 05:25:00	-1,99	-0,77	-0,44	-0,55	-0,96	-1,57	-2,14	-2,51	-2,67	-2,82	-2,92	-2,96	-3,00	-1,59	0
26/02/2020 05:30:00	-1,64	-0,45	-0,12	-0,26	-0,58	-1,19	-1,82	-2,22	-2,38	-2,53	-2,65	-2,72	-2,78	-1,58	0
26/02/2020 05:35:00	-1,53	-0,28	0,00	-0,18	-0,57	-1,09	-1,60	-1,88	-1,99	-2,10	-2,18	-2,21	-2,24	-1,50	0
26/02/2020 05:40:00	-1,37	-0,39	-0,12	-0,15	-0,43	-0,94	-1,46	-1,81	-1,96	-2,13	-2,28	-2,40	-2,52	-1,35	0
26/02/2020 05:45:00	-1,35	-0,22	0,12	0,05	-0,27	-0,84	-1,45	-1,86	-2,04	-2,21	-2,36	-2,47	-2,57	-1,37	0
26/02/2020 05:50:00	-1,27	-0,23	0,03	-0,05	-0,39	-0,96	-1,53	-1,90	-2,06	-2,23	-2,38	-2,48	-2,59	-1,36	0
26/02/2020 05:55:00	-1,30	-0,31	-0,11	-0,24	-0,64	-1,21	-1,74	-2,08	-2,23	-2,37	-2,48	-2,55	-2,61	-1,31	0
26/02/2020 06:00:00	-1,34	-0,43	-0,27	-0,48	-0,82	-1,32	-1,85	-2,15	-2,24	-2,34	-2,43	-2,47	-2,52	-1,30	0
26/02/2020 06:05:00	-1,24	-0,49	-0,39	-0,48	-0,82	-1,20	-1,66	-1,93	-2,00	-2,10	-2,20	-2,27	-2,34	-1,31	0
26/02/2020 06:10:00	-1,27	-0,43	-0,36	-0,57	-0,93	-1,44	-1,87	-2,13	-2,22	-2,34	-2,44	-2,50	-2,57	-1,22	0
26/02/2020 06:15:00	-1,29	-0,54	-0,55	-0,84	-1,23	-1,64	-2,02	-2,18	-2,18	-2,22	-2,23	-2,21	-2,18	-1,28	0
26/02/2020 06:20:00	-1,32	-0,48	-0,51	-0,87	-1,24	-1,69	-2,09	-2,24	-2,21	-2,23	-2,23	-2,19	-2,15	-1,31	0
26/02/2020 06:25:00	-1,41	-0,52	-0,50	-0,87	-1,31	-1,82	-2,29	-2,52	-2,55	-2,60	-2,63	-2,60	-2,57	-1,37	0
26/02/2020 06:30:00	-1,40	-0,48	-0,51	-0,90	-1,33	-1,86	-2,29	-2,47	-2,48	-2,51	-2,52	-2,47	-2,43	-1,37	0
26/02/2020 06:35:00	-1,31	-0,43	-0,38	-0,71	-1,28	-1,93	-2,48	-2,82	-2,97	-3,09	-3,18	-3,21	-3,23	-1,34	0
26/02/2020 06:40:00	-1,35	-0,43	-0,47	-0,89	-1,49	-2,14	-2,68	-2,97	-3,05	-3,13	-3,17	-3,14	-3,11	-1,36	0
26/02/2020 06:45:00	-1,29	-0,38	-0,37	-0,68	-1,19	-1,80	-2,34	-2,64	-2,74	-2,85	-2,93	-2,96	-2,99	-1,30	0
26/02/2020 06:50:00	-1,27	-0,28	-0,27	-0,64	-1,14	-1,71	-2,21	-2,46	-2,51	-2,57	-2,60	-2,58	-2,55	-1,28	0
26/02/2020 06:55:00	-1,34	-0,47	-0,49	-0,74	-1,18	-1,71	-2,21	-2,48	-2,55	-2,63	-2,70	-2,74	-2,77	-1,32	0
26/02/2020 07:00:00	-1,21	-0,47	-0,56	-0,96	-1,48	-2,01	-2,47	-2,69	-2,72	-2,77	-2,78	-2,74	-2,70	-1,31	0
26/02/2020 07:05:00	-1,32	-0,60	-0,55	-0,85	-1,34	-1,96	-2,48	-2,82	-2,97	-3,10	-3,21	-3,26	-3,31	-1,34	0
26/02/2020 07:10:00	-1,28	-0,63	-0,69	-1,05	-1,49	-2,06	-2,60	-2,89	-2,97	-3,05	-3,11	-3,12	-3,14	-1,33	0
26/02/2020 07:15:00	-1,36	-0,80	-0,88	-1,05	-1,47	-2,00	-2,51	-2,82	-2,93	-3,04	-3,15	-3,24	-3,32	-1,33	0
26/02/2020 07:20:00	-1,36	-0,80	-0,96	-1,28	-1,69	-2,13	-2,51	-2,65	-2,63	-2,65	-2,66	-2,62	-2,59	-1,37	0
26/02/2020 07:25:00	-1,34	-0,79	-0,94	-1,29	-1,62	-2,02	-2,34	-2,43	-2,38	-2,38	-2,37	-2,33	-2,28	-1,34	0
26/02/2020 07:30:00	-1,40	-0,93	-1,19	-1,70	-2,13	-2,53	-2,82	-2,85	-2,75	-2,69	-2,61	-2,49	-2,37	-1,35	0
26/02/2020 07:35:00	-1,30	-0,83	-1,00	-1,42	-1,81	-2,22	-2,56	-2,68	-2,63	-2,63	-2,61	-2,56	-2,50	-1,35	0
26/02/2020 07:40:00	-1,40	-1,07	-1,27	-1,48	-1,73	-2,05	-2,26	-2,32	-2,27	-2,28	-2,30	-2,31	-2,32	-1,41	0
26/02/2020 07:45:00	-1,35	-1,02	-1,20	-1,54	-1,89	-2,25	-2,53	-2,62	-2,59	-2,59	-2,59	-2,55	-2,51	-1,41	0
26/02/2020 07:50:00	-1,36	-0,96	-1,20	-1,43	-1,77	-2,11	-2,33	-2,38	-2,33	-2,33	-2,34	-2,33	-2,32	-1,38	0
26/02/2020 07:55:00	-1,31	-0,96	-1,14	-1,39	-1,76	-2,12	-2,39	-2,49	-2,47	-2,50	-2,52	-2,52	-2,51	-1,32	0
26/02/2020 08:00:00	-1,30	-0,87	-1,00	-1,28	-1,61	-1,96	-2,23	-2,33	-2,31	-2,33	-2,35	-2,34	-2,32	-1,22	0
26/02/2020 08:05:00	-1,21	-0,80	-0,98	-1,31	-1,58	-1,81	-2,03	-2,05	-1,94	-1,91	-1,88	-1,84	-1,80	-1,16	0
26/02/2020 08:10:00	-1,24	-0,81	-0,83	-0,92	-1,14	-1,42	-1,71	-1,85	-1,86	-1,93	-2,01	-2,07	-2,14	-1,21	0
26/02/2020 08:15:00	-1,18	-0,90	-1,01	-1,02	-1,17	-1,38	-1,53	-1,58	-1,54	-1,58	-1,63	-1,69	-1,74	-1,18	0
26/02/2020 08:20:00	-1,18	-0,95	-1,11	-1,19	-1,32	-1,62	-1,82	-1,89	-1,87	-1,92	-2,00	-2,08	-2,16	-1,17	0
26/02/2020 08:25:00	-1,29	-1,08	-1,17	-1,30	-1,46	-1,84	-2,20	-2,40	-2,44	-2,53	-2,63	-2,73	-2,83	-1,19	0
26/02/2020 08:30:00	-1,24	-1,17	-1,10	-1,02	-1,21	-1,58	-1,98	-2,30	-2,48	-2,66	-2,85	-3,02	-3,20	-1,24	0
26/02/2020 08:35:00	-1,21	-1,03	-1,18	-1,40	-1,57	-1,80	-1,94	-1,95	-1,89	-1,90	-1,92	-1,92	-1,93	-1,25	0
26/02/2020 08:40:00	-1,18	-1,11	-1,33	-1,50	-1,68	-1,88	-2,02	-2,02	-1,94	-1,94	-1,95	-1,96	-1,96	-1,22	0
26/02/2020 08:45:00	-1,20	-1,18	-1,37	-1,29	-1,40	-1,64	-1,82	-1,91	-1,91	-1,98	-2,08	-2,19	-2,31	-1,24	0
26/02/2020 08:50:00	-1,15	-1,08	-1,29	-1,60	-1,84	-2,13	-2,40	-2,48	-2,43	-2,44	-2,45	-2,44	-2,43	-1,12	0
26/02/2020 08:55:00	-1,12	-0,92	-1,18	-1,42	-1,66	-1,95	-2,18	-2,23	-2,15	-2,14	-2,14	-2,14	-2,13	-1,06	0
26/02/2020 09:00:00	-1,01	-0,98	-1,26	-1,46	-1,66	-1,96	-2,20	-2,29	-2,25	-2,27	-2,32	-2,36	-2,41	-1,00	0
26/02/2020 09:05:00	-1,03	-0,92	-1,17	-1,43	-1,66	-1,97	-2,18	-2,23	-2,17	-2,18	-2,19	-2,19	-2,18	-0,97	0
26/02/2020 09:10:00	-0,88	-0,74	-0,92	-1,25	-1,49	-1,93	-2,30	-2,49	-2,51	-2,57	-2,62	-2,65	-2,69	-0,83	0
26/02/2020 09:15:00	-0,73	-0,73	-0,99	-1,31	-1,63	-2,06	-2,48	-2,69	-2,72	-2,77	-2,83	-2,86	-2,90	-0,68	0
26/02/2020 09:20:00	-0,66	-0,52	-0,82	-1,25	-1,72	-2,22	-2,62	-2,80	-2,83	-2,87	-2,89	-2,88	-2,86	-0,61	0
26/02/2020 09:25:00	-0,72	-0,53	-0,77	-1,24	-1,73	-2,31	-2,86	-3,18	-3,28	-3,38	-3,46	-3,51	-3,55	-0,62	0
26/02/2020 09:30:00	-0,68	-0,61	-0,99	-1,50	-1,99	-2,44	-2,66	-2,71	-2,66	-2,64	-2,60	-2,50	-2,41	-0,70	0
26/02/2020 09:35:00	-0,77	-0,70	-1,02	-1,56	-2,02	-2,55	-2,95	-3,13	-3,14	-3,16	-3,16	-3,10	-3,05	-0,74	0
26/02/2020 09:40:00	-0,77	-0,77	-1,14	-1,58	-2,05	-2,64	-3,08	-3,32	-3,38	-3,45	-3,50	-3,51	-3,52	-0,83	0
26/02/2020 09:45:00	-0,86	-0,87	-1,19	-1,62	-2,16	-2,73	-3,19	-3,45	-3,53	-3,59	-3,63	-3,62	-3,61	-0,90	0
26/02/2020 09:50:00	-0,90	-0,93	-1,38	-1,94	-2,51	-3,07	-3,46	-3,63	-3,64	-3,65	-3,64	-3,58	-3,52	-0,97	0
26/02/2020 09:55:00	-0,88	-0,83	-1,20	-1,69	-2,21	-2,76	-3,28	-3,55	-3,60	-3,65	-3,69	-3,70	-3,70	-0,89	0
26/02/2020 10:00:00	-0,76	-0,90	-1,19	-1,71	-2,18	-2,77	-3,27	-3,56	-3,66	-3,74	-3,79	-3,79	-3,79	-0,79	0
26/02/2020 10:05:00	-0,74	-0,73	-1,16	-1,67	-2,26	-2,92	-3,39	-3,65	-3,72	-3,79	-3,83	-3,82	-3,81	-0,72	0
26/02/2020 10:10:00	-0,66	-0,74	-1,08	-1,61	-2,17	-2,79	-3,33	-3,65	-3,76	-3,85	-3,91	-3,93	-3,94	-0,62	0
26/02/2020 10:15:00	-0,57	-0,58	-0,93	-1,56	-2,15	-2,87	-3,45	-3,80	-3,92	-4,01	-4,06	-4,05	-4,04	-0,57	0
26/02/2020 10:20:00	-0,54	-0,63	-1,04	-1,53	-2,18	-2,86	-3,52	-3,94	-4,08	-4,19	-4,28	-4,32	-4,36	-0,56	0
26/02/2020 10:25:00	-0,42	-0,50	-0,87	-1,39	-2,00	-2,68	-3,29	-3,65	-3,78	-3,88	-3,95	-3,97	-3,98	-0,43	0
26/02/2020 10:30:00	-0,40	-0,40	-0,78	-1,35	-2,05	-2,76	-3,33	-3,67	-3,79	-3,88	-3,94	-3,92	-3,90	-0,34	0
26/02/2020 10:35:00	-0,32	-0,36	-0,74	-1,33	-1,99	-2,66	-3,20	-3,51	-3,62	-3,70	-3,75	-3,73	-3,71	-0,28	0
26/02/2020 10:40:00	-0,26	-0,36	-0,75	-1,30	-1,96	-2,63	-3,16	-3,49	-3,61	-3,71	-3,77	-3,77	-3,77	-0,24	0
26/02/2020 10:45:00	-0,22	-0,33	-0,89	-1,61	-2,31	-2,88	-3,30	-3,46	-3,45	-3,43	-3,39	-3,28	-3,17	-0,37	0
26/02/2020 10:50:00	-0,23	-0,41	-0,89	-1,43	-2,09	-2,77	-3,33	-3,66	-3,76	-3,83	-3,88	-3,87	-3,85	-0,23	0
26/02/2020 10:55:00	-0,08	-0,37	-0,80	-1,39	-1,98	-2,61	-3,12	-3,44	-3,54	-3,63	-3,69	-3,69	-3,69	-0,26	0
26/02/2020 11:00:00	-0,25	-0,43	-0,81	-1,35	-1,98	-2,68	-3,27	-3,64	-3,79	-3,91	-3,99	-4,01	-4,03	-0,26	0
26/02/2020 11:05:00	-0,13	-0,30	-0,70	-1,23	-1,87	-2,55	-3,19	-3,60	-3,76	-3,89	-3,99	-4,04	-4,09	-0,15	0
26/02/2020 11:10:00	-0,08	-0,33	-0,74	-1,29	-1,87	-2,49	-3,02	-3,35	-3,46	-3,55	-3,62	-3,63	-3,65	-0,11	0
26/02/2020 11:15:00	0,08	-0,31	-0,78	-1,28	-1,81	-2,47	-3,03	-3,37	-3,49	-3,60	-3,69	-3,73	-3,77	0,01	0
26/02/2020 11:20:00	0,15	-0,20	-0,73	-1,30	-1,94	-2,62	-3,20	-3,55	-3,67	-3,76	-3,83	-3,85	-3,87	0,13	0
26/02/2020 11:25:00	0,10	-0,12	-0,57	-1,21	-1,82	-2,53	-3,12	-3,47	-3,59	-3,67	-3,73	-3,72	-3,71	0,01	0
26/02/2020 11:30:00	0,38	-0,17	-0,71	-1,27	-1,80	-2,34	-2,79	-3,04	-3,11	-3,17	-3,22	-3,23	-3,24	0,18	0
26/02/2020 11:35:00	0,36	-0,04	-0,59	-1,30	-1,89	-2,48	-2,95	-3,19	-3,24	-3,28	-3,30	-3,26	-3,22	0,29	0
26/02/2020 11:40:00	0,31	-0,07	-0,54	-1,05	-1,65	-2,30	-2,87	-3,22	-3,35	-3,46	-3,54	-3,57	-3,60	0,28	0
26/02/2020 11:45:00	0,28	0,02	-0,45	-0,98	-1,62	-2,30	-2,84	-3,19	-3,33	-3,45	-3,56	-3,61	-3,66	0,34	0
26/02/2020 11:50:00	0,46	0,20	-0,30	-0,95	-1,66	-2,30	-2,80	-3,08	-3,17	-3,24	-3,27	-3,23	-3,19	0,40	0
26/02/2020 11:55:00	0,43	0,03	-0,52	-1,10	-1,65	-2,24	-2,70	-2,94	-3,00	-3,05	-3,09	-3,08	-3,07	0,41	0
26/02/2020 12:00:00	0,64	0,06	-0,55	-1,08	-1,58	-2,12	-2,48	-2,66	-2,69	-2,74	-2,77	-2,77	-2,77	0,55	0
26/02/2020 12:05:00	0,99	0,08	-0,51	-1,02	-1,45	-1,93	-2,30	-2,51	-2,56	-2,62	-2,66	-2,67	-2,68	0,71	0
26/02/2020 12:10:00	0,47	0,41	-0,09	-0,82	-1,53	-2,25	-2,78	-3,07	-3,15	-3,21	-3,24	-3,19	-3,15	0,56	0
26/02/2020 12:15:00	0,62	0,44	-0,13	-0,83	-1,50	-2,21	-2,75	-3,03	-3,09	-3,15	-3,17	-3,14	-3,10	0,61	0
26/02/2020 12:20:00	0,51	0,46	0,04	-0,47	-1,13	-1,80	-2,35	-2,67	-2,79	-2,89	-2,95	-2,95	-2,95	0,53	0
26/02/2020 12:25:00	0,58	0,50	0,12	-0,45	-1,01	-1,63	-2,25	-2,60	-2,71	-2,81	-2,90	-2,93	-2,97	0,63	0
26/02/2020 12:30:00	0,76	0,31	-0,25	-0,75	-1,33	-1,86	-2,29	-2,53	-2,59	-2,67	-2,73	-2,75	-2,77	0,74	0
26/02/2020 12:35:00	0,69	0,47	-0,03	-0,73	-1,32	-1,93	-2,33	-2,52	-2,54	-2,57	-2,57	-2,50	-2,42	0,76	0
26/02/2020 12:40:00	0,81	0,56	0,10	-0,50	-1,04	-1,67	-2,23	-2,53	-2,61	-2,69	-2,74	-2,74	-2,74	0,79	0
26/02/2020 12:45:00	0,85	0,73	0,22	-0,48	-1,11	-1,72	-2,12	-2,28	-2,29	-2,31	-2,29	-2,21	-2,13	0,73	0
26/02/2020 12:50:00	0,91	0,68	0,18	-0,48	-1,04	-1,65	-2,12	-2,35	-2,40	-2,45	-2,48	-2,46	-2,44	0,88	0
26/02/2020 12:55:00	0,82	0,88	0,44	-0,26	-0,91	-1,56	-2,05	-2,28	-2,33	-2,37	-2,38	-2,33	-2,28	0,78	0
26/02/2020 13:00:00	0,73	1,11	0,75	0,10	-0,58	-1,34	-1,91	-2,22	-2,32	-2,41	-2,46	-2,44	-2,43	0,84	0
26/02/2020 13:05:00	0,88	1,10	0,78	0,24	-0,48	-1,17	-1,80	-2,18	-2,33	-2,47	-2,55	-2,58	-2,60	0,90	0
26/02/2020 13:10:00	0,98	1,04	0,70	0,10	-0,53	-1,19	-1,65	-1,91	-2,01	-2,10	-2,15	-2,13	-2,11	0,93	0
26/02/2020 13:15:00	1,02	1,16	0,82	0,15	-0,51	-1,15	-1,65	-1,91	-1,98	-2,04	-2,06	-1,99	-1,93	1,04	0
26/02/2020 13:20:00	1,07	1,22	0,77	0,12	-0,64	-1,28	-1,72	-1,92	-1,96	-2,00	-1,99	-1,91	-1,83	1,08	0
26/02/2020 13:25:00	1,05	1,19	0,86	0,29	-0,36	-1,01	-1,56	-1,85	-1,95	-2,04	-2,09	-2,07	-2,04	1,03	0
26/02/2020 13:30:00	1,10	1,28	0,94	0,36	-0,28	-0,87	-1,34	-1,57	-1,62	-1,69	-1,71	-1,67	-1,62	1,11	0
26/02/2020 13:35:00	1,10	1,31	0,94	0,31	-0,24	-0,89	-1,39	-1,63	-1,69	-1,77	-1,81	-1,80	-1,79	1,08	0
26/02/2020 13:40:00	1,14	1,40	1,13	0,64	-0,04	-0,69	-1,29	-1,64	-1,78	-1,91	-2,00	-2,03	-2,06	1,19	0
26/02/2020 13:45:00	1,22	1,32	0,94	0,40	-0,24	-0,91	-1,43	-1,71	-1,81	-1,91	-1,97	-1,97	-1,98	1,10	0
26/02/2020 13:50:00	1,12	1,36	1,02	0,50	-0,13	-0,71	-1,21	-1,47	-1,53	-1,62	-1,66	-1,65	-1,64	1,08	0
26/02/2020 13:55:00	1,07	1,45	1,11	0,46	-0,07	-0,58	-0,93	-1,02	-0,97	-0,97	-0,94	-0,84	-0,75	1,12	0
26/02/2020 14:00:00	1,13	1,49	1,22	0,68	0,06	-0,58	-1,13	-1,41	-1,50	-1,59	-1,64	-1,63	-1,61	1,11	0
26/02/2020 14:05:00	1,14	1,52	1,23	0,60	0,01	-0,61	-0,96	-1,08	-1,09	-1,12	-1,10	-1,00	-0,89	1,19	0
26/02/2020 14:10:00	1,28	1,57	1,30	0,72	0,16	-0,43	-0,90	-1,12	-1,17	-1,25	-1,27	-1,24	-1,21	1,29	0
26/02/2020 14:15:00	1,33	1,63	1,40	0,86	0,25	-0,41	-0,89	-1,15	-1,24	-1,33	-1,38	-1,34	-1,31	1,38	0
26/02/2020 14:20:00	1,31	1,67	1,41	0,86	0,22	-0,36	-0,77	-0,95	-0,99	-1,04	-1,04	-0,96	-0,89	1,26	0
26/02/2020 14:25:00	1,34	1,83	1,58	0,98	0,32	-0,28	-0,70	-0,88	-0,91	-0,96	-0,95	-0,86	-0,77	1,32	0
26/02/2020 14:30:00	1,28	1,86	1,70	1,10	0,48	-0,13	-0,61	-0,82	-0,88	-0,94	-0,95	-0,88	-0,81	1,37	0
26/02/2020 14:35:00	1,31	1,94	1,95	1,24	0,68	-0,07	-0,65	-0,97	-1,10	-1,20	-1,22	-1,14	-1,05	1,38	0
26/02/2020 14:40:00	1,26	1,60	1,56	1,24	0,85	0,33	-0,07	-0,28	-0,36	-0,47	-0,52	-0,52	-0,51	1,36	0
26/02/2020 14:45:00	0,97	1,18	1,23	1,02	0,82	0,54	0,33	0,26	0,26	0,21	0,19	0,23	0,27	1,00	0
26/02/2020 14:50:00	0,94	1,01	1,11	1,09	0,92	0,72	0,57	0,49	0,46	0,38	0,32	0,32	0,31	0,73	0
26/02/2020 14:55:00	0,65	0,68	0,80	0,79	0,69	0,53	0,38	0,32	0,31	0,24	0,20	0,20	0,21	0,56	0
26/02/2020 15:00:00	0,60	0,68	0,70	0,61	0,53	0,44	0,40	0,46	0,54	0,52	0,52	0,56	0,59	0,60	0
26/02/2020 15:05:00	0,59	0,60	0,63	0,57	0,51	0,35	0,32	0,36	0,41	0,38	0,37	0,40	0,43	0,57	0
26/02/2020 15:10:00	0,52	0,53	0,58	0,53	0,47	0,39	0,35	0,39	0,45	0,43	0,42	0,46	0,49	0,49	0
26/02/2020 15:15:00	0,44	0,43	0,48	0,48	0,46	0,35	0,28	0,29	0,33	0,30	0,27	0,27	0,28	0,40	0
26/02/2020 15:20:00	0,41	0,45	0,50	0,43	0,43	0,28	0,14	0,13	0,17	0,14	0,12	0,13	0,14	0,38	0
26/02/2020 15:25:00	0,37	0,35	0,42	0,46	0,42	0,30	0,15	0,09	0,10	0,04	-0,02	-0,05	-0,09	0,41	0
26/02/2020 15:30:00	0,43	0,40	0,46	0,48	0,46	0,36	0,30	0,31	0,35	0,30	0,27	0,25	0,24	0,45	0
26/02/2020 15:35:00	0,41	0,43	0,50	0,49	0,43	0,30	0,20	0,18	0,21	0,17	0,14	0,14	0,15	0,43	0
26/02/2020 15:40:00	0,44	0,46	0,51	0,45	0,44	0,32	0,26	0,28	0,32	0,29	0,27	0,27	0,28	0,47	0
26/02/2020 15:45:00	0,46	0,55	0,59	0,56	0,48	0,35	0,28	0,31	0,35	0,33	0,31	0,34	0,36	0,49	0
26/02/2020 15:50:00	0,57	0,64	0,71	0,68	0,63	0,46	0,32	0,28	0,29	0,23	0,19	0,17	0,15	0,55	0
26/02/2020 15:55:00	0,62	0,68	0,72	0,69	0,54	0,37	0,27	0,24	0,24	0,18	0,13	0,12	0,12	0,58	0
26/02/2020 16:00:00	0,60	0,63	0,73	0,66	0,59	0,42	0,32	0,30	0,31	0,26	0,24	0,26	0,28	0,61	0
26/02/2020 16:05:00	0,70	0,66	0,69	0,73	0,74	0,62	0,58	0,59	0,62	0,56	0,51	0,47	0,44	0,69	0
26/02/2020 16:10:00	0,66	0,82	0,85	0,80	0,72	0,55	0,44	0,43	0,48	0,44	0,42	0,43	0,44	0,74	0
26/02/2020 16:15:00	0,82	0,96	0,92	0,82	0,76	0,58	0,46	0,47	0,53	0,50	0,48	0,48	0,48	0,82	0
26/02/2020 16:20:00	0,84	1,00	1,02	0,90	0,72	0,57	0,48	0,51	0,55	0,53	0,53	0,58	0,63	1,01	0
26/02/2020 16:25:00	1,13	1,29	1,37	1,39	1,27	1,01	0,79	0,68	0,63	0,53	0,44	0,39	0,34	1,17	0
26/02/2020 16:30:00	1,23	1,47	1,53	1,50	1,33	1,07	0,86	0,76	0,72	0,62	0,54	0,50	0,46	1,27	0
26/02/2020 16:35:00	1,28	1,53	1,62	1,58	1,42	1,12	0,92	0,82	0,78	0,68	0,62	0,59	0,57	1,26	0
26/02/2020 16:40:00	1,28	1,57	1,64	1,55	1,29	0,98	0,70	0,55	0,49	0,39	0,32	0,30	0,28	1,29	0
26/02/2020 16:45:00	1,34	1,78	1,85	1,74	1,46	1,07	0,76	0,59	0,51	0,39	0,30	0,26	0,22	1,36	0
26/02/2020 16:50:00	1,52	1,94	2,11	1,93	1,64	1,16	0,68	0,37	0,21	0,05	-0,07	-0,13	-0,18	1,41	0
26/02/2020 16:55:00	1,59	2,29	2,44	2,16	1,69	1,02	0,46	0,09	-0,11	-0,30	-0,43	-0,47	-0,52	1,58	0
26/02/2020 17:00:00	1,65	2,44	2,61	2,32	1,80	1,10	0,50	0,11	-0,10	-0,29	-0,41	-0,44	-0,47	1,65	0
26/02/2020 17:05:00	1,64	2,48	2,62	2,27	1,76	1,07	0,46	0,08	-0,11	-0,29	-0,41	-0,45	-0,49	1,63	0
26/02/2020 17:10:00	1,68	2,53	2,62	2,27	1,70	0,93	0,33	-0,07	-0,28	-0,48	-0,60	-0,65	-0,69	1,66	0
26/02/2020 17:15:00	1,71	2,57	2,70	2,39	1,69	0,92	0,20	-0,27	-0,52	-0,73	-0,86	-0,89	-0,92	1,64	0
26/02/2020 17:20:00	1,64	2,55	2,65	2,22	1,67	0,86	0,19	-0,24	-0,46	-0,66	-0,80	-0,85	-0,91	1,68	0
26/02/2020 17:25:00	1,69	2,51	2,59	2,11	1,55	0,74	0,01	-0,43	-0,64	-0,81	-0,92	-0,93	-0,95	1,64	0
26/02/2020 17:30:00	1,64	2,43	2,53	2,14	1,65	0,89	0,21	-0,22	-0,44	-0,65	-0,79	-0,86	-0,93	1,64	0
26/02/2020 17:35:00	1,66	2,44	2,59	2,26	1,73	1,01	0,28	-0,21	-0,45	-0,68	-0,85	-0,94	-1,04	1,66	0
26/02/2020 17:40:00	1,72	2,57	2,67	2,24	1,61	0,85	0,13	-0,32	-0,55	-0,74	-0,87	-0,90	-0,94	1,73	0
26/02/2020 17:45:00	1,71	2,51	2,60	2,22	1,60	0,86	0,16	-0,29	-0,51	-0,71	-0,85	-0,89	-0,94	1,71	0
26/02/2020 17:50:00	1,64	2,55	2,59	2,16	1,53	0,80	0,19	-0,16	-0,33	-0,49	-0,58	-0,60	-0,61	1,70	0
26/02/2020 17:55:00	1,73	2,60	2,72	2,34	1,74	0,93	0,14	-0,37	-0,63	-0,86	-1,02	-1,10	-1,17	1,71	0
26/02/2020 18:00:00	1,69	2,61	2,65	2,24	1,58	0,81	0,10	-0,33	-0,53	-0,72	-0,84	-0,87	-0,91	1,71	0
26/02/2020 18:05:00	1,71	2,43	2,52	2,12	1,55	0,74	0,05	-0,41	-0,65	-0,86	-1,00	-1,06	-1,12	1,68	0
26/02/2020 18:10:00	1,72	2,59	2,59	2,11	1,50	0,73	0,07	-0,33	-0,50	-0,67	-0,78	-0,80	-0,83	1,72	0
26/02/2020 18:15:00	1,71	2,67	2,69	2,16	1,50	0,66	-0,01	-0,43	-0,64	-0,83	-0,94	-0,98	-1,02	1,74	0
26/02/2020 18:20:00	1,68	2,56	2,66	2,32	1,68	0,91	0,21	-0,26	-0,51	-0,73	-0,88	-0,96	-1,03	1,74	0
26/02/2020 18:25:00	1,74	2,71	2,78	2,35	1,72	0,90	0,16	-0,31	-0,53	-0,73	-0,87	-0,92	-0,97	1,69	0
26/02/2020 18:30:00	1,71	2,61	2,67	2,22	1,58	0,82	0,10	-0,35	-0,56	-0,75	-0,87	-0,91	-0,96	1,71	0
26/02/2020 18:35:00	1,67	2,62	2,72	2,34	1,64	0,84	0,10	-0,38	-0,63	-0,85	-0,99	-1,05	-1,10	1,74	0
26/02/2020 18:40:00	1,67	2,59	2,72	2,42	1,82	1,04	0,26	-0,26	-0,52	-0,76	-0,93	-1,03	-1,13	1,71	0
26/02/2020 18:45:00	1,78	2,73	2,82	2,38	1,71	0,95	0,25	-0,20	-0,42	-0,63	-0,76	-0,81	-0,85	1,76	0
26/02/2020 18:50:00	1,88	2,75	2,73	2,46	1,80	1,07	0,36	-0,09	-0,31	-0,53	-0,69	-0,80	-0,91	1,81	0
26/02/2020 18:55:00	1,79	2,63	2,64	2,22	1,58	0,89	0,29	-0,06	-0,21	-0,37	-0,46	-0,47	-0,48	1,85	0
26/02/2020 19:00:00	1,79	2,65	2,82	2,53	1,93	1,15	0,39	-0,12	-0,40	-0,64	-0,82	-0,91	-1,00	1,79	0
26/02/2020 19:05:00	1,82	2,72	2,87	2,45	1,90	1,08	0,36	-0,12	-0,38	-0,61	-0,77	-0,85	-0,93	1,88	0
26/02/2020 19:10:00	1,84	2,72	2,84	2,54	1,87	1,05	0,30	-0,22	-0,50	-0,75	-0,92	-1,01	-1,10	1,89	0
26/02/2020 19:15:00	1,90	2,80	2,88	2,37	1,72	0,94	0,26	-0,15	-0,34	-0,51	-0,60	-0,59	-0,58	1,92	0
26/02/2020 19:20:00	1,87	2,81	2,95	2,55	2,03	1,23	0,52	0,05	-0,20	-0,44	-0,61	-0,71	-0,81	1,90	0
26/02/2020 19:25:00	1,87	2,76	2,93	2,59	1,95	1,09	0,32	-0,19	-0,48	-0,72	-0,88	-0,94	-1,01	1,93	0
26/02/2020 19:30:00	1,93	2,76	2,90	2,56	1,96	1,13	0,33	-0,21	-0,50	-0,76	-0,95	-1,07	-1,18	1,91	0
26/02/2020 19:35:00	1,92	2,80	2,93	2,50	1,86	1,02	0,25	-0,27	-0,55	-0,80	-0,97	-1,06	-1,15	1,85	0
26/02/2020 19:40:00	1,89	2,70	2,72	2,33	1,69	0,86	0,14	-0,34	-0,58	-0,80	-0,95	-1,02	-1,09	1,90	0
26/02/2020 19:45:00	1,86	2,68	2,70	2,30	1,63	0,83	0,15	-0,30	-0,55	-0,77	-0,92	-1,00	-1,08	1,86	0
26/02/2020 19:50:00	1,80	2,66	2,71	2,33	1,67	0,85	0,11	-0,39	-0,65	-0,89	-1,06	-1,15	-1,24	1,89	0
26/02/2020 19:55:00	1,85	2,66	2,73	2,38	1,75	0,88	0,07	-0,48	-0,78	-1,03	-1,23	-1,34	-1,46	1,88	0
26/02/2020 20:00:00	1,82	2,57	2,58	2,22	1,58	0,83	0,13	-0,33	-0,57	-0,79	-0,95	-1,04	-1,13	1,85	0
26/02/2020 20:05:00	1,80	2,66	2,66	2,19	1,51	0,67	-0,11	-0,60	-0,84	-1,04	-1,18	-1,24	-1,30	1,79	0
26/02/2020 20:10:00	1,84	2,62	2,62	2,22	1,57	0,75	0,00	-0,50	-0,75	-0,98	-1,15	-1,25	-1,35	1,86	0
26/02/2020 20:15:00	1,88	2,59	2,62	2,31	1,69	0,89	0,14	-0,37	-0,65	-0,90	-1,09	-1,21	-1,33	1,85	0
26/02/2020 20:20:00	1,77	2,51	2,60	2,17	1,58	0,76	-0,05	-0,58	-0,86	-1,09	-1,26	-1,36	-1,45	1,79	0
26/02/2020 20:25:00	1,88	2,50	2,51	2,29	1,64	0,89	0,11	-0,43	-0,72	-0,98	-1,18	-1,32	-1,47	1,80	0
26/02/2020 20:30:00	1,80	2,64	2,68	2,28	1,62	0,81	0,04	-0,48	-0,74	-0,97	-1,14	-1,24	-1,34	1,85	0
26/02/2020 20:35:00	1,93	2,65	2,67	2,29	1,69	0,87	0,09	-0,42	-0,68	-0,92	-1,10	-1,20	-1,31	1,81	0
26/02/2020 20:40:00	1,93	2,71	2,79	2,57	1,92	1,08	0,27	-0,31	-0,63	-0,92	-1,15	-1,31	-1,47	1,81	0
26/02/2020 20:45:00	1,97	2,78	2,91	2,62	2,09	1,15	0,26	-0,39	-0,76	-1,08	-1,35	-1,56	-1,77	1,84	0
26/02/2020 20:50:00	1,84	2,71	2,82	2,48	1,91	1,09	0,31	-0,22	-0,50	-0,76	-0,96	-1,10	-1,23	1,88	0
26/02/2020 20:55:00	1,91	2,74	2,82	2,42	1,79	0,91	0,04	-0,55	-0,84	-1,10	-1,29	-1,40	-1,52	1,86	0
26/02/2020 21:00:00	1,93	2,83	2,98	2,61	1,93	1,08	0,24	-0,35	-0,66	-0,93	-1,13	-1,24	-1,36	1,91	0
26/02/2020 21:05:00	1,88	2,84	2,96	2,57	1,96	1,05	0,20	-0,37	-0,67	-0,94	-1,13	-1,25	-1,36	1,95	0
26/02/2020 21:10:00	1,91	2,85	2,97	2,63	1,98	1,09	0,32	-0,22	-0,53	-0,80	-0,99	-1,11	-1,23	1,96	0
26/02/2020 21:15:00	1,97	2,80	3,01	2,85	2,23	1,37	0,56	-0,05	-0,44	-0,77	-1,04	-1,24	-1,44	1,93	0
26/02/2020 21:20:00	1,97	3,03	3,21	2,82	2,16	1,27	0,46	-0,11	-0,42	-0,69	-0,88	-0,99	-1,10	1,98	0
26/02/2020 21:25:00	1,98	3,01	3,25	2,96	2,36	1,45	0,64	0,04	-0,32	-0,64	-0,88	-1,05	-1,22	1,95	0
26/02/2020 21:30:00	1,95	3,07	3,34	3,03	2,36	1,41	0,50	-0,16	-0,54	-0,87	-1,12	-1,28	-1,44	2,02	0
26/02/2020 21:35:00	1,94	3,02	3,25	2,95	2,30	1,37	0,49	-0,15	-0,51	-0,82	-1,05	-1,20	-1,35	2,12	0
26/02/2020 21:40:00	2,17	3,40	3,57	3,12	2,37	1,39	0,49	-0,13	-0,47	-0,77	-0,98	-1,10	-1,22	2,10	0
26/02/2020 21:45:00	2,13	3,13	3,21	2,78	2,15	1,23	0,36	-0,22	-0,52	-0,79	-0,99	-1,12	-1,26	2,11	0
26/02/2020 21:50:00	2,13	3,16	3,24	2,76	2,05	1,14	0,34	-0,19	-0,47	-0,71	-0,87	-0,95	-1,03	2,15	0
26/02/2020 21:55:00	2,12	3,05	3,21	2,91	2,25	1,39	0,48	-0,15	-0,48	-0,76	-0,98	-1,11	-1,25	2,10	0
26/02/2020 22:00:00	2,07	3,02	3,04	2,54	1,88	1,04	0,23	-0,28	-0,51	-0,72	-0,86	-0,93	-1,00	2,05	0
26/02/2020 22:05:00	2,11	2,98	3,08	2,84	2,27	1,38	0,57	-0,03	-0,37	-0,69	-0,96	-1,17	-1,38	2,05	0
26/02/2020 22:10:00	1,98	3,06	3,13	2,72	1,98	1,08	0,21	-0,37	-0,67	-0,93	-1,12	-1,23	-1,34	2,07	0
26/02/2020 22:15:00	2,07	2,89	3,03	2,76	2,22	1,39	0,58	-0,01	-0,33	-0,63	-0,87	-1,06	-1,25	2,05	0
26/02/2020 22:20:00	2,04	3,02	3,09	2,75	2,09	1,26	0,42	-0,13	-0,41	-0,66	-0,85	-0,97	-1,10	2,05	0
26/02/2020 22:25:00	2,06	2,98	3,11	2,64	2,11	1,27	0,48	-0,04	-0,29	-0,53	-0,70	-0,80	-0,90	2,04	0
26/02/2020 22:30:00	1,99	2,95	3,07	2,69	1,99	1,06	0,23	-0,36	-0,70	-0,99	-1,21	-1,35	-1,49	2,08	0
26/02/2020 22:35:00	2,04	3,06	3,23	2,94	2,22	1,23	0,30	-0,39	-0,78	-1,11	-1,37	-1,54	-1,72	2,01	0
26/02/2020 22:40:00	1,97	2,97	3,04	2,57	1,83	0,94	0,08	-0,49	-0,79	-1,05	-1,24	-1,35	-1,45	1,98	0
26/02/2020 22:45:00	1,91	2,94	3,08	2,64	1,88	0,91	-0,02	-0,68	-1,04	-1,34	-1,55	-1,68	-1,80	2,04	0
26/02/2020 22:50:00	1,91	3,00	3,06	2,55	1,78	0,87	0,02	-0,54	-0,82	-1,07	-1,24	-1,32	-1,40	1,99	0
26/02/2020 22:55:00	1,92	2,90	3,00	2,61	1,94	1,02	0,21	-0,35	-0,66	-0,93	-1,13	-1,26	-1,38	2,00	0
26/02/2020 23:00:00	1,90	2,92	2,95	2,46	1,68	0,87	0,08	-0,40	-0,63	-0,83	-0,96	-0,99	-1,02	1,97	0
26/02/2020 23:05:00	1,93	2,85	3,02	2,64	1,98	1,05	0,22	-0,38	-0,72	-1,00	-1,21	-1,33	-1,45	1,98	0
26/02/2020 23:10:00	1,89	3,13	3,22	2,72	1,98	1,14	0,29	-0,24	-0,48	-0,71	-0,86	-0,94	-1,02	2,00	0
26/02/2020 23:15:00	1,86	3,08	3,23	2,74	2,00	1,07	0,24	-0,30	-0,58	-0,83	-0,99	-1,05	-1,12	1,88	0
26/02/2020 23:20:00	1,74	3,27	3,45	2,93	2,13	1,15	0,28	-0,27	-0,56	-0,80	-0,96	-1,02	-1,09	1,83	0
26/02/2020 23:25:00	1,72	3,20	3,43	2,90	2,15	1,12	0,26	-0,31	-0,62	-0,88	-1,05	-1,12	-1,19	1,80	0
26/02/2020 23:30:00	1,80	3,17	3,32	2,76	1,99	1,00	0,11	-0,45	-0,73	-0,96	-1,11	-1,15	-1,20	1,76	0
26/02/2020 23:35:00	1,72	2,98	3,14	2,67	1,91	0,96	0,11	-0,46	-0,75	-1,00	-1,17	-1,24	-1,30	1,68	0
26/02/2020 23:40:00	1,72	2,90	3,07	2,62	1,87	0,86	-0,13	-0,80	-1,16	-1,45	-1,66	-1,78	-1,89	1,70	0
26/02/2020 23:45:00	1,68	2,94	3,08	2,52	1,74	0,74	-0,19	-0,82	-1,14	-1,40	-1,58	-1,66	-1,74	1,64	0
26/02/2020 23:50:00	1,62	2,87	3,00	2,56	1,84	0,88	-0,02	-0,61	-0,92	-1,18	-1,37	-1,49	-1,60	1,86	0
26/02/2020 23:55:00	1,84	3,20	3,34	2,86	2,02	1,09	0,27	-0,27	-0,56	-0,80	-0,96	-1,02	-1,08	1,76	0
