FileFormat:0002.2 file with temperature of atmosphere
200
local	GMT or Local
0	GMT-Local=[hours]
0	Height[m]
0	0	0	Longitude                [grd]               [min]               [sec]
0	0	0	Latitude                [grd]               [min]               [sec]
N	NS
59,40	Freq[GHz]
0,00	dTemostat[K]
0,150	MessErr[K]
0,248	//[grad/step]
version 14.0.20110218
MTP5H033F5940K-33.00D180214+A1.1
Commentary:
enter comment
End Of Commentary

SYSTEM\alaska.dat
data time	0	50	100	150	200	250	300	350	400	450	500	550	600	OutsideTemperature	Quality
09/01/2020 00:00:00	0,44	1,02	0,86	0,36	-0,41	-1,36	-2,17	-2,72	-3,00	-3,22	-3,38	-3,47	-3,56	0,42	0
09/01/2020 00:05:00	0,41	1,05	0,93	0,36	-0,45	-1,38	-2,19	-2,74	-3,01	-3,22	-3,37	-3,43	-3,49	0,41	0
09/01/2020 00:10:00	0,42	1,08	0,98	0,38	-0,46	-1,36	-2,21	-2,76	-3,01	-3,20	-3,31	-3,34	-3,36	0,42	0
09/01/2020 00:15:00	0,44	1,03	0,92	0,27	-0,39	-1,29	-2,12	-2,66	-2,90	-3,10	-3,24	-3,31	-3,38	0,41	0
09/01/2020 00:20:00	0,41	1,08	0,90	0,28	-0,51	-1,43	-2,22	-2,72	-2,96	-3,14	-3,26	-3,30	-3,35	0,41	0
09/01/2020 00:25:00	0,42	1,02	0,90	0,36	-0,46	-1,41	-2,29	-2,87	-3,16	-3,37	-3,52	-3,58	-3,64	0,39	0
09/01/2020 00:30:00	0,41	0,95	0,81	0,28	-0,48	-1,38	-2,21	-2,76	-3,02	-3,22	-3,36	-3,41	-3,47	0,39	0
09/01/2020 00:35:00	0,37	0,99	0,81	0,28	-0,55	-1,45	-2,25	-2,77	-3,02	-3,21	-3,35	-3,40	-3,45	0,43	0
09/01/2020 00:40:00	0,39	1,06	0,87	0,20	-0,57	-1,54	-2,33	-2,83	-3,05	-3,23	-3,34	-3,36	-3,39	0,39	0
09/01/2020 00:45:00	0,38	1,01	0,86	0,20	-0,56	-1,48	-2,28	-2,80	-3,03	-3,21	-3,33	-3,36	-3,40	0,41	0
09/01/2020 00:50:00	0,36	0,96	0,85	0,27	-0,50	-1,41	-2,22	-2,77	-3,04	-3,25	-3,39	-3,46	-3,52	0,40	0
09/01/2020 00:55:00	0,32	0,99	0,83	0,22	-0,58	-1,47	-2,30	-2,82	-3,05	-3,22	-3,34	-3,38	-3,41	0,39	0
09/01/2020 01:00:00	0,38	1,01	0,91	0,36	-0,47	-1,42	-2,28	-2,88	-3,17	-3,39	-3,54	-3,61	-3,68	0,38	0
09/01/2020 01:05:00	0,40	0,97	0,87	0,26	-0,47	-1,42	-2,27	-2,83	-3,10	-3,30	-3,44	-3,50	-3,55	0,38	0
09/01/2020 01:10:00	0,36	0,96	0,84	0,29	-0,47	-1,41	-2,28	-2,85	-3,13	-3,33	-3,48	-3,55	-3,62	0,33	0
09/01/2020 01:15:00	0,36	0,88	0,77	0,27	-0,45	-1,36	-2,23	-2,82	-3,10	-3,32	-3,48	-3,56	-3,65	0,32	0
09/01/2020 01:20:00	0,29	0,93	0,80	0,23	-0,55	-1,47	-2,34	-2,92	-3,20	-3,42	-3,57	-3,66	-3,74	0,35	0
09/01/2020 01:25:00	0,30	0,87	0,71	0,08	-0,65	-1,56	-2,31	-2,80	-3,02	-3,20	-3,31	-3,34	-3,38	0,31	0
09/01/2020 01:30:00	0,32	0,88	0,72	0,11	-0,71	-1,62	-2,40	-2,92	-3,17	-3,36	-3,48	-3,50	-3,53	0,29	0
09/01/2020 01:35:00	0,27	0,83	0,66	0,13	-0,59	-1,50	-2,33	-2,88	-3,14	-3,35	-3,52	-3,62	-3,72	0,31	0
09/01/2020 01:40:00	0,24	0,82	0,69	0,12	-0,70	-1,62	-2,45	-3,01	-3,29	-3,50	-3,65	-3,71	-3,77	0,27	0
09/01/2020 01:45:00	0,28	0,87	0,70	0,10	-0,69	-1,59	-2,37	-2,88	-3,12	-3,30	-3,42	-3,46	-3,50	0,25	0
09/01/2020 01:50:00	0,25	0,79	0,65	0,10	-0,68	-1,57	-2,40	-2,95	-3,20	-3,39	-3,53	-3,58	-3,63	0,25	0
09/01/2020 01:55:00	0,30	0,82	0,64	0,12	-0,73	-1,60	-2,39	-2,92	-3,16	-3,34	-3,47	-3,50	-3,54	0,23	0
09/01/2020 02:00:00	0,25	0,75	0,62	0,11	-0,69	-1,57	-2,36	-2,90	-3,16	-3,36	-3,50	-3,55	-3,60	0,23	0
09/01/2020 02:05:00	0,20	0,75	0,60	0,04	-0,69	-1,59	-2,37	-2,89	-3,13	-3,32	-3,46	-3,51	-3,57	0,24	0
09/01/2020 02:10:00	0,22	0,66	0,56	0,08	-0,59	-1,55	-2,36	-2,94	-3,25	-3,48	-3,66	-3,77	-3,87	0,17	0
09/01/2020 02:15:00	0,23	0,70	0,54	0,02	-0,72	-1,60	-2,34	-2,84	-3,08	-3,27	-3,40	-3,45	-3,50	0,18	0
09/01/2020 02:20:00	0,15	0,73	0,51	-0,12	-0,93	-1,81	-2,49	-2,93	-3,13	-3,27	-3,36	-3,37	-3,37	0,20	0
09/01/2020 02:25:00	0,17	0,70	0,55	0,01	-0,79	-1,68	-2,44	-2,95	-3,19	-3,36	-3,48	-3,50	-3,53	0,19	0
09/01/2020 02:30:00	0,25	0,71	0,54	0,04	-0,65	-1,56	-2,29	-2,79	-3,04	-3,23	-3,38	-3,45	-3,52	0,24	0
09/01/2020 02:35:00	0,21	0,67	0,51	-0,11	-0,88	-1,70	-2,40	-2,85	-3,06	-3,21	-3,30	-3,31	-3,31	0,13	0
09/01/2020 02:40:00	0,18	0,70	0,57	-0,08	-0,88	-1,78	-2,54	-3,04	-3,28	-3,45	-3,56	-3,56	-3,57	0,15	0
09/01/2020 02:45:00	0,15	0,62	0,48	-0,08	-0,83	-1,67	-2,45	-2,96	-3,19	-3,37	-3,49	-3,52	-3,56	0,14	0
09/01/2020 02:50:00	0,15	0,69	0,50	-0,07	-0,80	-1,67	-2,43	-2,93	-3,14	-3,31	-3,43	-3,48	-3,52	0,15	0
09/01/2020 02:55:00	0,16	0,64	0,51	-0,06	-0,77	-1,64	-2,42	-2,94	-3,18	-3,37	-3,50	-3,55	-3,60	0,16	0
09/01/2020 03:00:00	0,18	0,66	0,51	-0,01	-0,76	-1,64	-2,48	-3,03	-3,28	-3,47	-3,61	-3,66	-3,72	0,17	0
09/01/2020 03:05:00	0,13	0,61	0,43	-0,15	-0,85	-1,69	-2,44	-2,93	-3,16	-3,34	-3,47	-3,54	-3,60	0,14	0
09/01/2020 03:10:00	0,16	0,64	0,46	-0,08	-0,86	-1,75	-2,48	-2,96	-3,20	-3,37	-3,49	-3,52	-3,55	0,11	0
09/01/2020 03:15:00	0,12	0,65	0,49	-0,03	-0,86	-1,74	-2,52	-3,05	-3,31	-3,49	-3,62	-3,67	-3,71	0,14	0
09/01/2020 03:20:00	0,15	0,59	0,39	-0,18	-0,97	-1,79	-2,52	-2,98	-3,19	-3,34	-3,44	-3,45	-3,46	0,13	0
09/01/2020 03:25:00	0,08	0,62	0,36	-0,23	-1,01	-1,86	-2,57	-3,01	-3,19	-3,34	-3,43	-3,45	-3,47	0,11	0
09/01/2020 03:30:00	0,16	0,63	0,41	-0,22	-0,95	-1,75	-2,40	-2,80	-2,96	-3,08	-3,15	-3,14	-3,13	0,17	0
09/01/2020 03:35:00	0,13	0,66	0,43	-0,20	-0,97	-1,82	-2,54	-2,98	-3,16	-3,30	-3,38	-3,37	-3,37	0,13	0
09/01/2020 03:40:00	0,10	0,59	0,38	-0,18	-0,93	-1,74	-2,45	-2,90	-3,09	-3,24	-3,34	-3,36	-3,38	0,12	0
09/01/2020 03:45:00	0,08	0,62	0,39	-0,23	-1,02	-1,87	-2,59	-3,04	-3,22	-3,36	-3,44	-3,44	-3,44	0,09	0
09/01/2020 03:50:00	0,11	0,62	0,41	-0,18	-0,99	-1,81	-2,57	-3,04	-3,23	-3,37	-3,46	-3,45	-3,45	0,13	0
09/01/2020 03:55:00	0,12	0,63	0,42	-0,15	-0,91	-1,77	-2,54	-3,03	-3,24	-3,41	-3,52	-3,56	-3,60	0,12	0
09/01/2020 04:00:00	0,14	0,57	0,43	-0,05	-0,84	-1,68	-2,44	-2,96	-3,22	-3,42	-3,56	-3,62	-3,67	0,11	0
09/01/2020 04:05:00	0,14	0,54	0,35	-0,20	-0,85	-1,66	-2,42	-2,91	-3,12	-3,29	-3,42	-3,49	-3,56	0,09	0
09/01/2020 04:10:00	0,05	0,53	0,29	-0,31	-1,03	-1,82	-2,53	-2,95	-3,10	-3,21	-3,28	-3,28	-3,27	0,06	0
09/01/2020 04:15:00	0,08	0,60	0,39	-0,23	-1,00	-1,84	-2,54	-2,96	-3,14	-3,27	-3,34	-3,32	-3,30	0,09	0
09/01/2020 04:20:00	0,07	0,52	0,36	-0,16	-0,86	-1,67	-2,37	-2,84	-3,05	-3,21	-3,33	-3,37	-3,42	0,06	0
09/01/2020 04:25:00	0,11	0,53	0,35	-0,15	-0,90	-1,74	-2,46	-2,94	-3,17	-3,35	-3,47	-3,52	-3,56	0,06	0
09/01/2020 04:30:00	0,05	0,51	0,35	-0,12	-0,78	-1,61	-2,41	-2,94	-3,18	-3,37	-3,52	-3,60	-3,69	0,05	0
09/01/2020 04:35:00	0,13	0,54	0,40	-0,12	-0,86	-1,65	-2,43	-2,94	-3,16	-3,34	-3,46	-3,51	-3,55	0,08	0
09/01/2020 04:40:00	0,02	0,60	0,45	-0,18	-0,88	-1,79	-2,54	-3,03	-3,25	-3,42	-3,53	-3,56	-3,59	0,08	0
09/01/2020 04:45:00	0,07	0,49	0,33	-0,21	-0,94	-1,79	-2,53	-3,02	-3,26	-3,44	-3,56	-3,60	-3,63	0,04	0
09/01/2020 04:50:00	0,03	0,45	0,27	-0,31	-1,04	-1,81	-2,48	-2,90	-3,08	-3,22	-3,30	-3,30	-3,30	0,03	0
09/01/2020 04:55:00	-0,01	0,42	0,21	-0,44	-1,16	-1,96	-2,64	-3,06	-3,22	-3,35	-3,42	-3,41	-3,41	-0,02	0
09/01/2020 05:00:00	-0,14	0,18	-0,08	-0,62	-1,25	-1,93	-2,50	-2,83	-2,94	-3,03	-3,09	-3,08	-3,07	-0,14	0
09/01/2020 05:05:00	-0,16	0,10	-0,17	-0,70	-1,32	-2,04	-2,58	-2,91	-3,04	-3,14	-3,21	-3,22	-3,22	-0,35	0
09/01/2020 05:10:00	-0,39	-0,13	-0,47	-0,99	-1,68	-2,31	-2,85	-3,15	-3,24	-3,32	-3,36	-3,35	-3,34	-0,36	0
09/01/2020 05:15:00	-0,48	-0,27	-0,54	-1,14	-1,76	-2,42	-3,00	-3,33	-3,43	-3,51	-3,55	-3,52	-3,50	-0,51	0
09/01/2020 05:20:00	-0,59	-0,45	-0,72	-1,29	-1,93	-2,64	-3,22	-3,58	-3,72	-3,82	-3,89	-3,89	-3,89	-0,59	0
09/01/2020 05:25:00	-0,62	-0,64	-0,92	-1,39	-1,95	-2,61	-3,21	-3,60	-3,75	-3,88	-3,98	-4,02	-4,07	-0,70	0
09/01/2020 05:30:00	-0,78	-0,81	-1,18	-1,70	-2,29	-2,88	-3,35	-3,61	-3,68	-3,74	-3,78	-3,76	-3,74	-0,80	0
09/01/2020 05:35:00	-0,85	-0,81	-1,13	-1,62	-2,20	-2,84	-3,38	-3,72	-3,84	-3,94	-4,01	-4,04	-4,06	-0,90	0
09/01/2020 05:40:00	-0,91	-0,91	-1,22	-1,66	-2,24	-2,90	-3,54	-3,94	-4,07	-4,17	-4,24	-4,26	-4,28	-0,92	0
09/01/2020 05:45:00	-0,93	-0,95	-1,32	-1,85	-2,44	-3,04	-3,55	-3,84	-3,92	-3,99	-4,03	-4,02	-4,01	-0,96	0
09/01/2020 05:50:00	-1,02	-1,06	-1,39	-1,88	-2,43	-3,07	-3,60	-3,93	-4,04	-4,12	-4,19	-4,19	-4,20	-1,04	0
09/01/2020 05:55:00	-1,03	-1,02	-1,39	-1,96	-2,55	-3,14	-3,63	-3,89	-3,96	-4,01	-4,05	-4,03	-4,01	-1,00	0
09/01/2020 06:00:00	-1,04	-1,11	-1,45	-1,95	-2,52	-3,14	-3,69	-4,03	-4,15	-4,24	-4,31	-4,34	-4,36	-1,07	0
09/01/2020 06:05:00	-1,06	-1,21	-1,52	-1,96	-2,46	-3,08	-3,59	-3,91	-4,03	-4,13	-4,20	-4,22	-4,24	-1,07	0
09/01/2020 06:10:00	-1,13	-1,31	-1,60	-1,97	-2,49	-3,04	-3,50	-3,80	-3,92	-4,03	-4,11	-4,14	-4,17	-1,12	0
09/01/2020 06:15:00	-1,13	-1,18	-1,58	-2,11	-2,65	-3,29	-3,76	-4,03	-4,11	-4,17	-4,22	-4,21	-4,21	-1,12	0
09/01/2020 06:20:00	-1,11	-1,28	-1,56	-1,98	-2,48	-3,09	-3,66	-4,03	-4,17	-4,27	-4,36	-4,40	-4,43	-1,13	0
09/01/2020 06:25:00	-1,16	-1,26	-1,57	-2,01	-2,49	-3,10	-3,66	-4,01	-4,12	-4,21	-4,29	-4,32	-4,36	-1,12	0
09/01/2020 06:30:00	-1,14	-1,26	-1,54	-1,93	-2,50	-3,11	-3,61	-3,95	-4,10	-4,22	-4,31	-4,35	-4,39	-1,12	0
09/01/2020 06:35:00	-1,06	-1,28	-1,53	-1,80	-2,23	-2,84	-3,42	-3,83	-4,01	-4,15	-4,29	-4,40	-4,50	-1,09	0
09/01/2020 06:40:00	-1,08	-1,16	-1,44	-1,86	-2,41	-3,07	-3,62	-3,99	-4,14	-4,26	-4,36	-4,40	-4,44	-1,06	0
09/01/2020 06:45:00	-1,09	-1,12	-1,45	-1,89	-2,48	-3,11	-3,68	-4,05	-4,19	-4,29	-4,38	-4,42	-4,45	-1,04	0
09/01/2020 06:50:00	-1,02	-1,17	-1,50	-1,88	-2,42	-3,06	-3,65	-4,04	-4,19	-4,31	-4,42	-4,48	-4,54	-1,04	0
09/01/2020 06:55:00	-1,04	-1,16	-1,47	-1,86	-2,37	-3,00	-3,64	-4,05	-4,19	-4,32	-4,42	-4,49	-4,55	-1,05	0
09/01/2020 07:00:00	-1,02	-1,16	-1,48	-1,83	-2,36	-2,97	-3,55	-3,93	-4,08	-4,21	-4,32	-4,39	-4,46	-1,09	0
09/01/2020 07:05:00	-1,08	-1,24	-1,59	-2,06	-2,58	-3,19	-3,71	-4,03	-4,13	-4,21	-4,26	-4,27	-4,28	-1,08	0
09/01/2020 07:10:00	-1,06	-1,17	-1,45	-1,86	-2,45	-3,12	-3,71	-4,11	-4,29	-4,42	-4,53	-4,57	-4,62	-1,07	0
09/01/2020 07:15:00	-1,06	-1,09	-1,39	-1,88	-2,43	-3,15	-3,76	-4,16	-4,31	-4,43	-4,52	-4,56	-4,60	-1,06	0
09/01/2020 07:20:00	-1,06	-1,08	-1,47	-1,97	-2,55	-3,19	-3,80	-4,15	-4,24	-4,31	-4,36	-4,37	-4,37	-1,03	0
09/01/2020 07:25:00	-1,04	-1,06	-1,44	-1,93	-2,46	-3,10	-3,64	-3,95	-4,05	-4,12	-4,18	-4,20	-4,22	-1,02	0
09/01/2020 07:30:00	-1,02	-1,06	-1,37	-1,79	-2,35	-2,98	-3,52	-3,87	-3,99	-4,10	-4,18	-4,21	-4,24	-1,00	0
09/01/2020 07:35:00	-1,03	-1,12	-1,37	-1,80	-2,37	-3,03	-3,62	-4,01	-4,18	-4,30	-4,39	-4,42	-4,45	-1,02	0
09/01/2020 07:40:00	-1,06	-1,04	-1,45	-1,95	-2,54	-3,12	-3,59	-3,84	-3,89	-3,93	-3,96	-3,93	-3,91	-1,00	0
09/01/2020 07:45:00	-1,00	-1,04	-1,36	-1,84	-2,35	-3,03	-3,61	-3,97	-4,10	-4,20	-4,29	-4,32	-4,36	-0,96	0
09/01/2020 07:50:00	-1,01	-1,08	-1,42	-1,84	-2,33	-2,96	-3,49	-3,82	-3,95	-4,05	-4,15	-4,21	-4,26	-0,99	0
09/01/2020 07:55:00	-0,95	-1,05	-1,35	-1,74	-2,28	-2,92	-3,49	-3,87	-4,02	-4,14	-4,24	-4,29	-4,35	-0,97	0
09/01/2020 08:00:00	-0,95	-0,95	-1,27	-1,78	-2,34	-3,01	-3,62	-4,00	-4,13	-4,24	-4,32	-4,36	-4,39	-0,96	0
09/01/2020 08:05:00	-0,95	-1,06	-1,31	-1,70	-2,28	-2,90	-3,49	-3,89	-4,06	-4,18	-4,28	-4,32	-4,36	-0,97	0
09/01/2020 08:10:00	-0,92	-0,99	-1,34	-1,83	-2,36	-3,04	-3,62	-3,98	-4,10	-4,20	-4,28	-4,30	-4,33	-0,92	0
09/01/2020 08:15:00	-0,94	-1,03	-1,35	-1,83	-2,46	-3,10	-3,59	-3,90	-4,03	-4,12	-4,17	-4,16	-4,15	-0,94	0
09/01/2020 08:20:00	-0,95	-1,02	-1,33	-1,81	-2,32	-2,94	-3,47	-3,80	-3,90	-3,99	-4,05	-4,06	-4,07	-0,96	0
09/01/2020 08:25:00	-0,96	-1,03	-1,31	-1,78	-2,30	-2,94	-3,55	-3,93	-4,07	-4,17	-4,25	-4,28	-4,31	-0,97	0
09/01/2020 08:30:00	-0,93	-1,05	-1,37	-1,77	-2,35	-2,92	-3,45	-3,76	-3,87	-3,95	-4,00	-4,00	-4,00	-0,94	0
09/01/2020 08:35:00	-0,95	-1,00	-1,24	-1,65	-2,20	-2,87	-3,40	-3,76	-3,93	-4,05	-4,15	-4,19	-4,22	-0,96	0
09/01/2020 08:40:00	-0,88	-0,87	-1,12	-1,54	-2,17	-2,85	-3,48	-3,91	-4,09	-4,23	-4,34	-4,39	-4,44	-0,89	0
09/01/2020 08:45:00	-0,81	-0,81	-1,13	-1,62	-2,09	-2,75	-3,26	-3,56	-3,66	-3,75	-3,82	-3,85	-3,87	-0,83	0
09/01/2020 08:50:00	-0,83	-0,69	-1,00	-1,55	-2,22	-2,91	-3,52	-3,88	-4,01	-4,11	-4,17	-4,16	-4,15	-0,76	0
09/01/2020 08:55:00	-0,73	-0,65	-0,93	-1,36	-1,99	-2,67	-3,22	-3,57	-3,71	-3,82	-3,90	-3,90	-3,91	-0,74	0
09/01/2020 09:00:00	-0,64	-0,62	-0,89	-1,37	-2,02	-2,71	-3,31	-3,69	-3,84	-3,95	-4,02	-4,02	-4,02	-0,71	0
09/01/2020 09:05:00	-0,67	-0,64	-0,96	-1,49	-2,04	-2,68	-3,25	-3,56	-3,65	-3,73	-3,77	-3,76	-3,74	-0,68	0
09/01/2020 09:10:00	-0,64	-0,62	-0,86	-1,22	-1,81	-2,49	-3,08	-3,50	-3,68	-3,84	-3,96	-4,02	-4,09	-0,64	0
09/01/2020 09:15:00	-0,63	-0,54	-0,73	-1,06	-1,70	-2,38	-3,09	-3,58	-3,80	-3,97	-4,11	-4,19	-4,27	-0,60	0
09/01/2020 09:20:00	-0,59	-0,38	-0,64	-1,10	-1,71	-2,38	-2,99	-3,36	-3,49	-3,60	-3,68	-3,71	-3,73	-0,56	0
09/01/2020 09:25:00	-0,49	-0,30	-0,59	-1,10	-1,72	-2,47	-3,06	-3,43	-3,57	-3,68	-3,76	-3,76	-3,77	-0,52	0
09/01/2020 09:30:00	-0,46	-0,34	-0,56	-1,07	-1,72	-2,43	-2,95	-3,29	-3,43	-3,54	-3,59	-3,56	-3,53	-0,46	0
09/01/2020 09:35:00	-0,43	-0,22	-0,49	-0,96	-1,48	-2,20	-2,89	-3,31	-3,46	-3,59	-3,70	-3,77	-3,83	-0,41	0
09/01/2020 09:40:00	-0,43	-0,25	-0,48	-0,92	-1,52	-2,24	-2,84	-3,24	-3,42	-3,57	-3,68	-3,73	-3,78	-0,39	0
09/01/2020 09:45:00	-0,32	-0,21	-0,55	-1,16	-1,76	-2,40	-2,85	-3,07	-3,12	-3,15	-3,15	-3,08	-3,00	-0,35	0
09/01/2020 09:50:00	-0,37	-0,21	-0,52	-1,07	-1,65	-2,27	-2,82	-3,11	-3,18	-3,24	-3,28	-3,25	-3,23	-0,39	0
09/01/2020 09:55:00	-0,36	-0,28	-0,51	-1,00	-1,54	-2,16	-2,69	-3,02	-3,14	-3,24	-3,31	-3,31	-3,31	-0,38	0
09/01/2020 10:00:00	-0,36	-0,23	-0,57	-1,07	-1,54	-2,15	-2,65	-2,91	-2,96	-3,02	-3,07	-3,08	-3,09	-0,39	0
09/01/2020 10:05:00	-0,31	-0,23	-0,50	-0,99	-1,57	-2,20	-2,75	-3,07	-3,17	-3,26	-3,31	-3,30	-3,29	-0,36	0
09/01/2020 10:10:00	-0,36	-0,21	-0,43	-0,88	-1,40	-2,12	-2,73	-3,12	-3,28	-3,42	-3,53	-3,58	-3,63	-0,34	0
09/01/2020 10:15:00	-0,31	-0,18	-0,41	-0,82	-1,41	-2,05	-2,62	-2,98	-3,12	-3,24	-3,32	-3,35	-3,38	-0,30	0
09/01/2020 10:20:00	-0,28	-0,22	-0,54	-1,01	-1,52	-2,05	-2,44	-2,63	-2,67	-2,72	-2,75	-2,72	-2,70	-0,27	0
09/01/2020 10:25:00	-0,38	-0,32	-0,68	-1,21	-1,75	-2,22	-2,56	-2,69	-2,67	-2,67	-2,65	-2,57	-2,49	-0,40	0
09/01/2020 10:30:00	-0,43	-0,42	-0,72	-1,21	-1,68	-2,15	-2,52	-2,68	-2,68	-2,70	-2,70	-2,64	-2,58	-0,46	0
09/01/2020 10:35:00	-0,47	-0,41	-0,73	-1,21	-1,75	-2,16	-2,47	-2,57	-2,54	-2,52	-2,48	-2,37	-2,27	-0,46	0
09/01/2020 10:40:00	-0,48	-0,44	-0,72	-1,14	-1,53	-1,95	-2,27	-2,40	-2,38	-2,39	-2,39	-2,34	-2,29	-0,50	0
09/01/2020 10:45:00	-0,42	-0,36	-0,61	-1,03	-1,47	-1,89	-2,18	-2,29	-2,28	-2,29	-2,27	-2,19	-2,11	-0,42	0
09/01/2020 10:50:00	-0,43	-0,36	-0,57	-1,01	-1,45	-1,85	-2,17	-2,31	-2,30	-2,32	-2,31	-2,24	-2,17	-0,40	0
09/01/2020 10:55:00	-0,41	-0,31	-0,52	-0,89	-1,33	-1,71	-2,03	-2,17	-2,17	-2,19	-2,20	-2,14	-2,09	-0,38	0
09/01/2020 11:00:00	-0,35	-0,24	-0,41	-0,77	-1,16	-1,65	-2,02	-2,22	-2,27	-2,34	-2,37	-2,36	-2,35	-0,31	0
09/01/2020 11:05:00	-0,24	-0,20	-0,43	-0,89	-1,30	-1,72	-2,03	-2,16	-2,15	-2,17	-2,16	-2,10	-2,03	-0,27	0
09/01/2020 11:10:00	-0,23	-0,19	-0,35	-0,71	-1,09	-1,59	-1,91	-2,08	-2,14	-2,20	-2,23	-2,19	-2,16	-0,25	0
09/01/2020 11:15:00	-0,21	-0,05	-0,31	-0,77	-1,19	-1,63	-1,94	-2,05	-2,03	-2,04	-2,02	-1,95	-1,89	-0,18	0
09/01/2020 11:20:00	-0,21	-0,05	-0,33	-0,81	-1,31	-1,79	-2,14	-2,27	-2,27	-2,28	-2,26	-2,18	-2,10	-0,17	0
09/01/2020 11:25:00	-0,18	0,06	-0,17	-0,71	-1,21	-1,71	-2,06	-2,20	-2,21	-2,24	-2,24	-2,17	-2,11	-0,16	0
09/01/2020 11:30:00	-0,17	0,01	-0,22	-0,69	-1,12	-1,60	-1,95	-2,11	-2,13	-2,17	-2,18	-2,15	-2,11	-0,12	0
09/01/2020 11:35:00	-0,06	0,08	-0,17	-0,60	-1,16	-1,60	-1,97	-2,13	-2,15	-2,18	-2,17	-2,09	-2,01	-0,09	0
09/01/2020 11:40:00	-0,10	0,06	-0,13	-0,54	-1,08	-1,57	-1,99	-2,20	-2,25	-2,30	-2,31	-2,24	-2,18	-0,07	0
09/01/2020 11:45:00	-0,04	0,13	-0,08	-0,53	-1,01	-1,57	-2,02	-2,27	-2,34	-2,42	-2,46	-2,45	-2,44	-0,01	0
09/01/2020 11:50:00	0,03	0,16	-0,06	-0,57	-1,06	-1,58	-1,98	-2,17	-2,21	-2,25	-2,26	-2,20	-2,15	0,00	0
09/01/2020 11:55:00	-0,03	0,10	-0,14	-0,60	-1,07	-1,58	-1,98	-2,17	-2,20	-2,25	-2,27	-2,24	-2,20	-0,01	0
09/01/2020 12:00:00	-0,01	0,13	-0,14	-0,52	-1,00	-1,46	-1,86	-2,06	-2,10	-2,16	-2,19	-2,18	-2,17	0,00	0
09/01/2020 12:05:00	0,00	0,08	-0,16	-0,59	-1,04	-1,48	-1,79	-1,93	-1,95	-1,98	-1,99	-1,94	-1,89	0,02	0
09/01/2020 12:10:00	0,03	0,24	-0,07	-0,60	-1,04	-1,49	-1,85	-1,96	-1,92	-1,92	-1,90	-1,83	-1,76	0,03	0
09/01/2020 12:15:00	0,07	0,25	0,02	-0,35	-0,85	-1,34	-1,76	-1,98	-2,04	-2,12	-2,18	-2,19	-2,19	0,10	0
09/01/2020 12:20:00	0,13	0,30	-0,02	-0,50	-0,94	-1,40	-1,74	-1,87	-1,85	-1,87	-1,88	-1,84	-1,80	0,13	0
09/01/2020 12:25:00	0,17	0,42	0,22	-0,25	-0,78	-1,36	-1,78	-2,02	-2,10	-2,18	-2,23	-2,21	-2,20	0,15	0
09/01/2020 12:30:00	0,19	0,47	0,18	-0,37	-0,91	-1,43	-1,81	-1,96	-1,96	-1,99	-1,98	-1,92	-1,85	0,21	0
09/01/2020 12:35:00	0,22	0,46	0,28	-0,15	-0,63	-1,20	-1,66	-1,92	-2,01	-2,11	-2,17	-2,18	-2,19	0,24	0
09/01/2020 12:40:00	0,29	0,52	0,28	-0,16	-0,62	-1,18	-1,59	-1,81	-1,87	-1,96	-2,02	-2,03	-2,04	0,29	0
09/01/2020 12:45:00	0,30	0,53	0,28	-0,20	-0,69	-1,24	-1,61	-1,80	-1,84	-1,91	-1,94	-1,92	-1,89	0,32	0
09/01/2020 12:50:00	0,34	0,63	0,34	-0,16	-0,66	-1,14	-1,51	-1,66	-1,65	-1,68	-1,69	-1,65	-1,61	0,36	0
09/01/2020 12:55:00	0,34	0,65	0,38	-0,08	-0,52	-1,00	-1,40	-1,56	-1,57	-1,62	-1,64	-1,63	-1,61	0,38	0
09/01/2020 13:00:00	0,37	0,57	0,36	-0,14	-0,63	-1,13	-1,42	-1,53	-1,54	-1,56	-1,54	-1,45	-1,35	0,40	0
09/01/2020 13:05:00	0,49	0,70	0,52	0,09	-0,28	-0,75	-1,04	-1,14	-1,15	-1,19	-1,20	-1,16	-1,11	0,46	0
09/01/2020 13:10:00	0,48	0,79	0,55	0,02	-0,46	-0,97	-1,28	-1,39	-1,37	-1,39	-1,37	-1,27	-1,18	0,51	0
09/01/2020 13:15:00	0,52	0,85	0,59	0,16	-0,31	-0,80	-1,12	-1,23	-1,23	-1,26	-1,26	-1,21	-1,16	0,53	0
09/01/2020 13:20:00	0,60	0,88	0,68	0,29	-0,12	-0,61	-1,04	-1,24	-1,29	-1,37	-1,42	-1,44	-1,46	0,67	0
09/01/2020 13:25:00	0,70	0,98	0,74	0,32	-0,14	-0,66	-1,07	-1,27	-1,31	-1,38	-1,43	-1,43	-1,43	0,69	0
09/01/2020 13:30:00	0,70	1,07	0,86	0,40	-0,09	-0,70	-1,18	-1,44	-1,51	-1,60	-1,65	-1,65	-1,65	0,66	0
09/01/2020 13:35:00	0,69	1,02	0,83	0,40	-0,08	-0,63	-1,15	-1,42	-1,50	-1,59	-1,65	-1,67	-1,69	0,67	0
09/01/2020 13:40:00	0,74	1,12	0,90	0,52	-0,05	-0,61	-1,03	-1,25	-1,32	-1,41	-1,46	-1,45	-1,45	0,75	0
09/01/2020 13:45:00	0,78	1,18	0,92	0,42	-0,17	-0,73	-1,18	-1,39	-1,43	-1,50	-1,52	-1,48	-1,45	0,78	0
09/01/2020 13:50:00	0,82	1,28	1,12	0,78	0,29	-0,36	-0,87	-1,19	-1,32	-1,47	-1,59	-1,66	-1,74	0,84	0
09/01/2020 13:55:00	0,93	1,30	1,16	0,72	0,32	-0,26	-0,80	-1,10	-1,20	-1,33	-1,42	-1,48	-1,54	0,97	0
09/01/2020 14:00:00	0,96	1,36	1,23	0,83	0,35	-0,25	-0,84	-1,20	-1,33	-1,48	-1,60	-1,67	-1,75	0,95	0
09/01/2020 14:05:00	1,05	1,43	1,28	0,90	0,37	-0,23	-0,80	-1,12	-1,23	-1,35	-1,43	-1,45	-1,47	1,02	0
09/01/2020 14:10:00	1,01	1,51	1,35	0,92	0,36	-0,28	-0,84	-1,15	-1,26	-1,38	-1,45	-1,47	-1,49	1,03	0
09/01/2020 14:15:00	1,05	1,61	1,41	0,86	0,25	-0,43	-0,93	-1,18	-1,27	-1,36	-1,41	-1,38	-1,36	1,09	0
09/01/2020 14:20:00	1,13	1,59	1,47	1,03	0,49	-0,18	-0,76	-1,12	-1,27	-1,43	-1,54	-1,59	-1,64	1,14	0
09/01/2020 14:25:00	1,20	1,71	1,60	1,23	0,73	-0,03	-0,64	-1,03	-1,21	-1,39	-1,52	-1,60	-1,68	1,18	0
09/01/2020 14:30:00	1,16	1,77	1,74	1,25	0,74	-0,04	-0,71	-1,13	-1,33	-1,51	-1,65	-1,72	-1,78	1,18	0
09/01/2020 14:35:00	1,21	1,72	1,60	1,16	0,64	-0,01	-0,58	-0,91	-1,03	-1,17	-1,26	-1,30	-1,33	1,21	0
09/01/2020 14:40:00	1,25	1,79	1,68	1,21	0,63	-0,06	-0,68	-1,05	-1,20	-1,34	-1,44	-1,47	-1,50	1,26	0
09/01/2020 14:45:00	1,29	1,88	1,78	1,34	0,74	-0,01	-0,58	-0,93	-1,11	-1,27	-1,38	-1,42	-1,46	1,33	0
09/01/2020 14:50:00	1,42	1,98	1,87	1,43	0,89	0,19	-0,53	-0,97	-1,15	-1,34	-1,48	-1,58	-1,67	1,36	0
09/01/2020 14:55:00	1,35	1,98	1,96	1,49	0,92	0,16	-0,49	-0,92	-1,13	-1,33	-1,47	-1,53	-1,60	1,40	0
09/01/2020 15:00:00	1,40	2,10	2,06	1,63	0,98	0,24	-0,50	-0,95	-1,16	-1,34	-1,47	-1,53	-1,59	1,44	0
09/01/2020 15:05:00	1,46	2,14	2,15	1,71	1,03	0,25	-0,47	-0,94	-1,18	-1,39	-1,53	-1,58	-1,64	1,50	0
09/01/2020 15:10:00	1,51	2,14	2,10	1,64	1,00	0,21	-0,52	-0,99	-1,21	-1,40	-1,53	-1,58	-1,63	1,53	0
09/01/2020 15:15:00	1,54	2,21	2,23	1,82	1,22	0,44	-0,31	-0,81	-1,07	-1,30	-1,48	-1,59	-1,70	1,54	0
09/01/2020 15:20:00	1,60	2,29	2,26	1,83	1,22	0,37	-0,37	-0,86	-1,12	-1,34	-1,51	-1,61	-1,70	1,58	0
09/01/2020 15:25:00	1,64	2,32	2,34	1,95	1,37	0,51	-0,28	-0,81	-1,09	-1,34	-1,53	-1,66	-1,78	1,53	0
09/01/2020 15:30:00	1,72	2,40	2,36	2,01	1,36	0,54	-0,24	-0,76	-1,03	-1,27	-1,45	-1,58	-1,70	1,66	0
09/01/2020 15:35:00	1,65	2,47	2,46	1,98	1,33	0,54	-0,25	-0,74	-0,95	-1,15	-1,29	-1,36	-1,43	1,68	0
09/01/2020 15:40:00	1,72	2,48	2,52	2,01	1,37	0,51	-0,22	-0,69	-0,94	-1,16	-1,30	-1,35	-1,41	1,71	0
09/01/2020 15:45:00	1,76	2,49	2,53	2,18	1,52	0,71	-0,13	-0,71	-1,00	-1,26	-1,45	-1,58	-1,71	1,75	0
09/01/2020 15:50:00	1,77	2,49	2,59	2,28	1,72	0,87	-0,03	-0,67	-1,00	-1,30	-1,54	-1,72	-1,90	1,76	0
09/01/2020 15:55:00	1,77	2,52	2,56	2,22	1,54	0,76	0,00	-0,51	-0,77	-1,00	-1,16	-1,24	-1,32	1,85	0
09/01/2020 16:00:00	1,77	2,56	2,62	2,31	1,69	0,89	0,08	-0,47	-0,75	-1,02	-1,22	-1,36	-1,51	1,85	0
09/01/2020 16:05:00	1,82	2,55	2,59	2,29	1,71	0,89	0,09	-0,45	-0,72	-0,97	-1,16	-1,29	-1,42	1,80	0
09/01/2020 16:10:00	1,79	2,60	2,67	2,35	1,68	0,78	0,01	-0,54	-0,85	-1,13	-1,33	-1,45	-1,57	1,81	0
09/01/2020 16:15:00	1,77	2,65	2,67	2,25	1,63	0,79	-0,01	-0,53	-0,79	-1,03	-1,21	-1,32	-1,43	1,79	0
09/01/2020 16:20:00	1,84	2,66	2,70	2,34	1,73	0,86	0,01	-0,57	-0,86	-1,13	-1,33	-1,47	-1,60	1,74	0
09/01/2020 16:25:00	1,78	2,56	2,66	2,33	1,73	0,91	0,06	-0,52	-0,82	-1,08	-1,29	-1,42	-1,55	1,81	0
09/01/2020 16:30:00	1,72	2,64	2,76	2,34	1,75	0,86	0,00	-0,57	-0,86	-1,12	-1,30	-1,41	-1,52	1,66	0
09/01/2020 16:35:00	1,69	2,63	2,71	2,23	1,45	0,58	-0,21	-0,74	-1,01	-1,23	-1,37	-1,41	-1,45	1,73	0
09/01/2020 16:40:00	1,73	2,57	2,70	2,44	1,85	0,93	0,04	-0,60	-0,96	-1,27	-1,52	-1,70	-1,89	1,74	0
09/01/2020 16:45:00	1,70	2,61	2,73	2,36	1,67	0,69	-0,15	-0,74	-1,08	-1,35	-1,55	-1,66	-1,77	1,73	0
09/01/2020 16:50:00	1,75	2,57	2,69	2,32	1,67	0,81	-0,05	-0,65	-0,95	-1,22	-1,40	-1,51	-1,62	1,73	0
09/01/2020 16:55:00	1,71	2,56	2,61	2,19	1,52	0,68	-0,12	-0,63	-0,89	-1,11	-1,26	-1,33	-1,39	1,69	0
09/01/2020 17:00:00	1,69	2,52	2,72	2,46	1,85	0,93	0,09	-0,54	-0,90	-1,20	-1,43	-1,58	-1,72	1,71	0
09/01/2020 17:05:00	1,61	2,60	2,74	2,23	1,53	0,61	-0,19	-0,71	-0,98	-1,20	-1,32	-1,33	-1,35	1,62	0
09/01/2020 17:10:00	1,50	2,38	2,56	2,21	1,64	0,75	-0,06	-0,63	-0,92	-1,18	-1,35	-1,45	-1,54	1,54	0
09/01/2020 17:15:00	1,47	2,42	2,55	2,20	1,55	0,63	-0,20	-0,77	-1,07	-1,33	-1,52	-1,62	-1,72	1,46	0
09/01/2020 17:20:00	1,46	2,31	2,48	2,17	1,61	0,72	-0,06	-0,60	-0,90	-1,16	-1,34	-1,44	-1,55	1,28	0
09/01/2020 17:25:00	1,45	2,29	2,45	2,06	1,44	0,60	-0,23	-0,79	-1,06	-1,30	-1,45	-1,51	-1,57	1,31	0
09/01/2020 17:30:00	1,32	2,12	2,27	1,98	1,46	0,71	-0,03	-0,52	-0,77	-1,00	-1,16	-1,25	-1,35	1,32	0
09/01/2020 17:35:00	1,22	2,08	2,27	2,01	1,49	0,78	0,08	-0,40	-0,65	-0,87	-1,04	-1,13	-1,22	1,23	0
09/01/2020 17:40:00	1,24	2,18	2,36	2,05	1,44	0,64	-0,14	-0,66	-0,94	-1,18	-1,35	-1,44	-1,52	1,31	0
09/01/2020 17:45:00	1,24	2,17	2,27	1,90	1,24	0,41	-0,31	-0,79	-1,05	-1,27	-1,43	-1,50	-1,57	1,24	0
09/01/2020 17:50:00	1,25	2,09	2,16	1,81	1,23	0,48	-0,34	-0,87	-1,11	-1,34	-1,51	-1,62	-1,74	1,31	0
09/01/2020 17:55:00	1,41	2,16	2,31	2,03	1,46	0,62	-0,15	-0,72	-1,03	-1,31	-1,52	-1,66	-1,80	1,41	0
09/01/2020 18:00:00	1,40	2,28	2,32	1,95	1,36	0,51	-0,34	-0,90	-1,17	-1,41	-1,61	-1,74	-1,87	1,41	0
09/01/2020 18:05:00	1,50	2,27	2,34	2,06	1,43	0,65	-0,13	-0,67	-0,95	-1,19	-1,38	-1,50	-1,62	1,46	0
09/01/2020 18:10:00	1,51	2,32	2,35	2,00	1,36	0,56	-0,21	-0,72	-0,98	-1,21	-1,39	-1,50	-1,61	1,56	0
09/01/2020 18:15:00	1,58	2,40	2,49	2,13	1,50	0,64	-0,17	-0,73	-1,01	-1,25	-1,42	-1,52	-1,61	1,59	0
09/01/2020 18:20:00	1,59	2,43	2,63	2,23	1,62	0,75	-0,18	-0,82	-1,16	-1,44	-1,65	-1,78	-1,91	1,59	0
09/01/2020 18:25:00	1,62	2,52	2,59	2,08	1,32	0,47	-0,37	-0,90	-1,15	-1,36	-1,48	-1,50	-1,52	1,66	0
09/01/2020 18:30:00	1,61	2,50	2,63	2,16	1,51	0,59	-0,25	-0,85	-1,17	-1,45	-1,65	-1,77	-1,90	1,66	0
09/01/2020 18:35:00	1,69	2,43	2,53	2,21	1,68	0,87	-0,03	-0,63	-0,92	-1,18	-1,39	-1,53	-1,68	1,63	0
09/01/2020 18:40:00	1,67	2,55	2,61	2,19	1,43	0,54	-0,29	-0,85	-1,15	-1,39	-1,56	-1,64	-1,72	1,70	0
09/01/2020 18:45:00	1,71	2,51	2,59	2,26	1,58	0,71	-0,13	-0,72	-1,04	-1,32	-1,53	-1,66	-1,79	1,73	0
09/01/2020 18:50:00	1,65	2,46	2,60	2,20	1,60	0,67	-0,24	-0,88	-1,23	-1,52	-1,74	-1,88	-2,03	1,69	0
09/01/2020 18:55:00	1,75	2,62	2,71	2,18	1,45	0,50	-0,29	-0,82	-1,11	-1,34	-1,48	-1,52	-1,55	1,73	0
09/01/2020 19:00:00	1,70	2,55	2,67	2,27	1,61	0,67	-0,16	-0,75	-1,08	-1,35	-1,54	-1,64	-1,74	1,78	0
09/01/2020 19:05:00	1,87	2,65	2,79	2,49	1,83	0,90	-0,04	-0,72	-1,09	-1,40	-1,64	-1,80	-1,96	1,79	0
09/01/2020 19:10:00	1,81	2,65	2,69	2,15	1,42	0,54	-0,28	-0,82	-1,09	-1,32	-1,47	-1,53	-1,59	1,83	0
09/01/2020 19:15:00	1,77	2,65	2,83	2,40	1,69	0,73	-0,14	-0,77	-1,12	-1,41	-1,61	-1,71	-1,81	1,78	0
09/01/2020 19:20:00	1,79	2,64	2,72	2,29	1,63	0,61	-0,26	-0,88	-1,23	-1,51	-1,73	-1,85	-1,98	1,78	0
09/01/2020 19:25:00	1,93	2,65	2,75	2,35	1,76	0,81	-0,09	-0,73	-1,07	-1,36	-1,58	-1,72	-1,86	1,85	0
09/01/2020 19:30:00	1,83	2,73	2,78	2,25	1,55	0,57	-0,33	-0,93	-1,24	-1,49	-1,67	-1,77	-1,86	1,83	0
09/01/2020 19:35:00	1,81	2,63	2,76	2,49	1,83	0,90	-0,02	-0,70	-1,08	-1,40	-1,65	-1,83	-2,02	1,85	0
09/01/2020 19:40:00	1,92	2,76	2,79	2,34	1,56	0,55	-0,39	-1,04	-1,38	-1,65	-1,84	-1,95	-2,05	1,94	0
09/01/2020 19:45:00	1,84	2,75	2,88	2,44	1,73	0,71	-0,24	-0,93	-1,31	-1,62	-1,85	-2,00	-2,14	1,90	0
09/01/2020 19:50:00	1,84	2,73	2,84	2,43	1,67	0,65	-0,24	-0,88	-1,25	-1,54	-1,76	-1,87	-1,99	1,84	0
09/01/2020 19:55:00	1,84	2,71	2,83	2,40	1,66	0,75	-0,22	-0,90	-1,25	-1,54	-1,75	-1,87	-2,00	1,90	0
09/01/2020 20:00:00	1,86	2,77	2,86	2,40	1,68	0,65	-0,32	-1,01	-1,38	-1,69	-1,92	-2,07	-2,22	1,88	0
09/01/2020 20:05:00	1,89	2,73	2,88	2,57	1,82	0,82	-0,11	-0,81	-1,22	-1,56	-1,82	-1,99	-2,17	1,91	0
09/01/2020 20:10:00	1,89	2,82	2,88	2,38	1,65	0,67	-0,26	-0,90	-1,23	-1,52	-1,73	-1,85	-1,98	1,96	0
09/01/2020 20:15:00	1,91	2,81	2,94	2,55	1,84	0,78	-0,19	-0,91	-1,32	-1,66	-1,92	-2,10	-2,28	1,92	0
09/01/2020 20:20:00	1,84	2,82	3,01	2,58	1,89	0,87	-0,16	-0,90	-1,30	-1,64	-1,89	-2,07	-2,24	1,89	0
09/01/2020 20:25:00	1,96	2,88	3,02	2,55	1,74	0,69	-0,29	-0,99	-1,39	-1,70	-1,92	-2,04	-2,15	2,04	0
09/01/2020 20:30:00	1,98	2,88	3,03	2,58	1,85	0,80	-0,19	-0,90	-1,29	-1,61	-1,85	-1,99	-2,13	2,03	0
09/01/2020 20:35:00	2,00	2,95	3,02	2,60	1,86	0,80	-0,21	-0,92	-1,31	-1,63	-1,88	-2,06	-2,23	2,10	0
09/01/2020 20:40:00	2,01	2,90	3,12	2,73	2,04	1,00	-0,06	-0,84	-1,28	-1,64	-1,91	-2,09	-2,28	1,98	0
09/01/2020 20:45:00	1,94	2,85	2,99	2,59	1,87	0,81	-0,22	-0,97	-1,39	-1,74	-2,01	-2,20	-2,38	1,96	0
09/01/2020 20:50:00	1,95	2,80	2,89	2,51	1,81	0,82	-0,21	-0,93	-1,31	-1,62	-1,86	-2,03	-2,20	1,96	0
09/01/2020 20:55:00	1,93	2,90	3,03	2,55	1,77	0,71	-0,24	-0,92	-1,31	-1,61	-1,83	-1,95	-2,06	2,00	0
09/01/2020 21:00:00	1,94	2,73	2,86	2,49	1,83	0,83	-0,18	-0,90	-1,29	-1,61	-1,86	-2,02	-2,19	1,92	0
09/01/2020 21:05:00	1,92	2,78	2,94	2,54	1,84	0,80	-0,19	-0,92	-1,33	-1,67	-1,93	-2,11	-2,28	1,97	0
09/01/2020 21:10:00	1,97	2,86	2,96	2,60	1,83	0,82	-0,18	-0,90	-1,30	-1,63	-1,89	-2,07	-2,24	1,88	0
09/01/2020 21:15:00	1,85	2,78	2,89	2,52	1,77	0,74	-0,25	-0,98	-1,39	-1,74	-2,01	-2,21	-2,41	1,89	0
09/01/2020 21:20:00	1,89	2,73	2,82	2,43	1,77	0,81	-0,19	-0,88	-1,25	-1,56	-1,80	-1,97	-2,14	1,85	0
09/01/2020 21:25:00	1,86	2,77	2,94	2,62	1,90	0,86	-0,16	-0,92	-1,35	-1,70	-1,97	-2,16	-2,35	1,91	0
09/01/2020 21:30:00	1,87	2,80	2,89	2,53	1,84	0,80	-0,19	-0,91	-1,31	-1,65	-1,91	-2,11	-2,31	1,86	0
09/01/2020 21:35:00	1,92	2,72	2,91	2,54	1,88	0,82	-0,24	-1,02	-1,47	-1,84	-2,12	-2,33	-2,53	1,88	0
09/01/2020 21:40:00	1,84	2,72	2,88	2,43	1,69	0,58	-0,46	-1,24	-1,67	-2,01	-2,27	-2,44	-2,60	1,81	0
09/01/2020 21:45:00	1,84	2,74	2,78	2,30	1,52	0,49	-0,50	-1,19	-1,56	-1,85	-2,08	-2,21	-2,35	1,86	0
09/01/2020 21:50:00	1,84	2,53	2,52	2,14	1,52	0,56	-0,34	-0,97	-1,30	-1,59	-1,82	-1,98	-2,15	1,81	0
09/01/2020 21:55:00	1,73	2,48	2,57	2,17	1,51	0,54	-0,39	-1,08	-1,46	-1,78	-2,04	-2,22	-2,40	1,70	0
09/01/2020 22:00:00	1,67	2,37	2,41	2,12	1,42	0,52	-0,54	-1,29	-1,68	-2,00	-2,27	-2,49	-2,70	1,65	0
09/01/2020 22:05:00	1,64	2,42	2,47	2,02	1,32	0,30	-0,65	-1,33	-1,69	-1,98	-2,21	-2,35	-2,49	1,69	0
09/01/2020 22:10:00	1,66	2,43	2,45	2,09	1,41	0,47	-0,46	-1,13	-1,48	-1,78	-2,01	-2,19	-2,36	1,54	0
09/01/2020 22:15:00	1,54	2,31	2,38	1,99	1,30	0,37	-0,56	-1,20	-1,55	-1,83	-2,04	-2,18	-2,32	1,53	0
09/01/2020 22:20:00	1,47	2,27	2,33	1,88	1,28	0,37	-0,52	-1,13	-1,44	-1,70	-1,90	-2,04	-2,17	1,62	0
09/01/2020 22:25:00	1,54	2,30	2,35	1,96	1,29	0,34	-0,48	-1,07	-1,41	-1,70	-1,92	-2,06	-2,20	1,55	0
09/01/2020 22:30:00	1,54	2,35	2,38	1,92	1,21	0,23	-0,70	-1,35	-1,68	-1,96	-2,16	-2,29	-2,41	1,58	0
09/01/2020 22:35:00	1,54	2,33	2,35	1,83	1,05	0,09	-0,83	-1,46	-1,78	-2,04	-2,22	-2,31	-2,40	1,59	0
09/01/2020 22:40:00	1,51	2,16	2,18	1,77	1,08	0,17	-0,71	-1,32	-1,64	-1,91	-2,11	-2,23	-2,36	1,51	0
09/01/2020 22:45:00	1,39	2,07	2,10	1,74	1,17	0,24	-0,65	-1,28	-1,60	-1,88	-2,10	-2,26	-2,42	1,39	0
09/01/2020 22:50:00	1,49	2,17	2,23	1,82	1,18	0,28	-0,58	-1,19	-1,51	-1,77	-1,97	-2,09	-2,21	1,46	0
09/01/2020 22:55:00	1,48	2,19	2,25	1,78	1,06	0,15	-0,74	-1,35	-1,66	-1,91	-2,08	-2,15	-2,23	1,48	0
09/01/2020 23:00:00	1,52	2,20	2,22	1,87	1,26	0,45	-0,37	-0,93	-1,22	-1,47	-1,68	-1,82	-1,97	1,52	0
09/01/2020 23:05:00	1,52	2,26	2,21	1,77	1,06	0,18	-0,70	-1,27	-1,53	-1,76	-1,92	-2,01	-2,09	1,50	0
09/01/2020 23:10:00	1,55	2,22	2,25	1,87	1,30	0,38	-0,44	-1,02	-1,34	-1,61	-1,83	-1,98	-2,13	1,57	0
09/01/2020 23:15:00	1,41	2,19	2,18	1,71	1,00	0,09	-0,74	-1,31	-1,61	-1,87	-2,06	-2,18	-2,29	1,50	0
09/01/2020 23:20:00	1,54	2,22	2,34	2,05	1,46	0,49	-0,54	-1,31	-1,73	-2,08	-2,38	-2,62	-2,86	1,45	0
09/01/2020 23:25:00	1,45	2,18	2,22	1,79	1,11	0,18	-0,70	-1,33	-1,66	-1,94	-2,15	-2,29	-2,43	1,49	0
09/01/2020 23:30:00	1,52	2,28	2,24	1,76	1,03	0,14	-0,73	-1,30	-1,57	-1,80	-1,97	-2,07	-2,16	1,48	0
09/01/2020 23:35:00	1,44	2,16	2,21	1,82	1,12	0,26	-0,62	-1,22	-1,53	-1,79	-1,99	-2,11	-2,23	1,41	0
09/01/2020 23:40:00	1,48	2,17	2,23	1,78	1,11	0,20	-0,69	-1,31	-1,64	-1,92	-2,12	-2,24	-2,36	1,47	0
09/01/2020 23:45:00	1,47	2,12	2,12	1,77	1,11	0,27	-0,55	-1,13	-1,44	-1,71	-1,92	-2,07	-2,22	1,43	0
09/01/2020 23:50:00	1,43	2,14	2,13	1,73	1,14	0,28	-0,55	-1,09	-1,36	-1,59	-1,77	-1,88	-1,99	1,44	0
09/01/2020 23:55:00	1,43	2,13	2,16	1,81	1,20	0,31	-0,56	-1,17	-1,48	-1,76	-1,97	-2,13	-2,28	1,43	0
