FileFormat:0002.2 file with temperature of atmosphere
200
local	GMT or Local
0	GMT-Local=[hours]
0	Height[m]
0	0	0	Longitude                [grd]               [min]               [sec]
0	0	0	Latitude                [grd]               [min]               [sec]
N	NS
59,40	Freq[GHz]
0,00	dTemostat[K]
0,150	MessErr[K]
0,248	//[grad/step]
version 14.0.20110218
MTP5H033F5940K-33.00D180214+A1.1
Commentary:
enter comment
End Of Commentary

SYSTEM\summer.dat
data time	0	50	100	150	200	250	300	350	400	450	500	550	600	OutsideTemperature	Quality
13/10/2020 00:00:00	12,89	12,80	12,54	12,30	12,05	11,82	11,56	11,31	11,04	10,78	10,53	10,25	9,97	12,90	0
13/10/2020 00:05:00	12,83	12,77	12,51	12,26	12,02	11,79	11,53	11,26	11,00	10,75	10,50	10,23	9,96	12,82	0
13/10/2020 00:10:00	12,84	12,72	12,45	12,16	11,92	11,74	11,52	11,29	11,04	10,82	10,60	10,37	10,14	12,80	0
13/10/2020 00:15:00	12,85	12,83	12,60	12,35	12,08	11,85	11,60	11,34	11,06	10,80	10,55	10,27	10,00	12,87	0
13/10/2020 00:20:00	12,92	12,87	12,61	12,39	12,14	11,87	11,62	11,37	11,09	10,83	10,56	10,27	9,98	12,88	0
13/10/2020 00:25:00	12,87	12,89	12,70	12,46	12,16	11,91	11,64	11,37	11,08	10,80	10,52	10,22	9,92	12,87	0
13/10/2020 00:30:00	12,84	12,83	12,61	12,38	12,17	11,93	11,66	11,40	11,13	10,87	10,60	10,32	10,03	12,81	0
13/10/2020 00:35:00	12,80	12,80	12,57	12,29	12,01	11,75	11,49	11,23	10,95	10,68	10,42	10,15	9,88	12,82	0
13/10/2020 00:40:00	12,85	12,81	12,63	12,35	12,11	11,86	11,59	11,32	11,04	10,76	10,49	10,20	9,91	12,85	0
13/10/2020 00:45:00	12,82	12,77	12,58	12,36	12,09	11,90	11,65	11,40	11,13	10,87	10,61	10,33	10,05	12,82	0
13/10/2020 00:50:00	12,74	12,82	12,68	12,46	12,24	11,97	11,67	11,38	11,09	10,80	10,50	10,18	9,85	12,77	0
13/10/2020 00:55:00	12,77	12,84	12,67	12,40	12,13	11,89	11,62	11,34	11,05	10,78	10,50	10,21	9,92	12,75	0
13/10/2020 01:00:00	12,81	12,89	12,71	12,48	12,24	11,97	11,71	11,43	11,15	10,87	10,59	10,29	9,99	12,77	0
13/10/2020 01:05:00	12,80	12,88	12,67	12,41	12,15	11,88	11,60	11,32	11,03	10,75	10,47	10,18	9,89	12,79	0
13/10/2020 01:10:00	12,83	12,80	12,57	12,31	12,05	11,81	11,55	11,29	11,01	10,74	10,48	10,20	9,92	12,84	0
13/10/2020 01:15:00	12,86	12,91	12,74	12,49	12,21	11,92	11,63	11,34	11,04	10,75	10,44	10,13	9,81	12,85	0
13/10/2020 01:20:00	12,86	12,88	12,66	12,39	12,11	11,89	11,59	11,30	11,02	10,75	10,47	10,18	9,89	12,87	0
13/10/2020 01:25:00	12,88	12,94	12,77	12,50	12,26	11,96	11,70	11,43	11,14	10,85	10,56	10,26	9,95	12,88	0
13/10/2020 01:30:00	12,88	12,98	12,75	12,47	12,22	11,95	11,68	11,40	11,12	10,85	10,59	10,31	10,03	12,89	0
13/10/2020 01:35:00	12,95	13,02	12,79	12,54	12,30	12,07	11,76	11,47	11,19	10,92	10,65	10,37	10,08	12,87	0
13/10/2020 01:40:00	12,88	12,81	12,56	12,34	12,08	11,84	11,64	11,40	11,14	10,89	10,64	10,38	10,11	12,89	0
13/10/2020 01:45:00	12,85	12,92	12,72	12,47	12,21	11,93	11,65	11,37	11,08	10,80	10,51	10,21	9,92	12,89	0
13/10/2020 01:50:00	12,86	12,98	12,77	12,51	12,29	12,02	11,77	11,51	11,23	10,97	10,71	10,43	10,16	12,90	0
13/10/2020 01:55:00	12,88	13,00	12,83	12,63	12,41	12,18	11,87	11,58	11,29	11,01	10,72	10,41	10,10	12,90	0
13/10/2020 02:00:00	12,86	12,97	12,79	12,58	12,38	12,11	11,83	11,55	11,27	10,99	10,70	10,40	10,09	12,85	0
13/10/2020 02:05:00	12,88	12,98	12,76	12,51	12,25	12,01	11,74	11,46	11,18	10,91	10,65	10,36	10,08	12,83	0
13/10/2020 02:10:00	12,83	12,94	12,70	12,51	12,28	12,07	11,78	11,50	11,23	10,97	10,71	10,43	10,15	12,87	0
13/10/2020 02:15:00	12,91	13,00	12,78	12,54	12,33	12,08	11,81	11,54	11,27	11,01	10,75	10,47	10,19	12,87	0
13/10/2020 02:20:00	12,88	12,92	12,73	12,55	12,33	12,07	11,82	11,57	11,29	11,02	10,74	10,45	10,15	12,86	0
13/10/2020 02:25:00	12,81	12,91	12,74	12,51	12,28	12,01	11,75	11,48	11,19	10,92	10,63	10,33	10,03	12,87	0
13/10/2020 02:30:00	12,88	13,03	12,85	12,64	12,37	12,08	11,76	11,45	11,15	10,84	10,53	10,19	9,86	12,85	0
13/10/2020 02:35:00	12,82	12,92	12,74	12,52	12,28	12,09	11,80	11,52	11,25	10,98	10,71	10,42	10,13	12,84	0
13/10/2020 02:40:00	12,83	13,01	12,84	12,62	12,40	12,18	11,90	11,62	11,34	11,08	10,80	10,51	10,22	12,84	0
13/10/2020 02:45:00	12,87	12,96	12,75	12,52	12,26	12,03	11,74	11,46	11,18	10,90	10,63	10,33	10,04	12,87	0
13/10/2020 02:50:00	12,91	12,99	12,82	12,62	12,38	12,11	11,82	11,54	11,24	10,96	10,66	10,34	10,02	12,88	0
13/10/2020 02:55:00	12,82	13,02	12,80	12,55	12,33	12,01	11,71	11,42	11,12	10,83	10,54	10,24	9,93	12,87	0
13/10/2020 03:00:00	12,88	13,02	12,81	12,58	12,34	12,04	11,75	11,46	11,16	10,87	10,58	10,26	9,95	12,85	0
13/10/2020 03:05:00	12,95	12,98	12,79	12,55	12,30	11,99	11,74	11,47	11,18	10,89	10,61	10,30	10,00	12,89	0
13/10/2020 03:10:00	12,91	12,95	12,72	12,51	12,22	11,96	11,70	11,43	11,14	10,87	10,59	10,29	10,00	12,90	0
13/10/2020 03:15:00	13,00	12,90	12,68	12,47	12,22	11,94	11,70	11,44	11,16	10,89	10,60	10,30	9,99	12,95	0
13/10/2020 03:20:00	12,97	12,96	12,74	12,51	12,26	12,03	11,72	11,44	11,15	10,88	10,59	10,29	9,98	13,00	0
13/10/2020 03:25:00	12,91	13,08	12,90	12,67	12,35	12,06	11,76	11,46	11,15	10,85	10,54	10,22	9,90	13,00	0
13/10/2020 03:30:00	13,06	13,03	12,77	12,53	12,26	12,01	11,73	11,45	11,17	10,90	10,63	10,33	10,04	12,99	0
13/10/2020 03:35:00	13,01	12,94	12,64	12,34	12,09	11,84	11,58	11,32	11,05	10,80	10,55	10,29	10,03	12,97	0
13/10/2020 03:40:00	12,98	12,98	12,72	12,42	12,15	11,89	11,59	11,29	11,01	10,73	10,45	10,16	9,87	13,00	0
13/10/2020 03:45:00	12,97	12,91	12,65	12,40	12,13	11,92	11,60	11,31	11,03	10,76	10,49	10,19	9,90	12,96	0
13/10/2020 03:50:00	12,93	12,90	12,61	12,39	12,15	11,87	11,60	11,34	11,06	10,80	10,53	10,24	9,95	12,95	0
13/10/2020 03:55:00	12,85	12,90	12,68	12,41	12,15	11,88	11,61	11,33	11,05	10,78	10,51	10,22	9,93	12,87	0
13/10/2020 04:00:00	12,95	12,86	12,63	12,36	12,11	11,85	11,56	11,27	10,99	10,71	10,43	10,12	9,82	12,87	0
13/10/2020 04:05:00	12,86	12,86	12,64	12,40	12,13	11,84	11,52	11,22	10,92	10,63	10,32	10,00	9,67	12,89	0
13/10/2020 04:10:00	12,91	12,87	12,65	12,42	12,16	11,95	11,68	11,41	11,14	10,87	10,61	10,32	10,04	12,89	0
13/10/2020 04:15:00	12,87	12,87	12,66	12,40	12,17	11,89	11,57	11,26	10,97	10,68	10,37	10,05	9,73	12,85	0
13/10/2020 04:20:00	12,90	12,84	12,64	12,36	12,07	11,83	11,52	11,22	10,93	10,64	10,35	10,04	9,73	12,90	0
13/10/2020 04:25:00	12,91	12,86	12,62	12,33	12,06	11,83	11,58	11,32	11,05	10,79	10,55	10,28	10,02	12,86	0
13/10/2020 04:30:00	12,89	12,84	12,60	12,33	12,07	11,78	11,52	11,24	10,96	10,68	10,41	10,11	9,82	12,79	0
13/10/2020 04:35:00	12,86	12,84	12,57	12,33	12,08	11,80	11,52	11,25	10,96	10,69	10,41	10,11	9,82	12,80	0
13/10/2020 04:40:00	12,86	12,80	12,54	12,24	11,95	11,72	11,39	11,09	10,80	10,53	10,26	9,97	9,68	12,81	0
13/10/2020 04:45:00	12,84	12,81	12,53	12,28	11,99	11,71	11,43	11,14	10,86	10,58	10,31	10,01	9,72	12,80	0
13/10/2020 04:50:00	12,83	12,83	12,57	12,29	12,00	11,72	11,44	11,16	10,87	10,59	10,31	10,02	9,73	12,82	0
13/10/2020 04:55:00	12,75	12,77	12,52	12,24	11,93	11,69	11,41	11,13	10,84	10,57	10,30	10,03	9,75	12,79	0
13/10/2020 05:00:00	12,77	12,83	12,60	12,32	12,05	11,79	11,49	11,19	10,90	10,62	10,34	10,05	9,76	12,77	0
13/10/2020 05:05:00	12,76	12,80	12,53	12,30	12,01	11,72	11,40	11,09	10,80	10,51	10,21	9,90	9,59	12,83	0
13/10/2020 05:10:00	12,79	12,77	12,56	12,32	12,05	11,80	11,51	11,23	10,95	10,67	10,39	10,09	9,80	12,80	0
13/10/2020 05:15:00	12,79	12,76	12,52	12,28	12,02	11,77	11,48	11,20	10,92	10,64	10,37	10,07	9,77	12,77	0
13/10/2020 05:20:00	12,84	12,70	12,49	12,25	12,03	11,80	11,53	11,26	10,99	10,72	10,45	10,15	9,86	12,79	0
13/10/2020 05:25:00	12,80	12,83	12,62	12,38	12,13	11,87	11,59	11,31	11,02	10,75	10,47	10,18	9,88	12,79	0
13/10/2020 05:30:00	12,77	12,78	12,56	12,30	12,05	11,80	11,57	11,32	11,04	10,78	10,53	10,26	9,99	12,74	0
13/10/2020 05:35:00	12,72	12,75	12,50	12,25	12,01	11,73	11,40	11,10	10,81	10,52	10,24	9,93	9,62	12,74	0
13/10/2020 05:40:00	12,80	12,75	12,52	12,23	12,02	11,73	11,44	11,16	10,88	10,61	10,33	10,03	9,74	12,79	0
13/10/2020 05:45:00	12,76	12,65	12,40	12,22	11,99	11,81	11,54	11,28	11,03	10,78	10,52	10,25	9,97	12,79	0
13/10/2020 05:50:00	12,80	12,72	12,52	12,34	12,12	11,85	11,59	11,33	11,05	10,78	10,49	10,18	9,87	12,78	0
13/10/2020 05:55:00	12,76	12,74	12,55	12,31	12,10	11,89	11,59	11,31	11,04	10,77	10,50	10,21	9,91	12,79	0
13/10/2020 06:00:00	12,76	12,77	12,58	12,41	12,14	11,89	11,68	11,44	11,17	10,90	10,63	10,35	10,06	12,77	0
13/10/2020 06:05:00	12,79	12,82	12,66	12,46	12,24	11,98	11,70	11,43	11,14	10,86	10,57	10,25	9,94	12,84	0
13/10/2020 06:10:00	12,85	12,89	12,72	12,52	12,31	12,04	11,76	11,48	11,19	10,90	10,60	10,29	9,97	12,81	0
13/10/2020 06:15:00	12,80	12,80	12,64	12,45	12,23	11,97	11,71	11,44	11,16	10,88	10,59	10,27	9,96	12,80	0
13/10/2020 06:20:00	12,88	12,82	12,69	12,44	12,19	11,93	11,64	11,35	11,05	10,76	10,45	10,13	9,80	12,84	0
13/10/2020 06:25:00	12,86	12,88	12,70	12,50	12,23	11,96	11,67	11,38	11,09	10,80	10,50	10,17	9,85	12,84	0
13/10/2020 06:30:00	12,77	12,82	12,66	12,43	12,16	11,92	11,66	11,39	11,10	10,83	10,55	10,25	9,96	12,78	0
13/10/2020 06:35:00	12,81	12,86	12,74	12,52	12,30	12,07	11,80	11,53	11,25	10,97	10,69	10,38	10,08	12,85	0
13/10/2020 06:40:00	12,84	12,97	12,86	12,73	12,49	12,28	11,98	11,69	11,40	11,11	10,80	10,47	10,13	12,85	0
13/10/2020 06:45:00	12,80	12,86	12,80	12,65	12,45	12,20	11,93	11,66	11,37	11,08	10,76	10,42	10,08	12,82	0
13/10/2020 06:50:00	12,81	13,05	12,96	12,77	12,58	12,34	12,03	11,74	11,45	11,16	10,85	10,53	10,20	12,78	0
13/10/2020 06:55:00	12,84	12,93	12,86	12,72	12,51	12,28	12,00	11,72	11,43	11,13	10,82	10,48	10,14	12,84	0
13/10/2020 07:00:00	12,88	12,95	12,91	12,70	12,47	12,23	11,94	11,65	11,35	11,05	10,73	10,39	10,05	12,79	0
13/10/2020 07:05:00	12,82	12,99	12,89	12,71	12,49	12,24	11,96	11,68	11,39	11,10	10,80	10,48	10,16	12,80	0
13/10/2020 07:10:00	12,76	12,90	12,78	12,61	12,35	12,13	11,82	11,53	11,23	10,94	10,64	10,31	9,99	12,74	0
13/10/2020 07:15:00	12,69	12,89	12,81	12,69	12,47	12,15	11,87	11,59	11,28	10,97	10,63	10,27	9,91	12,82	0
13/10/2020 07:20:00	12,80	13,06	12,97	12,79	12,55	12,24	11,97	11,69	11,38	11,08	10,76	10,42	10,09	12,89	0
13/10/2020 07:25:00	12,96	12,99	12,89	12,73	12,56	12,35	12,07	11,80	11,53	11,25	10,95	10,64	10,32	12,92	0
13/10/2020 07:30:00	12,92	13,05	12,91	12,68	12,46	12,17	11,86	11,55	11,25	10,95	10,64	10,30	9,97	12,94	0
13/10/2020 07:35:00	12,99	12,99	12,82	12,60	12,40	12,19	11,91	11,64	11,37	11,10	10,83	10,53	10,23	12,97	0
13/10/2020 07:40:00	13,01	13,01	12,86	12,65	12,46	12,21	11,90	11,61	11,32	11,03	10,73	10,40	10,07	12,97	0
13/10/2020 07:45:00	12,94	12,97	12,80	12,58	12,37	12,14	11,88	11,63	11,35	11,09	10,82	10,53	10,24	12,97	0
13/10/2020 07:50:00	13,02	12,97	12,83	12,63	12,40	12,18	11,92	11,66	11,38	11,10	10,81	10,50	10,20	13,02	0
13/10/2020 07:55:00	13,08	13,06	12,93	12,74	12,55	12,33	12,08	11,82	11,55	11,29	11,01	10,71	10,40	13,02	0
13/10/2020 08:00:00	13,03	13,03	12,86	12,64	12,41	12,18	11,92	11,66	11,38	11,11	10,83	10,54	10,24	13,04	0
13/10/2020 08:05:00	13,05	13,07	12,92	12,72	12,54	12,31	12,05	11,79	11,51	11,24	10,96	10,66	10,35	13,08	0
13/10/2020 08:10:00	13,14	13,00	12,83	12,66	12,52	12,35	12,19	12,00	11,76	11,54	11,32	11,07	10,82	13,07	0
13/10/2020 08:15:00	13,11	12,97	12,80	12,71	12,58	12,46	12,24	12,02	11,79	11,57	11,32	11,05	10,78	13,08	0
13/10/2020 08:20:00	13,06	13,03	12,80	12,67	12,56	12,40	12,19	11,98	11,75	11,53	11,31	11,06	10,81	13,10	0
13/10/2020 08:25:00	13,17	13,09	12,94	12,87	12,79	12,67	12,47	12,27	12,05	11,82	11,58	11,31	11,04	13,15	0
13/10/2020 08:30:00	13,22	13,17	13,09	13,13	13,10	13,03	12,84	12,65	12,44	12,22	11,97	11,68	11,40	13,18	0
13/10/2020 08:35:00	13,16	13,15	12,93	12,75	12,56	12,37	12,13	11,89	11,64	11,40	11,15	10,88	10,61	13,22	0
13/10/2020 08:40:00	13,25	13,06	12,81	12,69	12,62	12,49	12,27	12,05	11,84	11,63	11,40	11,15	10,89	13,20	0
13/10/2020 08:45:00	13,26	13,15	13,02	12,91	12,75	12,55	12,33	12,09	11,84	11,57	11,29	10,97	10,66	13,20	0
13/10/2020 08:50:00	13,20	13,19	13,05	12,92	12,80	12,63	12,38	12,14	11,89	11,64	11,37	11,07	10,77	13,21	0
13/10/2020 08:55:00	13,29	13,21	13,02	12,86	12,75	12,57	12,31	12,06	11,82	11,57	11,30	11,01	10,72	13,25	0
13/10/2020 09:00:00	13,25	13,16	12,92	12,70	12,53	12,28	12,06	11,83	11,57	11,33	11,08	10,80	10,53	13,24	0
13/10/2020 09:05:00	13,27	13,12	12,91	12,76	12,59	12,44	12,23	12,01	11,77	11,54	11,30	11,04	10,77	13,26	0
13/10/2020 09:10:00	13,30	13,13	12,86	12,71	12,54	12,33	12,10	11,87	11,63	11,39	11,14	10,86	10,58	13,26	0
13/10/2020 09:15:00	13,25	13,11	12,90	12,80	12,74	12,55	12,28	12,04	11,80	11,55	11,29	10,98	10,68	13,25	0
13/10/2020 09:20:00	13,35	13,22	13,00	12,86	12,71	12,49	12,27	12,05	11,80	11,55	11,29	11,00	10,71	13,39	0
13/10/2020 09:25:00	13,37	13,22	12,99	12,88	12,76	12,60	12,41	12,20	11,98	11,76	11,52	11,26	11,00	13,40	0
13/10/2020 09:30:00	13,33	13,20	12,95	12,73	12,54	12,40	12,22	12,01	11,79	11,58	11,37	11,15	10,92	13,32	0
13/10/2020 09:35:00	13,36	13,17	12,93	12,78	12,70	12,57	12,39	12,21	12,00	11,80	11,59	11,36	11,13	13,38	0
13/10/2020 09:40:00	13,33	13,14	12,89	12,75	12,62	12,48	12,32	12,14	11,93	11,72	11,52	11,29	11,06	13,33	0
13/10/2020 09:45:00	13,31	13,15	12,91	12,75	12,61	12,43	12,22	12,00	11,76	11,53	11,29	11,03	10,76	13,32	0
13/10/2020 09:50:00	13,37	13,24	13,08	12,95	12,77	12,54	12,34	12,12	11,86	11,60	11,32	11,02	10,72	13,37	0
13/10/2020 09:55:00	13,41	13,27	13,05	12,96	12,81	12,60	12,39	12,17	11,92	11,68	11,41	11,12	10,82	13,44	0
13/10/2020 10:00:00	13,61	13,31	13,07	12,93	12,84	12,69	12,51	12,32	12,10	11,89	11,66	11,40	11,15	13,52	0
13/10/2020 10:05:00	13,55	13,32	13,03	12,84	12,66	12,48	12,28	12,08	11,85	11,63	11,40	11,16	10,91	13,49	0
13/10/2020 10:10:00	13,33	13,28	12,99	12,77	12,56	12,34	12,06	11,79	11,53	11,28	11,02	10,74	10,46	13,41	0
13/10/2020 10:15:00	13,48	13,30	13,03	12,85	12,70	12,50	12,25	12,02	11,77	11,53	11,29	11,01	10,73	13,47	0
13/10/2020 10:20:00	13,47	13,33	13,04	12,85	12,67	12,45	12,21	11,98	11,73	11,49	11,25	10,98	10,71	13,52	0
13/10/2020 10:25:00	13,58	13,40	13,12	12,97	12,82	12,59	12,36	12,13	11,88	11,64	11,38	11,09	10,81	13,55	0
13/10/2020 10:30:00	13,60	13,44	13,12	12,88	12,67	12,47	12,20	11,95	11,69	11,45	11,21	10,94	10,67	13,66	0
13/10/2020 10:35:00	13,80	13,56	13,19	12,97	12,75	12,55	12,32	12,09	11,85	11,63	11,41	11,16	10,91	13,76	0
13/10/2020 10:40:00	13,80	13,57	13,23	12,93	12,72	12,51	12,25	12,01	11,76	11,52	11,29	11,04	10,79	13,77	0
13/10/2020 10:45:00	13,90	13,62	13,28	13,00	12,78	12,53	12,24	11,96	11,70	11,44	11,17	10,88	10,58	13,90	0
13/10/2020 10:50:00	13,98	13,68	13,33	13,08	12,85	12,59	12,33	12,08	11,82	11,57	11,31	11,02	10,73	14,01	0
13/10/2020 10:55:00	14,16	13,85	13,49	13,20	12,96	12,70	12,38	12,10	11,83	11,56	11,28	10,98	10,67	14,12	0
13/10/2020 11:00:00	14,22	13,93	13,56	13,25	12,95	12,73	12,43	12,16	11,89	11,63	11,37	11,08	10,80	14,39	0
13/10/2020 11:05:00	14,31	14,13	13,73	13,38	13,04	12,68	12,40	12,12	11,83	11,55	11,27	10,97	10,67	14,34	0
13/10/2020 11:10:00	14,40	14,13	13,72	13,39	13,07	12,77	12,52	12,27	12,00	11,75	11,50	11,23	10,96	14,37	0
13/10/2020 11:15:00	14,37	14,14	13,78	13,47	13,15	12,91	12,59	12,30	12,02	11,75	11,47	11,17	10,87	14,35	0
13/10/2020 11:20:00	14,49	14,30	13,92	13,59	13,29	13,02	12,70	12,41	12,13	11,86	11,59	11,30	11,00	14,42	0
13/10/2020 11:25:00	14,63	14,32	13,89	13,55	13,31	13,04	12,75	12,47	12,21	11,96	11,71	11,43	11,15	14,62	0
13/10/2020 11:30:00	14,80	14,40	13,92	13,63	13,34	13,01	12,72	12,44	12,17	11,90	11,62	11,31	11,00	14,80	0
13/10/2020 11:35:00	14,90	14,51	14,07	13,70	13,43	13,14	12,83	12,54	12,27	12,01	11,74	11,45	11,15	14,87	0
13/10/2020 11:40:00	15,02	14,63	14,14	13,83	13,48	13,11	12,80	12,50	12,21	11,92	11,61	11,28	10,95	15,02	0
13/10/2020 11:45:00	15,08	14,70	14,23	13,86	13,51	13,23	12,88	12,58	12,30	12,02	11,73	11,43	11,12	14,90	0
13/10/2020 11:50:00	15,37	14,86	14,29	13,90	13,50	13,14	12,79	12,48	12,19	11,90	11,61	11,29	10,97	15,42	0
13/10/2020 11:55:00	15,32	14,87	14,32	13,94	13,55	13,20	12,89	12,59	12,31	12,03	11,75	11,45	11,15	15,33	0
13/10/2020 12:00:00	15,26	14,81	14,21	13,79	13,45	13,10	12,72	12,39	12,10	11,82	11,54	11,23	10,92	15,49	0
13/10/2020 12:05:00	15,27	14,93	14,38	13,92	13,46	13,04	12,69	12,35	12,03	11,73	11,42	11,10	10,78	15,55	0
13/10/2020 12:10:00	15,19	14,89	14,43	14,04	13,66	13,27	12,92	12,59	12,28	11,98	11,66	11,32	10,98	15,55	0
13/10/2020 12:15:00	15,29	14,88	14,32	13,88	13,51	13,18	12,82	12,50	12,22	11,94	11,67	11,37	11,08	15,58	0
13/10/2020 12:20:00	15,50	15,16	14,68	14,24	13,84	13,46	13,10	12,77	12,46	12,15	11,83	11,50	11,17	15,42	0
13/10/2020 12:25:00	15,44	14,99	14,50	14,25	13,90	13,54	13,20	12,89	12,60	12,29	11,94	11,58	11,21	16,02	0
13/10/2020 12:30:00	15,23	14,88	14,29	13,95	13,63	13,19	12,84	12,53	12,24	11,95	11,65	11,32	11,00	15,85	0
13/10/2020 12:35:00	15,68	15,21	14,65	14,23	13,82	13,39	13,03	12,70	12,39	12,09	11,77	11,43	11,09	15,98	0
13/10/2020 12:40:00	15,71	15,36	14,83	14,44	14,03	13,56	13,15	12,78	12,45	12,11	11,74	11,36	10,97	15,67	0
13/10/2020 12:45:00	15,80	15,36	14,80	14,36	13,93	13,48	13,10	12,75	12,43	12,11	11,78	11,43	11,08	15,93	0
13/10/2020 12:50:00	15,84	15,43	14,85	14,44	13,98	13,54	13,13	12,77	12,44	12,11	11,76	11,40	11,03	16,21	0
13/10/2020 12:55:00	15,90	15,51	14,95	14,53	14,10	13,62	13,22	12,86	12,53	12,19	11,84	11,47	11,09	16,12	0
13/10/2020 13:00:00	15,70	15,48	14,97	14,56	14,14	13,68	13,27	12,90	12,56	12,22	11,86	11,49	11,11	16,17	0
13/10/2020 13:05:00	15,62	15,47	15,07	14,68	14,29	13,88	13,49	13,13	12,80	12,46	12,11	11,73	11,36	15,94	0
13/10/2020 13:10:00	15,69	15,50	15,06	14,68	14,28	13,85	13,44	13,06	12,73	12,38	12,01	11,62	11,23	15,82	0
13/10/2020 13:15:00	15,91	15,63	15,10	14,67	14,25	13,79	13,40	13,05	12,72	12,40	12,06	11,70	11,34	16,12	0
13/10/2020 13:20:00	15,97	15,69	15,13	14,68	14,22	13,74	13,35	12,99	12,66	12,33	11,99	11,63	11,27	16,27	0
13/10/2020 13:25:00	16,00	15,61	15,08	14,66	14,25	13,85	13,48	13,14	12,83	12,52	12,20	11,85	11,51	16,17	0
13/10/2020 13:30:00	16,40	15,83	15,21	14,71	14,24	13,80	13,39	13,03	12,71	12,39	12,05	11,69	11,33	16,57	0
13/10/2020 13:35:00	16,29	15,71	15,14	14,68	14,26	13,86	13,46	13,11	12,79	12,48	12,14	11,78	11,42	16,21	0
13/10/2020 13:40:00	16,24	15,84	15,27	14,80	14,36	13,92	13,51	13,14	12,82	12,49	12,16	11,80	11,44	16,24	0
13/10/2020 13:45:00	16,50	15,99	15,34	14,88	14,40	13,98	13,57	13,21	12,90	12,58	12,25	11,90	11,55	16,41	0
13/10/2020 13:50:00	16,45	16,03	15,45	15,03	14,56	14,06	13,61	13,22	12,87	12,51	12,12	11,71	11,30	16,72	0
13/10/2020 13:55:00	16,44	15,94	15,38	14,91	14,50	14,05	13,64	13,27	12,94	12,61	12,26	11,88	11,51	16,43	0
13/10/2020 14:00:00	16,49	16,05	15,43	14,98	14,51	14,06	13,70	13,37	13,06	12,75	12,44	12,10	11,77	16,55	0
13/10/2020 14:05:00	16,11	15,90	15,43	15,01	14,59	14,15	13,75	13,39	13,06	12,72	12,37	11,99	11,62	16,34	0
13/10/2020 14:10:00	16,56	16,14	15,51	15,08	14,66	14,19	13,76	13,39	13,06	12,73	12,37	12,00	11,62	16,59	0
13/10/2020 14:15:00	16,63	16,07	15,46	14,98	14,57	14,13	13,73	13,38	13,06	12,75	12,41	12,06	11,70	16,84	0
13/10/2020 14:20:00	16,38	16,08	15,60	15,15	14,70	14,24	13,83	13,46	13,12	12,78	12,41	12,02	11,63	16,73	0
13/10/2020 14:25:00	16,80	16,32	15,80	15,44	15,00	14,55	14,17	13,82	13,49	13,15	12,78	12,38	11,98	16,87	0
13/10/2020 14:30:00	16,70	16,32	15,80	15,35	14,90	14,43	14,00	13,63	13,29	12,94	12,57	12,17	11,78	16,92	0
13/10/2020 14:35:00	16,58	16,21	15,76	15,38	14,96	14,49	14,07	13,70	13,36	13,00	12,60	12,18	11,76	16,58	0
13/10/2020 14:40:00	16,50	16,23	15,77	15,34	14,89	14,41	14,00	13,63	13,29	12,93	12,55	12,15	11,75	16,35	0
13/10/2020 14:45:00	16,59	16,22	15,69	15,25	14,79	14,32	13,90	13,52	13,18	12,82	12,45	12,05	11,65	16,54	0
13/10/2020 14:50:00	16,20	16,03	15,71	15,39	14,97	14,51	14,10	13,72	13,36	12,99	12,56	12,12	11,68	16,34	0
13/10/2020 14:55:00	16,29	16,16	15,76	15,32	14,89	14,48	14,06	13,69	13,34	13,00	12,63	12,24	11,86	16,24	0
13/10/2020 15:00:00	16,04	16,03	15,69	15,34	14,94	14,53	14,09	13,70	13,35	12,99	12,59	12,17	11,75	16,10	0
13/10/2020 15:05:00	16,11	16,00	15,63	15,27	14,86	14,41	14,01	13,64	13,29	12,92	12,53	12,12	11,70	16,02	0
13/10/2020 15:10:00	16,06	16,03	15,69	15,31	14,88	14,44	14,02	13,64	13,28	12,91	12,51	12,10	11,68	15,99	0
13/10/2020 15:15:00	16,07	15,92	15,50	15,11	14,71	14,31	13,91	13,55	13,21	12,88	12,52	12,14	11,76	16,06	0
13/10/2020 15:20:00	16,11	15,94	15,52	15,13	14,71	14,28	13,86	13,49	13,15	12,80	12,42	12,03	11,63	16,09	0
13/10/2020 15:25:00	16,44	15,97	15,44	15,03	14,59	14,14	13,77	13,42	13,10	12,77	12,42	12,05	11,68	16,32	0
13/10/2020 15:30:00	16,57	16,03	15,41	14,95	14,56	14,15	13,80	13,48	13,18	12,89	12,59	12,27	11,94	16,63	0
13/10/2020 15:35:00	16,32	16,07	15,65	15,22	14,73	14,28	13,86	13,48	13,12	12,76	12,38	11,97	11,57	16,43	0
13/10/2020 15:40:00	16,18	16,00	15,58	15,16	14,74	14,31	13,88	13,49	13,15	12,79	12,41	12,01	11,61	16,24	0
13/10/2020 15:45:00	16,04	16,00	15,63	15,24	14,81	14,36	13,94	13,56	13,20	12,84	12,45	12,04	11,63	16,12	0
13/10/2020 15:50:00	16,14	16,07	15,67	15,27	14,83	14,33	13,93	13,55	13,19	12,83	12,44	12,04	11,63	16,08	0
13/10/2020 15:55:00	15,92	15,93	15,57	15,22	14,78	14,32	13,89	13,50	13,14	12,77	12,36	11,94	11,52	16,00	0
13/10/2020 16:00:00	15,91	15,88	15,55	15,17	14,77	14,33	13,91	13,54	13,19	12,83	12,44	12,03	11,62	15,99	0
13/10/2020 16:05:00	15,81	15,80	15,51	15,18	14,78	14,35	13,89	13,49	13,12	12,74	12,31	11,87	11,42	15,88	0
13/10/2020 16:10:00	15,95	15,84	15,37	14,93	14,51	14,09	13,71	13,36	13,03	12,71	12,37	12,02	11,68	15,96	0
13/10/2020 16:15:00	15,94	15,78	15,37	15,00	14,65	14,22	13,80	13,43	13,09	12,75	12,36	11,96	11,56	15,90	0
13/10/2020 16:20:00	15,89	15,80	15,40	15,02	14,60	14,17	13,76	13,39	13,04	12,70	12,32	11,93	11,54	15,98	0
13/10/2020 16:25:00	15,76	15,71	15,44	15,07	14,66	14,19	13,80	13,43	13,07	12,70	12,30	11,89	11,47	15,90	0
13/10/2020 16:30:00	15,96	15,87	15,55	15,19	14,82	14,41	14,01	13,64	13,30	12,94	12,55	12,15	11,74	15,90	0
13/10/2020 16:35:00	15,86	15,87	15,54	15,21	14,80	14,39	13,99	13,63	13,28	12,93	12,55	12,14	11,74	15,79	0
13/10/2020 16:40:00	15,69	15,75	15,51	15,17	14,81	14,44	14,03	13,66	13,32	12,96	12,57	12,17	11,76	15,68	0
13/10/2020 16:45:00	15,60	15,89	15,68	15,28	14,85	14,41	13,99	13,59	13,22	12,84	12,44	12,03	11,62	15,69	0
13/10/2020 16:50:00	15,62	15,79	15,52	15,17	14,78	14,38	13,98	13,61	13,26	12,91	12,53	12,14	11,75	15,55	0
13/10/2020 16:55:00	15,43	15,58	15,40	15,10	14,73	14,32	13,92	13,55	13,19	12,82	12,42	11,99	11,57	15,50	0
13/10/2020 17:00:00	15,39	15,69	15,49	15,15	14,75	14,33	13,93	13,55	13,18	12,82	12,42	12,01	11,60	15,41	0
13/10/2020 17:05:00	15,33	15,62	15,43	15,11	14,67	14,27	13,85	13,45	13,08	12,70	12,29	11,87	11,44	15,34	0

13/10/2020 17:20:00	15,22	15,65	15,58	15,36	15,02	14,58	14,22	13,86	13,49	13,11	12,69	12,25	11,81	15,21	0
13/10/2020 17:25:00	14,99	15,72	15,76	15,49	15,11	14,67	14,22	13,80	13,40	12,98	12,52	12,05	11,58	15,09	0
13/10/2020 17:30:00	15,02	15,66	15,73	15,50	15,14	14,69	14,29	13,89	13,49	13,07	12,61	12,13	11,65	15,04	0
13/10/2020 17:35:00	14,82	15,44	15,53	15,30	14,96	14,55	14,16	13,78	13,39	12,99	12,54	12,08	11,62	15,00	0
13/10/2020 17:40:00	14,67	15,35	15,52	15,33	15,01	14,66	14,27	13,89	13,51	13,11	12,66	12,20	11,73	14,62	0
13/10/2020 17:45:00	14,66	15,39	15,52	15,30	14,95	14,59	14,20	13,82	13,43	13,04	12,60	12,14	11,69	14,57	0
13/10/2020 17:50:00	14,79	15,33	15,49	15,25	14,93	14,54	14,16	13,77	13,38	12,97	12,51	12,04	11,56	14,62	0
13/10/2020 17:55:00	14,86	15,42	15,48	15,21	14,93	14,55	14,16	13,79	13,42	13,04	12,62	12,18	11,75	14,62	0
13/10/2020 18:00:00	14,35	15,34	15,49	15,23	14,86	14,46	14,05	13,65	13,24	12,83	12,39	11,94	11,48	14,59	0
13/10/2020 18:05:00	14,43	15,22	15,42	15,17	14,84	14,46	14,09	13,72	13,33	12,92	12,48	12,03	11,58	14,45	0
13/10/2020 18:10:00	14,40	15,27	15,50	15,39	15,15	14,76	14,38	14,00	13,62	13,21	12,74	12,26	11,77	14,44	0
13/10/2020 18:15:00	14,35	15,18	15,42	15,23	14,89	14,52	14,15	13,77	13,37	12,96	12,51	12,04	11,57	14,27	0
13/10/2020 18:20:00	14,29	15,14	15,36	15,18	14,88	14,52	14,12	13,73	13,34	12,93	12,48	12,01	11,54	14,19	0
13/10/2020 18:25:00	13,98	14,98	15,32	15,13	14,85	14,50	14,09	13,68	13,28	12,85	12,38	11,89	11,41	14,08	0
13/10/2020 18:30:00	13,91	14,68	15,00	14,87	14,64	14,32	13,94	13,56	13,18	12,77	12,31	11,83	11,35	13,83	0
13/10/2020 18:35:00	13,60	14,78	15,12	15,00	14,67	14,33	13,91	13,49	13,08	12,65	12,17	11,68	11,18	13,50	0
13/10/2020 18:40:00	13,33	14,68	15,19	15,13	14,88	14,53	14,18	13,80	13,38	12,95	12,46	11,96	11,46	13,37	0
13/10/2020 18:45:00	13,21	14,75	15,29	15,29	15,10	14,77	14,39	13,99	13,58	13,15	12,66	12,15	11,64	13,29	0
13/10/2020 18:50:00	13,24	14,69	15,25	15,24	15,03	14,70	14,34	13,95	13,54	13,10	12,61	12,10	11,59	13,07	0
13/10/2020 18:55:00	12,88	14,41	14,98	14,93	14,68	14,34	13,96	13,56	13,13	12,69	12,20	11,69	11,19	12,87	0
13/10/2020 19:00:00	13,10	14,41	14,83	14,75	14,54	14,21	13,84	13,47	13,07	12,67	12,22	11,75	11,29	12,62	0
13/10/2020 19:05:00	12,74	14,12	14,56	14,49	14,27	13,89	13,52	13,13	12,72	12,30	11,82	11,34	10,86	12,58	0
13/10/2020 19:10:00	12,74	13,99	14,44	14,41	14,18	13,86	13,50	13,12	12,73	12,31	11,84	11,36	10,88	12,55	0
13/10/2020 19:15:00	12,51	14,02	14,46	14,39	14,10	13,76	13,34	12,92	12,51	12,08	11,61	11,13	10,65	12,43	0
13/10/2020 19:20:00	12,67	13,69	14,16	14,10	13,86	13,51	13,18	12,82	12,43	12,01	11,54	11,06	10,57	12,34	0
13/10/2020 19:25:00	12,50	13,55	13,85	13,75	13,54	13,22	12,86	12,49	12,12	11,74	11,32	10,89	10,46	12,39	0
13/10/2020 19:30:00	12,53	13,47	13,93	13,93	13,76	13,48	13,15	12,80	12,43	12,03	11,57	11,10	10,62	12,74	0
13/10/2020 19:35:00	12,43	13,51	14,04	14,03	13,86	13,57	13,25	12,89	12,51	12,10	11,63	11,15	10,67	12,68	0
13/10/2020 19:40:00	12,42	13,89	14,39	14,36	14,15	13,84	13,50	13,12	12,73	12,32	11,87	11,41	10,94	12,77	0
13/10/2020 19:45:00	12,77	14,00	14,36	14,33	14,13	13,75	13,42	13,06	12,67	12,27	11,82	11,35	10,89	12,78	0
13/10/2020 19:50:00	12,60	14,05	14,56	14,52	14,37	14,03	13,62	13,22	12,81	12,38	11,89	11,39	10,89	12,75	0
13/10/2020 19:55:00	12,69	14,02	14,53	14,51	14,34	14,04	13,69	13,32	12,93	12,52	12,06	11,58	11,11	12,62	0
13/10/2020 20:00:00	12,54	13,83	14,29	14,21	14,02	13,77	13,43	13,08	12,71	12,33	11,91	11,48	11,05	12,63	0
13/10/2020 20:05:00	12,70	13,93	14,41	14,40	14,25	13,98	13,63	13,26	12,89	12,49	12,03	11,57	11,10	12,54	0
13/10/2020 20:10:00	12,47	13,66	14,10	14,12	13,95	13,63	13,30	12,94	12,57	12,17	11,71	11,24	10,78	12,42	0
13/10/2020 20:15:00	12,49	13,70	14,23	14,19	13,95	13,64	13,30	12,93	12,53	12,11	11,64	11,15	10,67	12,50	0
13/10/2020 20:20:00	12,65	13,89	14,37	14,37	14,22	13,94	13,62	13,28	12,91	12,52	12,08	11,63	11,17	12,55	0
13/10/2020 20:25:00	12,54	13,85	14,36	14,37	14,24	13,97	13,66	13,33	12,96	12,57	12,13	11,68	11,23	12,46	0
13/10/2020 20:30:00	12,52	13,88	14,44	14,54	14,36	14,14	13,79	13,42	13,05	12,64	12,17	11,69	11,20	12,30	0
13/10/2020 20:35:00	12,33	13,85	14,38	14,38	14,21	13,93	13,62	13,27	12,89	12,50	12,07	11,63	11,19	12,00	0
13/10/2020 20:40:00	12,34	13,81	14,36	14,40	14,24	13,94	13,62	13,26	12,87	12,47	12,00	11,53	11,05	11,58	0
13/10/2020 20:45:00	12,35	13,67	14,24	14,27	14,16	13,92	13,65	13,33	12,96	12,58	12,16	11,71	11,27	11,96	0
13/10/2020 20:50:00	12,14	13,79	14,29	14,33	14,13	13,83	13,54	13,21	12,82	12,44	12,01	11,57	11,13	12,04	0
13/10/2020 20:55:00	12,23	13,57	14,07	14,11	13,98	13,69	13,39	13,06	12,69	12,30	11,87	11,42	10,97	12,05	0
13/10/2020 21:00:00	11,76	13,43	14,05	14,12	13,97	13,70	13,40	13,06	12,67	12,27	11,82	11,36	10,89	11,95	0
13/10/2020 21:05:00	11,78	13,38	14,07	14,07	13,97	13,73	13,41	13,05	12,67	12,27	11,82	11,36	10,90	11,87	0
13/10/2020 21:10:00	11,86	13,37	14,09	14,14	14,02	13,81	13,52	13,19	12,80	12,40	11,95	11,48	11,01	11,75	0
13/10/2020 21:15:00	11,68	13,52	14,30	14,37	14,22	14,01	13,66	13,28	12,88	12,45	11,97	11,48	10,99	11,73	0
13/10/2020 21:20:00	11,75	13,27	13,92	13,96	13,88	13,67	13,43	13,12	12,76	12,39	11,98	11,56	11,14	11,67	0
13/10/2020 21:25:00	11,47	13,27	13,94	13,96	13,83	13,52	13,26	12,93	12,54	12,14	11,70	11,25	10,80	11,70	0
13/10/2020 21:30:00	11,51	13,29	13,96	13,97	13,80	13,60	13,26	12,89	12,50	12,10	11,67	11,22	10,78	11,58	0
13/10/2020 21:35:00	11,79	13,15	13,76	13,82	13,75	13,53	13,27	12,96	12,60	12,23	11,80	11,37	10,93	11,45	0
13/10/2020 21:40:00	11,87	12,89	13,44	13,47	13,37	13,16	12,88	12,56	12,21	11,84	11,41	10,97	10,53	11,39	0
13/10/2020 21:45:00	11,73	12,88	13,40	13,46	13,35	13,21	12,97	12,68	12,35	12,01	11,63	11,23	10,84	11,85	0
13/10/2020 21:50:00	11,73	13,22	13,75	13,77	13,66	13,46	13,20	12,89	12,54	12,18	11,79	11,40	11,00	11,81	0
13/10/2020 21:55:00	12,04	13,28	13,77	13,84	13,73	13,52	13,24	12,93	12,59	12,23	11,82	11,40	10,97	11,90	0
13/10/2020 22:00:00	12,16	13,28	13,77	13,82	13,74	13,52	13,22	12,91	12,56	12,20	11,78	11,34	10,91	12,10	0
13/10/2020 22:05:00	12,24	13,32	13,72	13,76	13,74	13,54	13,28	13,00	12,69	12,37	12,01	11,63	11,24	12,44	0
13/10/2020 22:10:00	12,35	13,38	13,75	13,77	13,64	13,52	13,24	12,94	12,62	12,30	11,94	11,56	11,18	12,75	0
13/10/2020 22:15:00	12,25	13,37	13,82	13,83	13,74	13,56	13,29	13,00	12,67	12,33	11,95	11,55	11,15	12,97	0
13/10/2020 22:20:00	12,78	13,54	13,92	13,97	13,84	13,70	13,49	13,24	12,94	12,62	12,26	11,89	11,51	12,80	0
13/10/2020 22:25:00	12,56	13,81	14,32	14,37	14,30	14,14	13,90	13,62	13,29	12,95	12,57	12,17	11,77	12,78	0
13/10/2020 22:30:00	12,43	13,81	14,43	14,51	14,41	14,23	14,00	13,71	13,36	13,00	12,60	12,18	11,75	12,58	0
13/10/2020 22:35:00	12,48	13,87	14,40	14,49	14,47	14,33	14,08	13,80	13,48	13,15	12,77	12,38	11,98	12,74	0
13/10/2020 22:40:00	12,41	13,80	14,48	14,64	14,63	14,47	14,20	13,91	13,56	13,19	12,76	12,30	11,84	12,45	0
13/10/2020 22:45:00	12,63	13,81	14,46	14,68	14,72	14,59	14,35	14,08	13,76	13,41	12,99	12,54	12,09	12,51	0
13/10/2020 22:50:00	12,66	13,87	14,53	14,64	14,64	14,46	14,19	13,89	13,55	13,18	12,75	12,29	11,84	12,69	0
13/10/2020 22:55:00	12,76	13,81	14,34	14,44	14,43	14,29	14,08	13,82	13,51	13,18	12,80	12,40	11,99	12,54	0
13/10/2020 23:00:00	12,71	13,76	14,33	14,53	14,51	14,39	14,15	13,89	13,57	13,23	12,83	12,39	11,96	12,33	0
13/10/2020 23:05:00	12,43	13,88	14,55	14,68	14,65	14,47	14,23	13,94	13,60	13,23	12,80	12,35	11,90	12,25	0
13/10/2020 23:10:00	12,20	13,60	14,24	14,37	14,27	14,16	13,90	13,61	13,27	12,92	12,52	12,09	11,67	12,24	0
13/10/2020 23:15:00	12,02	13,69	14,39	14,53	14,51	14,35	14,05	13,73	13,37	12,99	12,56	12,11	11,66	12,10	0
13/10/2020 23:20:00	11,94	13,55	14,28	14,39	14,34	14,16	13,88	13,56	13,20	12,82	12,38	11,93	11,48	11,85	0
13/10/2020 23:25:00	12,00	13,56	14,25	14,37	14,33	14,16	13,89	13,58	13,22	12,85	12,42	11,98	11,53	11,60	0
13/10/2020 23:30:00	11,53	13,26	14,05	14,19	14,07	13,92	13,62	13,28	12,91	12,51	12,06	11,59	11,13	11,49	0
13/10/2020 23:35:00	11,50	13,24	14,02	14,21	14,14	13,95	13,66	13,32	12,95	12,55	12,09	11,62	11,14	11,32	0
13/10/2020 23:40:00	11,31	13,22	14,09	14,30	14,27	14,06	13,77	13,44	13,05	12,64	12,16	11,66	11,17	11,06	0
13/10/2020 23:45:00	11,30	13,15	14,00	14,22	14,23	14,04	13,77	13,46	13,09	12,69	12,23	11,75	11,27	10,98	0
13/10/2020 23:50:00	10,97	12,97	13,77	13,95	13,88	13,67	13,39	13,05	12,67	12,27	11,82	11,35	10,89	11,00	0
13/10/2020 23:55:00	10,85	12,77	13,58	13,75	13,71	13,47	13,21	12,88	12,50	12,10	11,65	11,18	10,71	10,90	0
