FileFormat:0002.2 file with temperature of atmosphere
200
local	GMT or Local
0	GMT-Local=[hours]
0	Height[m]
0	0	0	Longitude                [grd]               [min]               [sec]
0	0	0	Latitude                [grd]               [min]               [sec]
N	NS
59,40	Freq[GHz]
0,00	dTemostat[K]
0,150	MessErr[K]
0,248	//[grad/step]
version 14.0.20110218
MTP5H033F5940K-33.00D180214+A1.1
Commentary:
enter comment
End Of Commentary

SYSTEM\summer.dat
data time	0	50	100	150	200	250	300	350	400	450	500	550	600	OutsideTemperature	Quality
22/04/2020 00:00:00	5,66	6,66	6,47	6,04	5,54	4,82	4,11	3,51	3,02	2,56	2,13	1,71	1,30	5,57	0
22/04/2020 00:05:00	5,73	6,58	6,35	5,90	5,36	4,65	4,07	3,54	3,07	2,63	2,23	1,84	1,46	5,57	0
22/04/2020 00:10:00	5,63	6,51	6,28	5,89	5,26	4,60	3,93	3,34	2,86	2,40	1,97	1,57	1,16	5,63	0
22/04/2020 00:15:00	5,64	6,59	6,39	5,87	5,36	4,72	4,04	3,46	2,98	2,55	2,15	1,78	1,40	5,65	0
22/04/2020 00:20:00	5,66	6,56	6,34	5,90	5,36	4,69	4,03	3,45	2,98	2,54	2,13	1,73	1,34	5,60	0
22/04/2020 00:25:00	5,67	6,54	6,37	5,90	5,36	4,67	3,99	3,39	2,91	2,45	2,01	1,60	1,18	5,60	0
22/04/2020 00:30:00	5,67	6,50	6,32	5,86	5,37	4,61	3,98	3,41	2,93	2,47	2,03	1,62	1,20	5,62	0
22/04/2020 00:35:00	5,66	6,55	6,34	5,93	5,32	4,60	3,96	3,39	2,89	2,43	1,99	1,57	1,15	5,61	0
22/04/2020 00:40:00	5,63	6,50	6,31	5,94	5,38	4,67	4,01	3,43	2,95	2,49	2,05	1,62	1,20	5,63	0
22/04/2020 00:45:00	5,55	6,55	6,36	5,89	5,30	4,61	3,96	3,38	2,88	2,43	2,01	1,61	1,21	5,60	0
22/04/2020 00:50:00	5,59	6,76	6,59	6,19	5,55	4,84	4,16	3,56	3,04	2,56	2,11	1,68	1,25	5,69	0
22/04/2020 00:55:00	5,68	6,52	6,31	5,88	5,31	4,58	3,97	3,42	2,93	2,48	2,05	1,65	1,24	5,62	0
22/04/2020 01:00:00	5,66	6,65	6,44	5,98	5,43	4,75	4,09	3,52	3,04	2,59	2,18	1,79	1,40	5,63	0
22/04/2020 01:05:00	5,51	6,48	6,33	5,92	5,35	4,66	3,98	3,39	2,89	2,43	1,99	1,57	1,14	5,58	0
22/04/2020 01:10:00	5,57	6,65	6,46	6,01	5,39	4,70	4,01	3,40	2,90	2,44	2,01	1,60	1,19	5,61	0
22/04/2020 01:15:00	5,69	6,62	6,44	6,01	5,44	4,74	4,03	3,42	2,92	2,45	2,00	1,57	1,14	5,55	0
22/04/2020 01:20:00	5,65	6,46	6,23	5,83	5,25	4,59	3,94	3,37	2,90	2,46	2,04	1,64	1,25	5,60	0
22/04/2020 01:25:00	5,56	6,51	6,28	5,80	5,20	4,57	3,92	3,35	2,87	2,43	2,04	1,66	1,29	5,52	0
22/04/2020 01:30:00	5,52	6,51	6,31	5,87	5,28	4,60	3,93	3,34	2,85	2,39	1,97	1,57	1,16	5,51	0
22/04/2020 01:35:00	5,54	6,36	6,17	5,76	5,22	4,56	3,89	3,31	2,84	2,39	1,97	1,57	1,16	5,49	0
22/04/2020 01:40:00	5,56	6,34	6,13	5,69	5,09	4,49	3,83	3,25	2,78	2,34	1,94	1,56	1,17	5,46	0
22/04/2020 01:45:00	5,37	6,40	6,24	5,78	5,22	4,50	3,84	3,25	2,75	2,29	1,85	1,44	1,03	5,46	0
22/04/2020 01:50:00	5,50	6,35	6,13	5,72	5,19	4,51	3,84	3,26	2,78	2,34	1,93	1,53	1,13	5,45	0
22/04/2020 01:55:00	5,53	6,29	6,08	5,68	5,11	4,45	3,81	3,24	2,77	2,32	1,90	1,51	1,11	5,48	0
22/04/2020 02:00:00	5,44	6,42	6,29	5,88	5,25	4,56	3,88	3,28	2,77	2,29	1,84	1,40	0,96	5,43	0
22/04/2020 02:05:00	5,48	6,35	6,14	5,72	5,12	4,42	3,80	3,24	2,75	2,30	1,87	1,47	1,07	5,45	0
22/04/2020 02:10:00	5,44	6,39	6,19	5,78	5,23	4,54	3,86	3,27	2,79	2,34	1,92	1,52	1,11	5,46	0
22/04/2020 02:15:00	5,46	6,35	6,20	5,78	5,18	4,50	3,88	3,32	2,83	2,37	1,94	1,54	1,13	5,45	0
22/04/2020 02:20:00	5,53	6,36	6,17	5,73	5,17	4,55	3,88	3,30	2,83	2,39	1,98	1,59	1,20	5,50	0
22/04/2020 02:25:00	5,43	6,38	6,20	5,78	5,18	4,49	3,79	3,18	2,69	2,22	1,78	1,36	0,94	5,46	0
22/04/2020 02:30:00	5,51	6,54	6,38	5,96	5,35	4,63	3,93	3,31	2,81	2,33	1,87	1,44	1,00	5,49	0
22/04/2020 02:35:00	5,61	6,44	6,24	5,83	5,26	4,61	3,94	3,35	2,87	2,43	2,00	1,60	1,19	5,51	0
22/04/2020 02:40:00	5,54	6,39	6,22	5,77	5,22	4,59	3,93	3,35	2,88	2,44	2,02	1,63	1,23	5,50	0
22/04/2020 02:45:00	5,43	6,34	6,14	5,71	5,11	4,43	3,76	3,17	2,68	2,22	1,79	1,39	0,98	5,50	0
22/04/2020 02:50:00	5,48	6,66	6,50	6,04	5,45	4,77	4,08	3,47	2,98	2,52	2,09	1,68	1,28	5,48	0
22/04/2020 02:55:00	5,34	6,63	6,45	6,12	5,42	4,73	4,02	3,41	2,89	2,41	1,96	1,53	1,11	5,45	0
22/04/2020 03:00:00	5,36	6,58	6,48	6,00	5,37	4,64	3,92	3,29	2,76	2,27	1,80	1,36	0,92	5,45	0
22/04/2020 03:05:00	5,40	6,51	6,37	5,92	5,32	4,58	3,88	3,27	2,76	2,27	1,82	1,38	0,95	5,41	0
22/04/2020 03:10:00	5,41	6,44	6,34	5,94	5,33	4,63	4,01	3,44	2,93	2,46	2,01	1,58	1,15	5,35	0
22/04/2020 03:15:00	5,50	6,52	6,35	5,98	5,41	4,69	3,96	3,33	2,83	2,35	1,89	1,45	1,01	5,35	0
22/04/2020 03:20:00	5,30	6,42	6,27	5,84	5,29	4,58	3,93	3,34	2,85	2,39	1,96	1,55	1,14	5,36	0
22/04/2020 03:25:00	5,22	6,58	6,47	6,06	5,44	4,74	4,04	3,42	2,90	2,42	1,97	1,54	1,12	5,28	0
22/04/2020 03:30:00	5,30	6,49	6,34	5,90	5,34	4,61	3,95	3,36	2,85	2,39	1,95	1,54	1,12	5,24	0
22/04/2020 03:35:00	5,27	6,51	6,41	6,07	5,47	4,72	4,04	3,44	2,92	2,43	1,96	1,51	1,06	5,25	0
22/04/2020 03:40:00	5,16	6,58	6,46	6,12	5,54	4,81	4,09	3,47	2,95	2,47	2,01	1,57	1,13	5,17	0
22/04/2020 03:45:00	5,19	6,45	6,34	5,92	5,32	4,59	3,92	3,31	2,80	2,32	1,87	1,45	1,02	5,13	0
22/04/2020 03:50:00	5,14	6,46	6,42	6,01	5,43	4,66	3,98	3,36	2,83	2,33	1,84	1,38	0,93	5,10	0
22/04/2020 03:55:00	5,08	6,49	6,42	6,02	5,45	4,69	4,01	3,40	2,87	2,38	1,91	1,46	1,01	5,05	0
22/04/2020 04:00:00	5,03	6,39	6,28	5,85	5,22	4,50	3,77	3,13	2,60	2,11	1,65	1,21	0,77	5,08	0
22/04/2020 04:05:00	4,98	6,20	6,10	5,67	5,13	4,40	3,72	3,11	2,60	2,13	1,69	1,27	0,85	5,05	0
22/04/2020 04:10:00	5,06	6,09	5,96	5,50	4,95	4,24	3,57	2,98	2,48	2,02	1,59	1,18	0,77	5,03	0
22/04/2020 04:15:00	5,01	5,99	5,83	5,32	4,77	4,12	3,44	2,86	2,37	1,93	1,53	1,15	0,77	5,05	0
22/04/2020 04:20:00	4,99	5,94	5,77	5,36	4,81	4,09	3,45	2,88	2,39	1,93	1,50	1,10	0,69	5,04	0
22/04/2020 04:25:00	4,91	5,98	5,85	5,47	4,87	4,15	3,46	2,86	2,35	1,88	1,43	1,00	0,57	4,95	0
22/04/2020 04:30:00	4,78	5,97	5,79	5,32	4,76	4,10	3,34	2,71	2,21	1,75	1,34	0,94	0,54	4,95	0
22/04/2020 04:35:00	4,95	5,96	5,74	5,35	4,77	4,05	3,38	2,79	2,30	1,85	1,42	1,02	0,61	4,89	0
22/04/2020 04:40:00	4,81	5,91	5,74	5,33	4,76	4,05	3,38	2,79	2,30	1,84	1,41	1,01	0,61	4,82	0
22/04/2020 04:45:00	4,88	5,74	5,56	5,15	4,58	3,94	3,23	2,63	2,16	1,71	1,30	0,90	0,51	4,80	0
22/04/2020 04:50:00	4,80	5,66	5,47	5,09	4,52	3,90	3,29	2,74	2,28	1,85	1,46	1,09	0,72	4,77	0
22/04/2020 04:55:00	4,81	5,66	5,48	5,09	4,47	3,82	3,18	2,62	2,14	1,69	1,27	0,87	0,48	4,79	0
22/04/2020 05:00:00	4,73	5,64	5,50	5,06	4,54	3,84	3,17	2,58	2,10	1,65	1,22	0,82	0,42	4,72	0
22/04/2020 05:05:00	4,75	5,73	5,55	5,18	4,62	3,95	3,31	2,74	2,26	1,82	1,41	1,03	0,64	4,73	0
22/04/2020 05:10:00	4,82	5,62	5,57	5,16	4,59	3,97	3,33	2,76	2,28	1,83	1,39	0,98	0,57	4,71	0
22/04/2020 05:15:00	4,77	5,57	5,38	5,00	4,41	3,75	3,15	2,60	2,13	1,69	1,28	0,90	0,51	4,70	0
22/04/2020 05:20:00	4,76	5,62	5,41	5,02	4,50	3,87	3,22	2,66	2,20	1,78	1,39	1,03	0,66	4,72	0
22/04/2020 05:25:00	4,70	5,63	5,46	4,95	4,44	3,78	3,14	2,57	2,10	1,67	1,28	0,91	0,55	4,75	0
22/04/2020 05:30:00	4,63	5,66	5,50	5,09	4,57	3,89	3,26	2,71	2,23	1,79	1,39	1,01	0,63	4,69	0
22/04/2020 05:35:00	4,70	5,60	5,42	5,02	4,53	3,86	3,26	2,72	2,26	1,83	1,44	1,07	0,69	4,75	0
22/04/2020 05:40:00	4,77	5,73	5,55	5,16	4,64	3,98	3,33	2,76	2,29	1,86	1,46	1,08	0,70	4,73	0
22/04/2020 05:45:00	4,75	5,49	5,31	4,91	4,39	3,83	3,22	2,69	2,24	1,84	1,47	1,12	0,77	4,72	0
22/04/2020 05:50:00	4,81	5,57	5,34	4,92	4,39	3,77	3,14	2,59	2,14	1,72	1,34	0,98	0,62	4,76	0
22/04/2020 05:55:00	4,70	5,64	5,46	4,97	4,42	3,74	3,09	2,51	2,02	1,58	1,17	0,79	0,41	4,78	0
22/04/2020 06:00:00	4,82	5,69	5,46	4,99	4,45	3,79	3,12	2,54	2,07	1,63	1,24	0,87	0,50	4,77	0
22/04/2020 06:05:00	4,82	5,63	5,42	4,99	4,33	3,67	3,04	2,48	1,99	1,54	1,12	0,73	0,33	4,74	0
22/04/2020 06:10:00	4,61	5,86	5,71	5,24	4,65	3,95	3,26	2,64	2,14	1,67	1,25	0,85	0,45	4,68	0
22/04/2020 06:15:00	4,64	5,73	5,57	5,14	4,52	3,86	3,20	2,62	2,12	1,67	1,26	0,87	0,48	4,62	0
22/04/2020 06:20:00	4,73	5,60	5,31	4,82	4,21	3,55	2,87	2,29	1,81	1,38	0,99	0,63	0,27	4,68	0
22/04/2020 06:25:00	4,69	5,46	5,20	4,74	4,22	3,49	2,81	2,23	1,75	1,31	0,91	0,52	0,14	4,63	0
22/04/2020 06:30:00	4,72	5,28	4,91	4,40	3,83	3,14	2,50	1,94	1,48	1,06	0,69	0,35	0,00	4,61	0
22/04/2020 06:35:00	4,57	5,32	5,04	4,56	3,94	3,24	2,51	1,90	1,41	0,96	0,54	0,15	-0,24	4,56	0
22/04/2020 06:40:00	4,63	5,34	4,99	4,47	3,81	3,10	2,46	1,89	1,41	0,97	0,59	0,23	-0,13	4,73	0
22/04/2020 06:45:00	4,68	5,24	4,91	4,37	3,81	3,10	2,46	1,89	1,42	1,00	0,62	0,26	-0,09	4,64	0
22/04/2020 06:50:00	4,87	5,19	4,82	4,31	3,67	2,93	2,32	1,77	1,30	0,87	0,47	0,09	-0,28	4,59	0
22/04/2020 06:55:00	4,89	5,16	4,75	4,21	3,64	2,95	2,31	1,76	1,31	0,90	0,54	0,19	-0,16	4,60	0
22/04/2020 07:00:00	4,53	4,93	4,54	4,12	3,48	2,78	2,10	1,52	1,06	0,63	0,23	-0,14	-0,52	4,57	0
22/04/2020 07:05:00	4,56	4,83	4,44	3,93	3,37	2,69	2,06	1,52	1,08	0,67	0,31	-0,03	-0,37	4,54	0
22/04/2020 07:10:00	4,59	4,95	4,53	3,99	3,36	2,63	1,94	1,35	0,88	0,45	0,06	-0,30	-0,67	4,63	0
22/04/2020 07:15:00	4,59	4,79	4,38	3,85	3,23	2,57	1,90	1,33	0,88	0,47	0,10	-0,25	-0,60	4,52	0
22/04/2020 07:20:00	4,69	4,81	4,36	3,85	3,25	2,53	1,93	1,40	0,95	0,54	0,18	-0,17	-0,52	4,59	0
22/04/2020 07:25:00	4,70	4,67	4,21	3,72	3,14	2,47	1,83	1,30	0,87	0,48	0,12	-0,22	-0,56	4,66	0
22/04/2020 07:30:00	4,93	4,83	4,31	3,70	3,04	2,31	1,65	1,08	0,63	0,21	-0,16	-0,51	-0,87	4,75	0
22/04/2020 07:35:00	5,05	4,88	4,33	3,68	3,05	2,32	1,63	1,05	0,60	0,19	-0,18	-0,53	-0,87	4,87	0
22/04/2020 07:40:00	4,93	4,82	4,23	3,66	3,08	2,41	1,74	1,19	0,77	0,40	0,07	-0,24	-0,56	4,75	0
22/04/2020 07:45:00	4,65	4,71	4,18	3,68	3,05	2,30	1,62	1,05	0,60	0,19	-0,19	-0,54	-0,90	4,68	0
22/04/2020 07:50:00	4,56	4,79	4,28	3,71	3,06	2,32	1,62	1,04	0,57	0,15	-0,22	-0,57	-0,92	4,78	0
22/04/2020 07:55:00	5,24	4,75	4,01	3,43	2,89	2,12	1,53	1,03	0,63	0,27	-0,04	-0,34	-0,64	5,01	0
22/04/2020 08:00:00	5,78	4,97	4,09	3,44	2,66	1,90	1,31	0,80	0,38	0,01	-0,31	-0,62	-0,92	5,18	0
22/04/2020 08:05:00	5,77	5,02	4,07	3,38	2,74	2,04	1,38	0,85	0,46	0,13	-0,15	-0,41	-0,67	5,50	0
22/04/2020 08:10:00	5,50	5,03	4,21	3,66	3,07	2,29	1,58	1,02	0,61	0,23	-0,11	-0,44	-0,76	5,16	0
22/04/2020 08:15:00	5,37	5,13	4,33	3,68	2,90	2,09	1,42	0,86	0,40	-0,01	-0,36	-0,69	-1,02	5,23	0
22/04/2020 08:20:00	6,51	5,02	3,90	3,27	2,55	1,96	1,34	0,87	0,53	0,23	-0,01	-0,25	-0,49	5,37	1
22/04/2020 08:25:00	6,29	5,05	3,96	3,38	2,61	2,00	1,44	0,99	0,64	0,34	0,10	-0,13	-0,37	5,45	0
22/04/2020 08:30:00	6,16	4,99	4,01	3,38	2,74	1,98	1,41	0,93	0,56	0,21	-0,08	-0,36	-0,65	5,60	0
22/04/2020 08:35:00	5,74	5,08	4,32	3,68	3,01	2,29	1,65	1,12	0,70	0,32	-0,02	-0,34	-0,66	5,48	0
22/04/2020 08:40:00	5,93	5,03	4,19	3,51	2,88	2,22	1,58	1,07	0,68	0,34	0,05	-0,23	-0,51	5,58	0
22/04/2020 08:45:00	6,33	4,99	3,87	3,25	2,61	2,05	1,50	1,07	0,76	0,50	0,31	0,13	-0,06	5,26	0
22/04/2020 08:50:00	5,61	5,26	4,46	3,82	3,08	2,33	1,71	1,18	0,74	0,36	0,03	-0,27	-0,58	5,46	0
22/04/2020 08:55:00	6,78	5,39	4,40	3,71	3,03	2,46	1,70	1,14	0,77	0,43	0,14	-0,15	-0,45	5,61	1
22/04/2020 09:00:00	6,02	5,27	4,39	3,73	3,06	2,34	1,80	1,34	0,95	0,60	0,32	0,05	-0,22	5,45	0
22/04/2020 09:05:00	5,84	5,49	4,77	4,11	3,42	2,87	2,12	1,54	1,13	0,77	0,46	0,17	-0,12	5,66	0
22/04/2020 09:10:00	5,90	5,53	4,79	4,17	3,48	2,70	2,03	1,47	1,03	0,63	0,27	-0,07	-0,42	5,77	0
22/04/2020 09:15:00	6,46	5,11	4,17	3,41	2,72	2,08	1,46	0,97	0,60	0,27	-0,01	-0,27	-0,54	5,51	1
22/04/2020 09:20:00	5,63	5,01	4,25	3,77	3,23	2,56	1,96	1,48	1,10	0,76	0,47	0,18	-0,11	5,33	0
22/04/2020 09:25:00	5,52	5,21	4,53	3,95	3,24	2,54	1,88	1,34	0,91	0,52	0,18	-0,15	-0,48	5,33	0
22/04/2020 09:30:00	5,04	5,18	4,59	3,96	3,30	2,52	1,83	1,24	0,78	0,36	-0,01	-0,35	-0,70	5,18	0
22/04/2020 09:35:00	4,89	4,90	4,30	3,79	3,25	2,54	1,87	1,32	0,90	0,52	0,19	-0,12	-0,44	4,93	0
22/04/2020 09:40:00	4,99	5,07	4,44	3,86	3,20	2,49	1,75	1,15	0,70	0,30	-0,05	-0,38	-0,71	5,09	0
22/04/2020 09:45:00	6,51	5,01	4,07	3,39	2,77	2,10	1,50	1,02	0,66	0,33	0,04	-0,24	-0,53	5,40	1
22/04/2020 09:50:00	4,85	4,53	3,67	2,65	1,87	1,19	0,44	-0,16	-0,61	-0,98	-1,26	-1,49	-1,73	4,43	0
22/04/2020 09:55:00	4,64	4,23	3,45	2,76	2,02	1,37	0,80	0,30	-0,11	-0,45	-0,72	-0,97	-1,22	4,06	0
22/04/2020 10:00:00	5,22	4,04	3,18	2,62	2,06	1,52	0,91	0,45	0,12	-0,18	-0,41	-0,65	-0,88	4,16	0
22/04/2020 10:05:00	7,31	4,30	2,77	2,12	1,59	1,14	0,75	0,47	0,30	0,16	0,09	0,00	-0,09	4,61	1
22/04/2020 10:10:00	7,64	4,86	3,08	2,30	1,67	1,21	0,74	0,42	0,23	0,11	0,09	0,05	0,02	5,16	1
22/04/2020 10:15:00	5,88	4,78	3,75	2,99	2,41	1,70	1,05	0,54	0,18	-0,13	-0,38	-0,62	-0,86	4,97	0
22/04/2020 10:20:00	4,86	4,27	3,19	2,32	1,60	0,86	0,15	-0,42	-0,83	-1,16	-1,39	-1,60	-1,81	4,29	0
22/04/2020 10:25:00	3,92	3,80	3,13	2,60	1,95	1,29	0,67	0,15	-0,26	-0,61	-0,89	-1,16	-1,43	3,50	0
22/04/2020 10:30:00	4,31	3,89	3,07	2,44	1,85	1,09	0,43	-0,11	-0,51	-0,86	-1,15	-1,42	-1,69	3,65	0
22/04/2020 10:35:00	6,36	4,09	2,62	1,79	1,20	0,69	0,26	-0,07	-0,30	-0,46	-0,52	-0,59	-0,65	4,26	1
22/04/2020 10:40:00	5,26	3,88	2,60	1,77	1,07	0,32	-0,26	-0,72	-1,08	-1,36	-1,56	-1,75	-1,93	4,71	1
22/04/2020 10:45:00	3,87	2,98	1,84	1,03	0,40	-0,50	-1,12	-1,64	-2,03	-2,36	-2,60	-2,81	-3,02	3,18	0
22/04/2020 10:50:00	3,40	2,54	1,57	0,88	0,28	-0,43	-1,12	-1,66	-2,02	-2,33	-2,56	-2,77	-2,99	2,38	0
22/04/2020 10:55:00	2,81	1,78	0,78	0,16	-0,46	-1,01	-1,54	-1,97	-2,28	-2,52	-2,66	-2,79	-2,92	1,51	0
22/04/2020 11:00:00	2,94	1,97	1,16	0,65	0,16	-0,39	-0,85	-1,24	-1,54	-1,80	-1,97	-2,13	-2,30	1,51	0
22/04/2020 11:05:00	3,41	2,40	1,44	0,79	0,21	-0,36	-0,90	-1,33	-1,65	-1,90	-2,06	-2,21	-2,35	1,90	0
22/04/2020 11:10:00	6,00	2,62	1,10	0,40	-0,12	-0,61	-1,00	-1,27	-1,45	-1,60	-1,66	-1,75	-1,83	3,01	1
22/04/2020 11:15:00	6,02	3,17	1,61	0,78	0,12	-0,43	-0,86	-1,18	-1,41	-1,57	-1,65	-1,73	-1,81	3,31	1
22/04/2020 11:20:00	7,29	3,20	1,33	0,55	0,09	-0,40	-0,87	-1,14	-1,28	-1,38	-1,40	-1,46	-1,51	4,30	1
22/04/2020 11:25:00	6,62	3,77	2,07	1,39	0,80	0,30	-0,13	-0,44	-0,62	-0,76	-0,80	-0,85	-0,90	3,94	1
22/04/2020 11:30:00	7,44	3,85	2,19	1,28	0,54	0,11	-0,40	-0,75	-0,95	-1,11	-1,20	-1,29	-1,38	4,91	1
22/04/2020 11:35:00	5,63	3,78	2,59	1,99	1,41	0,77	0,27	-0,12	-0,42	-0,67	-0,87	-1,06	-1,25	4,16	1
22/04/2020 11:40:00	4,44	4,05	3,33	2,70	2,00	1,12	0,49	-0,05	-0,51	-0,92	-1,28	-1,62	-1,96	4,18	0
22/04/2020 11:45:00	3,75	3,23	2,18	1,23	0,52	-0,39	-1,16	-1,78	-2,22	-2,59	-2,87	-3,12	-3,37	3,48	0
22/04/2020 11:50:00	3,49	2,47	1,42	0,62	0,05	-0,47	-0,98	-1,40	-1,70	-1,92	-2,03	-2,12	-2,21	2,31	0
22/04/2020 11:55:00	4,35	2,89	1,86	1,16	0,60	-0,06	-0,59	-1,02	-1,34	-1,61	-1,79	-1,98	-2,16	2,53	0
22/04/2020 12:00:00	6,42	3,00	1,55	0,91	0,41	-0,02	-0,41	-0,68	-0,86	-1,01	-1,11	-1,21	-1,32	3,50	1
22/04/2020 12:05:00	7,11	3,59	1,88	1,16	0,52	-0,08	-0,44	-0,70	-0,90	-1,06	-1,14	-1,25	-1,35	4,08	1
22/04/2020 12:10:00	7,14	3,98	2,22	1,28	0,56	0,08	-0,41	-0,75	-0,96	-1,11	-1,15	-1,19	-1,24	4,36	1
22/04/2020 12:15:00	6,03	4,32	3,03	2,13	1,50	0,80	0,21	-0,24	-0,57	-0,83	-1,01	-1,18	-1,35	4,96	1
22/04/2020 12:20:00	4,98	4,33	3,42	2,67	1,82	0,93	0,27	-0,29	-0,76	-1,17	-1,52	-1,85	-2,18	4,51	0
22/04/2020 12:25:00	4,87	3,82	2,89	2,22	1,52	0,83	0,21	-0,29	-0,67	-1,00	-1,27	-1,53	-1,78	4,27	0
22/04/2020 12:30:00	6,28	3,89	2,60	1,81	1,08	0,42	-0,12	-0,54	-0,85	-1,12	-1,32	-1,52	-1,73	4,48	1
22/04/2020 12:35:00	6,32	3,74	2,35	1,65	1,13	0,55	0,03	-0,33	-0,57	-0,76	-0,89	-1,03	-1,17	4,14	1
22/04/2020 12:40:00	6,94	3,91	2,60	1,90	1,41	0,86	0,38	0,04	-0,19	-0,40	-0,57	-0,74	-0,92	4,41	1
22/04/2020 12:45:00	7,44	4,32	2,93	2,10	1,42	0,95	0,34	-0,09	-0,35	-0,59	-0,78	-0,98	-1,17	4,90	1
22/04/2020 12:50:00	5,43	4,57	3,67	2,96	2,15	1,27	0,66	0,14	-0,31	-0,71	-1,07	-1,40	-1,74	4,70	0
22/04/2020 12:55:00	5,53	4,28	3,23	2,51	1,85	1,23	0,65	0,18	-0,16	-0,45	-0,67	-0,87	-1,08	4,38	0
22/04/2020 13:00:00	5,89	4,46	3,19	2,49	1,81	1,02	0,48	0,04	-0,31	-0,60	-0,82	-1,03	-1,24	4,78	1
22/04/2020 13:05:00	5,89	4,74	3,57	2,89	2,36	1,64	0,96	0,44	0,09	-0,21	-0,45	-0,68	-0,91	4,75	0
22/04/2020 13:10:00	6,27	4,85	3,28	2,54	1,98	1,27	0,80	0,43	0,16	-0,03	-0,11	-0,19	-0,28	5,40	1
22/04/2020 13:15:00	5,88	5,16	4,11	3,41	2,70	2,05	1,25	0,65	0,26	-0,07	-0,35	-0,61	-0,87	5,37	0
22/04/2020 13:20:00	5,68	5,28	3,90	3,18	2,19	1,44	0,75	0,20	-0,18	-0,49	-0,69	-0,88	-1,06	5,14	0
22/04/2020 13:25:00	5,74	5,03	3,58	2,80	2,26	1,54	0,90	0,42	0,13	-0,08	-0,19	-0,28	-0,38	5,18	0
22/04/2020 13:30:00	6,69	5,30	3,88	3,13	2,52	1,83	1,15	0,66	0,36	0,13	-0,03	-0,19	-0,35	5,75	1
22/04/2020 13:35:00	6,73	5,53	4,21	3,32	2,69	2,02	1,38	0,90	0,57	0,31	0,14	-0,02	-0,17	6,02	1
22/04/2020 13:40:00	5,54	5,07	4,17	3,56	2,86	2,00	1,39	0,86	0,44	0,06	-0,26	-0,58	-0,89	5,00	0
22/04/2020 13:45:00	7,66	5,05	3,62	2,82	2,27	1,67	1,26	0,94	0,70	0,50	0,38	0,25	0,12	5,84	1
22/04/2020 13:50:00	7,77	4,77	3,23	2,48	1,93	1,43	0,98	0,66	0,46	0,30	0,20	0,09	-0,02	5,68	1
22/04/2020 13:55:00	8,00	5,20	3,73	2,94	2,12	1,54	0,98	0,56	0,27	0,02	-0,18	-0,39	-0,59	5,66	1
22/04/2020 14:00:00	5,75	5,68	4,89	4,19	3,61	2,84	2,13	1,55	1,13	0,76	0,45	0,15	-0,14	5,60	0
22/04/2020 14:05:00	6,78	5,29	4,22	3,49	2,78	2,18	1,49	0,97	0,61	0,29	0,02	-0,24	-0,50	5,46	1
22/04/2020 14:10:00	7,95	5,23	3,57	2,73	2,07	1,61	1,09	0,72	0,50	0,34	0,26	0,18	0,10	6,00	1
22/04/2020 14:15:00	7,55	5,26	3,87	3,22	2,70	2,23	1,74	1,40	1,17	0,99	0,87	0,74	0,61	5,85	1
22/04/2020 14:20:00	7,66	5,39	3,98	3,27	2,62	1,99	1,40	0,96	0,68	0,42	0,23	0,03	-0,17	5,85	1
22/04/2020 14:25:00	7,74	5,67	4,36	3,60	2,99	2,29	1,65	1,17	0,85	0,56	0,32	0,08	-0,16	6,10	1
22/04/2020 14:30:00	8,03	5,70	4,17	3,40	2,72	2,00	1,49	1,10	0,81	0,57	0,39	0,21	0,03	6,35	1
22/04/2020 14:35:00	6,93	5,70	4,59	3,72	3,02	2,30	1,57	1,02	0,63	0,29	0,01	-0,25	-0,52	5,85	1
22/04/2020 14:40:00	6,76	5,69	4,60	3,82	3,07	2,40	1,75	1,23	0,85	0,51	0,25	-0,01	-0,26	5,85	1
22/04/2020 14:45:00	7,87	5,67	4,12	3,38	2,71	2,22	1,68	1,29	1,05	0,87	0,76	0,65	0,54	5,93	1
22/04/2020 14:50:00	8,46	5,89	4,35	3,55	3,01	2,28	1,75	1,36	1,09	0,86	0,68	0,49	0,30	6,47	1
22/04/2020 14:55:00	6,62	6,28	4,94	4,22	3,33	2,42	1,76	1,21	0,80	0,45	0,19	-0,06	-0,30	6,18	0
22/04/2020 15:00:00	8,37	5,79	4,13	3,37	2,93	2,26	1,74	1,37	1,15	0,96	0,84	0,70	0,56	6,35	1
22/04/2020 15:05:00	8,32	5,86	4,24	3,16	2,48	1,87	1,40	1,04	0,77	0,58	0,50	0,42	0,34	6,68	1
22/04/2020 15:10:00	6,94	6,11	4,95	4,17	3,26	2,60	1,91	1,37	0,97	0,64	0,38	0,14	-0,10	6,05	1
22/04/2020 15:15:00	7,65	5,98	4,62	3,82	3,05	2,35	1,65	1,13	0,77	0,46	0,22	-0,03	-0,27	6,06	1
22/04/2020 15:20:00	8,07	6,13	4,73	3,97	3,30	2,77	2,23	1,84	1,56	1,34	1,20	1,04	0,89	6,23	1
22/04/2020 15:25:00	8,40	6,21	4,85	4,02	3,40	2,74	2,36	2,04	1,77	1,54	1,39	1,23	1,08	6,40	1
22/04/2020 15:30:00	7,91	6,16	5,15	4,53	3,85	3,04	2,34	1,79	1,39	0,99	0,59	0,19	-0,21	6,48	1
22/04/2020 15:35:00	8,10	6,12	4,76	3,94	3,26	2,57	2,04	1,62	1,30	1,03	0,83	0,63	0,43	6,31	1
22/04/2020 15:40:00	6,78	6,32	5,36	4,65	3,88	3,27	2,59	2,05	1,65	1,30	1,02	0,76	0,50	6,40	0
22/04/2020 15:45:00	8,28	6,38	4,94	4,23	3,42	2,72	2,06	1,56	1,22	0,92	0,67	0,42	0,17	6,85	1
22/04/2020 15:50:00	8,15	6,19	4,78	3,92	3,25	2,60	2,18	1,83	1,54	1,32	1,18	1,04	0,91	6,53	1
22/04/2020 15:55:00	7,43	6,03	4,99	4,46	3,93	3,29	2,68	2,21	1,88	1,57	1,29	1,00	0,72	6,57	0
22/04/2020 16:00:00	8,47	6,24	4,79	4,06	3,51	2,99	2,47	2,10	1,85	1,66	1,52	1,38	1,23	6,97	1
22/04/2020 16:05:00	6,72	6,12	5,23	4,51	3,80	3,10	2,44	1,91	1,51	1,15	0,85	0,57	0,28	6,04	0
22/04/2020 16:10:00	7,25	6,25	4,99	4,26	3,53	2,89	2,16	1,61	1,25	0,94	0,71	0,48	0,25	6,18	1
22/04/2020 16:15:00	6,85	6,04	5,01	4,37	3,67	2,99	2,33	1,82	1,45	1,13	0,87	0,61	0,35	6,03	0
22/04/2020 16:20:00	7,63	6,36	5,28	4,48	3,78	2,93	2,27	1,74	1,34	0,97	0,64	0,32	0,00	6,75	1
22/04/2020 16:25:00	7,24	6,03	5,01	4,25	3,59	2,87	2,24	1,74	1,36	1,02	0,73	0,45	0,17	6,18	0
22/04/2020 16:30:00	7,53	6,17	5,10	4,21	3,58	2,99	2,28	1,76	1,40	1,09	0,84	0,60	0,36	6,55	1
22/04/2020 16:35:00	7,52	6,32	5,27	4,57	3,83	3,17	2,56	2,07	1,70	1,36	1,08	0,80	0,52	6,60	0
22/04/2020 16:40:00	7,34	6,61	5,60	4,84	4,14	3,35	2,59	1,99	1,56	1,17	0,83	0,50	0,17	6,58	0
22/04/2020 16:45:00	7,32	6,17	5,06	4,34	3,71	3,02	2,40	1,91	1,56	1,24	0,99	0,74	0,49	6,51	0
22/04/2020 16:50:00	7,17	6,28	5,29	4,59	3,92	3,26	2,55	2,00	1,62	1,27	0,98	0,69	0,41	6,55	0
22/04/2020 16:55:00	7,03	6,42	5,42	4,77	4,14	3,30	2,61	2,06	1,65	1,28	0,95	0,63	0,31	6,64	0
22/04/2020 17:00:00	6,84	6,31	5,47	4,91	4,15	3,33	2,70	2,16	1,72	1,31	0,94	0,58	0,22	6,40	0
22/04/2020 17:05:00	6,68	6,12	5,27	4,67	4,03	3,29	2,65	2,13	1,73	1,36	1,04	0,72	0,41	6,20	0
22/04/2020 17:10:00	7,16	6,10	5,07	4,41	3,68	2,91	2,25	1,71	1,32	0,95	0,63	0,31	-0,01	6,63	0
22/04/2020 17:15:00	6,73	6,16	5,26	4,60	3,93	3,18	2,52	1,99	1,58	1,21	0,88	0,57	0,26	6,50	0
22/04/2020 17:20:00	6,92	6,25	5,22	4,54	3,91	3,20	2,57	2,06	1,69	1,37	1,11	0,85	0,60	6,55	0
22/04/2020 17:25:00	6,54	6,22	5,48	4,83	4,19	3,24	2,65	2,13	1,67	1,25	0,86	0,49	0,12	6,27	0
22/04/2020 17:30:00	6,99	6,30	5,32	4,57	3,90	3,20	2,66	2,20	1,83	1,51	1,27	1,04	0,80	6,55	0
22/04/2020 17:35:00	6,16	6,47	5,81	5,04	4,34	3,48	2,66	2,00	1,50	1,05	0,65	0,27	-0,11	6,31	0
22/04/2020 17:40:00	6,53	6,29	5,55	5,03	4,37	3,62	2,89	2,31	1,88	1,47	1,10	0,73	0,37	6,52	0
22/04/2020 17:45:00	6,42	6,20	5,38	4,80	4,07	3,36	2,71	2,17	1,75	1,38	1,06	0,75	0,44	6,31	0
22/04/2020 17:50:00	6,39	6,27	5,53	4,93	4,23	3,54	2,87	2,31	1,89	1,51	1,18	0,86	0,54	6,37	0
22/04/2020 17:55:00	5,48	6,47	5,97	5,30	4,50	3,53	2,81	2,16	1,60	1,10	0,65	0,24	-0,18	6,41	0
22/04/2020 18:00:00	5,80	6,23	5,52	4,90	4,19	3,42	2,63	1,99	1,52	1,10	0,74	0,39	0,05	6,23	0
22/04/2020 18:05:00	5,14	6,21	5,84	5,26	4,60	3,74	2,94	2,26	1,73	1,25	0,80	0,38	-0,05	6,05	0
22/04/2020 18:10:00	5,43	6,15	5,62	5,08	4,41	3,67	2,91	2,28	1,81	1,39	1,01	0,66	0,30	6,02	0
22/04/2020 18:15:00	5,30	6,38	5,89	5,29	4,55	3,57	2,84	2,20	1,66	1,16	0,71	0,29	-0,13	6,41	0
22/04/2020 18:20:00	5,40	6,19	5,67	5,17	4,50	3,71	2,93	2,30	1,81	1,36	0,96	0,57	0,19	6,25	0
22/04/2020 18:25:00	5,15	6,23	5,79	5,19	4,46	3,69	2,91	2,25	1,74	1,28	0,87	0,49	0,11	6,27	0
22/04/2020 18:30:00	5,23	6,27	5,84	5,26	4,55	3,73	2,98	2,34	1,82	1,35	0,93	0,54	0,15	6,16	0
22/04/2020 18:35:00	5,12	6,26	5,84	5,28	4,53	3,70	2,91	2,24	1,71	1,23	0,78	0,37	-0,04	6,11	0
22/04/2020 18:40:00	5,06	6,28	5,87	5,35	4,57	3,81	3,04	2,37	1,85	1,38	0,95	0,56	0,17	6,16	0
22/04/2020 18:45:00	4,88	6,35	5,98	5,41	4,64	3,87	3,05	2,36	1,82	1,34	0,92	0,53	0,13	6,28	0
22/04/2020 18:50:00	5,13	6,63	6,28	5,73	5,06	4,20	3,42	2,74	2,20	1,71	1,27	0,86	0,45	6,26	0
22/04/2020 18:55:00	5,04	6,66	6,40	5,91	5,28	4,40	3,60	2,90	2,35	1,84	1,37	0,92	0,48	6,26	0
22/04/2020 19:00:00	5,12	6,60	6,31	5,78	5,13	4,30	3,49	2,80	2,26	1,77	1,31	0,89	0,47	6,22	0
22/04/2020 19:05:00	5,07	6,97	6,79	6,27	5,57	4,72	3,88	3,16	2,58	2,06	1,57	1,11	0,65	6,25	0
22/04/2020 19:10:00	5,50	7,19	7,04	6,53	5,86	5,01	4,23	3,54	2,98	2,45	1,95	1,49	1,02	6,23	0
22/04/2020 19:15:00	5,69	7,49	7,37	6,92	6,28	5,44	4,59	3,86	3,29	2,75	2,23	1,74	1,25	6,10	0
22/04/2020 19:20:00	5,88	7,75	7,65	7,21	6,49	5,73	4,93	4,24	3,67	3,15	2,65	2,18	1,72	6,13	0
22/04/2020 19:25:00	5,75	8,11	8,13	7,68	6,94	6,15	5,34	4,62	4,03	3,48	2,95	2,47	1,98	6,07	0
22/04/2020 19:30:00	6,33	8,20	8,19	7,78	7,17	6,40	5,55	4,84	4,27	3,73	3,19	2,69	2,18	6,10	0
22/04/2020 19:35:00	6,34	7,91	7,83	7,41	6,81	6,05	5,27	4,59	4,05	3,53	3,02	2,54	2,06	6,06	0
22/04/2020 19:40:00	6,15	8,03	8,03	7,61	6,94	6,18	5,42	4,75	4,18	3,65	3,13	2,64	2,14	6,06	0
22/04/2020 19:45:00	6,12	7,93	7,87	7,42	6,78	5,98	5,25	4,59	4,03	3,50	2,99	2,52	2,04	6,08	0
22/04/2020 19:50:00	6,21	7,59	7,52	7,10	6,49	5,73	4,99	4,34	3,80	3,29	2,78	2,30	1,82	6,13	0
22/04/2020 19:55:00	5,93	7,88	7,85	7,42	6,74	5,91	5,12	4,41	3,83	3,28	2,75	2,25	1,75	6,16	0
22/04/2020 20:00:00	6,02	8,06	8,08	7,70	7,07	6,21	5,41	4,70	4,11	3,54	2,99	2,46	1,93	6,11	0
22/04/2020 20:05:00	6,14	8,08	8,02	7,59	6,88	6,12	5,31	4,61	4,03	3,50	2,98	2,49	2,00	6,10	0
22/04/2020 20:10:00	6,01	8,12	8,12	7,67	7,04	6,22	5,41	4,69	4,11	3,56	3,02	2,52	2,02	6,03	0
22/04/2020 20:15:00	6,31	8,15	8,16	7,73	7,09	6,32	5,54	4,85	4,28	3,74	3,22	2,72	2,22	5,93	0
22/04/2020 20:20:00	5,95	8,11	8,17	7,75	7,13	6,32	5,58	4,90	4,32	3,77	3,25	2,75	2,26	5,80	0
22/04/2020 20:25:00	5,77	7,95	8,07	7,67	7,02	6,26	5,46	4,76	4,17	3,61	3,07	2,55	2,04	5,76	0
22/04/2020 20:30:00	5,93	8,12	8,16	7,79	7,13	6,33	5,55	4,85	4,27	3,73	3,20	2,70	2,20	5,74	0
22/04/2020 20:35:00	5,47	7,92	8,04	7,68	7,07	6,22	5,42	4,70	4,10	3,53	2,97	2,45	1,93	5,75	0
22/04/2020 20:40:00	5,17	7,86	8,04	7,61	7,07	6,20	5,46	4,77	4,17	3,62	3,08	2,59	2,09	5,58	0
22/04/2020 20:45:00	5,66	8,16	8,32	7,97	7,27	6,46	5,67	4,95	4,34	3,75	3,18	2,64	2,11	5,59	0
22/04/2020 20:50:00	5,22	8,01	8,23	7,89	7,16	6,40	5,56	4,81	4,19	3,60	3,02	2,49	1,95	5,48	0
22/04/2020 20:55:00	5,48	7,91	8,11	7,79	7,16	6,35	5,60	4,90	4,30	3,73	3,17	2,64	2,11	5,43	0
22/04/2020 21:00:00	5,44	7,95	8,24	7,82	7,20	6,39	5,61	4,89	4,27	3,67	3,08	2,53	1,98	5,38	0
22/04/2020 21:05:00	5,30	8,33	8,62	8,29	7,64	6,82	6,00	5,25	4,62	4,02	3,44	2,89	2,34	5,35	0
22/04/2020 21:10:00	5,62	7,93	8,14	7,82	7,29	6,49	5,68	4,97	4,38	3,81	3,25	2,71	2,17	5,34	0
22/04/2020 21:15:00	5,37	8,08	8,38	8,05	7,36	6,55	5,82	5,12	4,49	3,90	3,31	2,77	2,22	5,34	0
22/04/2020 21:20:00	5,55	7,94	8,15	7,82	7,25	6,48	5,72	5,04	4,46	3,90	3,36	2,85	2,34	5,35	0
22/04/2020 21:25:00	5,00	8,07	8,35	8,00	7,38	6,56	5,77	5,05	4,42	3,84	3,27	2,75	2,23	5,20	0
22/04/2020 21:30:00	5,32	8,00	8,24	7,87	7,24	6,48	5,70	5,00	4,40	3,84	3,30	2,80	2,29	5,18	0
22/04/2020 21:35:00	5,66	8,26	8,49	8,16	7,60	6,80	6,10	5,44	4,85	4,30	3,76	3,26	2,75	5,16	0
22/04/2020 21:40:00	5,11	7,98	8,25	7,99	7,39	6,58	5,86	5,18	4,58	4,01	3,45	2,93	2,41	5,14	0
22/04/2020 21:45:00	4,98	7,93	8,33	8,06	7,47	6,68	5,92	5,21	4,59	3,99	3,40	2,85	2,30	5,11	0
22/04/2020 21:50:00	4,73	8,38	8,70	8,34	7,70	6,78	6,00	5,25	4,58	3,97	3,39	2,85	2,32	5,03	0
22/04/2020 21:55:00	5,02	8,10	8,38	8,15	7,59	6,79	6,04	5,35	4,76	4,20	3,66	3,15	2,64	5,10	0
22/04/2020 22:00:00	4,86	8,21	8,54	8,23	7,56	6,76	5,92	5,15	4,51	3,91	3,32	2,78	2,24	4,93	0
22/04/2020 22:05:00	4,90	8,43	8,77	8,49	7,92	7,09	6,33	5,62	5,00	4,42	3,87	3,36	2,84	4,98	0
22/04/2020 22:10:00	4,81	8,39	8,78	8,57	7,95	7,09	6,30	5,56	4,92	4,32	3,73	3,17	2,62	4,76	0
22/04/2020 22:15:00	4,75	8,43	8,71	8,50	7,80	7,00	6,21	5,48	4,84	4,26	3,71	3,20	2,69	4,95	0
22/04/2020 22:20:00	4,90	8,42	8,77	8,47	7,87	7,00	6,23	5,51	4,86	4,26	3,68	3,15	2,61	4,85	0
22/04/2020 22:25:00	4,77	8,40	8,74	8,42	7,80	7,01	6,21	5,47	4,83	4,24	3,68	3,17	2,65	4,92	0
22/04/2020 22:30:00	5,58	8,52	8,86	8,61	8,06	7,31	6,54	5,84	5,24	4,67	4,11	3,58	3,05	4,78	0
22/04/2020 22:35:00	5,37	8,21	8,56	8,31	7,79	7,02	6,29	5,61	5,02	4,45	3,88	3,35	2,82	4,91	0
22/04/2020 22:40:00	4,72	8,34	8,73	8,46	7,75	6,98	6,15	5,38	4,73	4,13	3,55	3,01	2,47	4,86	0
22/04/2020 22:45:00	4,64	8,38	8,72	8,43	7,84	7,01	6,14	5,36	4,72	4,12	3,55	3,02	2,49	4,74	0
22/04/2020 22:50:00	4,82	8,10	8,44	8,19	7,65	6,89	6,09	5,37	4,76	4,20	3,65	3,14	2,62	4,67	0
22/04/2020 22:55:00	4,68	8,16	8,50	8,28	7,66	6,83	6,08	5,38	4,75	4,17	3,61	3,09	2,56	4,54	0
22/04/2020 23:00:00	4,68	7,72	7,94	7,62	7,07	6,34	5,59	4,91	4,33	3,82	3,34	2,89	2,44	4,43	0
22/04/2020 23:05:00	4,78	7,68	8,00	7,72	7,15	6,40	5,65	4,96	4,36	3,81	3,26	2,76	2,25	4,52	0
22/04/2020 23:10:00	4,06	7,77	8,09	7,77	7,13	6,44	5,66	4,93	4,33	3,79	3,30	2,85	2,40	4,45	0
22/04/2020 23:15:00	5,04	7,51	7,70	7,38	6,87	6,17	5,42	4,76	4,20	3,69	3,20	2,73	2,27	4,49	0
22/04/2020 23:20:00	4,42	7,44	7,73	7,35	6,82	6,06	5,33	4,66	4,06	3,51	3,00	2,53	2,07	4,54	0
22/04/2020 23:25:00	4,58	7,19	7,50	7,29	6,72	6,02	5,28	4,61	4,03	3,47	2,93	2,42	1,91	4,55	0
22/04/2020 23:30:00	4,30	7,71	7,95	7,57	6,89	6,07	5,30	4,57	3,94	3,37	2,84	2,35	1,87	4,51	0
22/04/2020 23:35:00	4,72	7,77	8,04	7,75	7,18	6,32	5,56	4,86	4,25	3,68	3,13	2,61	2,09	4,45	0
22/04/2020 23:40:00	4,78	7,68	7,97	7,69	7,04	6,36	5,56	4,83	4,23	3,67	3,13	2,62	2,12	4,50	0
22/04/2020 23:45:00	4,69	7,31	7,54	7,28	6,77	5,99	5,25	4,57	4,00	3,46	2,94	2,45	1,96	4,36	0
22/04/2020 23:50:00	4,24	7,09	7,28	6,96	6,41	5,63	4,88	4,20	3,61	3,07	2,57	2,10	1,63	4,43	0
22/04/2020 23:55:00	4,75	6,97	7,12	6,75	6,22	5,51	4,74	4,06	3,50	2,98	2,48	2,01	1,54	4,40	0
