FileFormat:0002.2 file with temperature of atmosphere
200
local	GMT or Local
0	GMT-Local=[hours]
0	Height[m]
0	0	0	Longitude                [grd]               [min]               [sec]
0	0	0	Latitude                [grd]               [min]               [sec]
N	NS
59,40	Freq[GHz]
0,00	dTemostat[K]
0,150	MessErr[K]
0,248	//[grad/step]
version 14.0.20110218
MTP5H033F5940K-33.00D180214+A1.1
Commentary:
enter comment
End Of Commentary

SYSTEM\alaska.dat
data time	0	50	100	150	200	250	300	350	400	450	500	550	600	OutsideTemperature	Quality
08/01/2020 00:00:00	-0,66	-0,57	-0,92	-1,48	-2,18	-2,91	-3,47	-3,81	-3,93	-4,03	-4,07	-4,05	-4,02	-0,70	0
08/01/2020 00:05:00	-0,72	-0,70	-0,96	-1,40	-1,98	-2,66	-3,24	-3,63	-3,80	-3,93	-4,03	-4,07	-4,12	-0,70	0
08/01/2020 00:10:00	-0,64	-0,53	-0,74	-1,24	-1,85	-2,54	-3,16	-3,56	-3,72	-3,84	-3,92	-3,93	-3,94	-0,67	0
08/01/2020 00:15:00	-0,71	-0,51	-0,76	-1,22	-1,85	-2,58	-3,16	-3,52	-3,68	-3,80	-3,89	-3,90	-3,91	-0,67	0
08/01/2020 00:20:00	-0,64	-0,46	-0,74	-1,26	-1,83	-2,51	-3,12	-3,48	-3,60	-3,70	-3,78	-3,79	-3,81	-0,64	0
08/01/2020 00:25:00	-0,57	-0,41	-0,66	-1,13	-1,73	-2,46	-3,05	-3,43	-3,58	-3,69	-3,77	-3,78	-3,79	-0,59	0
08/01/2020 00:30:00	-0,55	-0,39	-0,59	-1,00	-1,59	-2,25	-2,90	-3,32	-3,49	-3,63	-3,73	-3,78	-3,82	-0,54	0
08/01/2020 00:35:00	-0,46	-0,34	-0,58	-1,05	-1,65	-2,35	-2,95	-3,33	-3,49	-3,61	-3,70	-3,72	-3,74	-0,46	0
08/01/2020 00:40:00	-0,50	-0,23	-0,44	-0,95	-1,59	-2,24	-2,81	-3,16	-3,28	-3,38	-3,43	-3,42	-3,40	-0,46	0
08/01/2020 00:45:00	-0,42	-0,12	-0,36	-0,87	-1,50	-2,21	-2,79	-3,15	-3,29	-3,41	-3,48	-3,50	-3,51	-0,41	0
08/01/2020 00:50:00	-0,36	-0,12	-0,32	-0,79	-1,38	-2,12	-2,82	-3,26	-3,44	-3,58	-3,68	-3,72	-3,75	-0,36	0
08/01/2020 00:55:00	-0,37	-0,04	-0,23	-0,72	-1,35	-2,08	-2,69	-3,09	-3,27	-3,41	-3,52	-3,57	-3,62	-0,39	0
08/01/2020 01:00:00	-0,34	-0,09	-0,29	-0,82	-1,37	-2,02	-2,56	-2,87	-2,98	-3,08	-3,13	-3,12	-3,11	-0,35	0
08/01/2020 01:05:00	-0,33	-0,04	-0,29	-0,72	-1,26	-1,85	-2,31	-2,56	-2,64	-2,72	-2,77	-2,78	-2,78	-0,34	0
08/01/2020 01:10:00	-0,38	0,03	-0,17	-0,70	-1,32	-2,02	-2,60	-2,94	-3,06	-3,16	-3,22	-3,21	-3,21	-0,35	0
08/01/2020 01:15:00	-0,32	0,09	-0,04	-0,48	-1,12	-1,88	-2,53	-2,94	-3,13	-3,27	-3,36	-3,38	-3,39	-0,32	0
08/01/2020 01:20:00	-0,21	0,10	-0,13	-0,60	-1,21	-1,93	-2,56	-2,95	-3,10	-3,23	-3,33	-3,37	-3,41	-0,25	0
08/01/2020 01:25:00	-0,27	0,05	-0,12	-0,67	-1,26	-1,98	-2,60	-2,97	-3,12	-3,24	-3,32	-3,32	-3,32	-0,26	0
08/01/2020 01:30:00	-0,27	0,07	-0,11	-0,58	-1,25	-1,96	-2,58	-2,97	-3,14	-3,27	-3,36	-3,38	-3,39	-0,28	0
08/01/2020 01:35:00	-0,26	0,10	-0,08	-0,60	-1,21	-1,94	-2,57	-2,95	-3,10	-3,23	-3,31	-3,32	-3,33	-0,26	0
08/01/2020 01:40:00	-0,24	0,10	-0,10	-0,68	-1,30	-2,00	-2,59	-2,93	-3,04	-3,14	-3,19	-3,16	-3,13	-0,14	0
08/01/2020 01:45:00	-0,25	0,06	-0,18	-0,70	-1,33	-1,98	-2,54	-2,87	-2,98	-3,08	-3,14	-3,13	-3,13	-0,20	0
08/01/2020 01:50:00	-0,27	0,12	-0,10	-0,66	-1,33	-2,05	-2,63	-2,97	-3,08	-3,17	-3,21	-3,17	-3,13	-0,24	0
08/01/2020 01:55:00	-0,26	0,14	-0,14	-0,76	-1,42	-2,13	-2,67	-2,96	-3,06	-3,14	-3,18	-3,15	-3,11	-0,14	0
08/01/2020 02:00:00	-0,17	0,09	-0,10	-0,62	-1,24	-1,86	-2,43	-2,76	-2,88	-2,98	-3,04	-3,02	-3,00	-0,26	0
08/01/2020 02:05:00	-0,22	0,06	-0,16	-0,70	-1,38	-2,07	-2,64	-2,99	-3,13	-3,23	-3,29	-3,26	-3,24	-0,24	0
08/01/2020 02:10:00	-0,29	0,08	-0,08	-0,67	-1,41	-2,17	-2,84	-3,25	-3,42	-3,54	-3,60	-3,57	-3,54	-0,24	0
08/01/2020 02:15:00	-0,25	-0,06	-0,25	-0,67	-1,28	-1,96	-2,57	-2,95	-3,12	-3,25	-3,34	-3,36	-3,39	-0,24	0
08/01/2020 02:20:00	-0,22	0,09	-0,14	-0,69	-1,37	-2,10	-2,73	-3,10	-3,25	-3,36	-3,42	-3,41	-3,39	-0,19	0
08/01/2020 02:25:00	-0,23	0,00	-0,17	-0,66	-1,32	-2,05	-2,68	-3,10	-3,29	-3,43	-3,53	-3,55	-3,57	-0,23	0
08/01/2020 02:30:00	-0,24	0,01	-0,20	-0,66	-1,26	-1,97	-2,61	-3,03	-3,21	-3,35	-3,47	-3,52	-3,58	-0,23	0
08/01/2020 02:35:00	-0,23	0,01	-0,30	-0,80	-1,44	-2,10	-2,67	-2,99	-3,10	-3,19	-3,25	-3,25	-3,26	-0,22	0
08/01/2020 02:40:00	-0,19	0,02	-0,18	-0,73	-1,31	-2,03	-2,64	-3,01	-3,16	-3,27	-3,34	-3,33	-3,32	-0,26	0
08/01/2020 02:45:00	-0,22	-0,09	-0,29	-0,76	-1,37	-2,06	-2,66	-3,04	-3,20	-3,32	-3,40	-3,40	-3,41	-0,26	0
08/01/2020 02:50:00	-0,20	0,05	-0,19	-0,78	-1,43	-2,12	-2,70	-3,03	-3,14	-3,22	-3,25	-3,20	-3,15	-0,27	0
08/01/2020 02:55:00	-0,16	0,03	-0,19	-0,72	-1,28	-1,92	-2,48	-2,79	-2,89	-2,97	-3,01	-2,98	-2,95	-0,20	0
08/01/2020 03:00:00	-0,24	-0,02	-0,24	-0,71	-1,34	-2,05	-2,66	-3,04	-3,21	-3,34	-3,43	-3,45	-3,47	-0,24	0
08/01/2020 03:05:00	-0,20	0,05	-0,23	-0,72	-1,37	-2,07	-2,69	-3,07	-3,21	-3,33	-3,41	-3,43	-3,45	-0,23	0
08/01/2020 03:10:00	-0,27	-0,04	-0,34	-0,92	-1,57	-2,23	-2,75	-3,03	-3,11	-3,18	-3,20	-3,15	-3,10	-0,27	0
08/01/2020 03:15:00	-0,23	-0,02	-0,26	-0,76	-1,33	-2,04	-2,63	-3,00	-3,15	-3,27	-3,36	-3,39	-3,43	-0,29	0
08/01/2020 03:20:00	-0,28	-0,01	-0,26	-0,82	-1,37	-2,07	-2,64	-2,97	-3,08	-3,18	-3,25	-3,26	-3,27	-0,29	0
08/01/2020 03:25:00	-0,29	0,00	-0,21	-0,74	-1,32	-2,01	-2,59	-2,94	-3,06	-3,17	-3,24	-3,24	-3,24	-0,21	0
08/01/2020 03:30:00	-0,31	0,03	-0,18	-0,67	-1,23	-1,92	-2,54	-2,92	-3,06	-3,17	-3,26	-3,30	-3,33	-0,22	0
08/01/2020 03:35:00	-0,19	0,12	-0,11	-0,65	-1,27	-1,99	-2,62	-2,99	-3,12	-3,23	-3,30	-3,30	-3,29	-0,17	0
08/01/2020 03:40:00	-0,23	0,05	-0,18	-0,68	-1,28	-2,00	-2,66	-3,06	-3,19	-3,30	-3,37	-3,37	-3,38	-0,20	0
08/01/2020 03:45:00	-0,19	0,04	-0,14	-0,62	-1,21	-1,90	-2,51	-2,90	-3,06	-3,19	-3,27	-3,29	-3,31	-0,19	0
08/01/2020 03:50:00	-0,18	0,01	-0,21	-0,69	-1,34	-2,01	-2,57	-2,90	-3,04	-3,15	-3,22	-3,20	-3,19	-0,21	0
08/01/2020 03:55:00	-0,25	0,09	-0,17	-0,79	-1,46	-2,13	-2,69	-2,99	-3,08	-3,15	-3,17	-3,12	-3,07	-0,22	0
08/01/2020 04:00:00	-0,18	0,06	-0,27	-0,83	-1,48	-2,09	-2,56	-2,79	-2,84	-2,89	-2,90	-2,85	-2,79	-0,22	0
08/01/2020 04:05:00	-0,16	0,05	-0,24	-0,69	-1,33	-1,99	-2,49	-2,78	-2,88	-2,96	-3,01	-2,98	-2,95	-0,21	0
08/01/2020 04:10:00	-0,21	-0,01	-0,24	-0,82	-1,41	-2,07	-2,59	-2,88	-2,98	-3,06	-3,10	-3,05	-3,01	-0,22	0
08/01/2020 04:15:00	-0,23	0,00	-0,26	-0,82	-1,43	-2,03	-2,55	-2,83	-2,91	-2,98	-3,01	-2,97	-2,94	-0,22	0
08/01/2020 04:20:00	-0,24	-0,09	-0,37	-0,86	-1,41	-2,02	-2,58	-2,88	-2,96	-3,03	-3,07	-3,06	-3,04	-0,23	0
08/01/2020 04:25:00	-0,31	-0,14	-0,48	-0,98	-1,55	-2,13	-2,59	-2,82	-2,87	-2,92	-2,94	-2,91	-2,88	-0,28	0
08/01/2020 04:30:00	-0,30	-0,15	-0,46	-0,96	-1,58	-2,17	-2,60	-2,83	-2,90	-2,96	-2,99	-2,95	-2,91	-0,29	0
08/01/2020 04:35:00	-0,28	-0,17	-0,42	-0,86	-1,44	-2,00	-2,49	-2,77	-2,86	-2,94	-2,99	-2,97	-2,96	-0,34	0
08/01/2020 04:40:00	-0,33	-0,15	-0,42	-0,95	-1,52	-2,15	-2,61	-2,85	-2,92	-2,98	-3,00	-2,95	-2,89	-0,32	0
08/01/2020 04:45:00	-0,29	-0,06	-0,29	-0,74	-1,33	-2,00	-2,54	-2,87	-2,99	-3,10	-3,17	-3,18	-3,18	-0,29	0
08/01/2020 04:50:00	-0,26	0,01	-0,21	-0,77	-1,38	-2,05	-2,60	-2,90	-2,99	-3,06	-3,08	-3,02	-2,97	-0,25	0
08/01/2020 04:55:00	-0,15	0,03	-0,18	-0,60	-1,12	-1,79	-2,38	-2,75	-2,91	-3,05	-3,16	-3,22	-3,28	-0,21	0
08/01/2020 05:00:00	-0,10	0,12	-0,07	-0,45	-1,04	-1,76	-2,40	-2,81	-2,99	-3,13	-3,24	-3,29	-3,33	-0,12	0
08/01/2020 05:05:00	-0,08	0,21	0,05	-0,37	-0,95	-1,68	-2,34	-2,76	-2,95	-3,11	-3,22	-3,28	-3,33	-0,06	0
08/01/2020 05:10:00	-0,05	0,33	0,17	-0,36	-1,01	-1,80	-2,44	-2,85	-3,03	-3,18	-3,27	-3,28	-3,29	-0,03	0
08/01/2020 05:15:00	-0,04	0,30	0,08	-0,41	-1,06	-1,81	-2,48	-2,90	-3,07	-3,21	-3,30	-3,33	-3,35	-0,02	0
08/01/2020 05:20:00	-0,01	0,30	0,14	-0,36	-1,00	-1,77	-2,45	-2,88	-3,07	-3,22	-3,32	-3,34	-3,36	-0,01	0
08/01/2020 05:25:00	0,00	0,33	0,09	-0,45	-1,13	-1,80	-2,40	-2,75	-2,86	-2,96	-3,02	-3,00	-2,98	0,02	0
08/01/2020 05:30:00	0,03	0,27	0,07	-0,33	-0,93	-1,62	-2,28	-2,71	-2,89	-3,05	-3,18	-3,25	-3,32	0,03	0
08/01/2020 05:35:00	0,03	0,31	0,12	-0,35	-0,90	-1,57	-2,25	-2,66	-2,80	-2,93	-3,03	-3,07	-3,12	0,06	0
08/01/2020 05:40:00	0,01	0,45	0,23	-0,38	-1,08	-1,83	-2,44	-2,81	-2,95	-3,06	-3,12	-3,10	-3,08	0,04	0
08/01/2020 05:45:00	0,11	0,47	0,29	-0,24	-0,89	-1,65	-2,34	-2,78	-2,96	-3,10	-3,20	-3,22	-3,25	0,04	0
08/01/2020 05:50:00	0,11	0,50	0,34	-0,19	-0,83	-1,63	-2,35	-2,81	-3,02	-3,18	-3,30	-3,35	-3,40	0,11	0
08/01/2020 05:55:00	0,15	0,51	0,32	-0,15	-0,80	-1,56	-2,24	-2,68	-2,88	-3,04	-3,15	-3,21	-3,26	0,10	0
08/01/2020 06:00:00	0,15	0,55	0,36	-0,19	-0,84	-1,61	-2,28	-2,70	-2,88	-3,02	-3,12	-3,15	-3,18	0,16	0
08/01/2020 06:05:00	0,17	0,52	0,38	-0,09	-0,71	-1,46	-2,16	-2,61	-2,81	-2,97	-3,08	-3,12	-3,17	0,18	0
08/01/2020 06:10:00	0,16	0,57	0,37	-0,12	-0,75	-1,49	-2,16	-2,58	-2,74	-2,88	-2,98	-3,02	-3,06	0,22	0
08/01/2020 06:15:00	0,15	0,59	0,42	-0,10	-0,80	-1,61	-2,29	-2,73	-2,94	-3,10	-3,21	-3,24	-3,28	0,19	0
08/01/2020 06:20:00	0,23	0,61	0,47	-0,04	-0,65	-1,48	-2,18	-2,64	-2,87	-3,05	-3,18	-3,24	-3,30	0,22	0
08/01/2020 06:25:00	0,25	0,61	0,45	-0,03	-0,70	-1,52	-2,23	-2,70	-2,92	-3,09	-3,20	-3,25	-3,29	0,19	0
08/01/2020 06:30:00	0,21	0,66	0,56	0,02	-0,64	-1,52	-2,23	-2,70	-2,94	-3,11	-3,23	-3,25	-3,28	0,26	0
08/01/2020 06:35:00	0,22	0,58	0,50	0,05	-0,54	-1,35	-2,15	-2,69	-2,95	-3,15	-3,31	-3,40	-3,50	0,20	0
08/01/2020 06:40:00	0,22	0,59	0,47	-0,02	-0,64	-1,39	-2,12	-2,59	-2,80	-2,97	-3,09	-3,14	-3,20	0,23	0
08/01/2020 06:45:00	0,26	0,59	0,48	0,07	-0,54	-1,35	-2,09	-2,60	-2,84	-3,04	-3,19	-3,26	-3,34	0,20	0
08/01/2020 06:50:00	0,18	0,61	0,49	0,03	-0,64	-1,46	-2,25	-2,77	-3,01	-3,19	-3,33	-3,40	-3,46	0,20	0
08/01/2020 06:55:00	0,28	0,60	0,43	-0,05	-0,61	-1,40	-2,09	-2,53	-2,72	-2,88	-3,00	-3,05	-3,11	0,20	0
08/01/2020 07:00:00	0,14	0,51	0,35	-0,16	-0,84	-1,61	-2,27	-2,71	-2,90	-3,06	-3,16	-3,19	-3,21	0,13	0
08/01/2020 07:05:00	0,12	0,38	0,23	-0,17	-0,75	-1,54	-2,15	-2,58	-2,79	-2,97	-3,10	-3,16	-3,22	0,13	0
08/01/2020 07:10:00	0,15	0,43	0,26	-0,16	-0,74	-1,47	-2,10	-2,52	-2,72	-2,88	-3,01	-3,08	-3,15	0,12	0
08/01/2020 07:15:00	0,07	0,31	0,19	-0,22	-0,76	-1,52	-2,25	-2,75	-2,98	-3,17	-3,32	-3,41	-3,50	0,04	0
08/01/2020 07:20:00	0,08	0,35	0,20	-0,25	-0,86	-1,60	-2,27	-2,71	-2,92	-3,09	-3,22	-3,28	-3,35	0,06	0
08/01/2020 07:25:00	0,07	0,47	0,27	-0,28	-0,98	-1,78	-2,51	-2,97	-3,16	-3,31	-3,41	-3,43	-3,45	0,08	0
08/01/2020 07:30:00	0,08	0,50	0,36	-0,17	-0,90	-1,69	-2,38	-2,84	-3,05	-3,21	-3,32	-3,35	-3,37	0,12	0
08/01/2020 07:35:00	0,11	0,46	0,25	-0,24	-0,91	-1,71	-2,41	-2,86	-3,06	-3,21	-3,32	-3,37	-3,41	0,13	0
08/01/2020 07:40:00	0,13	0,54	0,38	-0,21	-0,85	-1,65	-2,34	-2,77	-2,95	-3,09	-3,17	-3,18	-3,19	0,18	0
08/01/2020 07:45:00	0,13	0,52	0,34	-0,23	-0,89	-1,63	-2,28	-2,69	-2,86	-3,00	-3,10	-3,12	-3,15	0,14	0
08/01/2020 07:50:00	0,19	0,54	0,42	-0,01	-0,64	-1,45	-2,22	-2,74	-2,99	-3,18	-3,32	-3,40	-3,48	0,11	0
08/01/2020 07:55:00	0,16	0,53	0,35	-0,14	-0,74	-1,52	-2,20	-2,64	-2,82	-2,97	-3,08	-3,12	-3,17	0,14	0
08/01/2020 08:00:00	0,17	0,63	0,41	-0,22	-0,95	-1,73	-2,34	-2,71	-2,86	-2,98	-3,05	-3,03	-3,01	0,14	0
08/01/2020 08:05:00	0,20	0,57	0,40	-0,12	-0,76	-1,53	-2,22	-2,64	-2,82	-2,97	-3,06	-3,08	-3,09	0,22	0
08/01/2020 08:10:00	0,20	0,61	0,42	-0,17	-0,82	-1,57	-2,26	-2,68	-2,84	-2,97	-3,06	-3,07	-3,08	0,23	0
08/01/2020 08:15:00	0,26	0,68	0,54	0,05	-0,56	-1,42	-2,19	-2,70	-2,93	-3,12	-3,26	-3,32	-3,39	0,23	0
08/01/2020 08:20:00	0,23	0,69	0,54	-0,02	-0,69	-1,51	-2,23	-2,69	-2,89	-3,05	-3,16	-3,19	-3,22	0,26	0
08/01/2020 08:25:00	0,27	0,65	0,46	-0,03	-0,74	-1,50	-2,21	-2,65	-2,84	-2,98	-3,07	-3,09	-3,11	0,24	0
08/01/2020 08:30:00	0,28	0,64	0,48	0,04	-0,61	-1,43	-2,11	-2,58	-2,80	-2,98	-3,12	-3,18	-3,24	0,21	0
08/01/2020 08:35:00	0,17	0,59	0,47	0,01	-0,62	-1,41	-2,14	-2,63	-2,86	-3,05	-3,19	-3,28	-3,36	0,24	0
08/01/2020 08:40:00	0,24	0,68	0,50	-0,03	-0,64	-1,43	-2,12	-2,56	-2,75	-2,91	-3,02	-3,08	-3,13	0,28	0
08/01/2020 08:45:00	0,25	0,72	0,57	0,05	-0,65	-1,48	-2,13	-2,56	-2,77	-2,93	-3,04	-3,07	-3,10	0,21	0
08/01/2020 08:50:00	0,24	0,72	0,52	-0,06	-0,75	-1,54	-2,21	-2,62	-2,79	-2,94	-3,03	-3,05	-3,07	0,26	0
08/01/2020 08:55:00	0,26	0,68	0,46	-0,04	-0,72	-1,48	-2,18	-2,61	-2,77	-2,90	-2,99	-3,00	-3,02	0,26	0
08/01/2020 09:00:00	0,21	0,55	0,38	-0,12	-0,79	-1,56	-2,20	-2,62	-2,82	-2,98	-3,09	-3,12	-3,15	0,19	0
08/01/2020 09:05:00	0,15	0,44	0,24	-0,16	-0,80	-1,51	-2,11	-2,49	-2,67	-2,82	-2,93	-2,98	-3,02	0,13	0
08/01/2020 09:10:00	0,17	0,43	0,27	-0,21	-0,82	-1,58	-2,25	-2,69	-2,89	-3,05	-3,15	-3,19	-3,22	0,16	0
08/01/2020 09:15:00	0,10	0,37	0,23	-0,20	-0,82	-1,54	-2,18	-2,60	-2,79	-2,95	-3,06	-3,09	-3,13	0,11	0
08/01/2020 09:20:00	0,09	0,42	0,18	-0,35	-0,97	-1,68	-2,29	-2,65	-2,78	-2,90	-2,97	-2,99	-3,00	0,10	0
08/01/2020 09:25:00	0,08	0,39	0,21	-0,32	-0,94	-1,64	-2,26	-2,64	-2,80	-2,93	-3,01	-3,03	-3,05	0,09	0
08/01/2020 09:30:00	0,13	0,45	0,29	-0,16	-0,81	-1,58	-2,23	-2,66	-2,87	-3,04	-3,16	-3,21	-3,25	0,09	0
08/01/2020 09:35:00	0,18	0,49	0,37	-0,14	-0,86	-1,62	-2,28	-2,72	-2,93	-3,09	-3,19	-3,20	-3,21	0,17	0
08/01/2020 09:40:00	0,17	0,59	0,40	-0,11	-0,84	-1,61	-2,31	-2,75	-2,93	-3,08	-3,17	-3,19	-3,20	0,23	0
08/01/2020 09:45:00	0,27	0,59	0,42	-0,05	-0,74	-1,47	-2,14	-2,57	-2,77	-2,93	-3,04	-3,08	-3,12	0,24	0
08/01/2020 09:50:00	0,29	0,57	0,28	-0,24	-0,87	-1,55	-2,09	-2,39	-2,51	-2,61	-2,67	-2,67	-2,67	0,26	0
08/01/2020 09:55:00	0,28	0,62	0,41	-0,08	-0,71	-1,45	-2,14	-2,56	-2,72	-2,86	-2,96	-3,00	-3,03	0,27	0
08/01/2020 10:00:00	0,25	0,64	0,41	-0,13	-0,83	-1,61	-2,30	-2,72	-2,87	-2,99	-3,06	-3,04	-3,03	0,24	0
08/01/2020 10:05:00	0,30	0,60	0,34	-0,15	-0,74	-1,44	-2,05	-2,42	-2,56	-2,68	-2,78	-2,82	-2,86	0,35	0
08/01/2020 10:10:00	0,29	0,62	0,40	-0,06	-0,69	-1,43	-2,12	-2,54	-2,71	-2,85	-2,96	-3,00	-3,04	0,33	0
08/01/2020 10:15:00	0,33	0,57	0,35	-0,12	-0,74	-1,45	-2,09	-2,51	-2,68	-2,83	-2,95	-3,01	-3,06	0,33	0
08/01/2020 10:20:00	0,32	0,72	0,48	-0,12	-0,77	-1,50	-2,17	-2,57	-2,71	-2,84	-2,92	-2,94	-2,97	0,30	0
08/01/2020 10:25:00	0,29	0,65	0,43	-0,26	-0,89	-1,66	-2,27	-2,61	-2,75	-2,85	-2,90	-2,87	-2,84	0,31	0
08/01/2020 10:30:00	0,33	0,56	0,36	-0,10	-0,74	-1,42	-2,11	-2,55	-2,72	-2,87	-2,98	-3,02	-3,07	0,29	0
08/01/2020 10:35:00	0,28	0,55	0,33	-0,16	-0,78	-1,45	-2,06	-2,42	-2,56	-2,69	-2,77	-2,79	-2,81	0,27	0
08/01/2020 10:40:00	0,31	0,61	0,38	-0,14	-0,81	-1,54	-2,11	-2,47	-2,63	-2,77	-2,86	-2,88	-2,89	0,31	0
08/01/2020 10:45:00	0,31	0,61	0,43	-0,03	-0,67	-1,44	-2,11	-2,55	-2,76	-2,93	-3,06	-3,12	-3,18	0,33	0
08/01/2020 10:50:00	0,35	0,69	0,44	-0,13	-0,81	-1,54	-2,19	-2,59	-2,75	-2,88	-2,98	-3,00	-3,03	0,34	0
08/01/2020 10:55:00	0,39	0,67	0,42	-0,13	-0,76	-1,51	-2,15	-2,53	-2,68	-2,81	-2,90	-2,91	-2,93	0,39	0
08/01/2020 11:00:00	0,40	0,63	0,37	-0,12	-0,78	-1,45	-2,01	-2,35	-2,49	-2,62	-2,70	-2,73	-2,75	0,35	0
08/01/2020 11:05:00	0,39	0,75	0,48	-0,08	-0,74	-1,49	-2,07	-2,41	-2,54	-2,65	-2,71	-2,71	-2,70	0,41	0
08/01/2020 11:10:00	0,44	0,76	0,51	-0,09	-0,77	-1,51	-2,14	-2,50	-2,64	-2,75	-2,82	-2,81	-2,80	0,41	0
08/01/2020 11:15:00	0,39	0,72	0,47	-0,10	-0,75	-1,48	-2,14	-2,52	-2,67	-2,79	-2,87	-2,89	-2,90	0,38	0
08/01/2020 11:20:00	0,41	0,72	0,52	-0,02	-0,71	-1,43	-2,08	-2,48	-2,65	-2,79	-2,88	-2,90	-2,91	0,46	0
08/01/2020 11:25:00	0,41	0,76	0,53	-0,06	-0,72	-1,49	-2,20	-2,62	-2,78	-2,91	-2,99	-3,00	-3,01	0,48	0
08/01/2020 11:30:00	0,46	0,83	0,56	-0,05	-0,75	-1,49	-2,12	-2,49	-2,63	-2,75	-2,83	-2,84	-2,85	0,51	0
08/01/2020 11:35:00	0,49	0,79	0,57	0,03	-0,57	-1,30	-1,90	-2,28	-2,44	-2,59	-2,69	-2,73	-2,78	0,48	0
08/01/2020 11:40:00	0,48	0,78	0,53	0,03	-0,61	-1,32	-2,02	-2,45	-2,62	-2,77	-2,89	-2,95	-3,01	0,49	0
08/01/2020 11:45:00	0,49	0,73	0,50	0,02	-0,61	-1,40	-2,05	-2,47	-2,66	-2,82	-2,94	-2,99	-3,03	0,43	0
08/01/2020 11:50:00	0,42	0,75	0,55	0,07	-0,58	-1,33	-2,02	-2,47	-2,69	-2,87	-3,01	-3,10	-3,18	0,51	0
08/01/2020 11:55:00	0,40	0,73	0,56	0,12	-0,58	-1,40	-2,12	-2,61	-2,86	-3,05	-3,20	-3,28	-3,35	0,38	0
08/01/2020 12:00:00	0,43	0,77	0,52	0,01	-0,70	-1,48	-2,17	-2,62	-2,82	-2,98	-3,10	-3,15	-3,20	0,49	0
08/01/2020 12:05:00	0,54	0,90	0,63	0,09	-0,61	-1,42	-2,06	-2,46	-2,64	-2,79	-2,89	-2,92	-2,95	0,54	0
08/01/2020 12:10:00	0,46	0,87	0,61	0,05	-0,64	-1,45	-2,15	-2,58	-2,76	-2,91	-3,01	-3,05	-3,09	0,48	0
08/01/2020 12:15:00	0,49	0,84	0,67	0,17	-0,54	-1,36	-2,15	-2,67	-2,92	-3,12	-3,26	-3,33	-3,40	0,49	0
08/01/2020 12:20:00	0,59	0,89	0,73	0,20	-0,47	-1,29	-2,05	-2,56	-2,81	-3,01	-3,17	-3,25	-3,34	0,62	0
08/01/2020 12:25:00	0,56	0,99	0,78	0,17	-0,59	-1,39	-2,15	-2,63	-2,83	-3,00	-3,11	-3,15	-3,19	0,57	0
08/01/2020 12:30:00	0,53	0,95	0,77	0,22	-0,47	-1,32	-2,08	-2,58	-2,82	-3,01	-3,15	-3,22	-3,30	0,52	0
08/01/2020 12:35:00	0,59	1,01	0,74	0,10	-0,58	-1,44	-2,18	-2,63	-2,81	-2,96	-3,06	-3,09	-3,13	0,61	0
08/01/2020 12:40:00	0,60	1,03	0,77	0,15	-0,59	-1,39	-2,14	-2,60	-2,79	-2,95	-3,06	-3,10	-3,14	0,71	0
08/01/2020 12:45:00	0,71	1,10	0,86	0,27	-0,46	-1,31	-2,03	-2,49	-2,70	-2,87	-2,98	-3,02	-3,06	0,70	0
08/01/2020 12:50:00	0,74	1,17	0,93	0,33	-0,43	-1,24	-1,95	-2,39	-2,58	-2,73	-2,83	-2,85	-2,87	0,73	0
08/01/2020 12:55:00	0,67	1,18	1,03	0,43	-0,29	-1,17	-1,95	-2,47	-2,72	-2,92	-3,07	-3,14	-3,21	0,66	0
08/01/2020 13:00:00	0,69	1,17	0,91	0,29	-0,48	-1,33	-2,08	-2,54	-2,73	-2,89	-2,99	-3,02	-3,05	0,71	0
08/01/2020 13:05:00	0,74	1,18	0,97	0,46	-0,30	-1,13	-1,92	-2,45	-2,71	-2,92	-3,08	-3,18	-3,28	0,73	0
08/01/2020 13:10:00	0,73	1,11	0,92	0,35	-0,33	-1,14	-1,92	-2,42	-2,64	-2,81	-2,94	-3,00	-3,05	0,74	0
08/01/2020 13:15:00	0,76	1,18	0,98	0,44	-0,25	-1,12	-1,90	-2,42	-2,66	-2,86	-3,01	-3,09	-3,18	0,68	0
08/01/2020 13:20:00	0,66	1,29	1,07	0,38	-0,44	-1,34	-2,08	-2,53	-2,72	-2,87	-2,95	-2,94	-2,93	0,78	0
08/01/2020 13:25:00	0,78	1,25	1,03	0,49	-0,24	-1,10	-1,92	-2,46	-2,70	-2,90	-3,06	-3,15	-3,24	0,82	0
08/01/2020 13:30:00	0,79	1,23	1,07	0,54	-0,19	-1,01	-1,76	-2,26	-2,50	-2,70	-2,84	-2,92	-3,00	0,82	0
08/01/2020 13:35:00	0,72	1,22	1,09	0,57	-0,17	-1,10	-1,90	-2,45	-2,73	-2,95	-3,11	-3,19	-3,26	0,73	0
08/01/2020 13:40:00	0,81	1,40	1,29	0,64	-0,12	-1,08	-1,92	-2,49	-2,77	-2,99	-3,14	-3,20	-3,26	0,81	0
08/01/2020 13:45:00	0,83	1,36	1,25	0,73	-0,01	-0,92	-1,77	-2,35	-2,64	-2,87	-3,04	-3,13	-3,22	0,84	0
08/01/2020 13:50:00	0,89	1,44	1,34	0,80	0,06	-0,88	-1,76	-2,36	-2,65	-2,88	-3,05	-3,14	-3,23	0,84	0
08/01/2020 13:55:00	0,84	1,39	1,24	0,73	-0,03	-0,90	-1,77	-2,36	-2,64	-2,86	-3,04	-3,15	-3,26	0,84	0
08/01/2020 14:00:00	0,87	1,43	1,25	0,70	-0,04	-0,95	-1,81	-2,37	-2,63	-2,84	-3,00	-3,10	-3,19	0,79	0
08/01/2020 14:05:00	0,75	1,35	1,16	0,54	-0,23	-1,12	-1,94	-2,47	-2,69	-2,87	-3,00	-3,04	-3,09	0,79	0
08/01/2020 14:10:00	0,77	1,25	1,10	0,60	-0,15	-1,09	-1,94	-2,53	-2,81	-3,04	-3,20	-3,29	-3,38	0,71	0
08/01/2020 14:15:00	0,62	1,21	1,10	0,57	-0,13	-1,04	-1,94	-2,54	-2,82	-3,05	-3,22	-3,33	-3,44	0,68	0
08/01/2020 14:20:00	0,72	1,23	1,13	0,60	-0,05	-0,98	-1,85	-2,45	-2,75	-2,99	-3,17	-3,29	-3,40	0,73	0
08/01/2020 14:25:00	0,77	1,28	1,14	0,60	-0,18	-1,07	-1,94	-2,53	-2,80	-3,02	-3,18	-3,26	-3,34	0,70	0
08/01/2020 14:30:00	0,66	1,19	1,04	0,52	-0,29	-1,21	-2,04	-2,61	-2,90	-3,13	-3,29	-3,38	-3,46	0,69	0
08/01/2020 14:35:00	0,64	1,03	0,88	0,36	-0,34	-1,27	-2,05	-2,61	-2,91	-3,14	-3,32	-3,42	-3,53	0,64	0
08/01/2020 14:40:00	0,58	0,99	0,92	0,40	-0,23	-1,11	-2,03	-2,65	-2,94	-3,18	-3,36	-3,47	-3,58	0,46	0
08/01/2020 14:45:00	0,54	0,91	0,70	0,10	-0,65	-1,50	-2,27	-2,76	-2,98	-3,14	-3,25	-3,28	-3,31	0,53	0
08/01/2020 14:50:00	0,53	0,96	0,74	0,18	-0,55	-1,43	-2,20	-2,70	-2,94	-3,13	-3,26	-3,33	-3,40	0,48	0
08/01/2020 14:55:00	0,46	0,81	0,63	0,05	-0,67	-1,51	-2,33	-2,87	-3,11	-3,30	-3,43	-3,48	-3,54	0,45	0
08/01/2020 15:00:00	0,37	0,65	0,41	-0,12	-0,87	-1,72	-2,44	-2,92	-3,15	-3,32	-3,44	-3,48	-3,52	0,30	0
08/01/2020 15:05:00	0,19	0,49	0,35	-0,18	-0,85	-1,70	-2,48	-3,01	-3,27	-3,47	-3,62	-3,69	-3,77	0,14	0
08/01/2020 15:10:00	0,23	0,47	0,27	-0,20	-0,83	-1,66	-2,43	-2,96	-3,20	-3,40	-3,55	-3,65	-3,74	0,17	0
08/01/2020 15:15:00	0,10	0,48	0,28	-0,24	-0,96	-1,84	-2,61	-3,14	-3,39	-3,58	-3,72	-3,80	-3,87	0,12	0
08/01/2020 15:20:00	0,10	0,42	0,28	-0,19	-0,89	-1,79	-2,59	-3,16	-3,46	-3,68	-3,86	-3,97	-4,07	0,14	0
08/01/2020 15:25:00	0,14	0,43	0,26	-0,17	-0,89	-1,76	-2,60	-3,20	-3,49	-3,72	-3,90	-4,01	-4,12	0,09	0
08/01/2020 15:30:00	0,15	0,49	0,24	-0,28	-0,96	-1,82	-2,57	-3,07	-3,29	-3,46	-3,60	-3,67	-3,73	0,13	0
08/01/2020 15:35:00	0,14	0,49	0,32	-0,21	-0,92	-1,76	-2,54	-3,06	-3,30	-3,48	-3,62	-3,68	-3,74	0,16	0
08/01/2020 15:40:00	0,26	0,63	0,51	0,04	-0,65	-1,50	-2,32	-2,90	-3,18	-3,40	-3,58	-3,68	-3,79	0,23	0
08/01/2020 15:45:00	0,23	0,62	0,51	0,08	-0,63	-1,61	-2,45	-3,08	-3,41	-3,67	-3,87	-3,99	-4,12	0,23	0
08/01/2020 15:50:00	0,29	0,62	0,48	-0,06	-0,77	-1,63	-2,46	-3,03	-3,30	-3,50	-3,65	-3,72	-3,79	0,25	0
08/01/2020 15:55:00	0,24	0,68	0,48	0,01	-0,70	-1,62	-2,43	-2,99	-3,27	-3,49	-3,66	-3,77	-3,88	0,31	0
08/01/2020 16:00:00	0,27	0,69	0,59	0,14	-0,57	-1,50	-2,38	-3,01	-3,33	-3,57	-3,77	-3,89	-4,00	0,26	0
08/01/2020 16:05:00	0,29	0,75	0,61	0,11	-0,62	-1,49	-2,35	-2,93	-3,22	-3,44	-3,62	-3,73	-3,84	0,29	0
08/01/2020 16:10:00	0,28	0,73	0,61	0,05	-0,74	-1,71	-2,51	-3,07	-3,37	-3,58	-3,73	-3,78	-3,83	0,26	0
08/01/2020 16:15:00	0,19	0,61	0,42	-0,08	-0,78	-1,63	-2,46	-3,01	-3,26	-3,46	-3,61	-3,71	-3,80	0,24	0
08/01/2020 16:20:00	0,28	0,73	0,52	-0,07	-0,78	-1,65	-2,39	-2,87	-3,09	-3,26	-3,39	-3,44	-3,49	0,28	0
08/01/2020 16:25:00	0,23	0,64	0,48	-0,06	-0,80	-1,65	-2,44	-2,97	-3,22	-3,40	-3,54	-3,59	-3,64	0,18	0
08/01/2020 16:30:00	0,20	0,58	0,43	-0,07	-0,78	-1,64	-2,44	-2,98	-3,24	-3,43	-3,57	-3,64	-3,70	0,19	0
08/01/2020 16:35:00	0,28	0,66	0,52	-0,04	-0,73	-1,66	-2,44	-2,98	-3,25	-3,46	-3,61	-3,68	-3,75	0,25	0
08/01/2020 16:40:00	0,25	0,72	0,57	0,06	-0,72	-1,65	-2,51	-3,09	-3,38	-3,60	-3,75	-3,83	-3,90	0,24	0
08/01/2020 16:45:00	0,21	0,65	0,50	-0,03	-0,72	-1,59	-2,41	-2,96	-3,23	-3,43	-3,59	-3,69	-3,78	0,23	0
08/01/2020 16:50:00	0,23	0,69	0,52	-0,06	-0,76	-1,65	-2,47	-3,01	-3,25	-3,44	-3,57	-3,64	-3,70	0,24	0
08/01/2020 16:55:00	0,32	0,75	0,62	0,14	-0,60	-1,51	-2,40	-3,01	-3,30	-3,52	-3,68	-3,77	-3,85	0,29	0
08/01/2020 17:00:00	0,30	0,68	0,57	0,17	-0,48	-1,40	-2,26	-2,88	-3,19	-3,44	-3,64	-3,78	-3,92	0,28	0
08/01/2020 17:05:00	0,31	0,77	0,65	0,11	-0,60	-1,55	-2,40	-2,99	-3,29	-3,52	-3,69	-3,79	-3,88	0,29	0
08/01/2020 17:10:00	0,29	0,73	0,56	0,05	-0,66	-1,55	-2,35	-2,90	-3,16	-3,37	-3,53	-3,62	-3,71	0,28	0
08/01/2020 17:15:00	0,29	0,76	0,65	0,15	-0,62	-1,56	-2,45	-3,07	-3,38	-3,61	-3,78	-3,87	-3,96	0,28	0
08/01/2020 17:20:00	0,23	0,75	0,56	0,02	-0,75	-1,65	-2,49	-3,04	-3,28	-3,47	-3,61	-3,67	-3,73	0,24	0
08/01/2020 17:25:00	0,32	0,76	0,64	0,10	-0,61	-1,51	-2,38	-2,98	-3,26	-3,48	-3,64	-3,73	-3,82	0,26	0
08/01/2020 17:30:00	0,36	0,79	0,62	0,08	-0,63	-1,60	-2,42	-2,99	-3,29	-3,51	-3,68	-3,78	-3,87	0,31	0
08/01/2020 17:35:00	0,29	0,85	0,74	0,25	-0,53	-1,47	-2,35	-2,96	-3,26	-3,49	-3,67	-3,76	-3,85	0,33	0
08/01/2020 17:40:00	0,29	0,89	0,79	0,26	-0,57	-1,52	-2,45	-3,10	-3,41	-3,65	-3,82	-3,90	-3,98	0,34	0
08/01/2020 17:45:00	0,30	0,72	0,57	0,11	-0,61	-1,49	-2,31	-2,87	-3,15	-3,36	-3,52	-3,61	-3,70	0,31	0
08/01/2020 17:50:00	0,27	0,77	0,66	0,09	-0,66	-1,58	-2,45	-3,03	-3,31	-3,52	-3,67	-3,74	-3,80	0,27	0
08/01/2020 17:55:00	0,26	0,81	0,74	0,26	-0,43	-1,43	-2,33	-2,98	-3,33	-3,59	-3,81	-3,96	-4,10	0,32	0
08/01/2020 18:00:00	0,28	0,83	0,74	0,19	-0,56	-1,51	-2,33	-2,92	-3,22	-3,46	-3,64	-3,74	-3,84	0,31	0
08/01/2020 18:05:00	0,36	0,83	0,77	0,39	-0,32	-1,28	-2,20	-2,88	-3,25	-3,55	-3,79	-3,97	-4,15	0,35	0
08/01/2020 18:10:00	0,31	0,89	0,83	0,34	-0,36	-1,37	-2,33	-3,01	-3,36	-3,63	-3,84	-3,98	-4,13	0,32	0
08/01/2020 18:15:00	0,37	0,96	0,88	0,30	-0,50	-1,47	-2,35	-2,96	-3,27	-3,49	-3,65	-3,72	-3,80	0,32	0
08/01/2020 18:20:00	0,32	0,93	0,81	0,28	-0,50	-1,45	-2,30	-2,90	-3,20	-3,44	-3,63	-3,74	-3,85	0,39	0
08/01/2020 18:25:00	0,32	0,98	0,93	0,38	-0,38	-1,38	-2,30	-2,94	-3,26	-3,50	-3,68	-3,77	-3,86	0,41	0
08/01/2020 18:30:00	0,39	0,95	0,92	0,41	-0,37	-1,36	-2,29	-2,96	-3,30	-3,55	-3,74	-3,83	-3,93	0,38	0
08/01/2020 18:35:00	0,46	0,87	0,87	0,48	-0,20	-1,15	-2,08	-2,77	-3,14	-3,44	-3,67	-3,83	-3,99	0,37	0
08/01/2020 18:40:00	0,43	1,03	0,93	0,43	-0,36	-1,30	-2,20	-2,82	-3,13	-3,36	-3,53	-3,62	-3,71	0,43	0
08/01/2020 18:45:00	0,48	1,06	0,97	0,44	-0,29	-1,24	-2,14	-2,77	-3,09	-3,34	-3,53	-3,66	-3,79	0,44	0
08/01/2020 18:50:00	0,37	1,05	0,95	0,37	-0,37	-1,36	-2,30	-2,93	-3,22	-3,44	-3,61	-3,69	-3,78	0,42	0
08/01/2020 18:55:00	0,48	1,00	0,91	0,44	-0,31	-1,28	-2,20	-2,85	-3,19	-3,45	-3,66	-3,79	-3,92	0,43	0
08/01/2020 19:00:00	0,42	1,00	0,96	0,52	-0,22	-1,21	-2,12	-2,79	-3,15	-3,44	-3,66	-3,81	-3,96	0,44	0
08/01/2020 19:05:00	0,49	1,12	1,03	0,51	-0,27	-1,28	-2,15	-2,75	-3,07	-3,31	-3,47	-3,55	-3,63	0,48	0
08/01/2020 19:10:00	0,43	1,06	0,97	0,50	-0,28	-1,26	-2,18	-2,82	-3,15	-3,40	-3,60	-3,73	-3,85	0,46	0
08/01/2020 19:15:00	0,47	1,13	1,03	0,57	-0,28	-1,27	-2,16	-2,80	-3,14	-3,39	-3,59	-3,70	-3,81	0,47	0
08/01/2020 19:20:00	0,48	1,15	1,05	0,44	-0,35	-1,33	-2,19	-2,78	-3,08	-3,30	-3,46	-3,53	-3,61	0,47	0
08/01/2020 19:25:00	0,49	1,14	1,10	0,58	-0,18	-1,17	-2,09	-2,75	-3,09	-3,34	-3,54	-3,65	-3,76	0,47	0
08/01/2020 19:30:00	0,48	1,21	1,11	0,50	-0,30	-1,31	-2,21	-2,83	-3,13	-3,37	-3,54	-3,62	-3,70	0,51	0
08/01/2020 19:35:00	0,52	1,16	1,14	0,59	-0,17	-1,17	-2,09	-2,74	-3,09	-3,36	-3,56	-3,67	-3,79	0,49	0
08/01/2020 19:40:00	0,46	1,11	1,08	0,57	-0,23	-1,18	-2,14	-2,81	-3,15	-3,40	-3,59	-3,69	-3,80	0,44	0
08/01/2020 19:45:00	0,47	1,09	0,99	0,48	-0,31	-1,31	-2,22	-2,85	-3,17	-3,42	-3,60	-3,70	-3,80	0,43	0
08/01/2020 19:50:00	0,37	1,00	0,94	0,44	-0,32	-1,30	-2,18	-2,81	-3,15	-3,41	-3,61	-3,73	-3,85	0,42	0
08/01/2020 19:55:00	0,39	1,01	0,96	0,44	-0,33	-1,28	-2,23	-2,89	-3,22	-3,46	-3,65	-3,75	-3,85	0,42	0
08/01/2020 20:00:00	0,43	1,06	0,97	0,48	-0,33	-1,27	-2,16	-2,78	-3,09	-3,33	-3,52	-3,62	-3,72	0,46	0
08/01/2020 20:05:00	0,40	1,03	1,00	0,51	-0,28	-1,27	-2,18	-2,83	-3,17	-3,43	-3,62	-3,72	-3,83	0,41	0
08/01/2020 20:10:00	0,43	1,01	0,96	0,47	-0,25	-1,20	-2,10	-2,73	-3,05	-3,30	-3,49	-3,61	-3,72	0,42	0
08/01/2020 20:15:00	0,42	1,04	0,98	0,43	-0,32	-1,25	-2,09	-2,68	-2,97	-3,20	-3,37	-3,45	-3,53	0,41	0
08/01/2020 20:20:00	0,45	1,17	1,12	0,56	-0,20	-1,16	-2,06	-2,67	-2,97	-3,20	-3,36	-3,45	-3,53	0,43	0
08/01/2020 20:25:00	0,40	1,12	1,08	0,61	-0,12	-1,09	-1,96	-2,59	-2,91	-3,17	-3,38	-3,52	-3,65	0,43	0
08/01/2020 20:30:00	0,45	1,12	1,07	0,51	-0,21	-1,20	-2,03	-2,61	-2,92	-3,15	-3,32	-3,41	-3,49	0,48	0
08/01/2020 20:35:00	0,49	1,17	1,10	0,65	-0,15	-1,14	-2,05	-2,69	-3,02	-3,27	-3,45	-3,55	-3,65	0,48	0
08/01/2020 20:40:00	0,49	1,14	1,06	0,52	-0,19	-1,15	-2,00	-2,58	-2,86	-3,09	-3,26	-3,35	-3,44	0,49	0
08/01/2020 20:45:00	0,49	1,24	1,16	0,53	-0,22	-1,12	-2,00	-2,56	-2,81	-3,00	-3,14	-3,19	-3,24	0,49	0
08/01/2020 20:50:00	0,49	1,20	1,16	0,67	-0,05	-1,03	-1,87	-2,47	-2,79	-3,04	-3,23	-3,34	-3,45	0,51	0
08/01/2020 20:55:00	0,46	1,20	1,16	0,59	-0,09	-1,05	-1,90	-2,47	-2,75	-2,97	-3,14	-3,22	-3,31	0,51	0
08/01/2020 21:00:00	0,46	1,22	1,18	0,67	-0,12	-1,02	-1,87	-2,45	-2,75	-2,98	-3,15	-3,24	-3,32	0,51	0
08/01/2020 21:05:00	0,53	1,32	1,25	0,67	-0,14	-1,07	-1,95	-2,51	-2,78	-2,98	-3,11	-3,15	-3,19	0,54	0
08/01/2020 21:10:00	0,55	1,23	1,24	0,78	0,10	-0,88	-1,83	-2,51	-2,86	-3,13	-3,35	-3,49	-3,63	0,53	0
08/01/2020 21:15:00	0,56	1,26	1,15	0,69	-0,08	-1,00	-1,85	-2,44	-2,72	-2,95	-3,13	-3,23	-3,33	0,56	0
08/01/2020 21:20:00	0,66	1,23	1,17	0,74	0,05	-0,84	-1,76	-2,40	-2,70	-2,95	-3,14	-3,27	-3,40	0,56	0
08/01/2020 21:25:00	0,56	1,29	1,22	0,73	-0,08	-1,01	-1,87	-2,46	-2,75	-2,99	-3,16	-3,24	-3,33	0,54	0
08/01/2020 21:30:00	0,59	1,26	1,20	0,71	-0,11	-1,02	-1,89	-2,48	-2,78	-3,01	-3,17	-3,24	-3,31	0,57	0
08/01/2020 21:35:00	0,56	1,31	1,31	0,84	0,11	-0,90	-1,85	-2,53	-2,87	-3,15	-3,36	-3,49	-3,63	0,58	0
08/01/2020 21:40:00	0,60	1,29	1,22	0,72	-0,07	-1,05	-1,96	-2,59	-2,91	-3,17	-3,35	-3,46	-3,57	0,59	0
08/01/2020 21:45:00	0,60	1,30	1,22	0,62	-0,12	-1,11	-1,93	-2,48	-2,75	-2,96	-3,10	-3,15	-3,20	0,56	0
08/01/2020 21:50:00	0,58	1,27	1,19	0,65	-0,15	-1,14	-2,06	-2,69	-3,00	-3,24	-3,40	-3,49	-3,57	0,55	0
08/01/2020 21:55:00	0,56	1,29	1,23	0,62	-0,24	-1,20	-2,11	-2,72	-3,02	-3,24	-3,39	-3,45	-3,50	0,59	0
08/01/2020 22:00:00	0,58	1,28	1,26	0,78	0,03	-0,97	-1,93	-2,61	-2,95	-3,21	-3,41	-3,53	-3,64	0,61	0
08/01/2020 22:05:00	0,56	1,27	1,11	0,53	-0,31	-1,24	-2,04	-2,57	-2,82	-3,02	-3,15	-3,20	-3,25	0,56	0
08/01/2020 22:10:00	0,54	1,18	1,08	0,56	-0,24	-1,16	-2,04	-2,63	-2,92	-3,15	-3,31	-3,39	-3,47	0,54	0
08/01/2020 22:15:00	0,50	1,23	1,14	0,52	-0,28	-1,26	-2,08	-2,63	-2,91	-3,11	-3,24	-3,28	-3,31	0,53	0
08/01/2020 22:20:00	0,51	1,20	1,06	0,50	-0,37	-1,29	-2,10	-2,64	-2,91	-3,12	-3,26	-3,32	-3,38	0,53	0
08/01/2020 22:25:00	0,52	1,13	1,02	0,53	-0,23	-1,17	-2,04	-2,64	-2,94	-3,17	-3,35	-3,45	-3,55	0,52	0
08/01/2020 22:30:00	0,53	1,13	0,97	0,40	-0,37	-1,28	-2,07	-2,60	-2,85	-3,05	-3,19	-3,26	-3,32	0,48	0
08/01/2020 22:35:00	0,51	1,05	0,93	0,46	-0,30	-1,19	-2,04	-2,62	-2,91	-3,13	-3,31	-3,40	-3,50	0,48	0
08/01/2020 22:40:00	0,50	1,09	0,98	0,47	-0,23	-1,16	-1,99	-2,55	-2,82	-3,03	-3,19	-3,27	-3,36	0,48	0
08/01/2020 22:45:00	0,51	1,16	1,10	0,60	-0,21	-1,17	-2,04	-2,65	-2,98	-3,23	-3,41	-3,50	-3,59	0,51	0
08/01/2020 22:50:00	0,43	1,14	1,04	0,39	-0,38	-1,35	-2,18	-2,74	-3,01	-3,22	-3,36	-3,42	-3,48	0,47	0
08/01/2020 22:55:00	0,47	1,13	1,10	0,51	-0,29	-1,24	-2,10	-2,70	-3,00	-3,23	-3,39	-3,46	-3,52	0,47	0
08/01/2020 23:00:00	0,48	1,12	1,01	0,47	-0,29	-1,25	-2,08	-2,65	-2,93	-3,15	-3,30	-3,37	-3,44	0,46	0
08/01/2020 23:05:00	0,48	1,05	0,94	0,34	-0,43	-1,35	-2,21	-2,77	-3,03	-3,22	-3,35	-3,38	-3,42	0,45	0
08/01/2020 23:10:00	0,47	1,15	1,09	0,53	-0,25	-1,27	-2,12	-2,71	-3,02	-3,25	-3,40	-3,46	-3,53	0,48	0
08/01/2020 23:15:00	0,41	1,07	0,99	0,40	-0,38	-1,32	-2,16	-2,73	-3,02	-3,23	-3,39	-3,45	-3,52	0,48	0
08/01/2020 23:20:00	0,48	1,09	1,02	0,39	-0,31	-1,27	-2,19	-2,79	-3,07	-3,28	-3,43	-3,50	-3,56	0,48	0
08/01/2020 23:25:00	0,46	1,04	0,91	0,33	-0,40	-1,33	-2,11	-2,63	-2,89	-3,09	-3,23	-3,29	-3,35	0,48	0
08/01/2020 23:30:00	0,43	1,08	1,03	0,48	-0,31	-1,35	-2,22	-2,83	-3,17	-3,42	-3,59	-3,67	-3,75	0,46	0
08/01/2020 23:35:00	0,53	1,13	1,04	0,46	-0,32	-1,30	-2,12	-2,70	-3,01	-3,24	-3,41	-3,49	-3,57	0,43	0
08/01/2020 23:40:00	0,42	1,08	0,94	0,34	-0,50	-1,47	-2,29	-2,83	-3,09	-3,28	-3,40	-3,43	-3,45	0,44	0
08/01/2020 23:45:00	0,45	1,13	0,98	0,30	-0,52	-1,45	-2,28	-2,80	-3,02	-3,19	-3,29	-3,30	-3,31	0,43	0
08/01/2020 23:50:00	0,41	1,04	0,92	0,32	-0,46	-1,36	-2,16	-2,68	-2,92	-3,10	-3,22	-3,26	-3,29	0,45	0
08/01/2020 23:55:00	0,41	1,01	0,89	0,35	-0,43	-1,31	-2,08	-2,59	-2,85	-3,05	-3,19	-3,24	-3,30	0,47	0
