FileFormat:0002.2 file with temperature of atmosphere
200
local	GMT or Local
0	GMT-Local=[hours]
0	Height[m]
0	0	0	Longitude                [grd]               [min]               [sec]
0	0	0	Latitude                [grd]               [min]               [sec]
N	NS
59,40	Freq[GHz]
0,00	dTemostat[K]
0,150	MessErr[K]
0,248	//[grad/step]
version 14.0.20110218
MTP5H033F5940K-33.00D180214+A1.1
Commentary:
enter comment
End Of Commentary

SYSTEM\alaska.dat
data time	0	50	100	150	200	250	300	350	400	450	500	550	600	OutsideTemperature	Quality
22/10/2020 00:00:00	2,36	2,23	2,00	1,65	1,23	0,81	0,37	0,13	0,05	-0,06	-0,13	-0,15	-0,18	2,36	0
22/10/2020 00:05:00	2,36	2,13	1,87	1,53	1,19	0,78	0,43	0,25	0,20	0,10	0,03	0,01	-0,02	2,34	0
22/10/2020 00:10:00	2,40	2,22	2,01	1,68	1,27	0,82	0,42	0,19	0,08	-0,05	-0,15	-0,19	-0,24	2,35	0
22/10/2020 00:15:00	2,38	2,12	1,89	1,57	1,25	0,81	0,45	0,23	0,14	0,01	-0,09	-0,16	-0,22	2,35	0
22/10/2020 00:20:00	2,35	2,22	1,98	1,65	1,26	0,78	0,35	0,09	-0,02	-0,17	-0,28	-0,35	-0,43	2,42	0
22/10/2020 00:25:00	2,39	2,23	1,97	1,54	1,15	0,62	0,24	0,02	-0,07	-0,20	-0,28	-0,31	-0,35	2,33	0
22/10/2020 00:30:00	2,43	2,19	1,97	1,68	1,28	0,76	0,34	0,06	-0,09	-0,26	-0,38	-0,46	-0,55	2,40	0
22/10/2020 00:35:00	2,43	2,20	1,96	1,70	1,32	0,87	0,41	0,12	0,00	-0,16	-0,29	-0,38	-0,47	2,45	0
22/10/2020 00:40:00	2,38	2,23	1,97	1,60	1,28	0,69	0,32	0,09	-0,02	-0,17	-0,28	-0,34	-0,41	2,42	0
22/10/2020 00:45:00	2,39	2,25	1,96	1,51	1,11	0,61	0,20	-0,02	-0,09	-0,20	-0,27	-0,30	-0,33	2,28	0
22/10/2020 00:50:00	2,32	2,20	1,88	1,48	1,02	0,56	0,17	-0,03	-0,10	-0,21	-0,28	-0,31	-0,34	2,30	0
22/10/2020 00:55:00	2,38	2,20	1,93	1,52	1,12	0,60	0,16	-0,08	-0,18	-0,30	-0,39	-0,43	-0,46	2,39	0
22/10/2020 01:00:00	2,41	2,27	1,95	1,54	1,15	0,59	0,22	0,01	-0,08	-0,21	-0,30	-0,35	-0,41	2,38	0
22/10/2020 01:05:00	2,40	2,19	1,93	1,60	1,18	0,66	0,26	0,01	-0,10	-0,23	-0,33	-0,37	-0,42	2,35	0
22/10/2020 01:10:00	2,35	2,17	1,88	1,48	1,03	0,54	0,16	-0,05	-0,14	-0,25	-0,33	-0,35	-0,37	2,41	0
22/10/2020 01:15:00	2,34	2,18	1,89	1,46	1,04	0,56	0,19	0,00	-0,06	-0,16	-0,22	-0,23	-0,25	2,31	0
22/10/2020 01:20:00	2,36	2,13	1,79	1,48	1,11	0,62	0,28	0,09	0,01	-0,11	-0,21	-0,28	-0,35	2,28	0
22/10/2020 01:25:00	2,37	2,17	1,89	1,51	1,12	0,58	0,22	0,01	-0,09	-0,22	-0,30	-0,34	-0,38	2,33	0
22/10/2020 01:30:00	2,36	2,12	1,80	1,48	1,08	0,64	0,27	0,06	-0,01	-0,13	-0,22	-0,28	-0,34	2,42	0
22/10/2020 01:35:00	2,32	2,16	1,80	1,39	0,99	0,56	0,21	0,06	0,03	-0,06	-0,13	-0,16	-0,19	2,34	0
22/10/2020 01:40:00	2,37	2,08	1,71	1,33	0,95	0,56	0,09	-0,16	-0,21	-0,32	-0,41	-0,48	-0,55	2,41	0
22/10/2020 01:45:00	2,32	2,11	1,79	1,39	0,90	0,48	0,13	-0,05	-0,11	-0,20	-0,27	-0,28	-0,29	2,40	0
22/10/2020 01:50:00	2,34	2,16	1,82	1,40	0,92	0,49	0,13	-0,04	-0,08	-0,17	-0,22	-0,22	-0,22	2,36	0
22/10/2020 01:55:00	2,10	1,98	1,87	1,70	1,30	0,72	0,19	-0,19	-0,39	-0,59	-0,74	-0,85	-0,96	2,36	0
22/10/2020 02:00:00	2,29	2,29	1,93	1,39	0,95	0,52	0,17	0,06	0,09	0,06	0,06	0,12	0,17	2,42	0
22/10/2020 02:05:00	2,47	2,17	1,82	1,49	1,09	0,68	0,35	0,17	0,12	0,01	-0,07	-0,11	-0,15	2,34	0
22/10/2020 02:10:00	2,31	2,02	1,75	1,44	1,02	0,58	0,19	-0,05	-0,14	-0,26	-0,36	-0,40	-0,45	2,31	0
22/10/2020 02:15:00	2,37	2,11	1,77	1,34	0,88	0,32	-0,11	-0,36	-0,47	-0,60	-0,70	-0,74	-0,79	2,36	0
22/10/2020 02:20:00	2,38	2,15	1,87	1,51	1,16	0,72	0,26	-0,01	-0,10	-0,23	-0,34	-0,42	-0,50	2,41	0
22/10/2020 02:25:00	2,36	2,15	1,71	1,22	0,86	0,49	0,27	0,23	0,27	0,24	0,22	0,24	0,25	2,31	0
22/10/2020 02:30:00	2,34	2,19	1,85	1,38	0,94	0,48	0,08	-0,11	-0,15	-0,22	-0,27	-0,27	-0,27	2,35	0
22/10/2020 02:35:00	2,46	2,19	1,83	1,45	1,13	0,65	0,36	0,21	0,17	0,07	0,00	-0,05	-0,09	2,40	0
22/10/2020 02:40:00	2,41	2,09	1,80	1,39	0,97	0,52	0,12	-0,10	-0,18	-0,29	-0,37	-0,39	-0,41	2,35	0
22/10/2020 02:45:00	2,31	2,14	1,82	1,44	0,98	0,57	0,19	0,01	-0,03	-0,11	-0,16	-0,17	-0,17	2,31	0
22/10/2020 02:50:00	2,39	2,10	1,75	1,40	1,03	0,62	0,30	0,15	0,11	0,01	-0,06	-0,09	-0,13	2,34	0
22/10/2020 02:55:00	2,48	2,23	1,88	1,46	1,05	0,60	0,28	0,14	0,11	0,03	-0,01	0,00	0,01	2,49	0
22/10/2020 03:00:00	2,40	2,10	1,77	1,38	1,06	0,67	0,37	0,24	0,21	0,13	0,07	0,05	0,04	2,39	0
22/10/2020 03:05:00	2,37	2,08	1,75	1,45	1,11	0,66	0,31	0,10	0,02	-0,11	-0,22	-0,30	-0,38	2,43	0
22/10/2020 03:10:00	2,44	2,23	1,86	1,44	1,02	0,56	0,24	0,09	0,06	-0,02	-0,06	-0,06	-0,06	2,42	0
22/10/2020 03:15:00	2,36	2,09	1,78	1,34	0,92	0,52	0,20	0,06	0,02	-0,06	-0,10	-0,09	-0,08	2,40	0
22/10/2020 03:20:00	2,34	2,11	1,80	1,30	0,85	0,34	-0,02	-0,19	-0,25	-0,32	-0,35	-0,31	-0,28	2,38	0
22/10/2020 03:25:00	2,24	2,02	1,66	1,29	0,87	0,48	0,14	-0,02	-0,06	-0,14	-0,21	-0,24	-0,27	2,48	0
22/10/2020 03:30:00	2,23	1,96	1,68	1,37	0,91	0,53	0,21	0,04	-0,02	-0,11	-0,17	-0,18	-0,19	2,35	0
22/10/2020 03:35:00	2,36	2,13	1,83	1,46	1,09	0,71	0,36	0,19	0,15	0,06	-0,01	-0,04	-0,07	2,30	0
22/10/2020 03:40:00	2,35	2,08	1,73	1,34	0,97	0,55	0,23	0,07	0,03	-0,06	-0,13	-0,16	-0,19	2,35	0
22/10/2020 03:45:00	2,35	2,19	1,82	1,38	0,99	0,57	0,28	0,17	0,16	0,09	0,05	0,05	0,05	2,33	0
22/10/2020 03:50:00	2,43	2,32	1,95	1,57	1,17	0,76	0,47	0,36	0,36	0,29	0,25	0,24	0,24	2,46	0
22/10/2020 03:55:00	2,49	2,19	1,85	1,50	1,11	0,71	0,43	0,29	0,25	0,16	0,10	0,08	0,06	2,50	0
22/10/2020 04:00:00	2,53	2,20	1,88	1,48	1,10	0,72	0,43	0,29	0,26	0,18	0,14	0,14	0,14	2,50	0
22/10/2020 04:05:00	2,48	2,10	1,68	1,37	1,04	0,67	0,46	0,38	0,38	0,31	0,25	0,22	0,19	2,45	0
22/10/2020 04:10:00	2,46	2,15	1,80	1,44	1,14	0,78	0,49	0,36	0,33	0,23	0,15	0,10	0,04	2,43	0
22/10/2020 04:15:00	2,51	2,21	1,85	1,51	1,17	0,81	0,54	0,42	0,40	0,32	0,25	0,22	0,18	2,52	0
22/10/2020 04:20:00	2,44	2,22	1,88	1,51	1,12	0,68	0,37	0,22	0,17	0,08	0,01	-0,01	-0,04	2,46	0
22/10/2020 04:25:00	2,44	2,18	1,85	1,48	1,11	0,72	0,39	0,24	0,20	0,12	0,06	0,03	0,01	2,40	0
22/10/2020 04:30:00	2,45	2,20	1,88	1,53	1,09	0,68	0,31	0,11	0,05	-0,06	-0,13	-0,16	-0,19	2,41	0
22/10/2020 04:35:00	2,53	2,21	1,88	1,43	0,97	0,46	0,11	-0,08	-0,15	-0,26	-0,31	-0,31	-0,30	2,45	0
22/10/2020 04:40:00	2,49	2,21	1,94	1,56	1,16	0,71	0,34	0,13	0,05	-0,07	-0,15	-0,17	-0,20	2,45	0
22/10/2020 04:45:00	2,43	2,17	1,86	1,48	1,14	0,75	0,47	0,33	0,30	0,21	0,15	0,13	0,10	2,45	0
22/10/2020 04:50:00	2,48	2,15	1,73	1,32	0,92	0,59	0,35	0,29	0,31	0,27	0,25	0,27	0,29	2,51	0
22/10/2020 04:55:00	2,49	2,18	1,83	1,41	1,06	0,68	0,43	0,33	0,33	0,27	0,24	0,25	0,26	2,45	0
22/10/2020 05:00:00	2,46	2,25	1,91	1,50	1,16	0,71	0,46	0,36	0,33	0,25	0,20	0,19	0,18	2,50	0
22/10/2020 05:05:00	2,53	2,22	1,90	1,46	1,04	0,72	0,45	0,36	0,36	0,31	0,29	0,32	0,36	2,45	0
22/10/2020 05:10:00	2,51	2,27	1,90	1,52	1,08	0,73	0,45	0,34	0,34	0,28	0,24	0,25	0,26	2,54	0
22/10/2020 05:15:00	2,60	2,23	1,96	1,66	1,38	1,04	0,70	0,53	0,49	0,39	0,31	0,27	0,23	2,60	0
22/10/2020 05:20:00	2,54	2,36	1,97	1,54	1,12	0,76	0,51	0,44	0,46	0,42	0,40	0,42	0,44	2,48	0
22/10/2020 05:25:00	2,56	2,37	2,00	1,58	1,24	0,87	0,62	0,56	0,58	0,54	0,52	0,54	0,57	2,53	0
22/10/2020 05:30:00	2,56	2,25	1,96	1,66	1,29	0,92	0,65	0,52	0,48	0,39	0,32	0,30	0,28	2,52	0
22/10/2020 05:35:00	2,51	2,30	1,93	1,58	1,15	0,75	0,49	0,40	0,39	0,32	0,29	0,29	0,30	2,51	0
22/10/2020 05:40:00	2,47	2,24	1,90	1,44	1,07	0,65	0,47	0,42	0,44	0,39	0,38	0,43	0,48	2,58	0
22/10/2020 05:45:00	2,58	2,32	1,98	1,53	1,20	0,76	0,44	0,30	0,27	0,19	0,13	0,12	0,10	2,56	0
22/10/2020 05:50:00	2,56	2,34	1,98	1,52	1,11	0,73	0,47	0,38	0,39	0,33	0,31	0,34	0,37	2,59	0
22/10/2020 05:55:00	2,58	2,43	2,11	1,71	1,27	0,87	0,50	0,33	0,30	0,22	0,16	0,16	0,16	2,63	0
22/10/2020 06:00:00	2,59	2,45	2,14	1,67	1,26	0,78	0,48	0,35	0,31	0,23	0,19	0,20	0,21	2,60	0
22/10/2020 06:05:00	2,66	2,49	2,18	1,77	1,39	0,95	0,62	0,47	0,43	0,34	0,28	0,27	0,26	2,69	0
22/10/2020 06:10:00	2,63	2,46	2,10	1,69	1,26	0,86	0,56	0,44	0,42	0,35	0,31	0,31	0,32	2,65	0
22/10/2020 06:15:00	2,70	2,43	2,13	1,80	1,44	1,05	0,75	0,60	0,55	0,45	0,37	0,34	0,31	2,68	0
22/10/2020 06:20:00	2,66	2,56	2,20	1,77	1,34	1,00	0,72	0,64	0,66	0,62	0,60	0,62	0,65	2,72	0
22/10/2020 06:25:00	2,81	2,64	2,35	1,91	1,51	1,06	0,77	0,63	0,59	0,50	0,45	0,45	0,45	2,81	0
22/10/2020 06:30:00	2,80	2,58	2,19	1,78	1,38	1,00	0,72	0,62	0,63	0,56	0,53	0,53	0,54	2,83	0
22/10/2020 06:35:00	2,79	2,64	2,32	1,85	1,44	1,03	0,62	0,43	0,39	0,29	0,23	0,21	0,19	2,75	0
22/10/2020 06:40:00	2,74	2,53	2,21	1,82	1,42	0,98	0,63	0,47	0,42	0,32	0,26	0,24	0,22	2,74	0
22/10/2020 06:45:00	2,70	2,59	2,33	1,92	1,40	0,93	0,57	0,39	0,31	0,21	0,15	0,16	0,17	2,81	0
22/10/2020 06:50:00	2,73	2,57	2,27	1,80	1,39	0,88	0,57	0,43	0,39	0,30	0,27	0,29	0,32	2,74	0
22/10/2020 06:55:00	2,74	2,68	2,39	1,98	1,56	1,06	0,68	0,47	0,39	0,27	0,18	0,12	0,07	2,86	0
22/10/2020 07:00:00	2,86	2,66	2,36	1,93	1,48	0,99	0,64	0,46	0,39	0,30	0,24	0,25	0,25	2,88	0
22/10/2020 07:05:00	2,85	2,68	2,35	1,88	1,52	1,12	0,86	0,79	0,80	0,75	0,73	0,76	0,79	2,86	0
22/10/2020 07:10:00	2,87	2,75	2,42	1,98	1,55	1,08	0,69	0,50	0,46	0,37	0,31	0,31	0,31	2,83	0
22/10/2020 07:15:00	2,95	2,74	2,47	2,08	1,62	1,12	0,66	0,39	0,28	0,14	0,04	0,00	-0,04	2,98	0
22/10/2020 07:20:00	2,92	2,75	2,47	2,08	1,64	1,15	0,75	0,52	0,43	0,30	0,21	0,17	0,13	2,87	0
22/10/2020 07:25:00	2,95	2,73	2,44	2,02	1,58	1,13	0,75	0,54	0,47	0,35	0,27	0,25	0,22	3,05	0
22/10/2020 07:30:00	3,06	2,96	2,67	2,21	1,68	1,17	0,75	0,53	0,44	0,32	0,24	0,23	0,22	3,08	0
22/10/2020 07:35:00	3,20	3,04	2,69	2,25	1,76	1,30	0,87	0,66	0,60	0,50	0,44	0,43	0,41	3,20	0
22/10/2020 07:40:00	3,17	2,96	2,65	2,26	1,89	1,40	1,03	0,83	0,75	0,61	0,51	0,44	0,38	3,22	0
22/10/2020 07:45:00	3,11	2,93	2,60	2,31	1,90	1,43	1,02	0,78	0,68	0,53	0,40	0,30	0,19	3,14	0
22/10/2020 07:50:00	3,17	2,88	2,58	2,19	1,76	1,26	0,84	0,60	0,49	0,36	0,26	0,22	0,17	3,13	0
22/10/2020 07:55:00	3,19	2,92	2,63	2,31	1,89	1,45	1,01	0,75	0,64	0,50	0,38	0,31	0,24	3,12	0
22/10/2020 08:00:00	3,23	2,96	2,65	2,31	1,90	1,45	1,14	0,97	0,89	0,75	0,66	0,60	0,55	3,25	0
22/10/2020 08:05:00	3,23	3,03	2,71	2,34	1,90	1,38	0,96	0,73	0,63	0,49	0,39	0,33	0,27	3,18	0
22/10/2020 08:10:00	3,20	3,00	2,60	2,19	1,73	1,31	0,98	0,84	0,80	0,71	0,64	0,61	0,59	3,10	0
22/10/2020 08:15:00	3,13	2,96	2,61	2,12	1,63	1,20	0,88	0,75	0,72	0,65	0,61	0,63	0,65	3,15	0
22/10/2020 08:20:00	3,11	2,90	2,56	2,11	1,69	1,22	0,89	0,74	0,69	0,59	0,52	0,51	0,49	3,15	0
22/10/2020 08:25:00	3,10	2,88	2,60	2,27	1,91	1,44	1,08	0,88	0,78	0,64	0,53	0,45	0,38	3,13	0
22/10/2020 08:30:00	3,21	3,03	2,69	2,28	1,90	1,44	1,10	0,95	0,91	0,81	0,75	0,72	0,70	3,24	0
22/10/2020 08:35:00	3,26	3,08	2,72	2,29	1,80	1,36	1,02	0,86	0,81	0,71	0,64	0,63	0,61	3,23	0
22/10/2020 08:40:00	3,30	3,07	2,74	2,34	1,87	1,42	1,08	0,91	0,84	0,73	0,66	0,64	0,62	3,27	0
22/10/2020 08:45:00	3,32	3,08	2,66	2,27	1,81	1,39	1,09	0,96	0,93	0,84	0,77	0,74	0,71	3,32	0
22/10/2020 08:50:00	3,32	3,10	2,76	2,38	1,97	1,51	1,16	0,97	0,90	0,77	0,67	0,60	0,54	3,34	0
22/10/2020 08:55:00	3,43	3,14	2,75	2,35	1,93	1,50	1,20	1,06	1,03	0,93	0,86	0,83	0,81	3,35	0
22/10/2020 09:00:00	3,53	3,27	2,85	2,46	1,96	1,54	1,26	1,14	1,11	1,01	0,95	0,94	0,93	3,51	0
22/10/2020 09:05:00	3,60	3,33	2,97	2,51	2,14	1,71	1,39	1,25	1,21	1,10	1,03	1,00	0,96	3,60	0
22/10/2020 09:10:00	3,60	3,32	2,97	2,62	2,17	1,73	1,42	1,24	1,16	1,02	0,91	0,85	0,78	3,65	0
22/10/2020 09:15:00	3,69	3,38	3,00	2,58	2,15	1,72	1,29	1,07	0,99	0,86	0,76	0,69	0,62	3,62	0
22/10/2020 09:20:00	3,71	3,46	3,04	2,60	2,08	1,59	1,23	1,07	1,02	0,92	0,87	0,87	0,86	3,83	0
22/10/2020 09:25:00	3,65	3,45	3,05	2,62	2,15	1,66	1,29	1,10	1,02	0,89	0,79	0,73	0,67	3,68	0
22/10/2020 09:30:00	3,84	3,55	3,17	2,76	2,36	1,88	1,45	1,22	1,13	0,98	0,87	0,79	0,70	3,81	0
22/10/2020 09:35:00	3,79	3,55	3,10	2,66	2,18	1,73	1,38	1,23	1,18	1,07	0,99	0,94	0,89	3,79	0
22/10/2020 09:40:00	3,71	3,50	3,11	2,64	2,18	1,73	1,39	1,24	1,21	1,11	1,05	1,04	1,03	3,76	0
22/10/2020 09:45:00	3,79	3,50	3,12	2,64	2,24	1,77	1,37	1,18	1,12	1,00	0,93	0,89	0,86	3,91	0
22/10/2020 09:50:00	3,78	3,45	3,14	2,79	2,40	1,94	1,53	1,29	1,17	1,01	0,88	0,79	0,69	3,80	0
22/10/2020 09:55:00	3,85	3,58	3,22	2,69	2,22	1,72	1,38	1,20	1,13	1,01	0,94	0,92	0,90	3,92	0
22/10/2020 10:00:00	3,96	3,80	3,45	2,92	2,44	2,01	1,61	1,43	1,37	1,25	1,18	1,16	1,14	3,92	0
22/10/2020 10:05:00	3,91	3,79	3,39	2,90	2,36	1,88	1,55	1,40	1,35	1,24	1,18	1,17	1,16	3,89	0
22/10/2020 10:10:00	3,83	3,61	3,18	2,71	2,25	1,81	1,50	1,37	1,34	1,25	1,19	1,17	1,16	3,79	0
22/10/2020 10:15:00	3,82	3,56	3,16	2,72	2,32	1,85	1,54	1,39	1,34	1,22	1,13	1,08	1,03	4,00	0
22/10/2020 10:20:00	3,90	3,60	3,25	2,91	2,54	2,08	1,66	1,42	1,31	1,14	1,00	0,88	0,76	3,89	0
22/10/2020 10:25:00	3,84	3,60	3,22	2,81	2,36	1,89	1,50	1,30	1,22	1,09	0,98	0,92	0,86	3,88	0
22/10/2020 10:30:00	3,95	3,72	3,35	2,84	2,46	2,00	1,61	1,44	1,39	1,28	1,21	1,18	1,14	3,97	0
22/10/2020 10:35:00	3,98	3,68	3,31	2,97	2,52	2,02	1,69	1,51	1,42	1,28	1,18	1,12	1,06	3,86	0
22/10/2020 10:40:00	3,84	3,63	3,24	2,74	2,29	1,81	1,42	1,24	1,18	1,06	0,98	0,94	0,90	3,88	0
22/10/2020 10:45:00	3,99	3,72	3,34	2,89	2,46	2,03	1,65	1,47	1,41	1,30	1,22	1,19	1,15	3,95	0
22/10/2020 10:50:00	4,04	3,85	3,38	2,84	2,37	1,92	1,58	1,46	1,46	1,38	1,33	1,33	1,32	4,10	0
22/10/2020 10:55:00	4,03	3,81	3,39	2,92	2,49	1,97	1,64	1,47	1,41	1,29	1,20	1,14	1,09	4,00	0
22/10/2020 11:00:00	4,14	3,97	3,49	2,90	2,37	1,85	1,57	1,48	1,46	1,38	1,35	1,37	1,38	4,12	0
22/10/2020 11:05:00	4,20	3,94	3,53	3,09	2,61	2,03	1,63	1,40	1,29	1,14	1,02	0,94	0,87	4,47	0
22/10/2020 11:10:00	4,46	4,20	3,75	3,24	2,75	2,18	1,77	1,56	1,48	1,35	1,26	1,21	1,16	4,41	0
22/10/2020 11:15:00	4,32	4,11	3,66	3,14	2,58	2,07	1,69	1,51	1,45	1,34	1,27	1,25	1,23	4,29	0
22/10/2020 11:20:00	4,39	4,08	3,60	3,14	2,66	2,11	1,75	1,56	1,48	1,33	1,23	1,16	1,09	4,50	0
22/10/2020 11:25:00	4,34	4,01	3,51	3,06	2,61	2,18	1,88	1,76	1,73	1,63	1,55	1,50	1,46	4,25	0
22/10/2020 11:30:00	4,35	3,94	3,46	2,92	2,51	2,03	1,78	1,68	1,66	1,56	1,50	1,49	1,47	4,35	0
22/10/2020 11:35:00	4,32	4,05	3,61	3,06	2,59	2,11	1,78	1,65	1,61	1,51	1,45	1,45	1,44	4,42	0
22/10/2020 11:40:00	4,34	4,03	3,54	3,03	2,51	2,11	1,85	1,78	1,78	1,71	1,68	1,69	1,70	4,36	0
22/10/2020 11:45:00	4,50	4,10	3,69	3,19	2,77	2,19	1,86	1,68	1,58	1,43	1,33	1,27	1,22	4,52	0
22/10/2020 11:50:00	4,45	4,22	3,72	3,17	2,65	2,20	1,96	1,89	1,90	1,82	1,79	1,80	1,82	4,51	0
22/10/2020 11:55:00	4,55	4,20	3,75	3,27	2,77	2,39	2,11	2,00	1,97	1,87	1,81	1,79	1,77	4,45	0
22/10/2020 12:00:00	4,73	4,36	3,80	3,21	2,72	2,27	2,04	2,00	2,02	1,96	1,93	1,94	1,96	4,73	0
22/10/2020 12:05:00	4,68	4,38	3,87	3,27	2,80	2,41	2,15	2,10	2,13	2,08	2,07	2,10	2,13	4,76	0
22/10/2020 12:10:00	4,87	4,44	3,97	3,43	2,97	2,42	2,09	1,94	1,88	1,76	1,69	1,66	1,64	4,84	0
22/10/2020 12:15:00	4,78	4,43	3,95	3,45	2,98	2,48	2,15	2,00	1,94	1,82	1,74	1,71	1,67	4,75	0
22/10/2020 12:20:00	4,78	4,47	3,95	3,40	2,91	2,44	2,19	2,11	2,10	2,01	1,96	1,95	1,94	4,83	0
22/10/2020 12:25:00	4,85	4,58	4,04	3,48	2,96	2,49	2,19	2,09	2,07	1,98	1,93	1,91	1,90	4,90	0
22/10/2020 12:30:00	4,88	4,57	4,09	3,63	3,13	2,67	2,30	2,13	2,06	1,92	1,82	1,75	1,67	4,89	0
22/10/2020 12:35:00	4,88	4,60	4,16	3,64	3,16	2,72	2,34	2,17	2,13	2,01	1,93	1,89	1,86	5,01	0
22/10/2020 12:40:00	5,01	4,71	4,24	3,65	3,17	2,70	2,41	2,31	2,29	2,20	2,15	2,16	2,17	5,00	0
22/10/2020 12:45:00	4,97	4,63	4,17	3,67	3,23	2,81	2,48	2,35	2,32	2,20	2,12	2,08	2,04	4,96	0
22/10/2020 12:50:00	5,03	4,73	4,30	3,88	3,40	2,99	2,62	2,45	2,38	2,25	2,14	2,08	2,01	4,94	0
22/10/2020 12:55:00	5,08	4,84	4,51	4,07	3,60	3,10	2,65	2,39	2,25	2,06	1,91	1,80	1,69	5,07	0
22/10/2020 13:00:00	5,14	4,92	4,52	4,06	3,52	3,02	2,62	2,41	2,32	2,17	2,07	2,01	1,96	5,11	0
22/10/2020 13:05:00	5,23	4,97	4,58	4,14	3,69	3,17	2,76	2,54	2,44	2,27	2,14	2,05	1,96	5,15	0
22/10/2020 13:10:00	5,20	4,97	4,53	4,04	3,52	3,02	2,69	2,54	2,48	2,34	2,25	2,21	2,17	5,20	0
22/10/2020 13:15:00	5,23	5,03	4,63	4,17	3,66	3,17	2,77	2,58	2,50	2,37	2,27	2,23	2,19	5,25	0
22/10/2020 13:20:00	5,31	5,06	4,70	4,30	3,79	3,26	2,89	2,69	2,57	2,40	2,28	2,22	2,15	5,31	0
22/10/2020 13:25:00	5,37	5,13	4,72	4,21	3,77	3,28	2,98	2,85	2,79	2,66	2,58	2,54	2,50	5,36	0
22/10/2020 13:30:00	5,42	5,20	4,80	4,37	3,86	3,33	2,94	2,74	2,64	2,48	2,36	2,30	2,23	5,43	0
22/10/2020 13:35:00	5,40	5,30	4,98	4,49	3,90	3,33	2,91	2,68	2,56	2,39	2,29	2,25	2,22	5,43	0
22/10/2020 13:40:00	5,47	5,28	4,86	4,35	3,82	3,32	3,00	2,87	2,83	2,72	2,66	2,66	2,65	5,50	0
22/10/2020 13:45:00	5,56	5,34	4,90	4,44	4,02	3,54	3,22	3,08	3,02	2,87	2,76	2,68	2,60	5,50	0
22/10/2020 13:50:00	5,63	5,41	4,98	4,46	3,97	3,50	3,18	3,05	3,01	2,88	2,80	2,77	2,74	5,60	0
22/10/2020 13:55:00	5,66	5,43	5,07	4,61	4,15	3,70	3,30	3,10	3,00	2,84	2,72	2,64	2,56	5,67	0
22/10/2020 14:00:00	5,71	5,49	5,08	4,62	4,18	3,69	3,30	3,10	3,01	2,85	2,72	2,63	2,53	5,73	0
22/10/2020 14:05:00	5,71	5,56	5,14	4,65	4,18	3,74	3,38	3,22	3,17	3,03	2,94	2,88	2,82	5,78	0
22/10/2020 14:10:00	5,74	5,51	5,12	4,69	4,18	3,72	3,34	3,15	3,06	2,89	2,78	2,71	2,64	5,76	0
22/10/2020 14:15:00	5,80	5,56	5,18	4,73	4,32	3,79	3,43	3,24	3,15	2,98	2,86	2,78	2,70	5,74	0
22/10/2020 14:20:00	5,82	5,65	5,22	4,64	4,13	3,69	3,33	3,19	3,16	3,04	2,97	2,96	2,95	5,85	0
22/10/2020 14:25:00	5,84	5,61	5,17	4,70	4,25	3,82	3,51	3,38	3,34	3,20	3,11	3,05	3,00	5,83	0
22/10/2020 14:30:00	5,88	5,58	5,19	4,73	4,30	3,77	3,43	3,26	3,17	3,00	2,89	2,82	2,75	5,90	0
22/10/2020 14:35:00	5,96	5,75	5,37	4,85	4,37	3,82	3,42	3,22	3,12	2,96	2,85	2,79	2,73	5,92	0
22/10/2020 14:40:00	5,96	5,75	5,34	4,86	4,33	3,82	3,40	3,18	3,08	2,92	2,80	2,73	2,66	6,03	0
22/10/2020 14:45:00	5,95	5,73	5,34	4,86	4,36	3,90	3,53	3,36	3,28	3,13	3,03	2,98	2,92	5,97	0
22/10/2020 14:50:00	5,96	5,76	5,39	4,88	4,36	3,90	3,57	3,41	3,34	3,19	3,09	3,05	3,02	6,01	0
22/10/2020 14:55:00	6,00	5,79	5,45	5,01	4,62	4,11	3,73	3,52	3,42	3,24	3,11	3,02	2,93	6,02	0
22/10/2020 15:00:00	5,94	5,82	5,45	4,96	4,41	3,92	3,53	3,35	3,27	3,11	3,02	2,98	2,95	5,98	0
22/10/2020 15:05:00	5,94	5,79	5,47	5,03	4,57	4,09	3,68	3,46	3,34	3,15	3,01	2,91	2,82	5,93	0
22/10/2020 15:10:00	5,97	5,81	5,41	4,89	4,44	3,90	3,64	3,53	3,48	3,34	3,25	3,22	3,18	6,00	0
22/10/2020 15:15:00	6,03	5,88	5,51	5,03	4,53	4,07	3,67	3,48	3,41	3,26	3,16	3,12	3,07	5,99	0
22/10/2020 15:20:00	6,08	5,93	5,52	5,04	4,55	4,12	3,81	3,70	3,67	3,54	3,46	3,42	3,38	6,09	0
22/10/2020 15:25:00	6,09	5,92	5,54	5,08	4,63	4,20	3,84	3,69	3,64	3,50	3,40	3,35	3,29	6,10	0
22/10/2020 15:30:00	6,10	5,95	5,62	5,17	4,71	4,26	3,85	3,65	3,56	3,40	3,28	3,22	3,15	6,10	0
22/10/2020 15:35:00	6,10	5,97	5,61	5,10	4,70	4,22	3,83	3,67	3,61	3,46	3,36	3,30	3,24	6,10	0
22/10/2020 15:40:00	6,16	6,05	5,72	5,25	4,75	4,30	3,96	3,81	3,74	3,60	3,51	3,48	3,45	6,24	0
22/10/2020 15:45:00	6,17	6,01	5,72	5,36	4,94	4,49	4,14	3,94	3,82	3,61	3,46	3,33	3,21	6,20	0
22/10/2020 15:50:00	6,19	6,07	5,74	5,37	4,94	4,57	4,29	4,20	4,16	4,02	3,94	3,90	3,85	6,21	0
22/10/2020 15:55:00	6,19	6,22	6,01	5,64	5,17	4,71	4,38	4,23	4,14	3,97	3,87	3,84	3,80	6,20	0
22/10/2020 16:00:00	6,25	6,22	5,99	5,61	5,24	4,93	4,62	4,51	4,49	4,37	4,30	4,27	4,25	6,23	0
22/10/2020 16:05:00	6,21	6,18	6,00	5,65	5,31	4,85	4,61	4,51	4,45	4,31	4,23	4,20	4,18	6,20	0
22/10/2020 16:10:00	6,24	6,32	6,15	5,82	5,42	5,05	4,71	4,57	4,50	4,35	4,25	4,21	4,17	6,23	0
22/10/2020 16:15:00	6,24	6,26	6,14	5,84	5,54	5,16	4,91	4,83	4,78	4,63	4,55	4,53	4,51	6,31	0
22/10/2020 16:20:00	6,19	6,23	6,13	5,82	5,52	5,07	4,85	4,77	4,70	4,55	4,47	4,45	4,43	6,23	0
22/10/2020 16:25:00	6,11	6,16	6,11	5,88	5,56	5,20	4,87	4,69	4,58	4,39	4,25	4,18	4,10	6,14	0
22/10/2020 16:30:00	6,06	6,10	6,05	5,80	5,49	5,11	4,85	4,72	4,64	4,47	4,37	4,33	4,29	6,07	0
22/10/2020 16:35:00	6,05	6,15	6,00	5,60	5,24	4,89	4,69	4,68	4,69	4,61	4,60	4,66	4,72	6,03	0
22/10/2020 16:40:00	6,06	6,05	5,97	5,79	5,53	5,17	4,88	4,74	4,64	4,45	4,32	4,23	4,13	6,04	0
22/10/2020 16:45:00	6,03	6,04	5,99	5,77	5,49	5,19	5,00	4,94	4,90	4,76	4,69	4,68	4,67	6,05	0
22/10/2020 16:50:00	6,02	6,05	5,97	5,72	5,48	5,15	4,91	4,81	4,76	4,61	4,52	4,47	4,43	6,02	0
22/10/2020 16:55:00	5,98	6,07	6,03	5,78	5,51	5,15	4,83	4,68	4,59	4,42	4,30	4,24	4,17	6,01	0
22/10/2020 17:00:00	6,00	6,09	5,97	5,67	5,34	5,00	4,83	4,81	4,79	4,68	4,63	4,65	4,67	5,98	0
22/10/2020 17:05:00	5,97	6,12	6,05	5,77	5,41	5,03	4,79	4,69	4,62	4,46	4,37	4,34	4,31	6,00	0
22/10/2020 17:10:00	5,96	6,00	5,90	5,76	5,53	5,21	4,97	4,87	4,81	4,65	4,53	4,45	4,37	6,05	0
22/10/2020 17:15:00	6,05	6,05	6,02	5,87	5,63	5,32	5,07	4,94	4,86	4,67	4,55	4,47	4,39	6,03	0
22/10/2020 17:20:00	6,04	6,07	5,98	5,79	5,54	5,12	4,86	4,74	4,66	4,48	4,36	4,28	4,20	6,03	0
22/10/2020 17:25:00	5,97	6,08	5,96	5,62	5,27	4,94	4,73	4,69	4,67	4,55	4,50	4,51	4,53	6,06	0
22/10/2020 17:30:00	6,07	6,13	6,02	5,85	5,60	5,23	4,97	4,87	4,80	4,63	4,51	4,43	4,35	6,07	0
22/10/2020 17:35:00	6,06	6,08	5,96	5,70	5,40	5,05	4,82	4,73	4,67	4,51	4,42	4,37	4,33	6,04	0
22/10/2020 17:40:00	6,04	6,04	5,94	5,72	5,47	5,13	4,93	4,86	4,81	4,66	4,56	4,51	4,46	6,05	0
22/10/2020 17:45:00	6,03	6,05	5,89	5,63	5,27	5,00	4,77	4,70	4,68	4,55	4,48	4,46	4,44	6,02	0
22/10/2020 17:50:00	6,04	5,97	5,91	5,75	5,46	5,17	4,86	4,69	4,59	4,40	4,27	4,17	4,08	6,06	0
22/10/2020 17:55:00	6,09	6,09	5,91	5,57	5,27	4,98	4,82	4,82	4,83	4,74	4,70	4,71	4,73	6,08	0
22/10/2020 18:00:00	6,05	6,13	5,98	5,71	5,39	5,09	4,92	4,90	4,88	4,76	4,69	4,67	4,66	6,07	0
22/10/2020 18:05:00	6,15	6,08	5,96	5,77	5,50	5,23	5,09	5,06	5,04	4,91	4,83	4,81	4,78	6,11	0
22/10/2020 18:10:00	6,11	6,13	6,00	5,74	5,47	5,13	4,95	4,91	4,88	4,74	4,66	4,63	4,60	6,08	0
22/10/2020 18:15:00	6,07	6,12	6,01	5,66	5,32	5,07	4,93	4,94	4,96	4,88	4,87	4,93	4,99	6,10	0
22/10/2020 18:20:00	6,09	6,14	5,98	5,70	5,52	5,18	5,07	5,08	5,09	4,98	4,91	4,88	4,85	6,11	0
22/10/2020 18:25:00	6,13	6,14	6,02	5,71	5,43	5,10	4,94	4,93	4,93	4,82	4,79	4,81	4,84	6,15	0
22/10/2020 18:30:00	6,15	6,17	6,01	5,75	5,45	5,21	5,05	5,04	5,04	4,93	4,86	4,85	4,83	6,18	0
22/10/2020 18:35:00	6,14	6,22	6,11	5,86	5,52	5,18	4,97	4,89	4,84	4,70	4,62	4,59	4,56	6,15	0
22/10/2020 18:40:00	6,17	6,19	6,04	5,72	5,48	5,19	5,00	4,98	4,97	4,85	4,78	4,76	4,74	6,21	0
22/10/2020 18:45:00	6,19	6,24	6,09	5,78	5,40	5,05	4,86	4,82	4,80	4,69	4,64	4,66	4,67	6,16	0
22/10/2020 18:50:00	6,17	6,26	6,09	5,73	5,39	5,02	4,82	4,79	4,78	4,67	4,61	4,62	4,63	6,16	0
22/10/2020 18:55:00	6,17	6,19	6,08	5,84	5,54	5,11	4,91	4,82	4,75	4,58	4,47	4,42	4,36	6,13	0
22/10/2020 19:00:00	6,15	6,23	6,09	5,87	5,61	5,23	4,95	4,82	4,75	4,58	4,45	4,35	4,25	6,20	0
22/10/2020 19:05:00	6,16	6,25	6,09	5,78	5,37	4,94	4,74	4,68	4,63	4,50	4,43	4,44	4,44	6,13	0
22/10/2020 19:10:00	6,16	6,26	6,09	5,73	5,38	5,02	4,88	4,89	4,89	4,79	4,76	4,79	4,82	6,18	0
22/10/2020 19:15:00	6,22	6,24	6,04	5,68	5,35	5,02	4,85	4,86	4,88	4,79	4,77	4,80	4,84	6,19	0
22/10/2020 19:20:00	6,17	6,29	6,11	5,70	5,30	4,98	4,77	4,74	4,75	4,66	4,64	4,68	4,72	6,17	0
22/10/2020 19:25:00	6,17	6,21	6,06	5,72	5,36	5,01	4,80	4,76	4,74	4,63	4,58	4,59	4,60	6,15	0
22/10/2020 19:30:00	6,15	6,21	6,05	5,76	5,41	5,03	4,86	4,82	4,79	4,66	4,59	4,58	4,57	6,16	0
22/10/2020 19:35:00	6,10	6,11	5,96	5,71	5,42	5,12	4,93	4,88	4,85	4,72	4,63	4,59	4,55	6,11	0
22/10/2020 19:40:00	6,15	6,15	6,04	5,89	5,54	5,28	5,07	5,00	4,95	4,80	4,71	4,67	4,63	6,16	0
22/10/2020 19:45:00	6,13	6,16	6,01	5,70	5,38	5,06	4,93	4,94	4,95	4,85	4,82	4,84	4,87	6,18	0
22/10/2020 19:50:00	6,13	6,19	6,07	5,81	5,55	5,21	5,07	5,07	5,06	4,94	4,88	4,87	4,86	6,14	0
22/10/2020 19:55:00	6,13	6,20	6,08	5,76	5,47	5,15	4,92	4,87	4,85	4,73	4,67	4,67	4,67	6,15	0
22/10/2020 20:00:00	6,09	6,16	5,97	5,63	5,32	4,98	4,81	4,81	4,82	4,72	4,68	4,69	4,70	6,15	0
22/10/2020 20:05:00	6,18	6,24	6,10	5,77	5,44	5,08	4,94	4,94	4,94	4,84	4,80	4,84	4,87	6,17	0
22/10/2020 20:10:00	6,18	6,28	6,08	5,74	5,37	5,09	4,93	4,94	4,97	4,88	4,84	4,87	4,89	6,20	0
22/10/2020 20:15:00	6,24	6,38	6,25	5,94	5,61	5,17	4,88	4,77	4,70	4,55	4,46	4,43	4,40	6,18	0
22/10/2020 20:20:00	6,21	6,28	6,18	5,87	5,52	5,19	4,99	4,94	4,91	4,78	4,72	4,72	4,72	6,24	0
22/10/2020 20:25:00	6,32	6,32	6,20	5,95	5,62	5,33	5,16	5,13	5,11	4,99	4,94	4,94	4,94	6,26	0
22/10/2020 20:30:00	6,34	6,38	6,23	5,97	5,66	5,45	5,26	5,24	5,25	5,15	5,10	5,09	5,09	6,32	0
22/10/2020 20:35:00	6,35	6,44	6,34	6,01	5,68	5,25	5,01	4,93	4,86	4,71	4,63	4,62	4,60	6,33	0
22/10/2020 20:40:00	6,33	6,47	6,32	6,03	5,65	5,30	5,08	5,02	4,99	4,85	4,78	4,76	4,74	6,40	0
22/10/2020 20:45:00	6,46	6,57	6,52	6,26	5,96	5,61	5,34	5,24	5,18	5,02	4,94	4,91	4,88	6,42	0
22/10/2020 20:50:00	6,49	6,62	6,54	6,23	6,01	5,65	5,45	5,41	5,38	5,24	5,16	5,14	5,11	6,49	0
22/10/2020 20:55:00	6,58	6,64	6,57	6,31	5,94	5,46	5,09	4,88	4,74	4,52	4,38	4,29	4,20	6,53	0
22/10/2020 21:00:00	6,57	6,63	6,53	6,27	5,90	5,48	5,17	5,02	4,92	4,74	4,62	4,57	4,52	6,56	0
22/10/2020 21:05:00	6,52	6,73	6,60	6,20	5,79	5,36	5,15	5,10	5,06	4,92	4,85	4,86	4,86	6,60	0
22/10/2020 21:10:00	6,62	6,74	6,59	6,24	5,92	5,50	5,24	5,15	5,11	4,96	4,88	4,85	4,82	6,60	0
22/10/2020 21:15:00	6,57	6,70	6,54	6,28	5,95	5,54	5,27	5,15	5,08	4,90	4,77	4,69	4,61	6,63	0
22/10/2020 21:20:00	6,64	6,67	6,51	6,26	5,89	5,44	5,20	5,10	5,01	4,83	4,71	4,65	4,58	6,59	0
22/10/2020 21:25:00	6,69	6,67	6,53	6,26	5,93	5,54	5,25	5,12	5,04	4,87	4,76	4,70	4,65	6,65	0
22/10/2020 21:30:00	6,69	6,65	6,46	6,23	5,92	5,54	5,30	5,20	5,12	4,95	4,82	4,74	4,66	6,66	0
22/10/2020 21:35:00	6,69	6,71	6,55	6,26	5,88	5,46	5,15	5,00	4,91	4,73	4,61	4,54	4,48	6,68	0
22/10/2020 21:40:00	6,75	6,71	6,61	6,37	6,08	5,80	5,45	5,27	5,17	4,98	4,83	4,72	4,61	6,73	0
22/10/2020 21:45:00	6,79	6,72	6,58	6,40	6,06	5,72	5,43	5,28	5,18	4,98	4,84	4,75	4,65	6,81	0
22/10/2020 21:50:00	6,79	6,87	6,74	6,36	5,99	5,61	5,35	5,25	5,19	5,03	4,95	4,92	4,90	6,82	0
22/10/2020 21:55:00	6,88	6,88	6,70	6,33	5,93	5,51	5,26	5,17	5,11	4,95	4,87	4,85	4,83	6,90	0
22/10/2020 22:00:00	6,87	6,93	6,72	6,38	6,06	5,75	5,62	5,65	5,67	5,57	5,52	5,53	5,54	6,88	0
22/10/2020 22:05:00	6,76	6,81	6,71	6,45	6,18	5,89	5,70	5,66	5,64	5,51	5,44	5,42	5,40	6,86	0
22/10/2020 22:10:00	6,84	6,90	6,72	6,41	6,10	5,81	5,72	5,77	5,80	5,70	5,66	5,68	5,70	6,83	0
22/10/2020 22:15:00	6,84	6,96	6,84	6,53	6,19	5,82	5,68	5,67	5,66	5,53	5,48	5,50	5,52	6,85	0
22/10/2020 22:20:00	6,81	6,87	6,77	6,47	6,23	5,98	5,85	5,85	5,86	5,74	5,68	5,67	5,66	6,83	0
22/10/2020 22:25:00	6,77	6,85	6,77	6,47	6,17	5,84	5,61	5,54	5,50	5,35	5,27	5,25	5,23	6,81	0
22/10/2020 22:30:00	6,83	6,96	6,80	6,53	6,18	5,82	5,62	5,58	5,55	5,42	5,34	5,32	5,30	6,86	0
22/10/2020 22:35:00	6,91	6,92	6,83	6,60	6,38	6,10	5,93	5,90	5,88	5,73	5,65	5,61	5,57	6,87	0
22/10/2020 22:40:00	6,89	6,98	6,84	6,55	6,26	5,88	5,70	5,67	5,64	5,50	5,43	5,41	5,39	6,87	0
22/10/2020 22:45:00	6,87	7,00	6,85	6,59	6,27	6,00	5,91	5,95	5,96	5,84	5,78	5,78	5,77	6,93	0
22/10/2020 22:50:00	6,90	7,03	7,00	6,80	6,48	6,22	6,01	5,95	5,90	5,74	5,65	5,62	5,59	6,95	0
22/10/2020 22:55:00	6,97	7,14	7,07	6,77	6,42	6,10	5,93	5,92	5,91	5,79	5,75	5,79	5,83	7,01	0
22/10/2020 23:00:00	7,10	7,12	7,09	6,90	6,63	6,33	6,13	6,07	6,01	5,85	5,75	5,72	5,69	7,08	0
22/10/2020 23:05:00	7,16	7,23	7,11	6,84	6,57	6,35	6,31	6,41	6,46	6,37	6,35	6,39	6,43	7,13	0
22/10/2020 23:10:00	7,17	7,26	7,15	6,89	6,62	6,42	6,31	6,35	6,37	6,25	6,19	6,19	6,18	7,20	0
22/10/2020 23:15:00	7,21	7,35	7,18	6,85	6,63	6,32	6,23	6,28	6,31	6,20	6,15	6,14	6,12	7,21	0
22/10/2020 23:20:00	7,28	7,35	7,26	7,04	6,77	6,47	6,33	6,32	6,30	6,15	6,06	6,03	6,00	7,25	0
22/10/2020 23:25:00	7,26	7,36	7,24	6,99	6,68	6,53	6,53	6,66	6,73	6,66	6,66	6,72	6,78	7,27	0
22/10/2020 23:30:00	7,30	7,32	7,20	6,96	6,71	6,49	6,44	6,53	6,56	6,47	6,44	6,47	6,50	7,28	0
22/10/2020 23:35:00	7,26	7,39	7,29	6,97	6,68	6,38	6,29	6,33	6,34	6,22	6,18	6,19	6,21	7,29	0
22/10/2020 23:40:00	7,27	7,40	7,27	7,00	6,75	6,53	6,43	6,49	6,53	6,43	6,39	6,39	6,40	7,32	0
22/10/2020 23:45:00	7,32	7,40	7,26	7,00	6,74	6,52	6,42	6,48	6,52	6,42	6,38	6,39	6,41	7,34	0
22/10/2020 23:50:00	7,31	7,45	7,25	6,97	6,62	6,38	6,24	6,27	6,30	6,19	6,13	6,13	6,12	7,35	0
22/10/2020 23:55:00	7,35	7,39	7,26	6,99	6,68	6,45	6,30	6,31	6,31	6,19	6,13	6,13	6,13	7,38	0
