FileFormat:0002.2 file with temperature of atmosphere
200
local	GMT or Local
0	GMT-Local=[hours]
0	Height[m]
0	0	0	Longitude                [grd]               [min]               [sec]
0	0	0	Latitude                [grd]               [min]               [sec]
N	NS
59,40	Freq[GHz]
0,00	dTemostat[K]
0,150	MessErr[K]
0,248	//[grad/step]
version 14.0.20110218
MTP5H033F5940K-33.00D180214+A1.1
Commentary:
enter comment
End Of Commentary

SYSTEM\summer.dat
data time	0	50	100	150	200	250	300	350	400	450	500	550	600	OutsideTemperature	Quality
11/10/2020 00:00:00	10,04	12,10	12,95	13,24	13,37	13,28	13,18	12,97	12,66	12,35	12,00	11,64	11,28	9,24	0
11/10/2020 00:05:00	10,11	12,09	12,93	13,21	13,31	13,28	13,11	12,86	12,55	12,24	11,88	11,51	11,14	9,10	0
11/10/2020 00:10:00	10,40	12,11	12,73	12,97	13,04	13,12	12,93	12,70	12,43	12,17	11,90	11,60	11,29	9,14	0
11/10/2020 00:15:00	10,36	11,76	12,31	12,56	12,64	12,66	12,55	12,36	12,11	11,87	11,60	11,31	11,02	9,28	0
11/10/2020 00:20:00	10,58	11,72	12,26	12,48	12,56	12,65	12,55	12,39	12,16	11,93	11,69	11,42	11,15	9,49	0
11/10/2020 00:25:00	10,33	11,72	12,34	12,55	12,64	12,64	12,55	12,38	12,12	11,87	11,59	11,29	11,00	9,50	0
11/10/2020 00:30:00	9,91	11,32	11,91	12,17	12,28	12,34	12,24	12,08	11,84	11,60	11,35	11,07	10,80	9,36	0
11/10/2020 00:35:00	9,53	11,29	12,08	12,39	12,49	12,48	12,35	12,14	11,85	11,56	11,23	10,88	10,53	9,78	0
11/10/2020 00:40:00	9,48	11,11	11,96	12,35	12,53	12,63	12,58	12,43	12,18	11,92	11,63	11,32	11,00	9,60	0
11/10/2020 00:45:00	9,35	11,23	12,19	12,58	12,80	12,87	12,79	12,62	12,35	12,07	11,76	11,41	11,07	9,45	0
11/10/2020 00:50:00	9,35	11,28	12,30	12,68	12,93	13,01	12,90	12,71	12,43	12,15	11,81	11,46	11,10	9,44	0
11/10/2020 00:55:00	9,37	11,31	12,32	12,73	12,90	12,91	12,80	12,59	12,29	11,97	11,61	11,21	10,82	9,32	0
11/10/2020 01:00:00	9,31	11,28	12,17	12,56	12,70	12,78	12,68	12,50	12,22	11,94	11,64	11,31	10,98	9,06	0
11/10/2020 01:05:00	9,56	11,43	12,22	12,46	12,54	12,49	12,40	12,20	11,90	11,61	11,29	10,96	10,63	8,78	0
11/10/2020 01:10:00	9,25	11,15	11,88	12,15	12,23	12,19	12,01	11,77	11,47	11,17	10,84	10,50	10,16	8,60	0
11/10/2020 01:15:00	9,21	11,10	11,84	12,14	12,33	12,28	12,16	11,96	11,68	11,41	11,11	10,79	10,47	8,65	0
11/10/2020 01:20:00	9,06	10,93	11,80	12,15	12,35	12,39	12,26	12,07	11,79	11,51	11,20	10,86	10,53	8,78	0
11/10/2020 01:25:00	8,89	10,77	11,64	12,09	12,29	12,38	12,28	12,11	11,85	11,58	11,28	10,95	10,62	9,03	0
11/10/2020 01:30:00	8,89	10,64	11,67	12,14	12,36	12,51	12,38	12,19	11,92	11,64	11,30	10,93	10,56	8,84	0
11/10/2020 01:35:00	8,76	10,74	11,77	12,19	12,39	12,39	12,28	12,08	11,78	11,46	11,10	10,71	10,33	8,86	0
11/10/2020 01:40:00	8,81	10,77	11,80	12,31	12,48	12,53	12,42	12,22	11,93	11,62	11,25	10,86	10,47	8,80	0
11/10/2020 01:45:00	8,69	10,68	11,75	12,19	12,46	12,54	12,45	12,27	11,99	11,70	11,36	10,99	10,63	8,61	0
11/10/2020 01:50:00	8,55	10,37	11,52	11,98	12,26	12,35	12,27	12,10	11,82	11,52	11,16	10,77	10,39	8,55	0
11/10/2020 01:55:00	8,64	10,46	11,62	12,13	12,41	12,52	12,43	12,25	11,98	11,68	11,32	10,92	10,53	8,57	0
11/10/2020 02:00:00	8,50	10,52	11,64	12,11	12,36	12,44	12,36	12,17	11,89	11,59	11,24	10,86	10,49	8,53	0
11/10/2020 02:05:00	8,50	10,36	11,43	11,90	12,17	12,33	12,24	12,07	11,81	11,54	11,22	10,87	10,52	8,45	0
11/10/2020 02:10:00	8,39	10,22	11,36	11,89	12,19	12,32	12,31	12,19	11,93	11,66	11,34	10,98	10,63	8,40	0
11/10/2020 02:15:00	8,30	10,14	11,34	11,93	12,31	12,50	12,40	12,23	11,99	11,71	11,37	10,99	10,61	8,35	0
11/10/2020 02:20:00	8,23	9,98	11,13	11,68	12,01	12,21	12,23	12,12	11,89	11,64	11,34	11,01	10,68	8,28	0
11/10/2020 02:25:00	8,29	10,18	11,30	11,84	12,12	12,27	12,18	12,00	11,74	11,45	11,11	10,75	10,38	8,23	0
11/10/2020 02:30:00	8,10	9,98	10,95	11,43	11,68	11,78	11,72	11,56	11,31	11,04	10,73	10,41	10,08	8,11	0
11/10/2020 02:35:00	8,14	9,86	10,75	11,26	11,49	11,66	11,61	11,48	11,25	11,01	10,74	10,45	10,15	8,10	0
11/10/2020 02:40:00	8,05	10,03	10,88	11,36	11,59	11,68	11,58	11,41	11,16	10,91	10,63	10,32	10,02	8,14	0
11/10/2020 02:45:00	8,07	9,98	10,88	11,32	11,63	11,77	11,66	11,49	11,25	11,01	10,74	10,45	10,16	8,08	0
11/10/2020 02:50:00	8,36	9,85	10,52	10,89	11,20	11,26	11,23	11,11	10,90	10,69	10,48	10,23	9,99	8,13	0
11/10/2020 02:55:00	8,31	9,54	10,17	10,58	10,78	10,96	10,88	10,74	10,54	10,34	10,13	9,88	9,64	8,08	0
11/10/2020 03:00:00	8,71	9,44	9,91	10,16	10,46	10,65	10,72	10,68	10,54	10,42	10,30	10,15	10,00	8,48	0
11/10/2020 03:05:00	8,39	9,67	10,22	10,66	10,84	11,00	10,98	10,87	10,68	10,50	10,31	10,09	9,86	8,50	0
11/10/2020 03:10:00	8,19	9,67	10,34	10,72	10,98	11,18	11,16	11,05	10,86	10,68	10,50	10,28	10,07	8,67	0
11/10/2020 03:15:00	8,52	9,94	10,71	11,14	11,37	11,53	11,50	11,38	11,17	10,95	10,71	10,44	10,17	8,73	0
11/10/2020 03:20:00	8,85	9,93	10,42	10,78	11,04	11,18	11,15	11,06	10,88	10,72	10,55	10,34	10,14	8,48	0
11/10/2020 03:25:00	9,22	9,78	10,12	10,34	10,55	10,65	10,66	10,58	10,42	10,27	10,12	9,94	9,76	8,75	0
11/10/2020 03:30:00	9,24	9,60	10,03	10,35	10,61	10,83	10,88	10,84	10,71	10,58	10,44	10,26	10,08	8,82	0
11/10/2020 03:35:00	9,25	9,70	10,14	10,53	10,76	10,95	11,02	11,00	10,86	10,72	10,56	10,37	10,18	8,90	0
11/10/2020 03:40:00	9,15	9,65	10,08	10,43	10,72	10,92	10,95	10,90	10,77	10,64	10,49	10,31	10,13	9,05	0
11/10/2020 03:45:00	8,54	9,64	10,20	10,52	10,75	10,92	10,85	10,73	10,54	10,36	10,17	9,95	9,74	9,08	0
11/10/2020 03:50:00	8,46	9,55	10,24	10,64	10,99	11,19	11,19	11,11	10,93	10,76	10,57	10,35	10,12	8,83	0
11/10/2020 03:55:00	8,58	9,91	10,56	11,00	11,29	11,47	11,49	11,42	11,24	11,07	10,89	10,67	10,46	8,87	0
11/10/2020 04:00:00	8,74	9,95	10,59	11,00	11,29	11,48	11,57	11,53	11,37	11,22	11,06	10,87	10,68	8,67	0
11/10/2020 04:05:00	8,75	9,98	10,53	10,89	11,18	11,42	11,37	11,27	11,11	10,96	10,81	10,63	10,45	8,47	0
11/10/2020 04:10:00	8,42	9,58	10,14	10,52	10,81	10,97	10,97	10,88	10,72	10,56	10,39	10,19	10,00	8,54	0
11/10/2020 04:15:00	8,32	9,35	10,07	10,57	10,89	11,16	11,21	11,16	11,01	10,85	10,67	10,46	10,24	8,91	0
11/10/2020 04:20:00	8,06	9,24	9,96	10,48	10,86	11,11	11,11	11,03	10,88	10,72	10,54	10,33	10,11	8,67	0
11/10/2020 04:25:00	7,94	9,24	10,01	10,49	10,88	11,15	11,16	11,09	10,94	10,78	10,60	10,39	10,19	8,25	0
11/10/2020 04:30:00	7,89	9,15	9,89	10,40	10,73	10,99	11,03	10,97	10,81	10,65	10,47	10,26	10,05	8,05	0
11/10/2020 04:35:00	7,85	9,34	10,05	10,45	10,78	11,02	11,05	10,98	10,81	10,65	10,50	10,31	10,13	7,86	0
11/10/2020 04:40:00	7,98	9,12	9,74	10,13	10,35	10,58	10,58	10,50	10,33	10,16	10,00	9,80	9,61	7,75	0
11/10/2020 04:45:00	8,35	8,94	9,46	9,85	10,20	10,52	10,61	10,60	10,49	10,40	10,30	10,16	10,02	8,28	0
11/10/2020 04:50:00	7,94	9,29	9,94	10,40	10,67	10,95	10,95	10,87	10,71	10,56	10,41	10,22	10,04	8,16	0
11/10/2020 04:55:00	7,84	9,19	9,90	10,32	10,65	10,96	10,98	10,91	10,76	10,62	10,48	10,31	10,14	8,18	0
11/10/2020 05:00:00	7,74	9,17	9,82	10,23	10,55	10,74	10,83	10,80	10,63	10,49	10,36	10,19	10,03	7,90	0
11/10/2020 05:05:00	8,01	8,93	9,48	9,90	10,30	10,60	10,69	10,68	10,57	10,48	10,38	10,26	10,13	7,73	0
11/10/2020 05:10:00	8,33	9,00	9,40	9,77	10,09	10,35	10,45	10,45	10,35	10,26	10,18	10,07	9,96	7,45	0
11/10/2020 05:15:00	8,64	8,90	9,21	9,60	9,96	10,27	10,36	10,38	10,30	10,24	10,18	10,08	9,98	7,78	0
11/10/2020 05:20:00	8,68	8,90	9,21	9,59	9,95	10,23	10,39	10,43	10,36	10,30	10,25	10,16	10,07	8,52	0
11/10/2020 05:25:00	8,63	8,88	9,24	9,57	9,95	10,25	10,32	10,32	10,23	10,16	10,09	9,98	9,87	8,72	0
11/10/2020 05:30:00	8,41	8,85	9,29	9,73	10,10	10,42	10,51	10,52	10,44	10,36	10,28	10,15	10,03	8,60	0
11/10/2020 05:35:00	8,50	8,92	9,25	9,63	9,98	10,27	10,36	10,37	10,29	10,22	10,16	10,06	9,95	8,50	0
11/10/2020 05:40:00	8,47	8,82	9,21	9,62	9,90	10,22	10,34	10,37	10,28	10,20	10,12	10,00	9,88	8,45	0
11/10/2020 05:45:00	8,43	8,72	9,12	9,54	9,93	10,22	10,37	10,42	10,35	10,28	10,22	10,11	10,00	8,43	0
11/10/2020 05:50:00	8,42	8,70	9,00	9,27	9,58	9,99	10,11	10,15	10,08	10,04	10,03	9,99	9,94	8,55	0
11/10/2020 05:55:00	8,47	8,64	8,93	9,29	9,65	9,97	10,12	10,16	10,10	10,06	10,02	9,95	9,87	8,30	0
11/10/2020 06:00:00	8,31	8,54	8,84	9,27	9,57	9,84	9,96	9,99	9,90	9,82	9,75	9,63	9,52	8,31	0
11/10/2020 06:05:00	8,30	8,56	8,80	9,19	9,51	9,86	9,99	10,03	9,97	9,93	9,91	9,85	9,78	8,30	0
11/10/2020 06:10:00	8,23	8,66	9,00	9,37	9,61	9,88	9,99	9,99	9,89	9,80	9,73	9,61	9,50	8,26	0
11/10/2020 06:15:00	8,34	8,64	8,92	9,23	9,56	9,89	10,03	10,08	10,01	9,96	9,94	9,88	9,82	8,25	0
11/10/2020 06:20:00	8,25	8,54	8,84	9,28	9,66	10,01	10,15	10,20	10,15	10,11	10,09	10,02	9,95	8,04	0
11/10/2020 06:25:00	7,94	8,54	8,96	9,43	9,76	10,06	10,11	10,09	9,99	9,90	9,80	9,67	9,54	7,88	0
11/10/2020 06:30:00	7,90	8,52	8,93	9,34	9,72	10,07	10,19	10,21	10,14	10,08	10,04	9,96	9,87	7,88	0
11/10/2020 06:35:00	8,09	8,60	9,00	9,36	9,77	10,10	10,17	10,18	10,09	10,03	9,98	9,89	9,79	7,93	0
11/10/2020 06:40:00	8,20	8,49	8,87	9,32	9,71	10,11	10,27	10,33	10,28	10,24	10,22	10,15	10,08	7,90	0
11/10/2020 06:45:00	7,69	8,20	8,62	9,01	9,45	9,83	9,97	10,01	9,95	9,91	9,88	9,82	9,76	7,65	0
11/10/2020 06:50:00	7,53	8,50	9,07	9,54	9,86	10,15	10,24	10,22	10,09	9,98	9,87	9,72	9,58	7,60	0
11/10/2020 06:55:00	8,00	8,37	8,72	9,12	9,55	9,85	10,00	10,05	9,99	9,95	9,91	9,84	9,76	7,43	0
11/10/2020 07:00:00	7,95	8,39	8,79	9,19	9,60	9,89	10,00	10,03	9,94	9,88	9,82	9,71	9,61	7,25	0
11/10/2020 07:05:00	7,94	8,41	8,74	9,17	9,54	9,84	9,99	10,03	9,96	9,91	9,87	9,79	9,71	7,28	0
11/10/2020 07:10:00	7,49	8,12	8,55	9,00	9,36	9,67	9,78	9,79	9,69	9,62	9,55	9,44	9,34	7,26	0
11/10/2020 07:15:00	7,35	8,14	8,63	9,09	9,45	9,77	9,87	9,87	9,78	9,69	9,62	9,51	9,40	7,32	0
11/10/2020 07:20:00	7,41	8,19	8,65	9,09	9,42	9,70	9,74	9,72	9,60	9,50	9,40	9,26	9,13	7,12	0
11/10/2020 07:25:00	7,26	7,80	8,13	8,55	8,96	9,31	9,43	9,46	9,40	9,37	9,36	9,31	9,26	7,07	0
11/10/2020 07:30:00	7,38	7,60	7,88	8,21	8,58	8,89	9,05	9,11	9,05	9,01	9,00	8,96	8,91	7,12	0
11/10/2020 07:35:00	7,41	7,58	7,79	8,15	8,54	8,87	8,96	8,99	8,93	8,90	8,89	8,84	8,79	7,47	0
11/10/2020 07:40:00	7,57	7,61	7,78	8,11	8,52	8,84	9,04	9,12	9,09	9,08	9,10	9,08	9,07	7,42	0
11/10/2020 07:45:00	7,64	7,61	7,75	8,06	8,43	8,76	8,98	9,09	9,05	9,05	9,09	9,09	9,08	7,80	0
11/10/2020 07:50:00	7,67	7,66	7,81	8,12	8,49	8,77	8,99	9,09	9,04	9,03	9,05	9,03	9,01	8,05	0
11/10/2020 07:55:00	7,93	7,94	8,07	8,40	8,81	9,13	9,30	9,38	9,34	9,34	9,37	9,35	9,33	8,18	0
11/10/2020 08:00:00	8,22	8,15	8,29	8,65	8,99	9,34	9,48	9,53	9,49	9,47	9,47	9,42	9,38	8,21	0
11/10/2020 08:05:00	8,12	8,14	8,18	8,63	8,92	9,27	9,42	9,48	9,45	9,45	9,46	9,44	9,41	8,19	0
11/10/2020 08:10:00	8,16	8,25	8,37	8,73	8,94	9,22	9,40	9,46	9,40	9,36	9,34	9,29	9,23	8,12	0
11/10/2020 08:15:00	8,26	8,16	8,23	8,58	8,97	9,33	9,49	9,57	9,55	9,56	9,60	9,59	9,58	8,26	0
11/10/2020 08:20:00	8,25	8,11	8,14	8,48	8,82	9,23	9,43	9,54	9,53	9,56	9,63	9,65	9,67	8,24	0
11/10/2020 08:25:00	8,23	8,06	8,07	8,33	8,64	9,06	9,17	9,21	9,19	9,21	9,26	9,27	9,28	8,27	0
11/10/2020 08:30:00	8,32	8,11	8,07	8,42	8,77	9,16	9,31	9,39	9,39	9,42	9,49	9,51	9,53	8,34	0
11/10/2020 08:35:00	8,31	8,16	8,12	8,35	8,67	8,94	9,18	9,29	9,26	9,28	9,34	9,36	9,38	8,27	0
11/10/2020 08:40:00	8,37	8,13	8,14	8,39	8,69	9,00	9,18	9,26	9,23	9,23	9,26	9,26	9,25	8,32	0
11/10/2020 08:45:00	8,34	8,18	8,14	8,39	8,66	8,96	9,11	9,18	9,14	9,14	9,18	9,17	9,17	8,32	0
11/10/2020 08:50:00	8,39	8,13	8,11	8,36	8,69	9,06	9,21	9,29	9,27	9,29	9,35	9,36	9,38	8,49	0
11/10/2020 08:55:00	8,48	8,18	8,13	8,37	8,66	8,99	9,11	9,17	9,14	9,14	9,18	9,17	9,16	8,51	0
11/10/2020 09:00:00	8,63	8,11	7,97	8,17	8,44	8,73	8,90	8,98	8,95	8,96	9,01	9,01	9,02	8,55	0
11/10/2020 09:05:00	8,56	8,13	8,02	8,21	8,44	8,77	8,93	9,00	8,97	8,98	9,03	9,05	9,06	8,65	0
11/10/2020 09:10:00	8,66	8,17	8,01	8,23	8,60	8,91	9,09	9,18	9,18	9,22	9,30	9,33	9,37	8,67	0
11/10/2020 09:15:00	8,75	8,21	8,08	8,26	8,57	8,87	9,00	9,06	9,04	9,04	9,09	9,09	9,09	8,98	0
11/10/2020 09:20:00	9,10	8,41	8,15	8,30	8,53	8,88	9,11	9,24	9,24	9,30	9,41	9,48	9,55	9,12	0
11/10/2020 09:25:00	9,16	8,50	8,27	8,45	8,79	9,05	9,22	9,32	9,31	9,34	9,40	9,42	9,44	9,17	0
11/10/2020 09:30:00	9,28	8,62	8,38	8,49	8,74	8,95	9,12	9,20	9,17	9,18	9,22	9,23	9,24	9,28	0
11/10/2020 09:35:00	9,21	8,68	8,47	8,59	8,91	9,21	9,32	9,37	9,36	9,38	9,45	9,47	9,49	9,36	0
11/10/2020 09:40:00	9,41	8,76	8,51	8,60	8,75	8,89	9,01	9,05	8,98	8,95	8,95	8,91	8,88	9,68	0
11/10/2020 09:45:00	9,68	9,06	8,83	8,96	9,12	9,30	9,28	9,24	9,16	9,10	9,05	8,97	8,88	9,80	0
11/10/2020 09:50:00	10,02	9,04	8,69	8,84	9,09	9,27	9,33	9,35	9,32	9,30	9,31	9,26	9,22	9,84	0
11/10/2020 09:55:00	9,94	9,14	8,83	8,90	9,06	9,25	9,37	9,41	9,37	9,35	9,38	9,36	9,34	10,11	0
11/10/2020 10:00:00	10,27	9,18	8,73	8,78	8,99	9,26	9,38	9,46	9,45	9,48	9,56	9,59	9,63	10,24	0
11/10/2020 10:05:00	10,25	9,20	8,77	8,74	8,87	9,07	9,20	9,26	9,22	9,23	9,29	9,30	9,32	10,22	0
11/10/2020 10:10:00	10,09	9,22	8,83	8,78	8,96	9,19	9,29	9,34	9,31	9,32	9,39	9,41	9,44	10,23	0
11/10/2020 10:15:00	10,25	9,24	8,77	8,77	8,96	9,19	9,24	9,26	9,23	9,25	9,30	9,32	9,33	10,33	0
11/10/2020 10:20:00	10,29	9,34	8,89	8,82	8,88	8,93	9,05	9,08	9,00	8,97	8,98	8,96	8,94	10,58	0
11/10/2020 10:25:00	10,05	9,47	9,05	8,99	8,98	9,08	9,16	9,17	9,08	9,04	9,06	9,05	9,03	10,71	0
11/10/2020 10:30:00	10,51	9,62	8,93	8,84	8,83	8,84	8,88	8,87	8,80	8,77	8,80	8,79	8,78	11,18	0
11/10/2020 10:35:00	10,77	9,87	9,09	8,95	8,98	9,04	9,02	8,99	8,93	8,92	8,97	8,98	8,99	11,54	0
11/10/2020 10:40:00	10,90	9,85	9,25	9,23	9,21	9,24	9,29	9,29	9,21	9,17	9,16	9,11	9,07	11,54	0
11/10/2020 10:45:00	10,79	9,81	9,23	9,11	9,20	9,29	9,21	9,14	9,07	9,03	9,02	8,98	8,94	11,70	0
11/10/2020 10:50:00	10,73	9,93	9,31	9,17	9,16	9,19	9,19	9,15	9,06	9,02	9,03	9,01	8,98	11,58	0
11/10/2020 10:55:00	11,14	10,05	9,34	9,15	9,13	9,22	9,24	9,23	9,17	9,16	9,21	9,22	9,24	11,78	0
11/10/2020 11:00:00	11,17	10,26	9,53	9,31	9,20	9,24	9,17	9,09	8,99	8,94	8,95	8,92	8,90	11,81	0
11/10/2020 11:05:00	11,37	10,29	9,66	9,50	9,45	9,37	9,30	9,21	9,09	8,99	8,92	8,82	8,72	12,74	0
11/10/2020 11:10:00	11,47	10,44	9,68	9,49	9,46	9,43	9,35	9,27	9,18	9,12	9,11	9,06	9,01	12,88	0
11/10/2020 11:15:00	11,34	10,51	9,71	9,46	9,38	9,30	9,24	9,17	9,06	9,01	9,01	8,98	8,96	12,00	0
11/10/2020 11:20:00	11,56	10,72	9,91	9,62	9,42	9,34	9,21	9,08	8,95	8,86	8,83	8,77	8,71	12,69	0
11/10/2020 11:25:00	11,42	10,59	10,00	9,80	9,62	9,53	9,39	9,25	9,09	8,96	8,86	8,72	8,59	12,66	0
11/10/2020 11:30:00	11,45	10,75	10,06	9,81	9,61	9,53	9,41	9,27	9,12	9,02	8,96	8,88	8,80	12,70	0
11/10/2020 11:35:00	11,22	10,86	10,27	10,10	9,96	9,83	9,67	9,51	9,34	9,21	9,11	8,98	8,86	12,95	0
11/10/2020 11:40:00	11,43	11,10	10,50	10,22	10,05	9,84	9,65	9,46	9,26	9,10	8,98	8,84	8,69	13,29	0
11/10/2020 11:45:00	11,53	11,10	10,40	10,12	9,89	9,80	9,72	9,60	9,45	9,36	9,32	9,27	9,22	14,05	0
11/10/2020 11:50:00	11,60	11,24	10,45	10,12	9,90	9,76	9,70	9,59	9,44	9,37	9,36	9,34	9,32	13,70	0
11/10/2020 11:55:00	11,68	11,39	10,77	10,40	10,11	9,90	9,74	9,55	9,34	9,18	9,07	8,95	8,83	13,78	0
11/10/2020 12:00:00	11,69	11,22	10,66	10,33	10,09	9,92	9,80	9,64	9,45	9,30	9,19	9,07	8,95	13,69	0
11/10/2020 12:05:00	11,83	11,35	10,68	10,37	10,15	9,99	9,76	9,55	9,36	9,20	9,08	8,95	8,81	13,56	0
11/10/2020 12:10:00	11,52	11,33	10,85	10,61	10,40	10,25	10,02	9,81	9,59	9,41	9,26	9,09	8,92	12,40	0
11/10/2020 12:15:00	11,87	11,29	10,76	10,44	10,17	10,02	9,93	9,80	9,61	9,46	9,35	9,23	9,11	12,52	0
11/10/2020 12:20:00	11,70	11,43	10,81	10,48	10,22	10,02	9,83	9,64	9,43	9,27	9,16	9,03	8,90	13,40	0
11/10/2020 12:25:00	11,87	11,51	10,90	10,57	10,38	10,20	9,98	9,78	9,58	9,42	9,30	9,16	9,02	13,55	0
11/10/2020 12:30:00	11,91	11,45	10,86	10,55	10,30	10,13	9,90	9,69	9,48	9,31	9,17	9,01	8,85	13,45	0
11/10/2020 12:35:00	12,15	11,47	10,84	10,53	10,36	10,24	9,99	9,78	9,59	9,43	9,30	9,15	8,99	13,12	0
11/10/2020 12:40:00	12,54	11,70	10,99	10,66	10,37	10,10	9,84	9,60	9,38	9,18	9,00	8,80	8,59	12,81	0
11/10/2020 12:45:00	12,14	11,69	11,12	10,67	10,39	10,11	9,86	9,62	9,38	9,18	9,02	8,84	8,66	12,96	0
11/10/2020 12:50:00	12,01	11,76	11,31	10,97	10,59	10,23	9,94	9,65	9,35	9,08	8,82	8,55	8,28	12,92	0
11/10/2020 12:55:00	12,25	11,80	11,25	10,85	10,53	10,25	9,94	9,66	9,40	9,17	8,96	8,73	8,51	13,36	0
11/10/2020 13:00:00	12,60	11,94	11,29	10,94	10,66	10,37	10,06	9,79	9,55	9,33	9,12	8,89	8,66	13,85	0
11/10/2020 13:05:00	12,84	12,02	11,38	10,99	10,63	10,32	9,99	9,71	9,45	9,20	8,96	8,71	8,45	13,50	0
11/10/2020 13:10:00	12,54	11,96	11,45	11,05	10,69	10,41	10,13	9,86	9,60	9,35	9,13	8,89	8,65	13,95	0
11/10/2020 13:15:00	12,73	12,17	11,54	11,02	10,65	10,34	10,04	9,77	9,50	9,28	9,09	8,89	8,68	14,17	0
11/10/2020 13:20:00	12,60	12,08	11,49	11,12	10,80	10,59	10,27	10,00	9,76	9,54	9,35	9,14	8,93	13,99	0
11/10/2020 13:25:00	12,85	12,05	11,34	10,91	10,55	10,27	10,01	9,77	9,54	9,33	9,15	8,96	8,77	14,43	0
11/10/2020 13:30:00	13,01	12,11	11,40	10,97	10,58	10,27	9,97	9,70	9,44	9,22	9,01	8,78	8,55	14,39	0
11/10/2020 13:35:00	13,08	12,19	11,52	11,10	10,77	10,51	10,25	10,01	9,77	9,57	9,38	9,18	8,97	14,14	0
11/10/2020 13:40:00	12,82	12,28	11,71	11,34	10,95	10,58	10,21	9,88	9,59	9,30	9,02	8,73	8,43	14,07	0
11/10/2020 13:45:00	12,72	12,22	11,62	11,18	10,75	10,41	10,14	9,87	9,60	9,35	9,14	8,91	8,69	13,92	0
11/10/2020 13:50:00	12,92	12,21	11,54	11,14	10,78	10,38	10,10	9,83	9,56	9,31	9,08	8,82	8,57	14,07	0
11/10/2020 13:55:00	12,84	12,20	11,56	11,11	10,71	10,37	10,04	9,74	9,47	9,21	8,98	8,73	8,48	13,89	0
11/10/2020 14:00:00	12,67	12,19	11,61	11,16	10,74	10,40	10,05	9,74	9,44	9,18	8,92	8,66	8,39	14,35	0
11/10/2020 14:05:00	12,70	12,19	11,61	11,16	10,75	10,37	10,07	9,77	9,49	9,22	8,98	8,73	8,48	14,13	0
11/10/2020 14:10:00	12,80	12,32	11,75	11,28	10,90	10,58	10,21	9,89	9,61	9,35	9,10	8,85	8,59	14,46	0
11/10/2020 14:15:00	13,12	12,41	11,72	11,29	10,92	10,54	10,16	9,83	9,55	9,29	9,03	8,76	8,48	14,35	0
11/10/2020 14:20:00	12,76	12,26	11,70	11,28	10,88	10,48	10,13	9,81	9,51	9,23	8,95	8,67	8,38	14,09	0
11/10/2020 14:25:00	12,54	12,21	11,68	11,27	10,92	10,54	10,16	9,83	9,52	9,24	8,96	8,67	8,38	13,73	0
11/10/2020 14:30:00	12,59	12,27	11,74	11,30	10,87	10,47	10,09	9,75	9,43	9,14	8,86	8,56	8,27	13,68	0
11/10/2020 14:35:00	12,72	12,21	11,65	11,24	10,86	10,52	10,17	9,86	9,57	9,31	9,05	8,78	8,51	14,35	0
11/10/2020 14:40:00	12,62	12,16	11,64	11,25	10,86	10,44	10,09	9,76	9,46	9,16	8,86	8,56	8,25	14,01	0
11/10/2020 14:45:00	12,67	12,26	11,68	11,18	10,77	10,39	9,99	9,64	9,33	9,04	8,77	8,50	8,22	14,06	0
11/10/2020 14:50:00	12,56	12,13	11,61	11,18	10,81	10,40	10,03	9,70	9,39	9,10	8,81	8,51	8,22	13,67	0
11/10/2020 14:55:00	12,33	12,11	11,62	11,15	10,74	10,27	9,84	9,45	9,11	8,78	8,46	8,13	7,80	13,50	0
11/10/2020 15:00:00	12,15	11,84	11,34	10,92	10,57	10,23	9,93	9,64	9,36	9,10	8,87	8,63	8,39	13,44	0
11/10/2020 15:05:00	12,10	11,88	11,43	11,09	10,66	10,27	9,92	9,59	9,27	8,97	8,67	8,37	8,06	13,22	0
11/10/2020 15:10:00	12,04	11,91	11,44	11,05	10,64	10,19	9,81	9,45	9,12	8,80	8,49	8,18	7,86	13,17	0
11/10/2020 15:15:00	12,14	11,90	11,43	10,98	10,57	10,13	9,75	9,39	9,06	8,75	8,45	8,14	7,84	13,34	0
11/10/2020 15:20:00	12,20	11,87	11,38	10,97	10,51	10,16	9,74	9,38	9,05	8,75	8,45	8,14	7,84	13,44	0
11/10/2020 15:25:00	12,20	11,88	11,35	10,90	10,51	10,13	9,77	9,44	9,13	8,85	8,59	8,31	8,04	13,37	0
11/10/2020 15:30:00	12,22	11,93	11,36	10,92	10,50	10,05	9,70	9,38	9,06	8,77	8,50	8,22	7,94	13,50	0
11/10/2020 15:35:00	11,98	11,86	11,43	10,99	10,52	10,07	9,68	9,31	8,96	8,63	8,31	7,99	7,67	13,24	0
11/10/2020 15:40:00	11,84	11,82	11,44	11,02	10,66	10,24	9,86	9,50	9,17	8,85	8,55	8,24	7,93	13,05	0
11/10/2020 15:45:00	12,17	12,15	11,82	11,44	11,04	10,59	10,21	9,84	9,49	9,15	8,81	8,47	8,12	13,18	0
11/10/2020 15:50:00	12,45	12,44	12,04	11,69	11,31	10,90	10,51	10,16	9,83	9,51	9,20	8,87	8,55	13,05	0
11/10/2020 15:55:00	12,55	12,47	12,07	11,67	11,29	10,90	10,50	10,14	9,81	9,49	9,18	8,86	8,53	13,07	0
11/10/2020 16:00:00	12,64	12,50	12,08	11,68	11,30	10,85	10,49	10,15	9,82	9,51	9,20	8,88	8,55	13,30	0
11/10/2020 16:05:00	13,08	12,90	12,46	12,00	11,59	11,22	10,83	10,48	10,16	9,85	9,55	9,25	8,94	13,39	0
11/10/2020 16:10:00	13,11	12,89	12,48	12,08	11,69	11,30	10,95	10,63	10,31	10,01	9,71	9,40	9,09	13,72	0
11/10/2020 16:15:00	13,34	13,23	12,86	12,48	12,06	11,63	11,26	10,91	10,57	10,24	9,91	9,56	9,21	13,78	0
11/10/2020 16:20:00	13,28	13,26	12,88	12,52	12,07	11,66	11,29	10,94	10,60	10,27	9,94	9,60	9,26	13,37	0
11/10/2020 16:25:00	13,39	13,42	13,04	12,62	12,17	11,75	11,37	11,01	10,67	10,34	10,01	9,67	9,34	13,34	0
11/10/2020 16:30:00	13,33	13,39	13,07	12,71	12,31	11,88	11,46	11,08	10,73	10,38	10,02	9,64	9,27	13,33	0
11/10/2020 16:35:00	13,20	13,41	13,13	12,74	12,37	11,89	11,49	11,11	10,75	10,39	10,03	9,65	9,28	13,40	0
11/10/2020 16:40:00	13,31	13,42	13,07	12,69	12,23	11,81	11,40	11,02	10,67	10,32	9,98	9,62	9,27	13,29	0
11/10/2020 16:45:00	13,22	13,30	12,97	12,61	12,20	11,77	11,38	11,01	10,66	10,32	9,97	9,61	9,25	13,05	0
11/10/2020 16:50:00	12,99	13,17	12,89	12,55	12,13	11,68	11,25	10,86	10,49	10,13	9,75	9,36	8,97	12,92	0
11/10/2020 16:55:00	12,83	13,03	12,77	12,42	11,97	11,52	11,14	10,77	10,40	10,05	9,68	9,31	8,94	12,67	0
11/10/2020 17:00:00	12,66	12,84	12,54	12,16	11,83	11,42	11,03	10,67	10,34	10,01	9,69	9,36	9,03	12,42	0
11/10/2020 17:05:00	12,34	12,46	12,22	11,86	11,43	11,05	10,69	10,34	9,99	9,66	9,33	8,99	8,66	12,32	0
11/10/2020 17:10:00	12,32	12,45	12,17	11,79	11,36	10,95	10,55	10,18	9,83	9,49	9,15	8,80	8,46	12,12	0
11/10/2020 17:15:00	12,03	12,18	11,90	11,54	11,15	10,76	10,36	9,99	9,65	9,32	8,99	8,66	8,33	12,07	0
11/10/2020 17:20:00	11,96	12,10	11,86	11,53	11,19	10,80	10,42	10,06	9,72	9,39	9,06	8,72	8,37	11,89	0
11/10/2020 17:25:00	11,85	12,09	11,83	11,49	11,14	10,73	10,37	10,01	9,67	9,35	9,02	8,69	8,36	11,89	0
11/10/2020 17:30:00	11,86	12,02	11,73	11,35	11,00	10,67	10,30	9,96	9,63	9,33	9,04	8,75	8,45	11,74	0
11/10/2020 17:35:00	11,73	11,97	11,71	11,34	10,90	10,47	10,11	9,75	9,40	9,06	8,73	8,39	8,06	11,58	0
11/10/2020 17:40:00	11,56	11,73	11,43	11,13	10,71	10,34	9,99	9,65	9,32	9,00	8,69	8,38	8,06	11,47	0
11/10/2020 17:45:00	11,34	11,60	11,40	11,09	10,74	10,40	10,01	9,65	9,31	8,98	8,66	8,33	8,00	11,38	0
11/10/2020 17:50:00	11,23	11,55	11,37	11,07	10,75	10,41	10,01	9,64	9,31	8,98	8,66	8,33	8,00	11,35	0
11/10/2020 17:55:00	11,20	11,56	11,39	11,02	10,66	10,31	9,95	9,60	9,26	8,94	8,64	8,33	8,02	11,25	0
11/10/2020 18:00:00	11,11	11,47	11,33	11,04	10,72	10,35	10,02	9,68	9,35	9,03	8,71	8,39	8,06	11,08	0
11/10/2020 18:05:00	11,05	11,50	11,35	11,02	10,70	10,27	9,94	9,59	9,24	8,91	8,59	8,26	7,93	11,01	0
11/10/2020 18:10:00	10,91	11,34	11,22	10,89	10,51	10,17	9,82	9,47	9,12	8,80	8,49	8,17	7,86	11,00	0
11/10/2020 18:15:00	10,82	11,25	11,07	10,78	10,45	10,15	9,78	9,42	9,09	8,79	8,49	8,19	7,89	10,92	0
11/10/2020 18:20:00	10,79	11,19	11,08	10,75	10,37	10,06	9,76	9,43	9,10	8,79	8,49	8,20	7,90	10,76	0
11/10/2020 18:25:00	10,89	11,15	11,01	10,73	10,40	10,06	9,75	9,43	9,10	8,79	8,48	8,17	7,85	10,73	0
11/10/2020 18:30:00	11,00	11,22	10,98	10,66	10,36	9,96	9,67	9,36	9,04	8,74	8,45	8,16	7,87	11,02	0
11/10/2020 18:35:00	11,10	11,21	10,96	10,65	10,27	9,96	9,64	9,33	9,01	8,71	8,42	8,13	7,84	11,14	0
11/10/2020 18:40:00	11,19	11,25	10,97	10,65	10,28	9,98	9,71	9,43	9,13	8,85	8,60	8,34	8,07	11,30	0
11/10/2020 18:45:00	11,29	11,33	11,05	10,70	10,31	10,02	9,68	9,35	9,03	8,74	8,46	8,17	7,89	11,27	0
11/10/2020 18:50:00	11,18	11,22	10,95	10,63	10,32	9,99	9,65	9,33	9,02	8,73	8,45	8,15	7,86	11,25	0
11/10/2020 18:55:00	11,25	11,26	10,94	10,60	10,29	9,95	9,62	9,30	9,00	8,71	8,44	8,16	7,88	11,22	0
11/10/2020 19:00:00	11,27	11,27	10,99	10,60	10,25	9,96	9,60	9,27	8,95	8,66	8,39	8,11	7,83	11,23	0
11/10/2020 19:05:00	11,19	11,24	10,89	10,55	10,16	9,86	9,54	9,22	8,92	8,64	8,38	8,12	7,86	11,18	0
11/10/2020 19:10:00	11,13	11,22	10,98	10,63	10,25	9,98	9,64	9,31	9,00	8,70	8,43	8,14	7,86	11,23	0
11/10/2020 19:15:00	11,27	11,23	10,91	10,58	10,25	9,90	9,59	9,28	8,97	8,69	8,41	8,12	7,84	11,21	0
11/10/2020 19:20:00	11,26	11,11	10,85	10,51	10,16	9,95	9,67	9,40	9,11	8,85	8,60	8,35	8,10	11,24	0
11/10/2020 19:25:00	11,21	11,19	10,88	10,56	10,25	9,93	9,63	9,33	9,03	8,75	8,49	8,22	7,95	11,22	0
11/10/2020 19:30:00	11,16	11,25	10,97	10,63	10,30	9,95	9,69	9,40	9,09	8,81	8,55	8,29	8,02	11,18	0
11/10/2020 19:35:00	11,14	11,10	10,85	10,59	10,29	10,04	9,76	9,47	9,19	8,92	8,66	8,39	8,12	11,13	0
11/10/2020 19:40:00	11,20	11,17	10,88	10,55	10,21	9,92	9,67	9,41	9,12	8,86	8,62	8,37	8,13	11,12	0
11/10/2020 19:45:00	11,11	11,11	10,84	10,59	10,29	10,01	9,73	9,46	9,17	8,90	8,65	8,38	8,11	11,10	0
11/10/2020 19:50:00	11,09	11,06	10,81	10,47	10,18	9,87	9,58	9,29	8,99	8,71	8,45	8,18	7,91	11,12	0
11/10/2020 19:55:00	11,05	11,09	10,83	10,49	10,16	9,85	9,58	9,30	8,99	8,72	8,46	8,20	7,93	11,09	0
11/10/2020 20:00:00	11,02	11,04	10,77	10,41	10,05	9,63	9,34	9,03	8,70	8,39	8,10	7,79	7,49	11,05	0
11/10/2020 20:05:00	10,85	10,83	10,57	10,30	10,02	9,77	9,53	9,27	8,99	8,74	8,51	8,26	8,02	11,03	0
11/10/2020 20:10:00	10,97	11,01	10,69	10,36	10,12	9,84	9,58	9,31	9,03	8,79	8,58	8,35	8,13	11,03	0
11/10/2020 20:15:00	11,05	11,08	10,81	10,46	10,14	9,84	9,56	9,28	8,98	8,71	8,46	8,21	7,95	11,07	0
11/10/2020 20:20:00	10,97	11,02	10,76	10,42	10,12	9,83	9,53	9,24	8,94	8,67	8,42	8,16	7,90	11,00	0
11/10/2020 20:25:00	11,07	11,09	10,83	10,55	10,24	9,92	9,62	9,32	9,02	8,73	8,46	8,17	7,89	11,04	0
11/10/2020 20:30:00	11,01	10,94	10,65	10,38	10,11	9,86	9,59	9,32	9,04	8,79	8,55	8,30	8,06	11,03	0
11/10/2020 20:35:00	10,89	10,94	10,68	10,33	10,03	9,74	9,46	9,18	8,88	8,61	8,37	8,12	7,86	11,03	0
11/10/2020 20:40:00	11,05	10,97	10,69	10,36	10,10	9,81	9,58	9,32	9,05	8,80	8,57	8,33	8,09	11,03	0
11/10/2020 20:45:00	11,01	11,04	10,75	10,41	10,11	9,86	9,55	9,25	8,96	8,71	8,47	8,22	7,98	10,96	0
11/10/2020 20:50:00	11,01	11,01	10,74	10,41	10,09	9,73	9,48	9,20	8,90	8,62	8,35	8,08	7,81	11,02	0
11/10/2020 20:55:00	10,94	11,02	10,69	10,37	10,06	9,75	9,51	9,24	8,96	8,70	8,48	8,24	8,01	10,98	0
11/10/2020 21:00:00	11,02	10,97	10,71	10,43	10,16	9,96	9,68	9,41	9,14	8,90	8,67	8,43	8,19	11,02	0
11/10/2020 21:05:00	10,99	10,97	10,75	10,43	10,17	9,90	9,66	9,41	9,12	8,87	8,63	8,38	8,13	10,95	0
11/10/2020 21:10:00	10,92	10,93	10,71	10,43	10,14	9,90	9,63	9,35	9,07	8,81	8,57	8,32	8,06	10,93	0
11/10/2020 21:15:00	11,00	10,95	10,72	10,42	10,20	10,02	9,74	9,46	9,20	8,95	8,73	8,49	8,26	10,98	0
11/10/2020 21:20:00	11,01	10,94	10,72	10,49	10,22	9,96	9,70	9,43	9,14	8,87	8,61	8,34	8,06	10,99	0
11/10/2020 21:25:00	10,94	11,02	10,83	10,52	10,20	9,90	9,62	9,32	9,01	8,73	8,46	8,18	7,90	10,99	0
11/10/2020 21:30:00	11,07	11,08	10,87	10,61	10,35	10,09	9,82	9,55	9,26	8,99	8,74	8,47	8,20	10,96	0
11/10/2020 21:35:00	10,99	11,20	10,97	10,66	10,42	10,20	9,90	9,61	9,33	9,08	8,85	8,60	8,36	11,13	0
11/10/2020 21:40:00	11,12	11,16	10,93	10,68	10,39	10,16	9,91	9,65	9,37	9,11	8,87	8,62	8,37	11,12	0
11/10/2020 21:45:00	11,08	11,07	10,85	10,57	10,29	10,09	9,82	9,55	9,27	9,02	8,78	8,53	8,28	11,11	0
11/10/2020 21:50:00	11,03	11,14	10,91	10,62	10,43	10,19	9,93	9,66	9,40	9,15	8,93	8,69	8,45	11,15	0
11/10/2020 21:55:00	11,08	11,10	10,86	10,60	10,39	10,16	9,92	9,68	9,41	9,18	8,96	8,72	8,49	11,08	0
11/10/2020 22:00:00	11,03	11,08	10,90	10,70	10,45	10,19	9,92	9,64	9,35	9,08	8,81	8,53	8,25	11,13	0
11/10/2020 22:05:00	11,08	11,14	10,89	10,58	10,29	10,07	9,75	9,44	9,15	8,89	8,64	8,39	8,13	11,10	0
11/10/2020 22:10:00	11,16	11,16	10,92	10,69	10,39	10,18	9,93	9,67	9,39	9,13	8,89	8,64	8,39	11,12	0
11/10/2020 22:15:00	11,11	11,05	10,81	10,53	10,27	10,06	9,80	9,55	9,27	9,03	8,80	8,55	8,31	11,11	0
11/10/2020 22:20:00	11,18	11,17	10,96	10,72	10,50	10,25	10,00	9,73	9,45	9,19	8,94	8,67	8,40	11,15	0
11/10/2020 22:25:00	11,14	11,15	10,92	10,63	10,40	10,11	9,87	9,61	9,33	9,08	8,84	8,58	8,33	11,16	0
11/10/2020 22:30:00	11,09	11,12	10,90	10,62	10,30	10,09	9,81	9,53	9,24	8,98	8,73	8,47	8,21	11,12	0
11/10/2020 22:35:00	11,22	11,22	10,97	10,67	10,45	10,16	9,88	9,60	9,31	9,05	8,80	8,54	8,28	11,20	0
11/10/2020 22:40:00	11,19	11,17	10,94	10,68	10,39	10,09	9,80	9,51	9,21	8,92	8,64	8,35	8,06	11,24	0
11/10/2020 22:45:00	11,18	11,17	10,96	10,64	10,37	10,07	9,78	9,48	9,18	8,90	8,63	8,35	8,07	11,19	0
11/10/2020 22:50:00	11,22	11,26	11,12	10,83	10,55	10,27	9,96	9,66	9,35	9,06	8,77	8,46	8,16	11,22	0
11/10/2020 22:55:00	11,26	11,30	11,10	10,78	10,49	10,24	9,98	9,71	9,42	9,16	8,91	8,65	8,39	11,19	0
11/10/2020 23:00:00	11,21	11,29	11,12	10,84	10,57	10,28	9,99	9,70	9,40	9,12	8,84	8,55	8,26	11,23	0
11/10/2020 23:05:00	11,28	11,31	11,09	10,88	10,67	10,40	10,15	9,90	9,62	9,36	9,11	8,85	8,58	11,25	0
11/10/2020 23:10:00	11,30	11,32	11,14	10,88	10,64	10,44	10,14	9,85	9,57	9,31	9,05	8,78	8,51	11,25	0
11/10/2020 23:15:00	11,26	11,20	10,99	10,75	10,53	10,31	10,07	9,82	9,55	9,30	9,07	8,81	8,56	11,33	0
11/10/2020 23:20:00	11,32	11,36	11,16	10,87	10,66	10,38	10,04	9,72	9,42	9,14	8,86	8,56	8,27	11,27	0
11/10/2020 23:25:00	11,31	11,41	11,15	10,90	10,62	10,38	10,12	9,85	9,57	9,32	9,08	8,83	8,58	11,23	0
11/10/2020 23:30:00	11,22	11,21	11,05	10,77	10,56	10,30	10,01	9,73	9,44	9,17	8,90	8,61	8,33	11,30	0
11/10/2020 23:35:00	11,22	11,20	11,01	10,72	10,47	10,25	9,98	9,71	9,43	9,17	8,93	8,67	8,41	11,18	0
11/10/2020 23:40:00	11,19	11,32	11,21	10,95	10,66	10,42	10,13	9,84	9,54	9,25	8,97	8,68	8,39	11,28	0
11/10/2020 23:45:00	11,34	11,32	11,06	10,80	10,56	10,33	10,09	9,83	9,56	9,32	9,09	8,85	8,61	11,27	0
11/10/2020 23:50:00	11,27	11,29	11,10	10,82	10,59	10,30	10,00	9,71	9,42	9,14	8,87	8,58	8,30	11,26	0
11/10/2020 23:55:00	11,31	11,27	11,07	10,74	10,49	10,24	9,94	9,64	9,35	9,08	8,82	8,54	8,27	11,25	0
