FileFormat:0002.2 file with temperature of atmosphere
200
local	GMT or Local
0	GMT-Local=[hours]
0	Height[m]
0	0	0	Longitude                [grd]               [min]               [sec]
0	0	0	Latitude                [grd]               [min]               [sec]
N	NS
59,40	Freq[GHz]
0,00	dTemostat[K]
0,150	MessErr[K]
0,248	//[grad/step]
version 14.0.20110218
MTP5H033F5940K-33.00D180214+A1.1
Commentary:
enter comment
End Of Commentary

SYSTEM\summer.dat
data time	0	50	100	150	200	250	300	350	400	450	500	550	600	OutsideTemperature	Quality
30/09/2020 00:00:00	10,15	11,43	11,79	11,94	11,95	11,86	11,67	11,43	11,16	10,89	10,61	10,32	10,02	10,87	0
30/09/2020 00:05:00	10,19	11,29	11,67	11,81	11,88	11,84	11,67	11,46	11,21	10,96	10,70	10,41	10,13	10,98	0
30/09/2020 00:10:00	10,06	11,32	11,69	11,82	11,86	11,81	11,66	11,45	11,20	10,95	10,71	10,44	10,17	10,98	0
30/09/2020 00:15:00	10,23	11,29	11,67	11,84	11,86	11,84	11,70	11,52	11,27	11,04	10,79	10,52	10,25	10,70	0
30/09/2020 00:20:00	10,60	11,55	11,92	12,07	12,04	12,05	11,92	11,73	11,49	11,25	11,00	10,73	10,46	10,65	0
30/09/2020 00:25:00	10,57	11,55	11,89	12,07	12,13	12,11	11,95	11,76	11,52	11,29	11,04	10,76	10,48	10,53	0
30/09/2020 00:30:00	10,57	11,55	11,91	12,06	12,10	12,09	12,01	11,85	11,62	11,40	11,17	10,92	10,66	10,60	0
30/09/2020 00:35:00	10,60	11,62	11,90	12,03	12,09	12,05	11,89	11,69	11,45	11,22	10,98	10,72	10,46	10,69	0
30/09/2020 00:40:00	10,64	11,48	11,76	11,88	11,93	11,95	11,89	11,76	11,55	11,35	11,15	10,93	10,71	10,82	0
30/09/2020 00:45:00	10,52	11,44	11,71	11,84	11,94	11,90	11,84	11,70	11,49	11,29	11,09	10,87	10,65	10,65	0
30/09/2020 00:50:00	10,27	11,43	11,78	11,89	11,90	11,89	11,76	11,58	11,33	11,10	10,88	10,63	10,38	10,35	0
30/09/2020 00:55:00	10,44	11,61	11,93	12,07	12,16	12,16	12,05	11,88	11,65	11,44	11,24	11,00	10,77	10,33	0
30/09/2020 01:00:00	10,49	11,48	11,82	12,02	12,11	12,19	12,09	11,95	11,74	11,54	11,34	11,11	10,88	10,15	0
30/09/2020 01:05:00	9,92	11,16	11,57	11,80	11,90	11,92	11,77	11,58	11,35	11,12	10,89	10,62	10,36	10,14	0
30/09/2020 01:10:00	9,79	11,22	11,61	11,72	11,78	11,72	11,65	11,49	11,24	11,02	10,81	10,58	10,35	9,94	0
30/09/2020 01:15:00	9,85	11,16	11,63	11,79	11,92	11,92	11,84	11,68	11,44	11,23	11,01	10,77	10,52	9,89	0
30/09/2020 01:20:00	9,86	11,16	11,53	11,70	11,77	11,85	11,71	11,52	11,30	11,10	10,90	10,68	10,46	10,31	0
30/09/2020 01:25:00	10,16	11,29	11,67	11,89	12,02	12,11	12,07	11,96	11,76	11,59	11,42	11,22	11,02	10,25	0
30/09/2020 01:30:00	10,21	11,15	11,52	11,71	11,79	11,95	11,95	11,86	11,68	11,52	11,37	11,19	11,01	10,29	0
30/09/2020 01:35:00	10,14	11,28	11,69	11,92	12,10	12,16	12,10	11,97	11,77	11,58	11,39	11,17	10,96	10,19	0
30/09/2020 01:40:00	10,22	11,22	11,60	11,82	11,98	12,02	11,97	11,85	11,65	11,45	11,25	11,02	10,79	10,13	0
30/09/2020 01:45:00	10,15	11,13	11,49	11,73	11,93	11,97	11,96	11,86	11,68	11,50	11,33	11,12	10,91	10,13	0
30/09/2020 01:50:00	10,07	11,02	11,39	11,65	11,89	12,03	12,04	11,98	11,82	11,68	11,54	11,37	11,20	10,06	0
30/09/2020 01:55:00	9,90	10,76	11,12	11,39	11,61	11,81	11,76	11,66	11,51	11,37	11,22	11,05	10,87	9,97	0
30/09/2020 02:00:00	10,01	10,78	11,08	11,30	11,55	11,69	11,74	11,70	11,56	11,44	11,34	11,20	11,07	9,96	0
30/09/2020 02:05:00	9,89	10,63	11,10	11,43	11,64	11,85	11,91	11,87	11,72	11,58	11,43	11,26	11,08	9,85	0
30/09/2020 02:10:00	9,67	10,53	10,94	11,20	11,46	11,60	11,69	11,66	11,51	11,38	11,26	11,11	10,96	9,75	0
30/09/2020 02:15:00	9,73	10,36	10,78	11,06	11,29	11,55	11,56	11,51	11,37	11,25	11,12	10,96	10,80	9,67	0
30/09/2020 02:20:00	9,53	10,20	10,61	10,90	11,18	11,43	11,51	11,49	11,37	11,26	11,17	11,03	10,90	9,59	0
30/09/2020 02:25:00	9,50	10,05	10,47	10,83	11,16	11,44	11,49	11,47	11,37	11,26	11,16	11,01	10,87	9,51	0
30/09/2020 02:30:00	9,49	10,12	10,48	10,85	11,08	11,34	11,38	11,35	11,22	11,11	11,00	10,85	10,70	9,47	0
30/09/2020 02:35:00	9,43	10,01	10,42	10,69	11,01	11,23	11,32	11,31	11,18	11,08	10,97	10,83	10,69	9,43	0
30/09/2020 02:40:00	9,27	10,03	10,46	10,77	11,10	11,26	11,38	11,37	11,24	11,13	11,02	10,87	10,73	9,35	0
30/09/2020 02:45:00	9,24	10,04	10,55	10,86	11,15	11,40	11,48	11,46	11,33	11,21	11,09	10,95	10,80	9,25	0
30/09/2020 02:50:00	9,26	10,23	10,74	11,02	11,28	11,56	11,62	11,58	11,44	11,33	11,22	11,08	10,94	9,28	0
30/09/2020 02:55:00	9,15	10,17	10,67	11,02	11,33	11,52	11,64	11,63	11,49	11,37	11,25	11,11	10,97	9,22	0
30/09/2020 03:00:00	9,19	10,05	10,54	10,90	11,22	11,48	11,54	11,51	11,38	11,26	11,14	10,99	10,83	9,20	0
30/09/2020 03:05:00	9,12	9,96	10,30	10,68	11,02	11,25	11,32	11,30	11,20	11,11	11,03	10,91	10,79	9,14	0
30/09/2020 03:10:00	9,19	10,04	10,49	10,83	11,07	11,30	11,37	11,34	11,21	11,08	10,97	10,82	10,67	9,10	0
30/09/2020 03:15:00	9,01	10,06	10,58	11,00	11,32	11,56	11,62	11,58	11,45	11,33	11,20	11,03	10,87	9,03	0
30/09/2020 03:20:00	9,06	10,19	10,57	10,91	11,25	11,42	11,47	11,44	11,30	11,20	11,10	10,97	10,85	8,81	0
30/09/2020 03:25:00	9,21	9,80	10,12	10,42	10,71	10,97	11,03	11,01	10,90	10,82	10,74	10,63	10,52	8,68	0
30/09/2020 03:30:00	9,03	9,87	10,12	10,46	10,76	11,02	11,06	11,03	10,92	10,84	10,78	10,68	10,58	8,76	0
30/09/2020 03:35:00	9,13	9,81	10,03	10,34	10,64	10,87	10,96	10,96	10,86	10,79	10,74	10,65	10,57	9,01	0
30/09/2020 03:40:00	8,99	9,74	10,04	10,34	10,68	10,95	11,03	11,03	10,93	10,87	10,82	10,74	10,66	8,96	0
30/09/2020 03:45:00	8,87	9,63	9,90	10,23	10,51	10,78	10,90	10,92	10,83	10,77	10,74	10,67	10,60	8,98	0
30/09/2020 03:50:00	9,15	9,78	10,05	10,38	10,74	10,98	11,06	11,06	10,97	10,90	10,85	10,76	10,66	9,19	0
30/09/2020 03:55:00	9,09	9,71	9,99	10,23	10,57	10,83	10,97	11,01	10,92	10,86	10,84	10,78	10,72	9,17	0
30/09/2020 04:00:00	9,02	9,73	9,94	10,28	10,60	10,92	11,05	11,08	11,01	10,98	10,98	10,94	10,90	9,05	0
30/09/2020 04:05:00	9,06	9,79	10,07	10,36	10,71	10,98	11,09	11,10	11,02	10,96	10,93	10,86	10,80	9,05	0
30/09/2020 04:10:00	9,10	9,80	10,10	10,36	10,76	10,98	11,07	11,07	10,98	10,91	10,86	10,78	10,70	8,74	0
30/09/2020 04:15:00	8,74	9,45	9,74	10,09	10,45	10,72	10,82	10,83	10,75	10,69	10,65	10,57	10,49	8,77	0
30/09/2020 04:20:00	8,79	9,44	9,68	10,04	10,37	10,70	10,82	10,85	10,78	10,74	10,73	10,68	10,64	8,84	0
30/09/2020 04:25:00	8,81	9,46	9,75	10,11	10,44	10,75	10,88	10,90	10,82	10,77	10,74	10,67	10,60	8,61	0
30/09/2020 04:30:00	8,55	9,18	9,48	9,84	10,19	10,48	10,65	10,70	10,62	10,58	10,56	10,50	10,44	8,63	0
30/09/2020 04:35:00	8,60	9,35	9,64	9,99	10,40	10,68	10,83	10,87	10,80	10,77	10,75	10,70	10,65	8,58	0
30/09/2020 04:40:00	8,74	9,22	9,52	9,87	10,26	10,61	10,76	10,81	10,76	10,73	10,72	10,67	10,63	8,78	0
30/09/2020 04:45:00	8,80	9,07	9,35	9,81	10,27	10,63	10,77	10,83	10,80	10,78	10,76	10,70	10,64	8,69	0
30/09/2020 04:50:00	8,66	9,13	9,41	9,73	10,09	10,56	10,69	10,75	10,71	10,70	10,73	10,72	10,71	8,72	0
30/09/2020 04:55:00	8,89	9,32	9,59	10,04	10,45	10,94	11,11	11,20	11,18	11,19	11,23	11,22	11,21	8,91	0
30/09/2020 05:00:00	8,77	9,38	9,62	10,01	10,52	10,85	11,02	11,10	11,07	11,07	11,10	11,09	11,08	8,84	0
30/09/2020 05:05:00	8,81	9,31	9,57	9,95	10,37	10,74	10,90	10,97	10,92	10,91	10,93	10,90	10,88	8,70	0
30/09/2020 05:10:00	8,62	9,07	9,33	9,75	10,16	10,58	10,74	10,81	10,78	10,78	10,80	10,78	10,75	8,59	0
30/09/2020 05:15:00	8,32	9,16	9,46	9,85	10,27	10,62	10,75	10,79	10,73	10,70	10,70	10,67	10,63	8,42	0
30/09/2020 05:20:00	8,50	9,05	9,36	9,83	10,28	10,68	10,89	10,99	10,96	10,96	10,99	10,96	10,94	8,49	0
30/09/2020 05:25:00	8,47	9,06	9,32	9,78	10,25	10,67	10,91	11,03	11,01	11,04	11,09	11,10	11,12	8,87	0
30/09/2020 05:30:00	8,51	9,01	9,30	9,69	10,14	10,56	10,75	10,83	10,80	10,81	10,84	10,83	10,83	8,74	0
30/09/2020 05:35:00	8,32	8,96	9,46	9,93	10,36	10,73	10,88	10,93	10,86	10,80	10,74	10,65	10,55	8,49	0
30/09/2020 05:40:00	8,39	9,12	9,56	10,07	10,55	10,95	11,13	11,21	11,17	11,15	11,13	11,08	11,02	8,47	0
30/09/2020 05:45:00	8,39	9,22	9,68	10,15	10,58	11,03	11,23	11,32	11,27	11,26	11,27	11,23	11,20	8,38	0
30/09/2020 05:50:00	8,82	9,20	9,49	9,90	10,33	10,82	11,04	11,15	11,14	11,17	11,22	11,23	11,24	8,15	0
30/09/2020 05:55:00	8,40	8,91	9,27	9,74	10,26	10,63	10,85	10,96	10,93	10,93	10,95	10,92	10,89	8,13	0
30/09/2020 06:00:00	8,23	8,59	8,92	9,35	9,82	10,39	10,58	10,68	10,68	10,72	10,79	10,81	10,83	8,02	0
30/09/2020 06:05:00	7,98	8,59	8,88	9,32	9,79	10,17	10,36	10,44	10,41	10,41	10,44	10,42	10,40	8,02	0
30/09/2020 06:10:00	8,11	8,45	8,73	9,21	9,77	10,11	10,32	10,42	10,40	10,41	10,43	10,41	10,38	8,21	0
30/09/2020 06:15:00	8,09	8,63	8,91	9,34	9,76	10,18	10,35	10,42	10,39	10,40	10,43	10,42	10,41	8,20	0
30/09/2020 06:20:00	8,19	8,52	8,70	9,10	9,61	10,05	10,27	10,39	10,40	10,45	10,53	10,57	10,61	8,28	0
30/09/2020 06:25:00	8,32	8,72	9,00	9,40	9,88	10,25	10,46	10,56	10,53	10,54	10,56	10,54	10,53	8,26	0
30/09/2020 06:30:00	8,30	8,75	8,99	9,42	9,87	10,32	10,55	10,66	10,66	10,69	10,75	10,77	10,80	8,45	0
30/09/2020 06:35:00	8,46	8,76	9,02	9,53	10,02	10,48	10,72	10,85	10,85	10,88	10,93	10,94	10,94	8,35	0
30/09/2020 06:40:00	8,30	8,82	9,12	9,59	10,11	10,47	10,75	10,89	10,87	10,89	10,94	10,94	10,94	8,32	0
30/09/2020 06:45:00	8,45	9,02	9,34	9,73	10,26	10,72	10,93	11,03	11,02	11,05	11,11	11,13	11,15	8,45	0
30/09/2020 06:50:00	8,33	8,78	9,13	9,66	10,19	10,65	10,92	11,06	11,06	11,09	11,14	11,14	11,14	8,28	0
30/09/2020 06:55:00	8,18	8,79	9,13	9,66	10,17	10,67	10,94	11,08	11,09	11,12	11,19	11,21	11,23	8,15	0
30/09/2020 07:00:00	8,29	8,78	9,10	9,58	10,15	10,62	10,84	10,96	10,97	11,01	11,07	11,08	11,09	8,26	0
30/09/2020 07:05:00	8,14	8,57	8,84	9,41	10,03	10,57	10,86	11,04	11,08	11,16	11,28	11,34	11,40	8,24	0
30/09/2020 07:10:00	8,15	8,63	8,92	9,40	9,94	10,48	10,76	10,91	10,94	11,01	11,11	11,17	11,23	8,39	0
30/09/2020 07:15:00	8,41	8,72	8,99	9,55	10,08	10,56	10,84	11,00	11,02	11,07	11,14	11,16	11,17	8,39	0
30/09/2020 07:20:00	8,37	8,68	8,98	9,51	10,00	10,52	10,80	10,95	10,97	11,01	11,09	11,11	11,14	8,42	0
30/09/2020 07:25:00	8,55	8,79	9,05	9,52	9,99	10,45	10,69	10,81	10,81	10,84	10,88	10,88	10,88	8,48	0
30/09/2020 07:30:00	8,60	8,76	8,91	9,40	9,95	10,45	10,74	10,91	10,95	11,03	11,15	11,20	11,26	8,57	0
30/09/2020 07:35:00	8,64	8,80	8,95	9,34	9,77	10,22	10,51	10,67	10,68	10,74	10,83	10,88	10,93	8,60	0
30/09/2020 07:40:00	8,66	8,72	8,87	9,29	9,84	10,36	10,59	10,73	10,76	10,84	10,94	10,99	11,04	8,69	0
30/09/2020 07:45:00	8,90	8,88	8,94	9,29	9,83	10,37	10,68	10,87	10,93	11,03	11,19	11,30	11,41	8,80	0
30/09/2020 07:50:00	8,92	8,99	9,06	9,46	9,94	10,42	10,65	10,79	10,82	10,89	10,99	11,04	11,09	8,90	0
30/09/2020 07:55:00	8,97	9,01	9,06	9,45	9,98	10,55	10,80	10,97	11,02	11,13	11,28	11,38	11,48	9,05	0
30/09/2020 08:00:00	9,10	9,12	9,22	9,63	10,16	10,71	10,92	11,06	11,10	11,18	11,30	11,36	11,42	9,09	0
30/09/2020 08:05:00	9,13	9,16	9,21	9,58	10,08	10,47	10,78	10,95	10,98	11,05	11,16	11,22	11,28	9,08	0
30/09/2020 08:10:00	9,29	9,26	9,27	9,65	10,09	10,52	10,72	10,83	10,85	10,90	10,98	11,01	11,04	9,22	0
30/09/2020 08:15:00	9,30	9,31	9,35	9,62	10,03	10,51	10,71	10,83	10,84	10,90	11,00	11,06	11,12	9,30	0
30/09/2020 08:20:00	9,27	9,25	9,30	9,61	9,95	10,29	10,59	10,74	10,73	10,76	10,83	10,86	10,89	9,25	0
30/09/2020 08:25:00	9,31	9,30	9,29	9,62	10,06	10,57	10,74	10,84	10,87	10,94	11,05	11,11	11,17	9,27	0
30/09/2020 08:30:00	9,44	9,40	9,35	9,66	10,04	10,49	10,67	10,78	10,79	10,84	10,94	10,99	11,04	9,40	0
30/09/2020 08:35:00	9,51	9,37	9,34	9,63	10,06	10,46	10,70	10,83	10,85	10,90	11,00	11,05	11,10	9,45	0
30/09/2020 08:40:00	9,62	9,47	9,44	9,71	10,03	10,41	10,62	10,73	10,72	10,75	10,82	10,85	10,88	9,60	0
30/09/2020 08:45:00	9,70	9,47	9,36	9,66	10,08	10,50	10,69	10,81	10,83	10,89	10,99	11,04	11,09	9,82	0
30/09/2020 08:50:00	9,92	9,71	9,62	9,91	10,40	10,79	10,98	11,09	11,12	11,18	11,27	11,31	11,35	9,90	0
30/09/2020 08:55:00	10,04	9,73	9,59	9,84	10,18	10,61	10,76	10,84	10,85	10,90	10,99	11,03	11,07	9,94	0
30/09/2020 09:00:00	10,15	9,94	9,75	9,86	10,09	10,44	10,63	10,72	10,71	10,75	10,85	10,91	10,97	10,15	0
30/09/2020 09:05:00	10,30	10,08	9,88	10,00	10,29	10,60	10,72	10,77	10,75	10,77	10,84	10,87	10,89	10,35	0
30/09/2020 09:10:00	10,37	10,09	9,86	10,01	10,29	10,60	10,80	10,90	10,89	10,94	11,03	11,08	11,14	10,46	0
30/09/2020 09:15:00	10,43	10,21	9,97	10,14	10,42	10,78	10,97	11,07	11,07	11,12	11,23	11,30	11,36	10,42	0
30/09/2020 09:20:00	10,62	10,22	10,00	10,10	10,35	10,57	10,74	10,82	10,78	10,79	10,84	10,84	10,85	10,70	0
30/09/2020 09:25:00	10,63	10,29	10,13	10,30	10,54	10,86	11,07	11,18	11,17	11,19	11,26	11,29	11,32	10,67	0
30/09/2020 09:30:00	10,72	10,34	10,14	10,28	10,52	10,80	10,95	11,01	10,98	10,99	11,04	11,04	11,04	10,70	0
30/09/2020 09:35:00	10,83	10,42	10,17	10,30	10,57	10,84	11,04	11,14	11,13	11,16	11,24	11,28	11,32	10,77	0
30/09/2020 09:40:00	11,05	10,48	10,17	10,23	10,42	10,78	10,93	11,02	11,01	11,05	11,15	11,21	11,26	10,85	0
30/09/2020 09:45:00	11,51	10,49	10,10	10,12	10,48	10,90	11,06	11,18	11,23	11,32	11,46	11,54	11,63	11,15	0
30/09/2020 09:50:00	11,44	10,70	10,33	10,32	10,51	10,83	10,99	11,08	11,08	11,12	11,22	11,28	11,33	11,27	0
30/09/2020 09:55:00	11,79	10,71	10,21	10,19	10,44	10,73	10,99	11,15	11,18	11,26	11,41	11,51	11,61	11,31	0
30/09/2020 10:00:00	11,49	10,87	10,53	10,61	10,94	11,40	11,58	11,70	11,74	11,84	12,00	12,10	12,21	11,36	0
30/09/2020 10:05:00	11,44	11,01	10,72	10,72	10,96	11,24	11,38	11,45	11,43	11,46	11,54	11,58	11,63	11,70	0
30/09/2020 10:10:00	11,85	11,11	10,73	10,73	10,92	11,11	11,19	11,23	11,19	11,19	11,22	11,21	11,20	11,83	0
30/09/2020 10:15:00	11,85	11,16	10,73	10,81	11,20	11,63	11,82	11,95	12,01	12,12	12,29	12,41	12,52	12,05	0
30/09/2020 10:20:00	12,31	11,18	10,77	10,91	11,26	11,68	11,83	11,94	11,99	12,06	12,17	12,22	12,26	12,12	0
30/09/2020 10:25:00	12,38	11,47	11,09	11,19	11,49	11,74	11,85	11,91	11,91	11,93	11,96	11,95	11,93	12,47	0
30/09/2020 10:30:00	12,00	11,52	11,15	11,14	11,35	11,61	11,76	11,83	11,81	11,85	11,94	11,98	12,03	12,75	0
30/09/2020 10:35:00	11,86	11,51	11,26	11,34	11,52	11,74	11,86	11,91	11,86	11,86	11,88	11,87	11,86	12,47	0
30/09/2020 10:40:00	11,82	11,57	11,34	11,47	11,73	11,89	12,00	12,04	11,99	11,97	11,97	11,93	11,89	12,38	0
30/09/2020 10:45:00	12,05	11,72	11,47	11,57	11,73	11,94	11,97	11,95	11,89	11,85	11,82	11,76	11,69	12,54	0
30/09/2020 10:50:00	12,59	11,91	11,48	11,47	11,53	11,61	11,65	11,63	11,55	11,49	11,46	11,39	11,31	13,34	0
30/09/2020 10:55:00	12,85	12,07	11,50	11,44	11,58	11,74	11,76	11,75	11,71	11,71	11,74	11,72	11,71	13,29	0
30/09/2020 11:00:00	12,60	12,07	11,67	11,55	11,59	11,71	11,75	11,74	11,65	11,61	11,61	11,58	11,54	13,52	0
30/09/2020 11:05:00	12,42	12,01	11,74	11,74	11,87	12,01	11,97	11,92	11,82	11,75	11,70	11,60	11,50	13,43	0
30/09/2020 11:10:00	12,41	12,08	11,83	11,80	11,89	11,97	11,98	11,95	11,84	11,76	11,71	11,62	11,53	12,95	0
30/09/2020 11:15:00	12,46	12,13	11,88	11,94	12,06	12,21	12,22	12,19	12,10	12,03	11,98	11,89	11,80	13,47	0
30/09/2020 11:20:00	12,88	12,59	12,32	12,32	12,50	12,61	12,64	12,62	12,54	12,48	12,44	12,36	12,28	13,37	0
30/09/2020 11:25:00	12,94	12,76	12,56	12,56	12,64	12,75	12,69	12,61	12,48	12,38	12,29	12,16	12,03	13,70	0
30/09/2020 11:30:00	13,09	12,92	12,74	12,70	12,70	12,77	12,67	12,56	12,41	12,27	12,14	11,97	11,81	13,60	0
30/09/2020 11:35:00	13,28	13,01	12,77	12,70	12,72	12,78	12,72	12,63	12,50	12,38	12,28	12,14	12,00	13,73	0
30/09/2020 11:40:00	13,46	13,18	12,89	12,84	12,82	12,87	12,76	12,64	12,50	12,36	12,24	12,07	11,91	13,85	0
30/09/2020 11:45:00	13,75	13,31	12,90	12,73	12,63	12,60	12,55	12,45	12,30	12,19	12,09	11,97	11,85	14,04	0
30/09/2020 11:50:00	13,86	13,51	13,12	12,94	12,81	12,75	12,65	12,52	12,35	12,20	12,08	11,92	11,77	14,24	0
30/09/2020 11:55:00	14,09	13,72	13,25	13,01	12,81	12,73	12,59	12,44	12,26	12,11	11,98	11,82	11,67	14,95	0
30/09/2020 12:00:00	14,24	13,88	13,41	13,10	12,92	12,84	12,67	12,49	12,31	12,15	12,02	11,86	11,70	14,92	0
30/09/2020 12:05:00	14,49	14,19	13,66	13,43	13,29	13,15	12,93	12,72	12,53	12,35	12,18	11,98	11,77	15,69	0
30/09/2020 12:10:00	14,76	14,43	13,76	13,41	13,23	13,10	12,93	12,77	12,60	12,47	12,37	12,26	12,14	16,19	0
30/09/2020 12:15:00	14,52	14,43	13,99	13,74	13,57	13,45	13,27	13,09	12,89	12,72	12,57	12,39	12,22	15,91	0
30/09/2020 12:20:00	14,84	14,76	14,19	13,91	13,72	13,54	13,32	13,11	12,90	12,73	12,57	12,39	12,20	15,99	0
30/09/2020 12:25:00	15,20	14,94	14,33	13,99	13,71	13,54	13,29	13,07	12,85	12,66	12,49	12,30	12,11	16,64	0
30/09/2020 12:30:00	15,22	14,94	14,37	14,03	13,79	13,57	13,34	13,11	12,89	12,69	12,50	12,29	12,08	16,67	0
30/09/2020 12:35:00	15,83	15,21	14,53	14,13	13,80	13,50	13,26	13,02	12,79	12,57	12,37	12,14	11,91	17,07	0
30/09/2020 12:40:00	15,84	15,44	14,82	14,38	14,07	13,74	13,41	13,12	12,85	12,60	12,35	12,08	11,81	17,87	0
30/09/2020 12:45:00	16,15	15,42	14,79	14,33	13,96	13,65	13,37	13,11	12,86	12,61	12,37	12,11	11,86	17,28	0
30/09/2020 12:50:00	16,10	15,52	14,84	14,47	14,13	13,92	13,63	13,38	13,15	12,94	12,73	12,49	12,26	17,89	0
30/09/2020 12:55:00	16,41	15,67	14,94	14,55	14,22	13,90	13,62	13,36	13,12	12,89	12,66	12,39	12,13	18,43	0
30/09/2020 13:00:00	16,46	15,84	15,16	14,68	14,23	13,86	13,50	13,18	12,89	12,61	12,33	12,03	11,72	17,54	0
30/09/2020 13:05:00	16,72	15,83	15,10	14,61	14,24	13,98	13,72	13,47	13,25	13,04	12,84	12,61	12,39	17,54	0
30/09/2020 13:10:00	16,48	15,98	15,44	15,01	14,67	14,32	13,96	13,63	13,34	13,05	12,74	12,40	12,07	17,84	0
30/09/2020 13:15:00	16,38	15,87	15,27	14,86	14,51	14,21	13,90	13,63	13,36	13,11	12,86	12,58	12,31	17,86	0
30/09/2020 13:20:00	16,71	16,02	15,27	14,81	14,43	14,14	13,85	13,59	13,35	13,13	12,91	12,67	12,43	17,60	0
30/09/2020 13:25:00	17,04	15,93	15,13	14,71	14,38	14,12	13,86	13,64	13,42	13,22	13,01	12,77	12,53	17,92	0
30/09/2020 13:30:00	17,09	16,07	15,34	14,89	14,54	14,22	13,92	13,66	13,42	13,18	12,93	12,65	12,38	18,11	0
30/09/2020 13:35:00	16,97	16,33	15,54	15,05	14,62	14,25	13,88	13,56	13,28	13,01	12,74	12,45	12,16	17,87	0
30/09/2020 13:40:00	16,95	16,36	15,63	15,18	14,75	14,33	14,00	13,70	13,42	13,15	12,87	12,58	12,28	18,29	0
30/09/2020 13:45:00	16,80	16,17	15,45	14,99	14,58	14,12	13,79	13,48	13,19	12,92	12,63	12,32	12,02	18,16	0
30/09/2020 13:50:00	17,11	16,39	15,60	15,08	14,65	14,27	14,00	13,75	13,49	13,26	13,05	12,82	12,58	18,06	0
30/09/2020 13:55:00	17,11	16,60	16,02	15,50	14,98	14,51	14,14	13,80	13,47	13,15	12,81	12,46	12,11	18,43	0
30/09/2020 14:00:00	17,12	16,54	15,82	15,37	14,98	14,58	14,22	13,90	13,62	13,34	13,05	12,73	12,41	18,48	0
30/09/2020 14:05:00	17,36	16,59	15,86	15,37	14,95	14,57	14,18	13,85	13,56	13,27	12,96	12,63	12,30	19,27	0
30/09/2020 14:10:00	17,15	16,67	16,00	15,50	15,07	14,65	14,28	13,94	13,64	13,35	13,04	12,72	12,40	18,59	0
30/09/2020 14:15:00	17,03	16,67	16,20	15,79	15,36	14,90	14,50	14,14	13,80	13,45	13,07	12,67	12,27	19,04	0
30/09/2020 14:20:00	16,96	16,72	16,25	15,78	15,37	14,93	14,53	14,17	13,83	13,49	13,13	12,75	12,37	18,76	0
30/09/2020 14:25:00	16,65	16,64	16,26	15,84	15,41	15,00	14,59	14,22	13,87	13,53	13,15	12,76	12,37	18,47	0
30/09/2020 14:30:00	16,51	16,64	16,32	15,93	15,48	15,04	14,62	14,23	13,87	13,51	13,11	12,70	12,29	17,99	0
30/09/2020 14:35:00	16,60	16,64	16,26	15,85	15,42	15,01	14,60	14,24	13,89	13,55	13,18	12,80	12,42	17,95	0
30/09/2020 14:40:00	16,95	16,77	16,34	15,94	15,54	15,12	14,71	14,34	14,01	13,66	13,29	12,89	12,49	18,26	0
30/09/2020 14:45:00	17,40	17,00	16,43	15,92	15,45	15,01	14,61	14,25	13,92	13,59	13,24	12,88	12,51	18,67	0
30/09/2020 14:50:00	16,77	16,90	16,58	16,15	15,66	15,19	14,73	14,31	13,93	13,54	13,12	12,68	12,24	18,51	0
30/09/2020 14:55:00	16,55	16,66	16,38	15,99	15,56	15,17	14,79	14,42	14,08	13,73	13,35	12,96	12,57	18,01	0
30/09/2020 15:00:00	16,68	17,00	16,72	16,33	15,93	15,50	15,10	14,72	14,36	14,01	13,63	13,23	12,84	17,79	0
30/09/2020 15:05:00	16,92	17,26	17,04	16,66	16,29	15,89	15,49	15,12	14,76	14,41	14,02	13,61	13,21	17,56	0
30/09/2020 15:10:00	17,27	17,29	16,95	16,55	16,20	15,83	15,44	15,09	14,76	14,43	14,07	13,69	13,30	17,89	0
30/09/2020 15:15:00	17,11	17,30	17,01	16,65	16,29	15,90	15,50	15,14	14,80	14,45	14,07	13,67	13,27	18,27	0
30/09/2020 15:20:00	16,91	17,34	17,17	16,79	16,37	15,96	15,57	15,19	14,83	14,47	14,07	13,67	13,26	17,93	0
30/09/2020 15:25:00	16,95	17,28	17,09	16,73	16,35	15,95	15,59	15,24	14,89	14,54	14,17	13,77	13,38	17,65	0
30/09/2020 15:30:00	17,21	17,65	17,40	17,06	16,67	16,26	15,89	15,53	15,18	14,83	14,45	14,05	13,66	17,70	0
30/09/2020 15:35:00	17,73	17,94	17,69	17,34	16,97	16,61	16,23	15,88	15,55	15,20	14,82	14,43	14,03	17,79	0
30/09/2020 15:40:00	17,76	18,01	17,75	17,40	17,00	16,60	16,23	15,88	15,54	15,19	14,80	14,40	14,00	17,99	0
30/09/2020 15:45:00	18,07	18,30	18,00	17,65	17,26	16,87	16,51	16,17	15,83	15,49	15,12	14,73	14,33	18,04	0
30/09/2020 15:50:00	18,05	18,33	18,06	17,72	17,33	16,92	16,53	16,16	15,81	15,45	15,05	14,63	14,21	18,04	0
30/09/2020 15:55:00	17,99	18,32	18,12	17,83	17,46	17,05	16,67	16,31	15,95	15,59	15,17	14,74	14,30	18,10	0
30/09/2020 16:00:00	18,12	18,33	18,08	17,79	17,46	17,08	16,68	16,32	15,98	15,62	15,21	14,78	14,34	18,16	0
30/09/2020 16:05:00	18,01	18,34	18,08	17,74	17,38	17,04	16,68	16,34	16,01	15,68	15,32	14,94	14,56	18,12	0
30/09/2020 16:10:00	18,10	18,47	18,27	17,96	17,59	17,23	16,85	16,49	16,15	15,79	15,39	14,97	14,55	18,16	0
30/09/2020 16:15:00	18,06	18,53	18,36	18,03	17,65	17,24	16,86	16,49	16,13	15,77	15,36	14,94	14,51	18,13	0
30/09/2020 16:20:00	18,12	18,54	18,30	17,98	17,60	17,22	16,83	16,47	16,12	15,76	15,37	14,96	14,54	18,07	0
30/09/2020 16:25:00	18,05	18,49	18,33	18,04	17,66	17,28	16,87	16,50	16,14	15,76	15,34	14,89	14,44	18,04	0
30/09/2020 16:30:00	17,95	18,68	18,56	18,29	17,93	17,49	17,04	16,62	16,24	15,83	15,37	14,89	14,41	18,15	0
30/09/2020 16:35:00	17,99	18,60	18,43	18,09	17,71	17,34	16,92	16,53	16,17	15,80	15,39	14,96	14,52	18,06	0
30/09/2020 16:40:00	18,05	18,50	18,30	18,04	17,72	17,34	17,00	16,66	16,33	16,00	15,62	15,21	14,81	17,94	0
30/09/2020 16:45:00	17,82	18,42	18,28	17,97	17,60	17,26	16,89	16,53	16,19	15,84	15,46	15,05	14,65	17,81	0
30/09/2020 16:50:00	17,84	18,51	18,40	18,13	17,75	17,37	16,99	16,62	16,26	15,89	15,48	15,05	14,62	17,96	0
30/09/2020 16:55:00	17,85	18,32	18,24	17,98	17,68	17,34	16,97	16,61	16,27	15,91	15,50	15,07	14,64	17,81	0
30/09/2020 17:00:00	17,78	18,31	18,18	17,90	17,55	17,21	16,88	16,56	16,22	15,89	15,52	15,13	14,74	17,77	0
30/09/2020 17:05:00	17,66	18,31	18,17	17,92	17,59	17,20	16,84	16,49	16,14	15,78	15,38	14,97	14,55	17,65	0
30/09/2020 17:10:00	17,61	18,22	18,09	17,84	17,52	17,18	16,83	16,49	16,16	15,82	15,44	15,04	14,63	17,65	0
30/09/2020 17:15:00	17,42	18,20	18,09	17,79	17,46	17,10	16,74	16,39	16,04	15,70	15,32	14,93	14,54	17,57	0
30/09/2020 17:20:00	17,51	18,18	18,11	17,86	17,52	17,21	16,87	16,54	16,20	15,85	15,47	15,07	14,67	17,50	0
30/09/2020 17:25:00	17,34	18,18	18,02	17,76	17,41	17,05	16,74	16,42	16,09	15,77	15,43	15,07	14,71	17,41	0
30/09/2020 17:30:00	17,33	17,99	17,95	17,72	17,43	17,08	16,75	16,42	16,09	15,74	15,36	14,96	14,55	17,31	0
30/09/2020 17:35:00	16,97	17,92	17,91	17,71	17,38	17,03	16,67	16,31	15,95	15,59	15,19	14,77	14,35	17,12	0
30/09/2020 17:40:00	16,92	17,78	17,78	17,56	17,24	16,92	16,58	16,24	15,90	15,55	15,17	14,77	14,37	17,04	0
30/09/2020 17:45:00	17,08	17,84	17,81	17,57	17,30	17,03	16,69	16,37	16,04	15,71	15,35	14,96	14,58	17,03	0
30/09/2020 17:50:00	16,79	17,75	17,74	17,54	17,29	16,98	16,66	16,33	16,00	15,67	15,30	14,92	14,54	16,86	0
30/09/2020 17:55:00	16,88	17,69	17,71	17,53	17,22	16,95	16,64	16,33	16,00	15,66	15,29	14,90	14,50	16,84	0
30/09/2020 18:00:00	16,81	17,51	17,57	17,44	17,23	17,00	16,69	16,38	16,07	15,74	15,36	14,96	14,56	16,72	0
30/09/2020 18:05:00	16,54	17,46	17,56	17,46	17,22	16,98	16,72	16,44	16,13	15,81	15,46	15,09	14,71	16,39	0
30/09/2020 18:10:00	16,45	17,36	17,51	17,40	17,18	16,89	16,61	16,30	15,97	15,63	15,24	14,82	14,41	16,47	0
30/09/2020 18:15:00	16,37	17,37	17,41	17,27	17,06	16,83	16,52	16,22	15,90	15,59	15,24	14,88	14,51	16,40	0
30/09/2020 18:20:00	16,33	17,19	17,28	17,16	17,02	16,83	16,57	16,29	16,00	15,70	15,38	15,02	14,67	16,15	0
30/09/2020 18:25:00	16,27	17,17	17,31	17,27	17,10	16,86	16,64	16,38	16,08	15,77	15,42	15,05	14,68	16,10	0
30/09/2020 18:30:00	16,10	17,03	17,32	17,29	17,13	17,01	16,78	16,52	16,22	15,92	15,57	15,20	14,82	16,10	0
30/09/2020 18:35:00	15,94	17,06	17,31	17,29	17,22	17,04	16,76	16,48	16,18	15,87	15,51	15,12	14,73	15,90	0
30/09/2020 18:40:00	15,72	16,77	17,00	17,06	16,97	16,79	16,55	16,28	15,99	15,68	15,32	14,93	14,54	15,79	0
30/09/2020 18:45:00	15,88	16,76	16,99	16,94	16,78	16,65	16,41	16,15	15,85	15,54	15,20	14,83	14,46	15,83	0
30/09/2020 18:50:00	15,78	16,60	16,82	16,84	16,78	16,68	16,49	16,27	16,01	15,73	15,42	15,08	14,73	15,66	0
30/09/2020 18:55:00	15,48	16,61	16,84	16,87	16,80	16,66	16,42	16,17	15,88	15,59	15,26	14,90	14,54	15,59	0
30/09/2020 19:00:00	15,58	16,49	16,69	16,73	16,72	16,58	16,38	16,15	15,88	15,60	15,28	14,92	14,57	15,43	0
30/09/2020 19:05:00	15,56	16,58	16,91	16,99	16,90	16,76	16,58	16,36	16,07	15,77	15,42	15,05	14,67	15,47	0
30/09/2020 19:10:00	15,66	16,52	16,77	16,82	16,76	16,67	16,50	16,29	16,03	15,76	15,45	15,11	14,77	15,31	0
30/09/2020 19:15:00	15,29	16,37	16,67	16,76	16,75	16,55	16,36	16,13	15,85	15,55	15,20	14,82	14,44	15,25	0
30/09/2020 19:20:00	15,14	16,17	16,51	16,59	16,56	16,46	16,26	16,02	15,75	15,45	15,11	14,74	14,37	15,25	0
30/09/2020 19:25:00	15,15	16,44	16,80	16,90	16,90	16,77	16,56	16,32	16,04	15,74	15,40	15,03	14,66	15,22	0
30/09/2020 19:30:00	15,17	16,27	16,55	16,67	16,70	16,64	16,51	16,33	16,09	15,85	15,57	15,26	14,95	15,09	0
30/09/2020 19:35:00	15,03	16,35	16,76	16,89	16,90	16,80	16,61	16,39	16,11	15,82	15,48	15,11	14,75	15,09	0
30/09/2020 19:40:00	14,96	16,31	16,76	16,95	16,94	16,90	16,74	16,54	16,27	16,00	15,68	15,32	14,97	14,99	0
30/09/2020 19:45:00	14,93	16,21	16,74	16,91	16,94	16,87	16,76	16,57	16,30	16,02	15,69	15,32	14,96	15,02	0
30/09/2020 19:50:00	15,11	16,21	16,63	16,79	16,82	16,84	16,71	16,54	16,30	16,05	15,76	15,43	15,11	15,02	0
30/09/2020 19:55:00	15,00	16,22	16,67	16,83	16,88	16,85	16,67	16,45	16,19	15,91	15,57	15,21	14,84	14,94	0
30/09/2020 20:00:00	14,96	16,08	16,54	16,71	16,74	16,71	16,56	16,35	16,10	15,82	15,49	15,13	14,77	14,95	0
30/09/2020 20:05:00	14,76	16,04	16,60	16,79	16,76	16,65	16,47	16,24	15,95	15,62	15,24	14,82	14,41	14,92	0
30/09/2020 20:10:00	14,73	16,00	16,54	16,76	16,77	16,73	16,56	16,34	16,07	15,77	15,41	15,02	14,63	14,72	0
30/09/2020 20:15:00	15,01	15,92	16,33	16,55	16,57	16,60	16,45	16,26	16,02	15,76	15,44	15,08	14,72	14,57	0
30/09/2020 20:20:00	14,62	15,78	16,15	16,30	16,32	16,20	16,03	15,81	15,54	15,25	14,92	14,55	14,19	14,44	0
30/09/2020 20:25:00	14,58	15,85	16,24	16,38	16,42	16,28	16,06	15,81	15,53	15,23	14,87	14,49	14,10	14,50	0
30/09/2020 20:30:00	14,70	16,05	16,34	16,45	16,37	16,21	15,97	15,71	15,41	15,11	14,76	14,39	14,02	14,72	0
30/09/2020 20:35:00	14,76	15,96	16,19	16,19	16,14	16,07	15,81	15,55	15,28	15,01	14,72	14,39	14,07	14,69	0
30/09/2020 20:40:00	14,67	15,95	16,24	16,27	16,22	15,96	15,75	15,50	15,19	14,88	14,53	14,16	13,78	14,82	0
30/09/2020 20:45:00	14,93	15,93	16,13	16,06	15,90	15,72	15,52	15,28	14,99	14,71	14,40	14,07	13,74	14,59	0
30/09/2020 20:50:00	14,97	15,83	16,02	16,01	15,90	15,74	15,53	15,29	15,00	14,71	14,39	14,04	13,69	14,91	0
30/09/2020 20:55:00	14,73	15,87	16,06	16,08	15,96	15,75	15,52	15,25	14,96	14,66	14,32	13,96	13,60	14,75	0
30/09/2020 21:00:00	14,86	15,80	15,97	15,98	15,83	15,64	15,39	15,12	14,82	14,52	14,18	13,81	13,44	14,84	0
30/09/2020 21:05:00	14,94	15,64	15,84	15,86	15,74	15,63	15,44	15,22	14,95	14,68	14,36	14,02	13,68	14,47	0
30/09/2020 21:10:00	14,49	15,36	15,56	15,60	15,50	15,35	15,15	14,92	14,64	14,35	14,03	13,68	13,34	14,43	0
30/09/2020 21:15:00	14,58	15,46	15,56	15,45	15,33	15,16	14,92	14,66	14,38	14,11	13,82	13,51	13,20	14,49	0
30/09/2020 21:20:00	14,51	15,13	15,22	15,19	15,12	14,95	14,78	14,57	14,31	14,06	13,77	13,46	13,16	14,39	0
30/09/2020 21:25:00	14,39	15,14	15,33	15,31	15,27	15,17	14,94	14,70	14,43	14,16	13,85	13,52	13,19	14,50	0
30/09/2020 21:30:00	14,40	15,15	15,27	15,27	15,24	15,13	14,95	14,73	14,49	14,24	13,96	13,66	13,36	14,53	0
30/09/2020 21:35:00	14,16	15,10	15,28	15,36	15,29	15,12	14,95	14,73	14,46	14,19	13,88	13,55	13,21	14,43	0
30/09/2020 21:40:00	14,26	15,10	15,32	15,28	15,17	15,04	14,87	14,66	14,38	14,11	13,82	13,51	13,20	14,19	0
30/09/2020 21:45:00	14,17	14,93	15,15	15,23	15,18	15,10	14,90	14,68	14,43	14,16	13,85	13,52	13,18	14,12	0
30/09/2020 21:50:00	14,13	14,96	15,13	15,17	15,09	14,98	14,79	14,57	14,30	14,04	13,74	13,42	13,10	14,04	0
30/09/2020 21:55:00	13,97	14,71	14,85	14,85	14,82	14,75	14,55	14,34	14,09	13,85	13,59	13,29	13,00	14,00	0
30/09/2020 22:00:00	13,99	14,63	14,81	14,85	14,86	14,77	14,65	14,47	14,24	14,01	13,75	13,46	13,17	13,83	0
30/09/2020 22:05:00	13,83	14,54	14,69	14,72	14,71	14,60	14,48	14,31	14,07	13,84	13,59	13,31	13,03	13,85	0
30/09/2020 22:10:00	13,65	14,68	14,91	14,95	14,89	14,83	14,63	14,41	14,15	13,90	13,62	13,32	13,02	13,82	0
30/09/2020 22:15:00	13,71	14,61	14,81	14,82	14,80	14,74	14,55	14,34	14,09	13,85	13,60	13,31	13,03	14,00	0
30/09/2020 22:20:00	13,64	14,58	14,83	14,86	14,85	14,80	14,57	14,33	14,07	13,81	13,52	13,20	12,89	13,85	0
30/09/2020 22:25:00	13,66	14,58	14,86	14,94	14,93	14,88	14,70	14,48	14,23	13,97	13,69	13,37	13,06	13,72	0
30/09/2020 22:30:00	13,48	14,57	14,85	14,88	14,86	14,78	14,60	14,38	14,12	13,86	13,59	13,28	12,98	13,74	0
30/09/2020 22:35:00	13,42	14,57	14,89	14,98	14,97	14,93	14,74	14,52	14,26	14,00	13,72	13,41	13,10	13,62	0
30/09/2020 22:40:00	13,34	14,55	14,87	14,95	14,95	14,88	14,70	14,48	14,22	13,96	13,68	13,38	13,07	13,65	0
30/09/2020 22:45:00	13,18	14,47	14,87	14,95	14,95	14,89	14,70	14,47	14,20	13,93	13,63	13,30	12,98	13,70	0
30/09/2020 22:50:00	12,93	14,32	14,79	14,90	14,95	14,89	14,67	14,42	14,15	13,86	13,55	13,21	12,86	13,80	0
30/09/2020 22:55:00	13,01	14,58	15,13	15,28	15,21	15,20	15,05	14,83	14,55	14,26	13,95	13,62	13,29	13,69	0
30/09/2020 23:00:00	12,82	14,47	15,22	15,39	15,50	15,48	15,25	14,98	14,68	14,36	13,99	13,59	13,19	13,46	0
30/09/2020 23:05:00	12,91	14,54	15,07	15,21	15,26	15,23	15,02	14,78	14,50	14,22	13,90	13,57	13,23	13,37	0
30/09/2020 23:10:00	13,38	14,61	15,12	15,28	15,38	15,37	15,24	15,05	14,80	14,54	14,25	13,93	13,61	13,40	0
30/09/2020 23:15:00	13,10	14,65	15,20	15,38	15,43	15,36	15,22	15,02	14,74	14,45	14,13	13,79	13,44	13,52	0
30/09/2020 23:20:00	13,39	14,72	15,01	15,15	15,17	15,18	15,05	14,87	14,64	14,42	14,19	13,93	13,68	13,20	0
30/09/2020 23:25:00	13,38	14,64	15,02	15,22	15,32	15,30	15,20	15,03	14,80	14,57	14,31	14,03	13,74	12,76	0
30/09/2020 23:30:00	13,19	14,24	14,66	14,84	14,91	14,97	14,83	14,65	14,42	14,18	13,91	13,61	13,31	12,65	0
30/09/2020 23:35:00	13,22	14,29	14,59	14,82	14,86	14,77	14,65	14,47	14,23	13,98	13,69	13,36	13,04	12,44	0
30/09/2020 23:40:00	12,88	14,07	14,53	14,76	14,94	14,96	14,81	14,63	14,40	14,17	13,89	13,58	13,27	12,81	0
30/09/2020 23:45:00	12,81	14,19	14,62	14,80	14,84	14,81	14,67	14,48	14,22	13,97	13,69	13,39	13,09	12,49	0
30/09/2020 23:50:00	12,69	14,15	14,54	14,70	14,75	14,71	14,63	14,46	14,22	14,00	13,76	13,49	13,23	12,55	0
30/09/2020 23:55:00	12,70	14,01	14,39	14,52	14,58	14,61	14,52	14,35	14,13	13,91	13,69	13,44	13,19	12,28	0
