FileFormat:0002.2 file with temperature of atmosphere
200
local	GMT or Local
0	GMT-Local=[hours]
0	Height[m]
0	0	0	Longitude                [grd]               [min]               [sec]
0	0	0	Latitude                [grd]               [min]               [sec]
N	NS
59,40	Freq[GHz]
0,00	dTemostat[K]
0,150	MessErr[K]
0,248	//[grad/step]
version 14.0.20110218
MTP5H033F5940K-33.00D180214+A1.1
Commentary:
enter comment
End Of Commentary

SYSTEM\summer.dat
data time	0	50	100	150	200	250	300	350	400	450	500	550	600	OutsideTemperature	Quality
14/10/2020 00:00:00	10,85	12,70	13,45	13,61	13,60	13,41	13,13	12,80	12,44	12,06	11,63	11,18	10,74	10,80	0
14/10/2020 00:05:00	10,82	12,35	13,09	13,26	13,23	13,10	12,82	12,51	12,16	11,79	11,37	10,93	10,49	10,72	0
14/10/2020 00:10:00	10,60	12,39	13,11	13,33	13,27	13,08	12,83	12,53	12,17	11,79	11,36	10,92	10,48	10,42	0
14/10/2020 00:15:00	10,93	12,29	12,93	13,11	13,16	12,97	12,73	12,44	12,11	11,76	11,36	10,93	10,50	10,36	0
14/10/2020 00:20:00	10,94	12,29	12,90	13,06	13,04	12,93	12,68	12,40	12,08	11,75	11,37	10,97	10,57	9,94	0
14/10/2020 00:25:00	10,83	12,27	12,84	12,98	13,01	12,90	12,65	12,37	12,06	11,74	11,39	11,02	10,64	10,39	0
14/10/2020 00:30:00	11,11	12,15	12,68	12,78	12,81	12,73	12,53	12,29	12,01	11,71	11,38	11,03	10,68	10,50	0
14/10/2020 00:35:00	10,86	11,74	12,30	12,51	12,60	12,54	12,36	12,13	11,86	11,56	11,22	10,85	10,49	10,69	0
14/10/2020 00:40:00	10,73	11,47	11,93	12,11	12,14	12,13	11,95	11,73	11,47	11,20	10,89	10,56	10,23	10,52	0
14/10/2020 00:45:00	10,67	11,52	12,02	12,21	12,25	12,18	11,99	11,77	11,49	11,20	10,87	10,52	10,16	10,75	0
14/10/2020 00:50:00	10,80	11,60	12,07	12,27	12,31	12,26	12,09	11,87	11,60	11,32	11,00	10,65	10,30	10,77	0
14/10/2020 00:55:00	10,61	11,54	12,02	12,27	12,32	12,27	12,09	11,87	11,60	11,32	10,99	10,64	10,28	10,80	0
14/10/2020 01:00:00	10,82	11,75	12,29	12,54	12,67	12,61	12,44	12,24	11,97	11,69	11,36	11,00	10,64	10,87	0
14/10/2020 01:05:00	10,88	11,67	12,16	12,38	12,44	12,37	12,23	12,04	11,78	11,51	11,19	10,84	10,50	11,14	0
14/10/2020 01:10:00	11,21	11,89	12,28	12,51	12,64	12,60	12,41	12,20	11,96	11,70	11,39	11,05	10,71	11,22	0
14/10/2020 01:15:00	11,37	11,74	12,04	12,23	12,36	12,39	12,25	12,09	11,88	11,66	11,41	11,12	10,83	11,47	0
14/10/2020 01:20:00	11,21	11,83	12,17	12,32	12,31	12,28	12,15	11,96	11,72	11,47	11,19	10,88	10,58	11,98	0
14/10/2020 01:25:00	11,33	12,09	12,47	12,64	12,72	12,67	12,56	12,39	12,15	11,91	11,63	11,33	11,03	12,05	0
14/10/2020 01:30:00	11,46	12,11	12,64	12,86	12,89	12,89	12,71	12,49	12,23	11,94	11,60	11,23	10,86	12,23	0
14/10/2020 01:35:00	11,70	12,39	12,84	13,02	13,10	13,12	12,97	12,78	12,54	12,29	11,99	11,66	11,33	12,34	0
14/10/2020 01:40:00	11,86	12,73	13,27	13,51	13,65	13,58	13,42	13,21	12,96	12,67	12,33	11,95	11,57	12,38	0
14/10/2020 01:45:00	12,16	13,04	13,61	13,86	13,98	13,94	13,78	13,59	13,33	13,04	12,70	12,32	11,94	12,33	0
14/10/2020 01:50:00	12,34	12,98	13,54	13,83	13,96	14,00	13,89	13,73	13,50	13,24	12,92	12,56	12,21	12,29	0
14/10/2020 01:55:00	12,09	12,98	13,50	13,80	13,92	13,97	13,86	13,70	13,48	13,23	12,94	12,61	12,28	12,16	0
14/10/2020 02:00:00	12,35	12,99	13,60	13,93	14,07	14,12	14,00	13,84	13,61	13,34	13,00	12,62	12,24	12,19	0
14/10/2020 02:05:00	11,96	13,09	13,73	14,03	14,17	14,16	13,99	13,78	13,52	13,23	12,88	12,49	12,11	11,91	0
14/10/2020 02:10:00	12,21	12,94	13,56	13,82	13,93	13,96	13,84	13,66	13,42	13,14	12,81	12,44	12,08	11,66	0
14/10/2020 02:15:00	11,98	12,97	13,60	13,93	14,06	14,06	13,94	13,77	13,52	13,24	12,90	12,52	12,15	11,42	0
14/10/2020 02:20:00	11,33	12,56	13,46	13,82	13,97	14,00	13,83	13,62	13,34	13,02	12,62	12,19	11,76	11,37	0
14/10/2020 02:25:00	11,39	12,64	13,41	13,78	13,89	13,89	13,76	13,57	13,30	12,99	12,63	12,23	11,83	11,12	0
14/10/2020 02:30:00	10,86	12,56	13,35	13,71	13,85	13,80	13,65	13,43	13,14	12,82	12,46	12,07	11,67	10,97	0
14/10/2020 02:35:00	10,87	12,37	13,17	13,55	13,71	13,70	13,57	13,36	13,09	12,78	12,43	12,04	11,65	10,98	0
14/10/2020 02:40:00	10,90	12,42	13,20	13,55	13,67	13,66	13,50	13,28	12,99	12,69	12,33	11,94	11,55	10,91	0
14/10/2020 02:45:00	10,97	12,40	13,26	13,64	13,81	13,77	13,67	13,48	13,19	12,88	12,50	12,09	11,68	10,99	0
14/10/2020 02:50:00	10,98	12,25	13,17	13,63	13,82	13,87	13,76	13,58	13,31	13,00	12,63	12,21	11,79	10,97	0
14/10/2020 02:55:00	10,99	12,37	13,28	13,64	13,87	13,90	13,79	13,61	13,34	13,04	12,68	12,29	11,89	10,98	0
14/10/2020 03:00:00	10,98	12,40	13,28	13,65	13,86	13,87	13,75	13,56	13,29	12,99	12,62	12,22	11,82	11,00	0
14/10/2020 03:05:00	10,87	12,15	13,11	13,61	13,86	13,94	13,83	13,65	13,40	13,10	12,72	12,30	11,88	10,89	0
14/10/2020 03:10:00	10,95	12,16	13,12	13,57	13,81	13,91	13,82	13,66	13,41	13,11	12,75	12,34	11,94	10,84	0
14/10/2020 03:15:00	10,89	11,98	12,87	13,31	13,60	13,73	13,68	13,56	13,34	13,09	12,77	12,41	12,06	10,82	0
14/10/2020 03:20:00	10,82	11,97	12,88	13,39	13,63	13,75	13,68	13,53	13,30	13,02	12,67	12,29	11,90	10,84	0
14/10/2020 03:25:00	10,84	11,86	12,76	13,23	13,56	13,74	13,63	13,49	13,27	13,02	12,69	12,32	11,96	10,85	0
14/10/2020 03:30:00	10,71	11,70	12,46	12,93	13,17	13,34	13,34	13,24	13,05	12,82	12,55	12,25	11,94	10,72	0
14/10/2020 03:35:00	10,72	11,76	12,57	13,03	13,34	13,48	13,45	13,34	13,14	12,91	12,62	12,29	11,96	10,74	0
14/10/2020 03:40:00	10,72	11,73	12,53	13,06	13,37	13,53	13,52	13,43	13,24	13,01	12,73	12,40	12,07	10,72	0
14/10/2020 03:45:00	10,79	11,76	12,61	13,14	13,46	13,63	13,64	13,57	13,38	13,16	12,88	12,55	12,22	10,78	0
14/10/2020 03:50:00	10,74	11,82	12,75	13,29	13,64	13,75	13,73	13,62	13,41	13,15	12,83	12,45	12,08	10,82	0
14/10/2020 03:55:00	10,68	11,75	12,59	12,98	13,26	13,44	13,39	13,26	13,06	12,82	12,54	12,22	11,91	10,78	0
14/10/2020 04:00:00	10,82	11,75	12,51	12,99	13,26	13,44	13,49	13,44	13,26	13,06	12,82	12,53	12,25	10,79	0
14/10/2020 04:05:00	10,84	11,69	12,34	12,82	13,22	13,47	13,44	13,36	13,22	13,05	12,83	12,57	12,31	10,87	0
14/10/2020 04:10:00	10,74	11,71	12,57	12,98	13,36	13,55	13,59	13,52	13,35	13,15	12,90	12,60	12,31	10,88	0
14/10/2020 04:15:00	10,77	11,75	12,55	13,07	13,45	13,66	13,64	13,55	13,38	13,17	12,91	12,60	12,29	10,91	0
14/10/2020 04:20:00	10,55	11,67	12,59	13,10	13,42	13,61	13,70	13,66	13,48	13,27	13,01	12,72	12,42	10,75	0
14/10/2020 04:25:00	10,70	12,00	12,90	13,38	13,68	13,85	13,83	13,72	13,51	13,27	12,98	12,66	12,33	10,67	0
14/10/2020 04:30:00	10,53	11,85	12,79	13,24	13,60	13,75	13,71	13,59	13,38	13,14	12,85	12,51	12,18	10,37	0
14/10/2020 04:35:00	10,36	11,70	12,60	13,12	13,39	13,61	13,61	13,52	13,31	13,09	12,82	12,51	12,20	10,45	0
14/10/2020 04:40:00	10,27	11,71	12,73	13,22	13,54	13,70	13,64	13,49	13,26	13,00	12,67	12,31	11,94	10,26	0
14/10/2020 04:45:00	10,15	11,64	12,72	13,23	13,50	13,67	13,60	13,45	13,21	12,94	12,59	12,22	11,84	10,23	0
14/10/2020 04:50:00	10,22	11,68	12,69	13,16	13,44	13,54	13,48	13,33	13,08	12,80	12,45	12,07	11,69	10,05	0
14/10/2020 04:55:00	10,12	11,70	12,74	13,24	13,50	13,60	13,57	13,43	13,17	12,89	12,55	12,17	11,79	10,17	0
14/10/2020 05:00:00	10,10	11,59	12,72	13,25	13,53	13,64	13,64	13,52	13,27	12,98	12,62	12,22	11,83	10,10	0
14/10/2020 05:05:00	10,01	11,61	12,66	13,26	13,58	13,73	13,67	13,53	13,29	13,02	12,68	12,29	11,91	9,88	0
14/10/2020 05:10:00	9,83	11,37	12,50	13,02	13,39	13,55	13,52	13,38	13,15	12,88	12,54	12,17	11,80	9,74	0
14/10/2020 05:15:00	9,74	11,20	12,29	12,79	13,18	13,31	13,30	13,19	12,96	12,70	12,38	12,02	11,67	9,77	0
14/10/2020 05:20:00	9,66	11,15	12,22	12,74	13,07	13,28	13,26	13,14	12,92	12,68	12,38	12,04	11,70	9,63	0
14/10/2020 05:25:00	9,57	11,08	12,14	12,67	12,96	13,14	13,08	12,94	12,70	12,43	12,10	11,73	11,37	9,65	0
14/10/2020 05:30:00	9,72	11,25	12,25	12,71	13,01	13,14	13,09	12,95	12,71	12,45	12,13	11,78	11,43	9,75	0
14/10/2020 05:35:00	9,67	10,90	11,79	12,22	12,57	12,77	12,79	12,72	12,53	12,32	12,08	11,80	11,53	9,74	0
14/10/2020 05:40:00	9,61	10,89	11,79	12,29	12,68	12,83	12,88	12,81	12,62	12,41	12,15	11,86	11,56	9,60	0
14/10/2020 05:45:00	9,67	11,02	11,92	12,36	12,60	12,80	12,74	12,60	12,37	12,13	11,85	11,53	11,21	9,60	0
14/10/2020 05:50:00	9,78	11,12	12,09	12,50	12,86	13,06	12,98	12,84	12,62	12,39	12,10	11,78	11,45	9,64	0
14/10/2020 05:55:00	10,03	11,06	11,90	12,42	12,73	12,93	12,92	12,82	12,63	12,41	12,14	11,82	11,51	9,83	0
14/10/2020 06:00:00	9,90	10,87	11,56	11,93	12,20	12,40	12,43	12,37	12,19	12,01	11,81	11,58	11,34	9,85	0
14/10/2020 06:05:00	9,93	10,86	11,55	11,96	12,26	12,39	12,46	12,41	12,23	12,04	11,83	11,57	11,32	9,92	0
14/10/2020 06:10:00	9,98	10,71	11,33	11,75	12,10	12,30	12,32	12,27	12,12	11,95	11,76	11,52	11,28	10,02	0
14/10/2020 06:15:00	10,01	10,76	11,46	11,95	12,25	12,49	12,53	12,49	12,33	12,16	11,94	11,68	11,43	10,02	0
14/10/2020 06:20:00	10,00	10,77	11,42	11,87	12,17	12,39	12,45	12,41	12,26	12,09	11,90	11,66	11,43	10,08	0
14/10/2020 06:25:00	10,06	10,84	11,45	11,85	12,20	12,44	12,49	12,44	12,30	12,16	11,99	11,78	11,57	10,12	0
14/10/2020 06:30:00	10,11	10,71	11,35	11,76	12,12	12,39	12,47	12,45	12,32	12,18	12,02	11,81	11,61	10,11	0
14/10/2020 06:35:00	10,13	10,77	11,28	11,60	11,81	11,98	12,00	11,94	11,78	11,61	11,42	11,20	10,97	10,19	0
14/10/2020 06:40:00	10,25	10,97	11,44	11,71	11,94	12,04	12,06	11,98	11,81	11,64	11,45	11,23	11,01	10,29	0
14/10/2020 06:45:00	10,34	11,00	11,51	11,81	12,05	12,15	12,08	11,96	11,77	11,57	11,33	11,06	10,79	10,38	0
14/10/2020 06:50:00	10,39	11,08	11,58	11,84	12,03	12,19	12,15	12,05	11,87	11,68	11,48	11,24	11,00	10,47	0
14/10/2020 06:55:00	10,37	11,19	11,79	12,17	12,40	12,59	12,56	12,47	12,29	12,10	11,88	11,62	11,36	10,36	0
14/10/2020 07:00:00	10,28	10,92	11,52	11,87	12,06	12,22	12,22	12,14	11,95	11,75	11,52	11,25	10,98	10,27	0
14/10/2020 07:05:00	10,28	11,01	11,64	12,00	12,24	12,42	12,43	12,36	12,18	12,00	11,77	11,52	11,26	10,17	0
14/10/2020 07:10:00	10,06	10,88	11,61	11,99	12,23	12,37	12,38	12,29	12,09	11,88	11,63	11,34	11,05	10,06	0
14/10/2020 07:15:00	10,02	10,77	11,41	11,73	12,06	12,28	12,28	12,21	12,05	11,89	11,70	11,48	11,25	10,05	0
14/10/2020 07:20:00	10,13	10,93	11,54	12,02	12,33	12,49	12,49	12,41	12,25	12,06	11,83	11,56	11,29	10,04	0
14/10/2020 07:25:00	9,97	10,81	11,58	11,95	12,23	12,37	12,38	12,29	12,10	11,88	11,62	11,33	11,03	9,96	0
14/10/2020 07:30:00	9,90	10,67	11,33	11,67	11,89	12,09	12,10	12,02	11,84	11,65	11,43	11,18	10,93	9,81	0
14/10/2020 07:35:00	9,92	10,56	11,20	11,55	11,86	12,06	12,12	12,09	11,93	11,77	11,58	11,36	11,13	9,92	0
14/10/2020 07:40:00	10,04	10,65	11,25	11,67	11,91	12,20	12,24	12,19	12,05	11,90	11,72	11,50	11,28	10,02	0
14/10/2020 07:45:00	10,21	10,61	11,14	11,70	12,12	12,44	12,56	12,59	12,50	12,40	12,26	12,08	11,89	10,16	0
14/10/2020 07:50:00	10,25	10,74	11,26	11,64	11,84	12,11	12,16	12,12	11,98	11,83	11,66	11,46	11,25	10,22	0
14/10/2020 07:55:00	10,35	10,86	11,31	11,63	11,90	12,09	12,14	12,11	11,97	11,84	11,68	11,49	11,30	10,52	0
14/10/2020 08:00:00	10,63	11,14	11,60	12,00	12,32	12,52	12,64	12,65	12,53	12,41	12,27	12,08	11,90	10,57	0
14/10/2020 08:05:00	10,62	11,15	11,42	11,63	11,81	12,00	12,03	11,98	11,85	11,73	11,61	11,46	11,31	10,79	0
14/10/2020 08:10:00	10,81	11,12	11,37	11,60	11,83	11,98	12,04	12,02	11,89	11,78	11,66	11,50	11,35	10,81	0
14/10/2020 08:15:00	10,95	11,25	11,39	11,63	11,81	11,99	12,03	12,00	11,88	11,78	11,68	11,55	11,41	10,97	0
14/10/2020 08:20:00	11,35	11,34	11,31	11,43	11,59	11,73	11,74	11,70	11,59	11,49	11,41	11,28	11,16	11,28	0
14/10/2020 08:25:00	11,64	11,42	11,29	11,41	11,56	11,77	11,72	11,66	11,57	11,49	11,42	11,30	11,19	11,66	0
14/10/2020 08:30:00	11,75	11,47	11,24	11,27	11,31	11,40	11,37	11,31	11,19	11,09	11,01	10,90	10,78	11,90	0
14/10/2020 08:35:00	11,78	11,48	11,33	11,42	11,53	11,60	11,51	11,41	11,28	11,15	11,02	10,85	10,68	12,17	0
14/10/2020 08:40:00	12,18	11,87	11,67	11,73	11,88	11,93	11,88	11,80	11,68	11,57	11,47	11,32	11,17	12,11	0
14/10/2020 08:45:00	12,40	11,90	11,74	11,82	11,96	12,02	12,02	11,97	11,86	11,75	11,64	11,48	11,33	12,35	0
14/10/2020 08:50:00	12,31	11,96	11,78	11,85	11,98	12,06	12,04	11,99	11,87	11,77	11,68	11,54	11,40	12,57	0
14/10/2020 08:55:00	12,25	12,00	11,86	11,92	12,04	12,10	12,08	12,01	11,89	11,77	11,66	11,51	11,35	12,59	0
14/10/2020 09:00:00	12,57	12,37	12,27	12,33	12,39	12,42	12,41	12,34	12,19	12,06	11,92	11,75	11,57	12,67	0
14/10/2020 09:05:00	12,69	12,53	12,44	12,51	12,63	12,75	12,73	12,66	12,54	12,43	12,32	12,18	12,03	12,65	0
14/10/2020 09:10:00	12,85	12,55	12,41	12,55	12,70	12,92	12,94	12,92	12,84	12,78	12,71	12,61	12,50	12,77	0
14/10/2020 09:15:00	12,84	12,37	12,27	12,53	12,75	12,98	13,03	13,04	12,98	12,92	12,85	12,72	12,59	12,82	0
14/10/2020 09:20:00	12,83	12,16	11,94	12,12	12,29	12,46	12,57	12,60	12,55	12,50	12,45	12,36	12,26	12,76	0
14/10/2020 09:25:00	13,18	12,32	11,92	11,95	12,07	12,17	12,20	12,19	12,12	12,06	12,02	11,92	11,82	13,05	0
14/10/2020 09:30:00	12,96	12,40	12,12	12,08	12,16	12,29	12,29	12,25	12,15	12,08	12,03	11,94	11,85	13,27	0
14/10/2020 09:35:00	13,07	12,47	12,18	12,16	12,21	12,30	12,30	12,26	12,16	12,07	12,00	11,89	11,77	13,55	0
14/10/2020 09:40:00	13,22	12,67	12,35	12,25	12,22	12,27	12,23	12,16	12,03	11,92	11,83	11,71	11,59	13,64	0
14/10/2020 09:45:00	13,46	12,77	12,40	12,26	12,28	12,31	12,26	12,18	12,06	11,96	11,87	11,75	11,63	13,79	0
14/10/2020 09:50:00	13,84	12,96	12,39	12,15	12,12	12,12	12,06	11,98	11,87	11,80	11,75	11,66	11,58	13,87	0
14/10/2020 09:55:00	14,16	13,09	12,50	12,24	12,18	12,20	12,13	12,06	11,95	11,87	11,81	11,72	11,63	14,14	0
14/10/2020 10:00:00	14,20	13,32	12,67	12,42	12,37	12,37	12,29	12,20	12,08	12,01	11,95	11,87	11,79	14,57	0
14/10/2020 10:05:00	14,38	13,53	12,90	12,72	12,68	12,62	12,53	12,43	12,31	12,21	12,12	12,00	11,88	14,84	0
14/10/2020 10:10:00	14,57	13,69	13,04	12,79	12,66	12,62	12,51	12,41	12,28	12,17	12,09	11,98	11,87	15,24	0
14/10/2020 10:15:00	14,48	13,76	13,11	12,90	12,75	12,71	12,53	12,38	12,23	12,10	11,98	11,83	11,68	15,05	0
14/10/2020 10:20:00	14,29	13,72	13,17	12,96	12,81	12,72	12,57	12,42	12,26	12,11	11,98	11,81	11,65	15,02	0
14/10/2020 10:25:00	14,47	13,89	13,25	12,93	12,75	12,68	12,52	12,37	12,21	12,09	11,99	11,87	11,74	15,41	0
14/10/2020 10:30:00	14,74	13,88	13,20	12,92	12,82	12,73	12,61	12,49	12,35	12,24	12,15	12,03	11,90	15,99	0
14/10/2020 10:35:00	14,85	13,94	13,33	13,10	12,90	12,81	12,69	12,56	12,40	12,26	12,13	11,97	11,81	16,37	0
14/10/2020 10:40:00	14,84	14,14	13,39	13,06	12,88	12,73	12,58	12,44	12,28	12,15	12,06	11,93	11,81	15,93	0
14/10/2020 10:45:00	14,76	14,25	13,59	13,28	13,05	12,88	12,73	12,57	12,38	12,23	12,11	11,96	11,81	16,29	0
14/10/2020 10:50:00	15,09	14,17	13,50	13,17	12,95	12,86	12,76	12,64	12,49	12,37	12,28	12,16	12,05	16,59	0
14/10/2020 10:55:00	14,89	14,28	13,72	13,47	13,27	13,09	12,92	12,74	12,55	12,37	12,20	12,00	11,79	16,48	0
14/10/2020 11:00:00	14,78	14,31	13,79	13,52	13,32	13,18	12,99	12,80	12,60	12,42	12,26	12,06	11,87	16,12	0
14/10/2020 11:05:00	14,63	14,37	13,92	13,67	13,49	13,31	13,12	12,93	12,72	12,52	12,34	12,13	11,91	15,98	0
14/10/2020 11:10:00	14,71	14,42	13,92	13,67	13,47	13,36	13,17	12,99	12,79	12,63	12,47	12,29	12,11	15,65	0
14/10/2020 12:15:00	16,09	15,28	14,53	14,20	13,92	13,79	13,62	13,46	13,29	13,14	13,02	12,86	12,71	17,05	0
14/10/2020 12:20:00	16,09	15,37	14,66	14,33	14,08	13,85	13,68	13,51	13,32	13,15	13,00	12,81	12,63	17,61	0
14/10/2020 12:25:00	16,23	15,60	14,96	14,53	14,28	14,05	13,78	13,55	13,32	13,12	12,92	12,69	12,46	18,12	0
14/10/2020 12:30:00	16,39	15,71	14,96	14,54	14,20	13,92	13,64	13,39	13,16	12,94	12,73	12,50	12,26	17,94	0
14/10/2020 12:35:00	16,46	15,69	14,92	14,53	14,26	14,04	13,80	13,58	13,38	13,20	13,03	12,83	12,62	17,96	0
14/10/2020 12:40:00	16,62	15,82	15,03	14,64	14,36	14,15	13,88	13,65	13,44	13,25	13,06	12,84	12,62	18,91	0
14/10/2020 12:45:00	16,39	15,83	15,11	14,71	14,39	14,12	13,84	13,60	13,37	13,16	12,96	12,73	12,50	18,30	0
14/10/2020 12:50:00	16,59	15,83	15,08	14,71	14,41	14,12	13,86	13,63	13,40	13,19	12,98	12,74	12,49	18,71	0
14/10/2020 12:55:00	16,74	15,93	15,17	14,74	14,40	14,09	13,84	13,61	13,38	13,17	12,96	12,73	12,50	18,14	0
14/10/2020 13:00:00	16,69	15,85	15,15	14,79	14,52	14,28	13,99	13,74	13,51	13,29	13,06	12,80	12,53	18,34	0
14/10/2020 13:05:00	16,64	15,93	15,27	14,85	14,55	14,26	13,94	13,67	13,41	13,17	12,91	12,63	12,35	18,42	0
14/10/2020 13:10:00	16,66	16,00	15,37	14,98	14,70	14,42	14,11	13,85	13,60	13,36	13,11	12,83	12,55	17,61	0
14/10/2020 13:15:00	16,67	15,99	15,38	15,00	14,68	14,39	14,12	13,87	13,63	13,40	13,16	12,89	12,61	17,99	0
14/10/2020 13:20:00	16,84	16,09	15,39	14,97	14,66	14,39	14,08	13,81	13,57	13,33	13,09	12,81	12,54	17,58	0
14/10/2020 13:25:00	16,75	16,10	15,47	15,06	14,81	14,57	14,26	14,00	13,76	13,54	13,30	13,04	12,77	17,82	0
14/10/2020 13:30:00	16,99	16,18	15,43	15,05	14,76	14,47	14,20	13,96	13,73	13,51	13,29	13,03	12,78	17,96	0
14/10/2020 13:35:00	16,70	16,00	15,30	14,94	14,72	14,44	14,15	13,91	13,68	13,47	13,24	12,98	12,71	18,27	0
14/10/2020 13:40:00	16,88	16,14	15,45	15,08	14,82	14,57	14,27	14,01	13,78	13,55	13,31	13,04	12,77	18,44	0
14/10/2020 13:45:00	16,94	16,42	15,82	15,43	15,09	14,76	14,47	14,20	13,93	13,68	13,41	13,12	12,83	18,40	0
14/10/2020 13:50:00	17,23	16,44	15,75	15,34	15,04	14,79	14,52	14,28	14,05	13,83	13,61	13,36	13,11	17,76	0
14/10/2020 13:55:00	17,08	16,55	15,88	15,53	15,28	15,02	14,77	14,54	14,32	14,11	13,90	13,66	13,41	18,51	0
14/10/2020 14:00:00	17,02	16,52	15,89	15,50	15,13	14,80	14,52	14,26	14,00	13,76	13,50	13,23	12,95	19,05	0
14/10/2020 14:05:00	17,07	16,59	16,05	15,69	15,38	15,02	14,70	14,41	14,13	13,84	13,54	13,20	12,87	19,04	0
14/10/2020 14:10:00	17,13	16,72	16,17	15,73	15,37	14,99	14,65	14,34	14,05	13,77	13,47	13,15	12,83	19,14	0
14/10/2020 14:15:00	16,94	16,42	15,78	15,30	14,94	14,63	14,30	14,01	13,74	13,49	13,23	12,95	12,67	18,41	0
14/10/2020 14:20:00	17,00	16,50	15,98	15,53	15,22	14,91	14,61	14,33	14,07	13,81	13,55	13,26	12,96	18,83	0
14/10/2020 14:25:00	17,03	16,68	16,17	15,77	15,40	15,06	14,72	14,41	14,11	13,82	13,51	13,18	12,85	18,64	0
14/10/2020 14:30:00	17,16	16,76	16,19	15,81	15,46	15,07	14,72	14,40	14,11	13,81	13,49	13,15	12,80	18,42	0
14/10/2020 14:35:00	17,09	16,73	16,23	15,87	15,51	15,13	14,77	14,45	14,14	13,83	13,49	13,13	12,76	18,47	0
14/10/2020 14:40:00	17,13	16,84	16,30	15,87	15,52	15,17	14,80	14,48	14,18	13,89	13,59	13,26	12,93	18,41	0
14/10/2020 14:45:00	17,19	16,91	16,45	16,05	15,67	15,29	14,90	14,54	14,23	13,90	13,54	13,15	12,77	18,58	0
14/10/2020 14:50:00	17,07	16,89	16,50	16,15	15,75	15,34	14,97	14,63	14,31	13,97	13,60	13,20	12,81	18,49	0
14/10/2020 14:55:00	17,05	16,91	16,56	16,21	15,80	15,39	15,02	14,67	14,34	13,99	13,61	13,21	12,81	18,61	0
14/10/2020 15:00:00	16,96	16,91	16,59	16,23	15,85	15,48	15,12	14,78	14,46	14,12	13,76	13,38	13,00	18,47	0
14/10/2020 15:05:00	16,92	16,96	16,68	16,37	16,02	15,60	15,20	14,84	14,49	14,13	13,72	13,29	12,87	18,50	0
14/10/2020 15:10:00	16,75	16,92	16,66	16,30	15,96	15,57	15,16	14,78	14,44	14,08	13,69	13,28	12,87	18,57	0
14/10/2020 15:15:00	16,72	17,01	16,83	16,43	16,01	15,63	15,22	14,84	14,48	14,12	13,72	13,31	12,90	18,15	0
14/10/2020 15:20:00	16,77	17,02	16,77	16,42	16,04	15,59	15,17	14,78	14,42	14,05	13,63	13,20	12,77	18,06	0
14/10/2020 15:25:00	17,01	17,35	17,10	16,76	16,35	15,91	15,50	15,11	14,75	14,38	13,97	13,55	13,12	18,14	0
14/10/2020 15:30:00	17,23	17,30	17,06	16,73	16,34	15,93	15,52	15,15	14,79	14,42	14,00	13,56	13,12	18,21	0
14/10/2020 15:35:00	17,44	17,39	17,05	16,72	16,32	15,89	15,49	15,12	14,78	14,42	14,01	13,58	13,15	18,45	0
14/10/2020 15:40:00	17,56	17,47	17,10	16,75	16,35	15,94	15,52	15,15	14,80	14,44	14,04	13,61	13,18	18,72	0
14/10/2020 15:45:00	17,59	17,56	17,24	16,85	16,45	16,00	15,57	15,18	14,83	14,45	14,04	13,60	13,16	18,84	0
14/10/2020 15:50:00	17,87	17,89	17,53	17,17	16,79	16,36	15,96	15,59	15,25	14,90	14,50	14,08	13,66	18,72	0
14/10/2020 15:55:00	17,87	17,89	17,57	17,19	16,76	16,33	15,91	15,53	15,18	14,81	14,39	13,96	13,52	18,51	0
14/10/2020 16:00:00	17,88	17,87	17,50	17,14	16,75	16,31	15,93	15,57	15,23	14,88	14,50	14,09	13,68	18,58	0
14/10/2020 16:05:00	17,90	18,23	17,97	17,63	17,23	16,78	16,34	15,94	15,57	15,19	14,75	14,30	13,85	18,63	0
14/10/2020 16:10:00	17,98	18,10	17,83	17,47	17,09	16,69	16,30	15,94	15,60	15,25	14,85	14,43	14,02	18,59	0
14/10/2020 16:15:00	17,81	18,12	17,89	17,53	17,15	16,69	16,25	15,85	15,47	15,08	14,64	14,18	13,73	18,46	0
14/10/2020 16:20:00	17,60	18,05	17,86	17,54	17,14	16,68	16,23	15,82	15,44	15,03	14,58	14,11	13,64	18,35	0
14/10/2020 16:25:00	17,42	18,01	17,93	17,59	17,16	16,70	16,28	15,87	15,48	15,07	14,62	14,15	13,68	18,07	0
14/10/2020 16:30:00	17,56	18,26	18,14	17,81	17,43	17,04	16,61	16,21	15,84	15,46	15,04	14,60	14,16	17,96	0
14/10/2020 16:35:00	17,70	18,50	18,46	18,18	17,78	17,35	16,96	16,57	16,18	15,79	15,35	14,89	14,43	17,86	0
14/10/2020 16:40:00	17,76	18,70	18,68	18,38	18,00	17,60	17,18	16,78	16,40	16,01	15,58	15,13	14,68	17,81	0
14/10/2020 16:45:00	18,02	18,66	18,56	18,27	17,93	17,53	17,13	16,75	16,39	16,01	15,58	15,13	14,69	17,68	0
14/10/2020 16:50:00	18,11	18,59	18,52	18,21	17,85	17,48	17,10	16,73	16,37	15,99	15,56	15,12	14,67	17,50	0
14/10/2020 16:55:00	17,67	18,34	18,25	17,96	17,62	17,21	16,81	16,42	16,06	15,68	15,25	14,80	14,36	17,60	0
14/10/2020 17:00:00	17,70	18,21	18,10	17,80	17,44	17,06	16,64	16,25	15,89	15,50	15,07	14,62	14,17	17,68	0
14/10/2020 17:05:00	17,54	17,90	17,86	17,58	17,25	16,86	16,47	16,10	15,74	15,36	14,91	14,45	13,99	17,50	0
14/10/2020 17:10:00	17,28	18,08	18,09	17,80	17,42	17,05	16,64	16,25	15,87	15,48	15,04	14,59	14,13	17,40	0
14/10/2020 17:15:00	17,52	18,23	18,20	17,98	17,67	17,32	16,94	16,58	16,23	15,86	15,44	15,00	14,55	17,54	0
14/10/2020 17:20:00	17,50	18,30	18,29	18,03	17,67	17,28	16,87	16,48	16,10	15,71	15,26	14,80	14,34	17,32	0
14/10/2020 17:25:00	17,35	18,04	18,05	17,84	17,52	17,14	16,74	16,35	15,98	15,58	15,13	14,65	14,18	17,22	0
14/10/2020 17:30:00	17,03	18,09	18,07	17,83	17,46	17,07	16,66	16,27	15,88	15,49	15,06	14,62	14,17	17,12	0
14/10/2020 17:35:00	17,14	18,22	18,35	18,15	17,87	17,50	17,13	16,76	16,39	16,00	15,56	15,11	14,65	17,21	0
14/10/2020 17:40:00	17,05	18,12	18,27	18,07	17,75	17,39	17,00	16,61	16,23	15,83	15,38	14,91	14,45	17,12	0
14/10/2020 17:45:00	17,03	18,17	18,35	18,18	17,86	17,48	17,06	16,65	16,25	15,82	15,34	14,83	14,33	17,07	0
14/10/2020 17:50:00	17,02	18,08	18,15	18,00	17,69	17,33	16,91	16,51	16,13	15,72	15,26	14,78	14,30	16,94	0
14/10/2020 17:55:00	16,86	17,84	17,90	17,69	17,39	17,00	16,64	16,28	15,91	15,54	15,12	14,68	14,25	16,86	0
14/10/2020 18:00:00	16,88	17,82	17,87	17,63	17,33	16,97	16,57	16,19	15,82	15,44	15,01	14,57	14,12	16,77	0
14/10/2020 18:05:00	16,80	17,66	17,70	17,50	17,23	16,88	16,50	16,12	15,76	15,38	14,96	14,51	14,06	16,76	0
14/10/2020 18:10:00	16,74	17,41	17,38	17,18	16,95	16,64	16,31	15,99	15,66	15,33	14,95	14,55	14,15	16,77	0
14/10/2020 18:15:00	16,80	17,46	17,49	17,32	17,06	16,76	16,41	16,07	15,73	15,37	14,97	14,54	14,11	16,75	0
14/10/2020 18:20:00	16,70	17,36	17,42	17,22	17,00	16,69	16,36	16,04	15,71	15,36	14,98	14,57	14,15	16,75	0
14/10/2020 18:25:00	16,69	17,30	17,29	17,10	16,84	16,55	16,23	15,91	15,58	15,25	14,87	14,47	14,07	16,72	0
14/10/2020 18:30:00	16,71	17,24	17,28	17,14	16,91	16,61	16,29	15,98	15,65	15,31	14,91	14,48	14,06	16,60	0
14/10/2020 18:35:00	16,55	17,09	17,02	16,82	16,55	16,29	15,98	15,67	15,36	15,04	14,69	14,32	13,95	16,50	0
14/10/2020 18:40:00	16,31	16,83	16,85	16,70	16,55	16,27	15,96	15,66	15,35	15,03	14,65	14,25	13,85	16,28	0
14/10/2020 18:45:00	16,24	16,85	16,82	16,68	16,49	16,22	15,94	15,65	15,34	15,03	14,69	14,31	13,94	16,30	0
14/10/2020 18:50:00	16,15	16,87	16,95	16,79	16,52	16,24	15,89	15,54	15,20	14,85	14,44	14,02	13,59	16,11	0
14/10/2020 18:55:00	16,16	16,64	16,70	16,62	16,48	16,28	16,02	15,75	15,47	15,17	14,82	14,45	14,07	16,09	0
14/10/2020 19:00:00	16,06	16,64	16,73	16,63	16,46	16,23	15,98	15,71	15,41	15,11	14,76	14,38	14,01	16,05	0
14/10/2020 19:05:00	16,05	16,45	16,45	16,25	15,97	15,80	15,58	15,33	15,04	14,76	14,46	14,14	13,82	15,96	0
14/10/2020 19:10:00	15,89	16,17	16,23	16,02	15,78	15,59	15,41	15,18	14,91	14,63	14,33	14,02	13,70	15,91	0
14/10/2020 19:15:00	15,83	16,14	16,19	16,11	15,93	15,73	15,49	15,24	14,96	14,66	14,31	13,94	13,57	15,72	0
14/10/2020 19:20:00	15,77	16,00	15,98	15,91	15,79	15,62	15,36	15,10	14,84	14,55	14,22	13,86	13,49	15,72	0
14/10/2020 19:25:00	15,65	16,02	16,02	15,93	15,79	15,59	15,36	15,12	14,85	14,57	14,26	13,91	13,57	15,69	0
14/10/2020 19:30:00	15,67	16,03	15,96	15,76	15,52	15,34	15,08	14,82	14,54	14,26	13,96	13,64	13,32	15,65	0
14/10/2020 19:35:00	15,79	16,23	16,27	16,20	16,09	15,94	15,69	15,44	15,17	14,89	14,57	14,21	13,86	15,79	0
14/10/2020 19:40:00	15,69	16,08	16,06	15,98	15,81	15,57	15,31	15,05	14,76	14,46	14,12	13,74	13,37	15,70	0
14/10/2020 19:45:00	15,67	16,12	16,08	15,94	15,76	15,52	15,26	14,99	14,71	14,41	14,09	13,74	13,39	15,69	0
14/10/2020 19:50:00	15,56	16,06	16,08	15,98	15,81	15,59	15,31	15,03	14,73	14,42	14,07	13,70	13,32	15,58	0
14/10/2020 19:55:00	15,47	16,05	16,14	16,04	15,87	15,63	15,32	15,00	14,69	14,36	13,97	13,56	13,15	15,54	0
14/10/2020 20:00:00	15,49	16,15	16,26	16,14	15,92	15,69	15,43	15,15	14,84	14,52	14,16	13,79	13,41	15,55	0
14/10/2020 20:05:00	15,58	16,23	16,33	16,18	15,95	15,72	15,48	15,21	14,91	14,60	14,26	13,90	13,54	15,54	0
14/10/2020 20:10:00	15,53	16,24	16,27	16,10	15,84	15,59	15,28	14,96	14,64	14,31	13,96	13,58	13,20	15,51	0
14/10/2020 20:15:00	15,53	16,21	16,25	16,08	15,87	15,61	15,31	15,00	14,69	14,37	14,01	13,64	13,27	15,57	0
14/10/2020 20:20:00	15,61	16,13	16,12	15,95	15,78	15,56	15,28	15,00	14,70	14,41	14,08	13,73	13,38	15,60	0
14/10/2020 20:25:00	15,64	16,21	16,18	15,96	15,72	15,50	15,20	14,90	14,59	14,29	13,96	13,62	13,27	15,73	0
14/10/2020 20:30:00	15,83	16,27	16,18	15,98	15,74	15,45	15,13	14,82	14,50	14,18	13,83	13,45	13,08	15,75	0
14/10/2020 20:35:00	15,70	16,27	16,21	16,03	15,77	15,52	15,23	14,94	14,63	14,33	14,00	13,65	13,30	15,72	0
14/10/2020 20:40:00	15,90	16,15	16,07	15,89	15,68	15,47	15,21	14,95	14,67	14,39	14,07	13,73	13,39	15,76	0
14/10/2020 20:45:00	15,83	16,20	16,07	15,92	15,73	15,47	15,18	14,90	14,61	14,31	13,98	13,63	13,27	15,75	0
14/10/2020 20:50:00	15,87	16,18	16,03	15,87	15,67	15,43	15,18	14,91	14,64	14,36	14,05	13,72	13,38	15,71	0
14/10/2020 20:55:00	15,46	15,83	15,77	15,66	15,48	15,29	15,13	14,93	14,67	14,42	14,16	13,87	13,57	15,74	0
14/10/2020 21:00:00	15,05	15,46	15,57	15,45	15,38	15,31	15,12	14,91	14,66	14,42	14,15	13,85	13,55	15,49	0
14/10/2020 21:05:00	14,84	15,30	15,40	15,34	15,29	15,19	15,00	14,79	14,54	14,29	14,01	13,71	13,40	15,22	0
14/10/2020 21:10:00	14,69	15,16	15,28	15,29	15,21	15,13	14,96	14,75	14,51	14,26	13,97	13,66	13,35	15,00	0
14/10/2020 21:15:00	14,85	15,49	15,62	15,51	15,42	15,29	15,11	14,88	14,62	14,36	14,08	13,78	13,47	14,94	0
14/10/2020 21:20:00	14,99	15,46	15,62	15,60	15,47	15,30	15,13	14,92	14,65	14,37	14,04	13,70	13,35	14,63	0
14/10/2020 21:25:00	14,94	15,42	15,70	15,65	15,56	15,41	15,20	14,96	14,68	14,37	14,02	13,64	13,26	14,42	0
14/10/2020 21:30:00	14,66	15,20	15,46	15,41	15,27	15,11	14,85	14,57	14,27	13,94	13,57	13,18	12,78	14,47	0
14/10/2020 21:35:00	14,40	15,02	15,18	15,11	14,93	14,75	14,51	14,25	13,95	13,65	13,31	12,95	12,59	14,32	0
14/10/2020 21:40:00	14,37	15,09	15,29	15,21	15,07	14,88	14,62	14,34	14,03	13,72	13,37	13,00	12,63	14,05	0
14/10/2020 21:45:00	13,97	14,87	15,11	14,98	14,81	14,51	14,24	13,93	13,60	13,25	12,88	12,48	12,09	14,04	0
14/10/2020 21:50:00	14,06	14,89	15,24	15,18	15,05	14,81	14,56	14,27	13,94	13,60	13,21	12,80	12,38	14,10	0
14/10/2020 21:55:00	14,22	15,12	15,23	15,06	14,87	14,64	14,38	14,10	13,79	13,49	13,17	12,84	12,51	13,85	0
14/10/2020 22:00:00	14,15	14,76	14,89	14,74	14,49	14,26	13,97	13,66	13,33	13,00	12,64	12,26	11,88	13,87	0
14/10/2020 22:05:00	13,82	14,74	14,92	14,80	14,64	14,40	14,09	13,77	13,44	13,11	12,75	12,37	11,99	13,79	0
14/10/2020 22:10:00	13,72	14,65	14,83	14,75	14,53	14,26	13,94	13,61	13,26	12,91	12,53	12,12	11,72	13,73	0
14/10/2020 22:15:00	13,81	14,68	14,87	14,78	14,58	14,31	14,04	13,75	13,42	13,09	12,72	12,34	11,96	13,92	0
14/10/2020 22:20:00	14,16	14,66	14,70	14,56	14,37	14,13	13,85	13,56	13,25	12,94	12,60	12,24	11,88	14,55	0
14/10/2020 22:25:00	14,38	14,90	14,92	14,76	14,52	14,33	14,05	13,77	13,47	13,18	12,86	12,52	12,18	14,56	0
14/10/2020 22:30:00	14,64	15,01	15,04	14,89	14,72	14,54	14,29	14,03	13,75	13,46	13,15	12,82	12,48	14,65	0
14/10/2020 22:35:00	14,50	14,96	15,13	15,02	14,91	14,75	14,54	14,30	14,02	13,74	13,43	13,09	12,75	14,55	0
14/10/2020 22:40:00	14,43	14,95	15,09	14,98	14,82	14,65	14,43	14,18	13,90	13,61	13,29	12,95	12,61	14,43	0
14/10/2020 22:45:00	14,42	14,91	14,99	14,96	14,81	14,67	14,48	14,25	13,99	13,72	13,43	13,11	12,79	14,24	0
14/10/2020 22:50:00	14,18	14,62	14,65	14,55	14,42	14,28	14,09	13,87	13,62	13,36	13,09	12,80	12,51	14,29	0
14/10/2020 22:55:00	14,31	14,70	14,73	14,60	14,45	14,28	14,08	13,85	13,58	13,31	13,03	12,72	12,41	14,32	0
14/10/2020 23:00:00	14,23	14,72	14,77	14,63	14,47	14,30	14,07	13,82	13,54	13,27	12,97	12,66	12,34	14,23	0
14/10/2020 23:05:00	14,16	14,70	14,77	14,69	14,54	14,31	14,09	13,84	13,56	13,27	12,95	12,61	12,26	14,10	0
14/10/2020 23:10:00	13,86	14,54	14,69	14,62	14,47	14,30	14,06	13,79	13,50	13,21	12,88	12,54	12,20	14,02	0
14/10/2020 23:15:00	13,66	14,49	14,78	14,72	14,49	14,26	14,01	13,71	13,38	13,03	12,65	12,26	11,86	13,84	0
14/10/2020 23:20:00	13,65	14,58	14,83	14,74	14,54	14,27	13,96	13,63	13,28	12,92	12,53	12,12	11,70	13,72	0
14/10/2020 23:25:00	13,75	14,60	14,73	14,65	14,43	14,19	13,89	13,58	13,26	12,93	12,58	12,20	11,83	13,62	0
14/10/2020 23:30:00	13,45	14,36	14,54	14,42	14,20	13,91	13,61	13,28	12,94	12,59	12,21	11,82	11,42	13,47	0
14/10/2020 23:35:00	13,59	14,48	14,69	14,63	14,44	14,17	13,86	13,54	13,21	12,86	12,47	12,06	11,66	13,51	0
14/10/2020 23:40:00	13,53	14,47	14,70	14,62	14,38	14,11	13,81	13,49	13,15	12,80	12,41	12,01	11,61	13,57	0
14/10/2020 23:45:00	13,69	14,42	14,60	14,51	14,29	14,03	13,76	13,47	13,14	12,81	12,44	12,06	11,67	13,51	0
14/10/2020 23:50:00	13,71	14,29	14,43	14,35	14,17	13,98	13,71	13,42	13,12	12,81	12,47	12,11	11,75	13,59	0
14/10/2020 23:55:00	13,55	14,44	14,57	14,44	14,25	14,05	13,80	13,52	13,21	12,91	12,60	12,27	11,94	13,65	0
