FileFormat:0002.2 file with temperature of atmosphere
200
local	GMT or Local
0	GMT-Local=[hours]
0	Height[m]
0	0	0	Longitude                [grd]               [min]               [sec]
0	0	0	Latitude                [grd]               [min]               [sec]
N	NS
59,40	Freq[GHz]
0,00	dTemostat[K]
0,150	MessErr[K]
0,248	//[grad/step]
version 14.0.20110218
MTP5H033F5940K-33.00D180214+A1.1
Commentary:
enter comment
End Of Commentary

SYSTEM\summer.dat
data time	0	50	100	150	200	250	300	350	400	450	500	550	600	OutsideTemperature	Quality
07/09/2020 00:00:00	15,29	18,05	19,87	20,48	20,72	20,77	20,59	20,31	19,93	19,45	18,82	18,15	17,48	15,33	0
07/09/2020 00:05:00	15,26	18,04	19,91	20,56	20,82	20,84	20,65	20,36	19,96	19,47	18,80	18,10	17,40	15,13	0
07/09/2020 00:10:00	15,19	18,03	19,97	20,61	20,88	20,86	20,63	20,32	19,90	19,37	18,67	17,93	17,19	14,80	0
07/09/2020 00:15:00	14,83	17,64	19,63	20,29	20,59	20,61	20,45	20,17	19,77	19,27	18,60	17,89	17,18	14,56	0
07/09/2020 00:20:00	14,57	17,49	19,48	20,11	20,34	20,31	20,09	19,76	19,33	18,79	18,09	17,35	16,61	14,52	0
07/09/2020 00:25:00	14,66	17,37	19,33	19,99	20,27	20,31	20,13	19,85	19,45	18,95	18,28	17,57	16,87	14,41	0
07/09/2020 00:30:00	14,48	17,19	19,17	19,89	20,15	20,21	20,03	19,75	19,35	18,85	18,17	17,45	16,73	14,55	0
07/09/2020 00:35:00	14,42	17,27	19,27	19,93	20,17	20,16	19,94	19,63	19,20	18,67	17,96	17,22	16,48	14,44	0
07/09/2020 00:40:00	14,45	17,43	19,43	20,06	20,30	20,29	20,05	19,72	19,29	18,76	18,05	17,32	16,58	14,49	0
07/09/2020 00:45:00	14,33	17,27	19,28	19,97	20,26	20,27	20,06	19,76	19,34	18,82	18,13	17,40	16,67	14,29	0
07/09/2020 00:50:00	14,19	17,25	19,28	19,95	20,21	20,15	19,95	19,64	19,21	18,67	17,96	17,22	16,48	14,23	0
07/09/2020 00:55:00	14,22	17,30	19,37	20,04	20,31	20,30	20,08	19,75	19,32	18,78	18,07	17,32	16,58	14,24	0
07/09/2020 01:00:00	14,27	17,14	19,22	19,92	20,25	20,29	20,07	19,76	19,34	18,81	18,11	17,36	16,61	14,03	0
07/09/2020 01:05:00	14,23	17,15	19,27	19,94	20,20	20,19	20,00	19,69	19,26	18,72	18,00	17,24	16,48	13,87	0
07/09/2020 01:10:00	14,27	17,08	19,11	19,83	20,13	20,12	19,96	19,69	19,28	18,75	18,06	17,32	16,59	13,77	0
07/09/2020 01:15:00	14,35	17,07	19,06	19,77	20,04	20,05	19,87	19,58	19,17	18,65	17,96	17,23	16,49	14,04	0
07/09/2020 01:20:00	14,08	16,87	18,79	19,50	19,80	19,80	19,61	19,32	18,92	18,41	17,74	17,02	16,31	14,02	0
07/09/2020 01:25:00	13,95	16,79	18,72	19,43	19,70	19,72	19,52	19,22	18,82	18,31	17,64	16,93	16,22	13,95	0
07/09/2020 01:30:00	13,90	16,81	18,77	19,45	19,72	19,71	19,50	19,19	18,77	18,25	17,57	16,84	16,12	13,84	0
07/09/2020 01:35:00	13,83	16,73	18,65	19,33	19,59	19,60	19,41	19,12	18,71	18,21	17,55	16,85	16,15	13,78	0
07/09/2020 01:40:00	13,85	16,54	18,51	19,27	19,64	19,65	19,49	19,22	18,83	18,33	17,66	16,94	16,22	13,61	0
07/09/2020 01:45:00	13,82	16,38	18,33	19,09	19,47	19,54	19,37	19,12	18,75	18,27	17,61	16,92	16,22	13,90	0
07/09/2020 01:50:00	13,78	16,41	18,36	19,09	19,45	19,51	19,40	19,17	18,81	18,34	17,72	17,05	16,38	14,05	0
07/09/2020 01:55:00	14,02	16,63	18,64	19,36	19,68	19,78	19,64	19,39	19,01	18,53	17,88	17,19	16,50	14,10	0
07/09/2020 02:00:00	14,05	16,80	18,67	19,34	19,63	19,72	19,58	19,33	18,96	18,50	17,89	17,24	16,60	14,05	0
07/09/2020 02:05:00	14,04	16,70	18,65	19,39	19,66	19,76	19,64	19,40	19,03	18,55	17,92	17,25	16,57	13,72	0
07/09/2020 02:10:00	14,00	16,66	18,61	19,34	19,69	19,76	19,60	19,34	18,97	18,49	17,84	17,15	16,46	14,07	0
07/09/2020 02:15:00	14,03	16,73	18,71	19,46	19,80	19,85	19,70	19,45	19,06	18,57	17,92	17,21	16,51	14,01	0
07/09/2020 02:20:00	13,97	16,61	18,59	19,37	19,71	19,76	19,64	19,41	19,03	18,55	17,89	17,20	16,50	13,81	0
07/09/2020 02:25:00	13,74	16,45	18,40	19,15	19,50	19,57	19,43	19,18	18,81	18,34	17,70	17,02	16,33	13,77	0
07/09/2020 02:30:00	13,88	16,50	18,47	19,20	19,55	19,67	19,54	19,31	18,94	18,48	17,86	17,19	16,53	13,90	0
07/09/2020 02:35:00	13,89	16,62	18,61	19,32	19,64	19,70	19,56	19,31	18,92	18,44	17,79	17,11	16,43	13,89	0
07/09/2020 02:40:00	13,79	16,45	18,48	19,24	19,58	19,68	19,55	19,30	18,93	18,45	17,80	17,11	16,41	13,77	0
07/09/2020 02:45:00	13,85	16,46	18,45	19,16	19,48	19,57	19,41	19,15	18,77	18,29	17,64	16,95	16,25	13,61	0
07/09/2020 02:50:00	13,55	16,14	18,15	18,88	19,28	19,38	19,21	18,95	18,58	18,10	17,45	16,76	16,07	13,54	0
07/09/2020 02:55:00	13,47	16,11	18,07	18,81	19,17	19,21	19,04	18,76	18,38	17,89	17,22	16,52	15,82	13,34	0
07/09/2020 03:00:00	13,51	16,07	17,99	18,72	19,10	19,19	19,06	18,82	18,46	18,00	17,38	16,71	16,05	13,57	0
07/09/2020 03:05:00	13,46	16,08	17,98	18,70	19,03	19,12	18,98	18,74	18,37	17,91	17,29	16,63	15,97	13,77	0
07/09/2020 03:10:00	13,52	15,99	17,94	18,71	19,11	19,25	19,12	18,88	18,53	18,08	17,46	16,79	16,12	13,69	0
07/09/2020 03:15:00	13,74	16,34	18,28	19,03	19,35	19,42	19,28	19,03	18,65	18,17	17,53	16,84	16,15	13,80	0
07/09/2020 03:20:00	13,79	16,37	18,25	18,98	19,31	19,42	19,26	19,01	18,65	18,18	17,56	16,89	16,23	13,74	0
07/09/2020 03:25:00	13,77	16,26	18,27	19,01	19,41	19,50	19,35	19,10	18,73	18,25	17,59	16,89	16,19	13,77	0
07/09/2020 03:30:00	13,85	16,31	18,30	19,05	19,41	19,53	19,39	19,15	18,78	18,31	17,66	16,97	16,28	13,82	0
07/09/2020 03:35:00	13,76	16,17	18,07	18,84	19,25	19,34	19,20	18,97	18,62	18,16	17,53	16,84	16,16	13,70	0
07/09/2020 03:40:00	13,67	15,98	17,92	18,76	19,13	19,24	19,14	18,93	18,59	18,13	17,49	16,81	16,12	13,60	0
07/09/2020 03:45:00	13,66	16,05	17,98	18,76	19,12	19,29	19,18	18,96	18,62	18,18	17,57	16,92	16,26	13,66	0
07/09/2020 03:50:00	13,76	16,11	17,97	18,71	19,08	19,19	19,07	18,85	18,50	18,05	17,44	16,79	16,13	13,78	0
07/09/2020 03:55:00	13,68	16,01	17,87	18,55	18,90	18,99	18,91	18,71	18,36	17,93	17,34	16,71	16,08	13,67	0
07/09/2020 04:00:00	13,63	15,95	17,78	18,53	18,93	19,07	18,99	18,80	18,48	18,06	17,49	16,88	16,26	13,64	0
07/09/2020 04:05:00	13,63	15,99	17,85	18,62	18,98	19,07	19,00	18,80	18,46	18,02	17,42	16,77	16,13	13,62	0
07/09/2020 04:10:00	13,71	15,89	17,77	18,59	18,98	19,10	19,01	18,82	18,48	18,04	17,42	16,76	16,09	13,84	0
07/09/2020 04:15:00	13,73	15,94	17,79	18,65	19,10	19,25	19,13	18,93	18,61	18,17	17,56	16,89	16,23	14,00	0
07/09/2020 04:20:00	14,06	16,23	18,08	18,92	19,35	19,51	19,46	19,29	18,98	18,56	17,98	17,34	16,70	14,09	0
07/09/2020 04:25:00	14,09	16,30	18,15	18,96	19,36	19,53	19,47	19,29	18,97	18,55	17,97	17,34	16,70	14,03	0
07/09/2020 04:30:00	14,01	16,30	18,18	19,00	19,37	19,51	19,40	19,19	18,85	18,40	17,78	17,11	16,44	13,95	0
07/09/2020 04:35:00	13,93	16,34	18,25	19,07	19,50	19,60	19,49	19,28	18,94	18,49	17,87	17,20	16,53	13,95	0
07/09/2020 04:40:00	13,94	16,26	18,20	19,03	19,42	19,58	19,51	19,32	18,99	18,56	17,95	17,29	16,63	13,87	0
07/09/2020 04:45:00	13,77	16,03	17,94	18,77	19,17	19,32	19,25	19,06	18,73	18,30	17,69	17,04	16,38	13,70	0
07/09/2020 04:50:00	13,69	15,97	17,89	18,68	19,07	19,25	19,17	18,98	18,65	18,23	17,63	16,99	16,35	13,75	0
07/09/2020 04:55:00	13,80	16,27	18,10	18,85	19,24	19,35	19,26	19,05	18,72	18,29	17,71	17,08	16,45	13,86	0
07/09/2020 05:00:00	13,72	16,04	17,87	18,68	19,09	19,27	19,16	18,97	18,65	18,23	17,65	17,02	16,39	13,75	0
07/09/2020 05:05:00	13,67	15,79	17,60	18,44	18,88	19,09	19,04	18,88	18,58	18,19	17,64	17,03	16,42	13,69	0
07/09/2020 05:10:00	13,67	15,98	17,84	18,71	19,13	19,29	19,22	19,03	18,72	18,30	17,71	17,07	16,43	13,77	0
07/09/2020 05:15:00	13,83	15,90	17,81	18,66	19,17	19,38	19,35	19,21	18,92	18,51	17,94	17,32	16,69	13,79	0
07/09/2020 05:20:00	13,81	16,00	17,85	18,66	19,10	19,28	19,18	18,99	18,68	18,26	17,68	17,04	16,40	13,70	0
07/09/2020 05:25:00	13,78	15,95	17,77	18,58	19,03	19,23	19,17	19,00	18,70	18,30	17,74	17,13	16,52	13,90	0
07/09/2020 05:30:00	13,88	16,05	17,85	18,66	19,09	19,29	19,22	19,05	18,75	18,35	17,79	17,17	16,56	13,92	0
07/09/2020 05:35:00	13,92	16,07	17,76	18,53	18,97	19,15	19,08	18,92	18,63	18,25	17,72	17,14	16,55	13,94	0
07/09/2020 05:40:00	13,87	15,97	17,69	18,45	18,89	19,12	19,08	18,93	18,66	18,29	17,78	17,22	16,67	13,93	0
07/09/2020 05:45:00	13,94	15,95	17,74	18,50	18,91	19,10	19,04	18,87	18,57	18,17	17,62	17,02	16,41	13,88	0
07/09/2020 05:50:00	13,89	15,95	17,75	18,53	18,99	19,14	19,09	18,93	18,63	18,23	17,66	17,05	16,43	13,94	0
07/09/2020 05:55:00	13,98	16,05	17,84	18,61	19,09	19,30	19,24	19,09	18,80	18,42	17,88	17,29	16,70	13,95	0
07/09/2020 06:00:00	13,92	16,07	17,85	18,62	19,06	19,24	19,18	19,01	18,72	18,32	17,77	17,18	16,58	13,93	0
07/09/2020 06:05:00	13,86	16,05	17,86	18,66	19,10	19,26	19,19	19,02	18,71	18,30	17,74	17,12	16,50	13,78	0
07/09/2020 06:10:00	13,78	15,83	17,65	18,48	18,98	19,22	19,16	19,00	18,72	18,34	17,79	17,19	16,59	13,70	0
07/09/2020 06:15:00	13,65	15,82	17,61	18,43	18,88	19,07	19,02	18,86	18,57	18,18	17,64	17,04	16,44	13,72	0
07/09/2020 06:20:00	13,77	15,95	17,71	18,46	18,91	19,10	19,05	18,89	18,60	18,22	17,69	17,12	16,54	13,79	0
07/09/2020 06:25:00	13,76	15,80	17,59	18,38	18,83	19,03	18,98	18,83	18,54	18,15	17,60	17,00	16,40	13,68	0
07/09/2020 06:30:00	13,72	15,82	17,67	18,45	18,85	19,02	19,01	18,87	18,56	18,16	17,61	17,00	16,40	13,50	0
07/09/2020 06:35:00	13,54	15,64	17,39	18,11	18,54	18,76	18,68	18,51	18,22	17,84	17,32	16,75	16,17	13,65	0
07/09/2020 06:40:00	13,61	15,75	17,50	18,27	18,72	18,93	18,83	18,65	18,36	17,97	17,43	16,84	16,25	13,67	0
07/09/2020 06:45:00	13,70	15,81	17,47	18,25	18,71	18,91	18,88	18,74	18,47	18,11	17,61	17,06	16,51	13,79	0
07/09/2020 06:50:00	13,78	15,94	17,67	18,41	18,82	19,02	18,97	18,81	18,51	18,13	17,61	17,04	16,46	13,84	0
07/09/2020 06:55:00	13,90	15,89	17,70	18,47	18,87	19,08	19,05	18,90	18,61	18,21	17,67	17,07	16,47	13,92	0
07/09/2020 07:00:00	14,00	16,00	17,72	18,45	18,87	19,03	19,02	18,89	18,60	18,23	17,72	17,15	16,58	13,95	0
07/09/2020 07:05:00	13,98	15,97	17,63	18,33	18,76	18,94	18,85	18,67	18,37	17,99	17,46	16,88	16,30	13,89	0
07/09/2020 07:10:00	14,04	15,85	17,38	18,03	18,39	18,54	18,53	18,39	18,11	17,76	17,28	16,75	16,22	14,05	0
07/09/2020 07:15:00	14,25	15,88	17,26	17,92	18,30	18,49	18,46	18,34	18,09	17,76	17,31	16,81	16,30	14,26	0
07/09/2020 07:20:00	14,31	16,00	17,35	17,99	18,37	18,54	18,53	18,40	18,16	17,84	17,40	16,91	16,43	14,52	0
07/09/2020 07:25:00	14,64	16,19	17,52	18,18	18,55	18,73	18,67	18,52	18,27	17,93	17,47	16,95	16,43	14,60	0
07/09/2020 07:30:00	14,81	16,20	17,30	17,91	18,32	18,51	18,48	18,38	18,17	17,89	17,51	17,07	16,63	14,82	0
07/09/2020 07:35:00	14,95	16,31	17,43	18,04	18,41	18,61	18,57	18,46	18,24	17,96	17,56	17,11	16,65	15,22	0
07/09/2020 07:40:00	15,23	16,35	17,33	17,96	18,34	18,54	18,53	18,45	18,25	17,99	17,62	17,19	16,76	15,60	0
07/09/2020 07:45:00	15,49	16,46	17,25	17,75	18,07	18,27	18,23	18,13	17,94	17,71	17,38	16,99	16,60	15,78	0
07/09/2020 07:50:00	15,52	16,56	17,34	17,74	17,98	18,15	18,10	17,98	17,77	17,52	17,19	16,81	16,43	16,07	0
07/09/2020 07:55:00	15,60	16,51	17,27	17,66	17,93	18,07	18,05	17,96	17,76	17,52	17,20	16,84	16,47	16,38	0
07/09/2020 08:00:00	16,02	16,85	17,55	17,98	18,28	18,41	18,38	18,28	18,09	17,86	17,53	17,14	16,76	16,49	0
07/09/2020 08:05:00	16,36	17,14	17,66	17,87	17,99	18,09	18,00	17,86	17,64	17,40	17,09	16,74	16,39	16,55	0
07/09/2020 08:10:00	16,63	17,43	17,88	18,18	18,35	18,47	18,46	18,38	18,20	18,00	17,74	17,43	17,13	16,55	0
07/09/2020 08:15:00	16,92	17,49	17,79	18,03	18,18	18,29	18,22	18,11	17,93	17,73	17,47	17,16	16,85	17,12	0
07/09/2020 08:20:00	17,32	17,90	18,23	18,38	18,50	18,56	18,51	18,39	18,20	17,99	17,73	17,42	17,12	17,32	0
07/09/2020 08:25:00	17,56	17,84	18,05	18,20	18,27	18,29	18,19	18,05	17,85	17,62	17,33	16,99	16,64	17,68	0
07/09/2020 08:30:00	17,66	17,92	17,98	18,04	18,06	18,06	17,96	17,83	17,64	17,44	17,19	16,90	16,61	17,94	0
07/09/2020 08:35:00	17,95	17,91	17,85	17,85	17,82	17,77	17,66	17,53	17,33	17,13	16,87	16,58	16,28	18,08	0
07/09/2020 08:40:00	18,21	17,89	17,65	17,57	17,59	17,62	17,55	17,45	17,31	17,17	17,00	16,79	16,58	18,31	0
07/09/2020 08:45:00	18,33	17,99	17,71	17,62	17,53	17,53	17,45	17,34	17,18	17,02	16,83	16,60	16,37	18,41	0
07/09/2020 08:50:00	18,47	18,04	17,72	17,63	17,63	17,66	17,62	17,54	17,42	17,30	17,16	16,97	16,79	18,36	0
07/09/2020 08:55:00	18,42	17,86	17,40	17,28	17,25	17,27	17,24	17,17	17,06	16,96	16,85	16,69	16,53	18,35	0
07/09/2020 09:00:00	18,78	17,92	17,39	17,27	17,29	17,33	17,27	17,21	17,11	17,02	16,90	16,73	16,56	18,62	0
07/09/2020 09:05:00	18,83	17,95	17,34	17,16	17,18	17,24	17,21	17,18	17,10	17,04	16,98	16,87	16,75	18,81	0
07/09/2020 09:10:00	18,78	18,01	17,53	17,37	17,31	17,36	17,34	17,29	17,19	17,10	17,00	16,86	16,71	18,80	0
07/09/2020 09:15:00	18,78	18,23	17,86	17,74	17,69	17,73	17,66	17,57	17,44	17,31	17,16	16,96	16,76	18,69	0
07/09/2020 09:20:00	18,67	18,18	17,81	17,78	17,80	17,84	17,85	17,82	17,72	17,62	17,51	17,35	17,19	18,60	0
07/09/2020 09:25:00	18,70	18,16	17,75	17,69	17,70	17,76	17,77	17,74	17,65	17,57	17,47	17,33	17,19	18,68	0
07/09/2020 09:30:00	18,80	18,12	17,65	17,64	17,66	17,69	17,68	17,64	17,55	17,46	17,34	17,17	17,00	18,62	0
07/09/2020 09:35:00	19,44	18,30	17,57	17,42	17,43	17,53	17,54	17,54	17,49	17,45	17,41	17,31	17,22	18,69	0
07/09/2020 09:40:00	19,36	18,29	17,57	17,39	17,30	17,32	17,31	17,28	17,20	17,13	17,07	16,96	16,84	18,85	0
07/09/2020 09:45:00	19,74	18,41	17,51	17,12	16,97	16,89	16,77	16,67	16,55	16,46	16,37	16,23	16,09	18,96	0
07/09/2020 09:50:00	19,77	18,27	17,40	17,12	16,97	16,96	16,91	16,86	16,78	16,71	16,64	16,51	16,39	18,77	0
07/09/2020 09:55:00	20,16	18,37	17,37	17,12	17,07	17,13	17,15	17,16	17,13	17,12	17,12	17,05	16,99	19,35	0
07/09/2020 10:00:00	20,32	18,54	17,72	17,43	17,36	17,41	17,41	17,40	17,35	17,30	17,25	17,14	17,04	19,81	0
07/09/2020 10:05:00	19,22	18,52	18,09	17,95	17,88	17,82	17,73	17,62	17,47	17,32	17,13	16,90	16,67	19,53	0
07/09/2020 10:10:00	19,16	18,64	18,28	18,15	18,10	18,03	17,88	17,73	17,56	17,37	17,14	16,86	16,59	19,49	0
07/09/2020 10:15:00	19,35	18,71	18,23	18,05	17,96	17,87	17,75	17,63	17,47	17,31	17,13	16,90	16,67	19,72	0
07/09/2020 10:20:00	19,44	18,69	18,21	18,00	17,90	17,89	17,75	17,62	17,46	17,31	17,12	16,89	16,66	19,84	0
07/09/2020 10:25:00	19,98	18,77	18,18	17,96	17,84	17,79	17,71	17,62	17,49	17,36	17,20	17,00	16,79	20,07	0
07/09/2020 10:30:00	20,25	18,90	18,20	17,99	17,93	17,87	17,79	17,72	17,61	17,49	17,34	17,15	16,95	20,61	0
07/09/2020 10:35:00	20,66	18,86	18,13	17,87	17,74	17,70	17,65	17,61	17,51	17,41	17,28	17,09	16,91	20,73	0
07/09/2020 10:40:00	20,86	19,35	18,39	17,97	17,75	17,70	17,58	17,48	17,38	17,29	17,20	17,06	16,93	20,83	0
07/09/2020 10:45:00	20,13	19,37	18,76	18,46	18,23	18,01	17,82	17,64	17,44	17,23	17,00	16,73	16,46	20,61	0
07/09/2020 10:50:00	19,96	19,32	18,76	18,46	18,23	18,09	17,92	17,76	17,57	17,39	17,19	16,95	16,71	20,84	0
07/09/2020 10:55:00	19,84	19,31	18,84	18,59	18,42	18,28	18,09	17,90	17,71	17,50	17,27	16,99	16,71	20,54	0
07/09/2020 11:00:00	19,82	19,37	18,85	18,52	18,31	18,15	17,98	17,80	17,61	17,43	17,23	17,00	16,77	20,65	0
07/09/2020 11:05:00	19,88	19,34	18,87	18,58	18,37	18,20	18,02	17,83	17,63	17,43	17,19	16,92	16,66	20,51	0
07/09/2020 11:10:00	19,94	19,38	19,00	18,73	18,53	18,34	18,13	17,92	17,70	17,46	17,18	16,86	16,54	20,51	0
07/09/2020 11:15:00	20,22	19,84	19,42	19,18	18,96	18,77	18,53	18,30	18,08	17,83	17,54	17,22	16,89	20,63	0
07/09/2020 11:20:00	20,33	19,84	19,45	19,17	18,96	18,76	18,56	18,37	18,15	17,92	17,65	17,34	17,04	20,34	0
07/09/2020 11:25:00	20,62	19,90	19,40	19,12	18,94	18,76	18,56	18,37	18,16	17,95	17,69	17,39	17,08	20,54	0
07/09/2020 11:30:00	20,62	20,06	19,58	19,31	19,06	18,84	18,63	18,42	18,20	17,97	17,69	17,37	17,06	21,00	0
07/09/2020 11:35:00	20,74	20,19	19,72	19,39	19,11	18,89	18,68	18,48	18,25	18,02	17,76	17,46	17,16	20,99	0
07/09/2020 11:40:00	20,94	20,33	19,81	19,47	19,20	18,93	18,67	18,42	18,18	17,91	17,60	17,26	16,91	21,11	0
07/09/2020 11:45:00	20,80	20,25	19,81	19,51	19,23	18,97	18,74	18,52	18,29	18,03	17,74	17,41	17,09	21,16	0
07/09/2020 11:50:00	20,82	20,30	19,81	19,46	19,15	18,86	18,59	18,34	18,09	17,82	17,51	17,16	16,82	21,07	0
07/09/2020 11:55:00	21,06	20,42	19,80	19,45	19,14	18,89	18,63	18,38	18,15	17,90	17,61	17,28	16,95	21,19	0
07/09/2020 12:00:00	20,85	20,30	19,75	19,35	19,01	18,77	18,53	18,30	18,07	17,83	17,57	17,28	16,99	21,05	0
07/09/2020 12:05:00	21,01	20,59	19,89	19,48	19,10	18,80	18,53	18,27	18,03	17,79	17,53	17,23	16,94	21,04	0
07/09/2020 12:10:00	21,39	20,70	19,86	19,36	18,93	18,62	18,35	18,10	17,87	17,64	17,40	17,13	16,86	21,39	0
07/09/2020 12:15:00	21,24	20,69	19,94	19,46	19,02	18,70	18,39	18,12	17,86	17,62	17,35	17,05	16,75	21,29	0
07/09/2020 12:20:00	20,99	20,44	19,91	19,50	19,21	18,96	18,69	18,45	18,21	17,96	17,68	17,36	17,05	21,12	0
07/09/2020 12:25:00	20,96	20,51	20,07	19,71	19,36	19,01	18,68	18,38	18,08	17,77	17,39	16,99	16,58	21,26	0
07/09/2020 12:30:00	21,36	20,99	20,37	19,97	19,60	19,26	18,93	18,64	18,36	18,08	17,76	17,40	17,04	21,24	0
07/09/2020 12:35:00	21,88	21,08	20,23	19,77	19,42	19,05	18,76	18,51	18,27	18,03	17,76	17,46	17,16	21,86	0
07/09/2020 12:40:00	21,66	21,00	20,42	20,02	19,63	19,29	18,99	18,71	18,43	18,14	17,80	17,42	17,04	21,73	0
07/09/2020 12:45:00	21,72	21,05	20,52	20,12	19,76	19,43	19,12	18,84	18,57	18,27	17,92	17,54	17,15	21,82	0
07/09/2020 12:50:00	21,56	21,03	20,50	20,16	19,87	19,56	19,24	18,97	18,70	18,41	18,07	17,68	17,29	21,61	0
07/09/2020 12:55:00	22,72	21,46	20,28	19,74	19,35	19,05	18,79	18,58	18,39	18,21	18,03	17,81	17,58	22,32	0
07/09/2020 13:00:00	22,93	21,43	20,38	19,85	19,48	19,20	18,92	18,70	18,50	18,29	18,05	17,77	17,49	22,76	0
07/09/2020 13:05:00	22,95	21,85	20,86	20,29	19,81	19,42	19,08	18,79	18,54	18,27	17,98	17,65	17,32	23,43	0
07/09/2020 13:10:00	23,11	21,74	20,66	20,16	19,77	19,43	19,15	18,92	18,70	18,48	18,22	17,92	17,61	22,64	0
07/09/2020 13:15:00	23,32	21,75	20,82	20,28	19,87	19,53	19,25	19,01	18,78	18,53	18,24	17,90	17,57	22,81	0
07/09/2020 13:20:00	22,97	21,79	20,92	20,45	20,05	19,72	19,43	19,19	18,96	18,71	18,42	18,09	17,76	22,90	0
07/09/2020 13:25:00	23,34	21,86	20,83	20,26	19,91	19,62	19,34	19,11	18,90	18,68	18,43	18,12	17,82	23,01	0
07/09/2020 13:30:00	23,59	21,80	20,74	20,21	19,80	19,51	19,27	19,07	18,88	18,68	18,44	18,16	17,87	23,83	0
07/09/2020 13:35:00	23,53	21,87	20,87	20,38	19,99	19,65	19,36	19,13	18,91	18,67	18,39	18,05	17,72	22,73	0
07/09/2020 13:40:00	23,30	22,02	20,98	20,49	20,14	19,81	19,50	19,26	19,04	18,82	18,56	18,25	17,94	22,61	0
07/09/2020 13:45:00	23,18	21,86	20,95	20,47	20,07	19,74	19,44	19,20	18,97	18,72	18,42	18,08	17,74	22,50	0
07/09/2020 13:50:00	23,40	22,12	21,11	20,62	20,27	19,97	19,65	19,40	19,18	18,94	18,66	18,33	18,00	22,80	0
07/09/2020 13:55:00	23,31	22,40	21,47	20,97	20,54	20,14	19,78	19,49	19,23	18,95	18,63	18,27	17,91	22,79	0
07/09/2020 14:00:00	23,43	22,40	21,47	20,99	20,53	20,11	19,81	19,55	19,31	19,06	18,78	18,46	18,14	23,78	0
07/09/2020 14:05:00	23,83	22,26	21,30	20,76	20,34	20,00	19,69	19,43	19,20	18,95	18,65	18,30	17,95	23,33	0
07/09/2020 14:10:00	23,60	22,10	21,20	20,72	20,35	20,06	19,78	19,54	19,33	19,09	18,81	18,48	18,15	23,44	0
07/09/2020 14:15:00	23,75	22,47	21,48	20,94	20,56	20,21	19,88	19,61	19,38	19,13	18,84	18,50	18,17	23,64	0
07/09/2020 14:20:00	23,76	22,44	21,63	21,12	20,75	20,45	20,15	19,90	19,68	19,43	19,14	18,80	18,46	24,46	0
07/09/2020 14:25:00	23,60	22,36	21,66	21,22	20,84	20,51	20,21	19,94	19,68	19,39	19,03	18,63	18,23	24,14	0
07/09/2020 14:30:00	24,06	22,62	21,63	21,09	20,70	20,36	20,06	19,81	19,58	19,34	19,06	18,73	18,40	23,77	0
07/09/2020 14:35:00	23,71	22,62	21,79	21,29	20,88	20,52	20,19	19,92	19,66	19,39	19,07	18,71	18,35	24,24	0
07/09/2020 14:40:00	23,74	22,56	21,76	21,27	20,84	20,49	20,14	19,85	19,59	19,31	18,96	18,58	18,19	23,98	0
07/09/2020 14:45:00	24,11	22,80	21,83	21,34	20,95	20,58	20,24	19,97	19,74	19,48	19,18	18,82	18,47	24,49	0
07/09/2020 14:50:00	23,71	22,70	21,85	21,30	20,90	20,54	20,22	19,95	19,71	19,45	19,15	18,81	18,47	23,80	0
07/09/2020 14:55:00	23,65	22,65	21,87	21,38	20,98	20,63	20,30	20,01	19,75	19,47	19,14	18,76	18,39	23,66	0
07/09/2020 15:00:00	23,17	22,59	21,96	21,53	21,14	20,76	20,40	20,08	19,79	19,46	19,07	18,65	18,22	23,38	0
07/09/2020 15:05:00	23,10	22,58	22,01	21,56	21,15	20,77	20,43	20,12	19,83	19,52	19,16	18,77	18,37	23,30	0
07/09/2020 15:10:00	23,22	22,51	21,96	21,55	21,18	20,84	20,49	20,18	19,90	19,58	19,19	18,76	18,33	23,36	0
07/09/2020 15:15:00	23,06	22,56	22,05	21,62	21,20	20,81	20,43	20,10	19,78	19,44	19,04	18,59	18,15	23,46	0
07/09/2020 15:20:00	22,98	22,53	22,13	21,70	21,33	20,95	20,56	20,22	19,90	19,55	19,12	18,65	18,19	23,36	0
07/09/2020 15:25:00	22,99	22,43	22,03	21,70	21,36	20,99	20,65	20,34	20,04	19,70	19,27	18,80	18,33	23,24	0
07/09/2020 15:30:00	22,80	22,52	22,11	21,72	21,35	20,97	20,60	20,27	19,95	19,59	19,17	18,71	18,25	23,44	0
07/09/2020 15:35:00	23,12	22,76	22,39	22,04	21,65	21,24	20,86	20,52	20,19	19,82	19,36	18,87	18,37	23,47	0
07/09/2020 15:40:00	22,99	22,68	22,39	22,06	21,71	21,35	20,96	20,61	20,29	19,91	19,44	18,93	18,41	23,21	0
07/09/2020 15:45:00	23,04	22,75	22,37	21,98	21,57	21,21	20,85	20,52	20,20	19,85	19,43	18,98	18,52	23,53	0
07/09/2020 15:50:00	22,99	22,75	22,39	22,01	21,66	21,27	20,90	20,57	20,25	19,90	19,47	19,01	18,55	23,44	0
07/09/2020 15:55:00	23,52	23,06	22,52	22,07	21,66	21,31	20,94	20,63	20,33	20,01	19,62	19,20	18,78	23,51	0
07/09/2020 16:00:00	23,31	23,02	22,61	22,22	21,80	21,40	21,02	20,68	20,36	20,00	19,57	19,11	18,64	23,43	0
07/09/2020 16:05:00	23,62	23,19	22,63	22,20	21,80	21,40	21,02	20,69	20,38	20,05	19,65	19,21	18,77	23,64	0
07/09/2020 16:10:00	23,88	23,12	22,48	22,07	21,69	21,33	20,99	20,70	20,42	20,10	19,72	19,29	18,87	23,84	0
07/09/2020 16:15:00	23,89	23,23	22,55	22,11	21,72	21,35	21,00	20,70	20,42	20,11	19,75	19,34	18,93	23,84	0
07/09/2020 16:20:00	24,06	23,26	22,56	22,12	21,76	21,42	21,10	20,83	20,56	20,27	19,92	19,53	19,13	23,92	0
07/09/2020 16:25:00	24,20	23,10	22,40	21,92	21,55	21,22	20,92	20,67	20,42	20,15	19,81	19,43	19,05	24,39	0
07/09/2020 16:30:00	24,23	23,34	22,56	22,11	21,73	21,37	21,03	20,73	20,46	20,16	19,79	19,38	18,96	24,64	0
07/09/2020 16:35:00	23,88	23,39	22,82	22,47	22,13	21,72	21,34	21,01	20,70	20,35	19,92	19,43	18,95	24,43	0
07/09/2020 16:40:00	23,27	23,30	23,00	22,68	22,34	21,95	21,59	21,26	20,93	20,58	20,14	19,67	19,20	24,53	0
07/09/2020 16:45:00	23,41	23,18	22,88	22,46	22,01	21,68	21,33	21,01	20,69	20,34	19,93	19,49	19,05	23,93	0
07/09/2020 16:50:00	23,33	23,12	22,82	22,48	22,12	21,79	21,43	21,10	20,79	20,44	20,00	19,53	19,06	23,73	0
07/09/2020 16:55:00	23,23	23,13	22,88	22,63	22,28	21,90	21,53	21,20	20,87	20,49	20,02	19,50	18,99	23,53	0
07/09/2020 17:00:00	23,23	23,08	22,87	22,51	22,15	21,80	21,45	21,12	20,80	20,44	20,00	19,52	19,04	23,55	0
07/09/2020 17:05:00	22,91	23,10	22,95	22,68	22,33	21,95	21,58	21,23	20,88	20,50	20,02	19,51	19,00	23,47	0
07/09/2020 17:10:00	23,22	23,44	23,32	22,99	22,62	22,25	21,87	21,52	21,17	20,79	20,32	19,82	19,32	23,49	0
07/09/2020 17:15:00	23,29	23,38	23,22	22,95	22,61	22,24	21,85	21,50	21,15	20,76	20,27	19,75	19,23	23,24	0
07/09/2020 17:20:00	23,22	23,38	23,29	22,99	22,62	22,23	21,84	21,48	21,13	20,73	20,23	19,71	19,18	23,11	0
07/09/2020 17:25:00	23,22	23,43	23,31	22,99	22,64	22,28	21,88	21,52	21,17	20,78	20,30	19,78	19,27	23,09	0
07/09/2020 17:30:00	23,25	23,40	23,23	22,96	22,59	22,23	21,87	21,52	21,18	20,80	20,33	19,82	19,31	23,17	0
07/09/2020 17:35:00	23,27	23,29	23,06	22,75	22,41	22,05	21,67	21,33	21,00	20,63	20,17	19,67	19,18	23,16	0
07/09/2020 17:40:00	23,10	23,23	23,06	22,77	22,44	22,06	21,67	21,31	20,97	20,58	20,10	19,58	19,06	23,23	0
07/09/2020 17:45:00	23,05	23,24	23,05	22,73	22,39	22,01	21,62	21,26	20,92	20,53	20,05	19,53	19,02	23,23	0
07/09/2020 17:50:00	23,23	23,30	23,12	22,84	22,49	22,14	21,79	21,47	21,14	20,76	20,30	19,81	19,31	23,19	0
07/09/2020 17:55:00	22,98	23,23	23,03	22,78	22,44	22,06	21,71	21,38	21,05	20,68	20,22	19,72	19,23	23,18	0
07/09/2020 18:00:00	23,03	23,28	23,13	22,87	22,52	22,15	21,78	21,43	21,09	20,71	20,24	19,73	19,23	23,04	0
07/09/2020 18:05:00	23,01	23,34	23,19	22,87	22,55	22,15	21,81	21,49	21,16	20,80	20,37	19,91	19,45	22,96	0
07/09/2020 18:10:00	22,96	23,15	23,05	22,78	22,44	22,09	21,73	21,39	21,05	20,66	20,18	19,67	19,16	22,97	0
07/09/2020 18:15:00	22,88	23,16	23,09	22,81	22,45	22,09	21,74	21,40	21,05	20,66	20,19	19,68	19,18	22,92	0
07/09/2020 18:20:00	22,72	23,08	23,07	22,80	22,48	22,15	21,77	21,41	21,06	20,67	20,18	19,66	19,14	22,88	0
07/09/2020 18:25:00	22,73	23,19	23,28	23,06	22,72	22,38	22,03	21,68	21,32	20,92	20,42	19,89	19,35	22,77	0
07/09/2020 18:30:00	22,24	23,14	23,33	23,17	22,90	22,52	22,10	21,71	21,32	20,87	20,32	19,73	19,14	22,45	0
07/09/2020 18:35:00	22,20	23,00	23,24	23,11	22,81	22,47	22,09	21,72	21,34	20,90	20,36	19,77	19,19	22,16	0
07/09/2020 18:40:00	22,08	22,95	23,26	23,10	22,80	22,46	22,06	21,68	21,29	20,84	20,29	19,70	19,12	21,73	0
07/09/2020 18:45:00	21,92	22,83	23,18	23,08	22,83	22,50	22,15	21,79	21,42	20,99	20,46	19,89	19,33	21,51	0
07/09/2020 18:50:00	21,42	22,49	22,90	22,83	22,62	22,31	21,95	21,59	21,21	20,77	20,21	19,63	19,04	21,37	0
07/09/2020 18:55:00	21,38	22,53	22,95	22,87	22,64	22,30	21,92	21,54	21,15	20,69	20,13	19,53	18,94	21,14	0
07/09/2020 19:00:00	21,31	22,49	22,93	22,85	22,62	22,32	21,95	21,57	21,18	20,74	20,18	19,59	19,01	20,97	0
07/09/2020 19:05:00	21,21	22,33	22,83	22,78	22,56	22,25	21,92	21,58	21,20	20,76	20,22	19,64	19,07	20,79	0
07/09/2020 19:10:00	21,03	22,39	22,94	22,88	22,66	22,34	21,96	21,57	21,17	20,70	20,12	19,52	18,91	20,66	0
07/09/2020 19:15:00	20,73	22,03	22,52	22,51	22,35	22,06	21,70	21,33	20,95	20,51	19,95	19,36	18,77	20,57	0
07/09/2020 19:20:00	20,59	21,99	22,60	22,59	22,36	22,06	21,72	21,35	20,95	20,49	19,92	19,32	18,72	20,37	0
07/09/2020 19:25:00	20,46	21,90	22,43	22,37	22,16	21,85	21,49	21,13	20,73	20,29	19,75	19,18	18,62	20,42	0
07/09/2020 19:30:00	20,29	21,77	22,31	22,27	22,09	21,77	21,39	21,01	20,61	20,15	19,59	19,00	18,41	20,27	0
07/09/2020 19:35:00	20,16	21,84	22,34	22,33	22,12	21,79	21,43	21,05	20,65	20,21	19,67	19,11	18,55	20,02	0
07/09/2020 19:40:00	19,87	21,38	21,96	21,93	21,75	21,43	21,08	20,71	20,31	19,86	19,31	18,74	18,16	19,94	0
07/09/2020 19:45:00	19,90	21,40	22,10	22,07	21,87	21,59	21,24	20,86	20,46	20,00	19,42	18,82	18,22	19,87	0
07/09/2020 19:50:00	19,79	21,42	21,99	21,93	21,76	21,49	21,12	20,74	20,34	19,90	19,37	18,80	18,24	19,69	0
07/09/2020 19:55:00	19,65	21,23	21,95	22,00	21,83	21,54	21,19	20,81	20,41	19,94	19,35	18,74	18,12	19,67	0
07/09/2020 20:00:00	19,55	21,14	21,92	21,94	21,78	21,52	21,14	20,75	20,33	19,85	19,25	18,62	18,00	19,52	0
07/09/2020 20:05:00	19,45	21,11	21,93	21,96	21,80	21,52	21,13	20,72	20,30	19,80	19,18	18,53	17,87	19,47	0
07/09/2020 20:10:00	19,34	20,72	21,70	21,77	21,66	21,43	21,09	20,72	20,31	19,82	19,19	18,53	17,87	19,23	0
07/09/2020 20:15:00	19,15	20,92	21,62	21,68	21,53	21,24	20,87	20,48	20,07	19,60	19,03	18,42	17,81	19,19	0
07/09/2020 20:20:00	19,12	20,61	21,45	21,55	21,46	21,24	20,92	20,57	20,18	19,73	19,15	18,54	17,93	19,14	0
07/09/2020 20:25:00	19,23	20,53	21,27	21,37	21,32	21,15	20,84	20,52	20,16	19,74	19,19	18,62	18,04	19,02	0
07/09/2020 20:30:00	19,12	20,64	21,41	21,43	21,33	21,11	20,78	20,43	20,04	19,59	19,04	18,46	17,88	19,10	0
07/09/2020 20:35:00	19,04	20,49	21,29	21,44	21,35	21,08	20,77	20,43	20,04	19,58	18,99	18,37	17,75	18,97	0
07/09/2020 20:40:00	18,90	20,49	21,20	21,32	21,23	21,03	20,72	20,39	20,02	19,60	19,07	18,50	17,94	18,88	0
07/09/2020 20:45:00	18,81	20,48	21,21	21,25	21,12	20,89	20,57	20,23	19,85	19,41	18,89	18,33	17,77	18,74	0
07/09/2020 20:50:00	18,67	20,41	21,13	21,19	21,10	20,86	20,55	20,21	19,82	19,40	18,87	18,32	17,76	18,69	0
07/09/2020 20:55:00	18,79	20,28	20,91	20,99	20,95	20,78	20,48	20,16	19,81	19,41	18,91	18,38	17,84	18,72	0
07/09/2020 21:00:00	18,84	20,34	21,03	21,14	21,03	20,84	20,57	20,26	19,90	19,49	18,98	18,44	17,90	18,62	0
07/09/2020 21:05:00	18,67	20,19	20,87	20,92	20,84	20,64	20,34	20,00	19,64	19,22	18,71	18,17	17,63	18,65	0
07/09/2020 21:10:00	18,78	20,28	21,05	21,12	21,03	20,82	20,53	20,21	19,84	19,41	18,88	18,32	17,76	18,81	0
07/09/2020 21:15:00	18,93	20,49	21,22	21,33	21,24	21,05	20,76	20,44	20,07	19,65	19,13	18,57	18,01	18,86	0
07/09/2020 21:20:00	18,71	20,05	20,87	21,07	21,07	20,94	20,72	20,45	20,11	19,71	19,20	18,65	18,10	18,66	0
07/09/2020 21:25:00	18,75	20,17	21,09	21,29	21,24	21,13	20,89	20,60	20,25	19,83	19,29	18,71	18,13	18,73	0
07/09/2020 21:30:00	18,70	20,06	20,83	20,95	20,92	20,79	20,57	20,30	19,97	19,59	19,11	18,59	18,07	18,59	0
07/09/2020 21:35:00	18,70	19,87	20,74	20,97	20,97	20,86	20,64	20,38	20,05	19,64	19,11	18,54	17,97	18,70	0
07/09/2020 21:40:00	18,74	20,07	20,67	20,77	20,70	20,58	20,32	20,03	19,70	19,33	18,86	18,36	17,85	18,61	0
07/09/2020 21:45:00	19,12	20,12	20,54	20,58	20,53	20,44	20,21	19,96	19,67	19,35	18,94	18,49	18,05	18,93	0
07/09/2020 21:50:00	19,19	20,07	20,49	20,57	20,53	20,42	20,21	19,97	19,68	19,36	18,94	18,49	18,03	19,51	0
07/09/2020 21:55:00	19,22	20,02	20,44	20,52	20,44	20,33	20,13	19,89	19,61	19,27	18,86	18,40	17,94	19,87	0
07/09/2020 22:00:00	19,34	20,31	20,82	20,89	20,84	20,74	20,51	20,25	19,95	19,61	19,17	18,69	18,21	19,86	0
07/09/2020 22:05:00	19,26	20,58	21,27	21,44	21,43	21,30	21,09	20,83	20,51	20,13	19,65	19,14	18,62	19,66	0
07/09/2020 22:10:00	19,17	20,67	21,31	21,50	21,50	21,38	21,16	20,90	20,59	20,22	19,76	19,26	18,75	19,37	0
07/09/2020 22:15:00	19,72	20,79	21,14	21,20	21,18	21,05	20,83	20,59	20,30	19,99	19,59	19,15	18,71	19,12	0
07/09/2020 22:20:00	19,81	20,74	21,09	21,14	21,14	21,03	20,84	20,62	20,35	20,05	19,68	19,26	18,84	19,28	0
07/09/2020 22:25:00	19,97	20,73	21,05	21,09	21,07	20,97	20,78	20,56	20,30	20,00	19,62	19,20	18,78	19,49	0
07/09/2020 22:30:00	19,85	20,40	20,75	20,79	20,77	20,71	20,54	20,34	20,08	19,79	19,42	19,00	18,58	19,46	0
07/09/2020 22:35:00	19,61	20,17	20,37	20,43	20,38	20,31	20,12	19,92	19,67	19,39	19,03	18,62	18,22	19,56	0
07/09/2020 22:40:00	19,63	20,18	20,39	20,40	20,36	20,24	20,08	19,88	19,64	19,36	19,02	18,64	18,26	19,72	0
07/09/2020 22:45:00	19,81	20,10	20,30	20,28	20,21	20,15	20,02	19,84	19,61	19,36	19,04	18,67	18,31	19,93	0
07/09/2020 22:50:00	20,08	20,41	20,54	20,55	20,54	20,46	20,32	20,15	19,93	19,67	19,35	18,98	18,62	19,97	0
07/09/2020 22:55:00	20,01	20,44	20,54	20,67	20,68	20,58	20,43	20,26	20,04	19,78	19,44	19,05	18,67	20,08	0
07/09/2020 23:00:00	20,12	20,49	20,51	20,45	20,44	20,38	20,23	20,06	19,85	19,62	19,34	19,01	18,69	20,14	0
07/09/2020 23:05:00	20,21	20,45	20,46	20,39	20,33	20,26	20,12	19,96	19,75	19,52	19,24	18,92	18,61	20,36	0
07/09/2020 23:10:00	20,45	20,56	20,54	20,56	20,57	20,55	20,45	20,33	20,15	19,95	19,69	19,38	19,08	20,36	0
07/09/2020 23:15:00	20,32	20,54	20,55	20,56	20,57	20,53	20,38	20,22	20,01	19,78	19,48	19,13	18,79	20,19	0
07/09/2020 23:20:00	20,13	20,35	20,33	20,37	20,42	20,43	20,32	20,20	20,02	19,83	19,58	19,28	18,98	20,16	0
07/09/2020 23:25:00	20,21	20,40	20,38	20,39	20,41	20,41	20,31	20,18	20,00	19,80	19,54	19,24	18,93	20,24	0
07/09/2020 23:30:00	20,15	20,43	20,51	20,58	20,62	20,63	20,54	20,41	20,22	20,01	19,74	19,41	19,09	20,18	0
07/09/2020 23:35:00	20,18	20,46	20,50	20,57	20,66	20,72	20,67	20,58	20,42	20,26	20,04	19,76	19,49	20,25	0
07/09/2020 23:40:00	20,27	20,46	20,50	20,55	20,67	20,73	20,66	20,56	20,41	20,23	20,00	19,72	19,44	20,14	0
07/09/2020 23:45:00	20,15	20,43	20,56	20,70	20,83	20,89	20,84	20,74	20,58	20,38	20,12	19,81	19,49	20,13	0
07/09/2020 23:50:00	20,07	20,47	20,68	20,86	20,96	21,04	20,98	20,88	20,71	20,51	20,24	19,91	19,59	20,12	0
07/09/2020 23:55:00	20,06	20,52	20,65	20,82	20,98	21,07	21,02	20,93	20,77	20,60	20,36	20,06	19,77	20,07	0
