FileFormat:0002.2 file with temperature of atmosphere
200
local	GMT or Local
0	GMT-Local=[hours]
0	Height[m]
0	0	0	Longitude                [grd]               [min]               [sec]
0	0	0	Latitude                [grd]               [min]               [sec]
N	NS
59,40	Freq[GHz]
0,00	dTemostat[K]
0,150	MessErr[K]
0,248	//[grad/step]
version 14.0.20110218
MTP5H033F5940K-33.00D180214+A1.1
Commentary:
enter comment
End Of Commentary

SYSTEM\alaska.dat
data time	0	50	100	150	200	250	300	350	400	450	500	550	600	OutsideTemperature	Quality
23/02/2020 00:00:00	2,64	4,09	4,26	3,76	2,96	1,99	1,06	0,46	0,14	-0,15	-0,35	-0,46	-0,56	2,67	0
23/02/2020 00:05:00	2,67	4,15	4,34	3,86	3,06	2,10	1,15	0,53	0,20	-0,10	-0,31	-0,43	-0,56	2,78	0
23/02/2020 00:10:00	2,75	4,15	4,23	3,71	2,90	1,89	0,91	0,28	-0,04	-0,33	-0,55	-0,68	-0,82	2,76	0
23/02/2020 00:15:00	2,81	4,01	4,07	3,58	2,78	1,81	0,96	0,40	0,10	-0,17	-0,35	-0,45	-0,55	2,73	0
23/02/2020 00:20:00	2,70	4,13	4,14	3,46	2,64	1,69	0,91	0,47	0,27	0,07	-0,03	-0,05	-0,06	2,72	0
23/02/2020 00:25:00	2,67	4,06	4,13	3,49	2,60	1,58	0,64	0,04	-0,26	-0,52	-0,70	-0,77	-0,85	2,71	0
23/02/2020 00:30:00	2,64	4,02	4,03	3,37	2,51	1,53	0,61	0,05	-0,21	-0,45	-0,61	-0,67	-0,74	2,73	0
23/02/2020 00:35:00	2,67	3,96	3,96	3,37	2,54	1,58	0,74	0,20	-0,07	-0,32	-0,49	-0,58	-0,68	2,65	0
23/02/2020 00:40:00	2,66	4,02	4,05	3,42	2,56	1,52	0,63	0,08	-0,21	-0,46	-0,62	-0,69	-0,75	2,65	0
23/02/2020 00:45:00	2,55	3,90	3,90	3,26	2,37	1,39	0,43	-0,17	-0,45	-0,71	-0,88	-0,98	-1,07	2,60	0
23/02/2020 00:50:00	2,59	3,75	3,73	3,13	2,37	1,38	0,52	-0,03	-0,30	-0,55	-0,73	-0,82	-0,92	2,56	0
23/02/2020 00:55:00	2,58	3,84	3,83	3,22	2,31	1,27	0,37	-0,20	-0,50	-0,75	-0,92	-0,99	-1,06	2,56	0
23/02/2020 01:00:00	2,49	3,76	3,76	3,13	2,31	1,31	0,38	-0,21	-0,49	-0,75	-0,93	-1,03	-1,13	2,48	0
23/02/2020 01:05:00	2,43	3,73	3,73	3,17	2,34	1,31	0,40	-0,18	-0,48	-0,74	-0,93	-1,03	-1,14	2,48	0
23/02/2020 01:10:00	2,45	3,69	3,70	3,06	2,20	1,21	0,31	-0,26	-0,54	-0,79	-0,95	-1,02	-1,09	2,49	0
23/02/2020 01:15:00	2,48	3,61	3,65	3,18	2,34	1,29	0,36	-0,29	-0,66	-0,99	-1,23	-1,39	-1,55	2,49	0
23/02/2020 01:20:00	2,42	3,65	3,66	3,09	2,24	1,23	0,35	-0,24	-0,55	-0,83	-1,03	-1,15	-1,26	2,46	0
23/02/2020 01:25:00	2,45	3,64	3,62	3,02	2,14	1,19	0,27	-0,30	-0,58	-0,82	-0,98	-1,05	-1,12	2,43	0
23/02/2020 01:30:00	2,43	3,54	3,57	3,09	2,22	1,24	0,30	-0,33	-0,67	-0,96	-1,17	-1,29	-1,42	2,43	0
23/02/2020 01:35:00	2,46	3,51	3,49	2,96	2,12	1,22	0,38	-0,16	-0,44	-0,69	-0,87	-0,97	-1,06	2,43	0
23/02/2020 01:40:00	2,39	3,45	3,51	3,07	2,30	1,32	0,36	-0,30	-0,66	-0,97	-1,22	-1,39	-1,57	2,41	0
23/02/2020 01:45:00	2,46	3,48	3,44	2,99	2,21	1,20	0,26	-0,37	-0,71	-1,01	-1,25	-1,42	-1,60	2,39	0
23/02/2020 01:50:00	2,39	3,55	3,57	2,95	2,08	1,04	0,10	-0,52	-0,84	-1,11	-1,30	-1,39	-1,49	2,40	0
23/02/2020 01:55:00	2,36	3,57	3,51	2,82	1,92	0,97	0,15	-0,34	-0,58	-0,79	-0,92	-0,96	-1,00	2,35	0
23/02/2020 02:00:00	2,36	3,48	3,46	2,86	2,07	1,11	0,26	-0,29	-0,56	-0,80	-0,97	-1,05	-1,14	2,40	0
23/02/2020 02:05:00	2,33	3,54	3,49	2,87	2,01	1,01	0,09	-0,49	-0,77	-1,02	-1,19	-1,28	-1,37	2,36	0
23/02/2020 02:10:00	2,35	3,48	3,49	2,91	2,05	1,02	0,12	-0,48	-0,80	-1,08	-1,27	-1,38	-1,48	2,40	0
23/02/2020 02:15:00	2,37	3,45	3,45	2,89	2,07	1,04	0,17	-0,43	-0,75	-1,03	-1,23	-1,34	-1,45	2,39	0
23/02/2020 02:20:00	2,40	3,45	3,40	2,82	1,93	0,97	0,09	-0,48	-0,76	-1,00	-1,15	-1,22	-1,28	2,37	0
23/02/2020 02:25:00	2,36	3,48	3,51	2,97	2,20	1,18	0,21	-0,46	-0,81	-1,11	-1,35	-1,52	-1,68	2,36	0
23/02/2020 02:30:00	2,36	3,55	3,54	3,04	2,16	1,14	0,21	-0,42	-0,75	-1,04	-1,24	-1,37	-1,50	2,36	0
23/02/2020 02:35:00	2,39	3,56	3,55	2,98	2,13	1,09	0,16	-0,45	-0,78	-1,06	-1,26	-1,39	-1,51	2,41	0
23/02/2020 02:40:00	2,45	3,52	3,55	2,96	2,16	1,14	0,20	-0,43	-0,77	-1,06	-1,27	-1,40	-1,53	2,42	0
23/02/2020 02:45:00	2,45	3,59	3,56	3,00	2,22	1,19	0,23	-0,40	-0,72	-1,00	-1,21	-1,35	-1,49	2,45	0
23/02/2020 02:50:00	2,41	3,61	3,63	3,03	2,23	1,16	0,20	-0,45	-0,79	-1,09	-1,31	-1,45	-1,59	2,46	0
23/02/2020 02:55:00	2,44	3,52	3,54	3,08	2,33	1,26	0,28	-0,41	-0,77	-1,09	-1,34	-1,53	-1,71	2,45	0
23/02/2020 03:00:00	2,45	3,62	3,64	3,08	2,29	1,27	0,28	-0,39	-0,73	-1,04	-1,27	-1,43	-1,59	2,49	0
23/02/2020 03:05:00	2,57	3,64	3,61	3,08	2,21	1,22	0,29	-0,33	-0,66	-0,94	-1,16	-1,29	-1,42	2,52	0
23/02/2020 03:10:00	2,58	3,60	3,60	3,12	2,29	1,28	0,28	-0,40	-0,77	-1,09	-1,33	-1,50	-1,67	2,55	0
23/02/2020 03:15:00	2,53	3,61	3,57	2,93	2,11	1,07	0,09	-0,54	-0,86	-1,14	-1,34	-1,46	-1,58	2,48	0
23/02/2020 03:20:00	2,42	3,47	3,45	2,90	2,06	1,00	0,00	-0,68	-1,04	-1,34	-1,56	-1,71	-1,86	2,38	0
23/02/2020 03:25:00	2,24	3,26	3,25	2,78	1,97	0,94	0,04	-0,60	-0,96	-1,27	-1,51	-1,68	-1,85	2,28	0
23/02/2020 03:30:00	2,03	2,85	2,72	2,11	1,41	0,55	-0,16	-0,59	-0,79	-0,97	-1,10	-1,15	-1,20	2,00	0
23/02/2020 03:35:00	1,61	2,14	2,12	1,75	1,24	0,60	0,08	-0,23	-0,38	-0,54	-0,64	-0,67	-0,69	1,59	0
23/02/2020 03:40:00	1,46	1,86	1,87	1,62	1,27	0,85	0,47	0,27	0,19	0,08	0,01	0,00	-0,02	1,31	0
23/02/2020 03:45:00	1,37	1,68	1,63	1,46	1,25	0,88	0,59	0,47	0,44	0,34	0,27	0,22	0,18	1,08	0
23/02/2020 03:50:00	1,03	1,22	1,24	1,14	1,01	0,70	0,48	0,38	0,35	0,27	0,21	0,19	0,17	0,87	0
23/02/2020 03:55:00	0,80	0,85	0,92	0,92	0,84	0,61	0,41	0,31	0,28	0,18	0,11	0,07	0,03	0,74	0
23/02/2020 04:00:00	0,74	0,83	0,90	0,82	0,66	0,40	0,21	0,13	0,11	0,04	0,01	0,03	0,04	0,71	0
23/02/2020 04:05:00	0,60	0,67	0,70	0,61	0,49	0,32	0,22	0,21	0,24	0,21	0,19	0,22	0,25	0,56	0
23/02/2020 04:10:00	0,48	0,56	0,59	0,57	0,47	0,25	0,12	0,08	0,08	0,01	-0,04	-0,06	-0,08	0,50	0
23/02/2020 04:15:00	0,46	0,53	0,52	0,45	0,38	0,22	0,20	0,24	0,29	0,26	0,25	0,26	0,27	0,44	0
23/02/2020 04:20:00	0,39	0,48	0,45	0,36	0,25	0,16	0,08	0,13	0,22	0,22	0,23	0,28	0,32	0,42	0
23/02/2020 04:25:00	0,37	0,51	0,54	0,42	0,35	0,20	0,12	0,15	0,21	0,20	0,20	0,24	0,28	0,41	0
23/02/2020 04:30:00	0,38	0,43	0,45	0,39	0,31	0,21	0,15	0,19	0,26	0,25	0,25	0,29	0,33	0,41	0
23/02/2020 04:35:00	0,46	0,42	0,42	0,38	0,35	0,27	0,23	0,29	0,36	0,35	0,34	0,36	0,37	0,39	0
23/02/2020 04:40:00	0,35	0,47	0,46	0,42	0,27	0,15	0,10	0,15	0,21	0,19	0,19	0,23	0,26	0,38	0
23/02/2020 04:45:00	0,37	0,43	0,40	0,35	0,21	0,09	0,11	0,20	0,28	0,28	0,30	0,36	0,42	0,36	0
23/02/2020 04:50:00	0,29	0,42	0,42	0,35	0,25	0,08	0,04	0,08	0,13	0,12	0,12	0,15	0,19	0,34	0
23/02/2020 04:55:00	0,37	0,39	0,46	0,44	0,39	0,31	0,26	0,30	0,36	0,34	0,34	0,38	0,41	0,38	0
23/02/2020 05:00:00	0,41	0,46	0,51	0,47	0,34	0,20	0,16	0,20	0,24	0,22	0,23	0,29	0,34	0,37	0
23/02/2020 05:05:00	0,39	0,40	0,43	0,42	0,36	0,28	0,23	0,27	0,34	0,32	0,32	0,35	0,39	0,34	0
23/02/2020 05:10:00	0,35	0,36	0,38	0,35	0,30	0,19	0,16	0,21	0,27	0,24	0,23	0,25	0,27	0,33	0
23/02/2020 05:15:00	0,33	0,32	0,36	0,31	0,33	0,17	0,17	0,23	0,28	0,25	0,23	0,24	0,25	0,29	0
23/02/2020 05:20:00	0,32	0,27	0,24	0,28	0,27	0,19	0,21	0,29	0,38	0,36	0,36	0,37	0,39	0,28	0
23/02/2020 05:25:00	0,31	0,25	0,29	0,30	0,28	0,20	0,20	0,26	0,31	0,28	0,27	0,28	0,30	0,26	0
23/02/2020 05:30:00	0,26	0,28	0,23	0,20	0,09	0,06	0,15	0,29	0,40	0,42	0,45	0,51	0,57	0,29	0
23/02/2020 05:35:00	0,28	0,26	0,32	0,35	0,29	0,24	0,21	0,25	0,30	0,28	0,27	0,29	0,32	0,29	0
23/02/2020 05:40:00	0,27	0,26	0,23	0,19	0,20	0,12	0,16	0,28	0,39	0,40	0,42	0,47	0,51	0,25	0
23/02/2020 05:45:00	0,24	0,31	0,31	0,24	0,09	0,04	0,06	0,16	0,27	0,29	0,33	0,43	0,52	0,25	0
23/02/2020 05:50:00	0,20	0,27	0,31	0,25	0,22	0,14	0,10	0,16	0,24	0,23	0,23	0,26	0,29	0,22	0
23/02/2020 05:55:00	0,21	0,23	0,24	0,20	0,18	0,13	0,13	0,21	0,30	0,30	0,31	0,34	0,38	0,23	0
23/02/2020 06:00:00	0,22	0,21	0,24	0,29	0,21	0,13	0,11	0,15	0,19	0,16	0,15	0,16	0,17	0,20	0
23/02/2020 06:05:00	0,18	0,26	0,24	0,21	0,12	0,03	0,00	0,07	0,15	0,15	0,16	0,20	0,24	0,22	0
23/02/2020 06:10:00	0,23	0,21	0,22	0,21	0,20	0,15	0,14	0,21	0,29	0,27	0,26	0,27	0,28	0,24	0
23/02/2020 06:15:00	0,23	0,30	0,36	0,27	0,17	0,10	0,05	0,09	0,16	0,14	0,14	0,18	0,22	0,24	0
23/02/2020 06:20:00	0,26	0,29	0,26	0,25	0,18	0,12	0,13	0,22	0,30	0,30	0,30	0,33	0,36	0,24	0
23/02/2020 06:25:00	0,27	0,26	0,28	0,29	0,19	0,16	0,13	0,19	0,26	0,25	0,26	0,29	0,33	0,26	0
23/02/2020 06:30:00	0,26	0,29	0,28	0,24	0,21	0,14	0,12	0,19	0,28	0,28	0,29	0,32	0,35	0,25	0
23/02/2020 06:35:00	0,24	0,18	0,21	0,31	0,27	0,18	0,18	0,22	0,26	0,22	0,19	0,19	0,18	0,23	0
23/02/2020 06:40:00	0,28	0,24	0,31	0,30	0,23	0,09	0,01	0,01	0,04	0,01	0,00	0,04	0,07	0,22	0
23/02/2020 06:45:00	0,20	0,16	0,21	0,25	0,25	0,15	0,13	0,16	0,20	0,17	0,14	0,13	0,13	0,16	0
23/02/2020 06:50:00	0,17	0,17	0,23	0,26	0,19	0,12	0,06	0,08	0,12	0,08	0,06	0,07	0,07	0,17	0
23/02/2020 06:55:00	0,17	0,16	0,22	0,24	0,17	0,10	0,08	0,11	0,16	0,13	0,12	0,14	0,16	0,16	0
23/02/2020 07:00:00	0,14	0,14	0,18	0,15	0,18	0,03	0,02	0,06	0,12	0,10	0,08	0,09	0,10	0,11	0
23/02/2020 07:05:00	0,15	0,10	0,15	0,21	0,19	0,11	0,07	0,09	0,13	0,10	0,07	0,06	0,06	0,09	0
23/02/2020 07:10:00	0,06	0,13	0,19	0,23	0,16	0,01	-0,05	-0,05	-0,03	-0,08	-0,12	-0,13	-0,13	0,11	0
23/02/2020 07:15:00	0,10	0,15	0,19	0,12	0,09	-0,07	-0,11	-0,07	-0,02	-0,05	-0,05	-0,02	0,01	0,11	0
23/02/2020 07:20:00	0,13	0,17	0,20	0,13	0,06	-0,10	-0,13	-0,07	-0,01	-0,02	-0,01	0,04	0,10	0,12	0
23/02/2020 07:25:00	0,13	0,17	0,19	0,20	0,05	-0,10	-0,17	-0,16	-0,13	-0,15	-0,16	-0,12	-0,08	0,14	0
23/02/2020 07:30:00	0,22	0,24	0,22	0,19	0,10	-0,06	-0,11	-0,07	-0,01	-0,03	-0,03	0,01	0,05	0,17	0
23/02/2020 07:35:00	0,23	0,29	0,31	0,21	0,10	-0,02	-0,16	-0,18	-0,13	-0,16	-0,16	-0,14	-0,11	0,18	0
23/02/2020 07:40:00	0,21	0,26	0,33	0,34	0,22	-0,05	-0,20	-0,30	-0,35	-0,44	-0,52	-0,55	-0,59	0,21	0
23/02/2020 07:45:00	0,22	0,34	0,37	0,28	0,13	-0,10	-0,26	-0,31	-0,31	-0,36	-0,38	-0,37	-0,36	0,23	0
23/02/2020 07:50:00	0,26	0,36	0,40	0,24	0,08	-0,17	-0,32	-0,37	-0,36	-0,39	-0,40	-0,35	-0,30	0,25	0
23/02/2020 07:55:00	0,22	0,32	0,37	0,20	0,12	-0,12	-0,35	-0,43	-0,42	-0,47	-0,50	-0,49	-0,48	0,23	0
23/02/2020 08:00:00	0,30	0,33	0,40	0,38	0,24	-0,05	-0,25	-0,37	-0,42	-0,52	-0,59	-0,62	-0,64	0,24	0
23/02/2020 08:05:00	0,27	0,36	0,39	0,33	0,16	-0,12	-0,30	-0,39	-0,41	-0,48	-0,52	-0,52	-0,51	0,28	0
23/02/2020 08:10:00	0,32	0,39	0,41	0,41	0,26	0,01	-0,20	-0,31	-0,34	-0,42	-0,49	-0,52	-0,55	0,28	0
23/02/2020 08:15:00	0,25	0,39	0,42	0,31	0,12	-0,14	-0,34	-0,43	-0,45	-0,52	-0,56	-0,57	-0,58	0,29	0
23/02/2020 08:20:00	0,31	0,43	0,51	0,44	0,23	-0,08	-0,37	-0,54	-0,62	-0,73	-0,81	-0,84	-0,87	0,29	0
23/02/2020 08:25:00	0,28	0,35	0,41	0,37	0,19	-0,09	-0,33	-0,47	-0,52	-0,61	-0,68	-0,70	-0,72	0,29	0
23/02/2020 08:30:00	0,30	0,43	0,53	0,47	0,27	-0,03	-0,30	-0,47	-0,54	-0,64	-0,71	-0,74	-0,76	0,31	0
23/02/2020 08:35:00	0,31	0,41	0,48	0,45	0,27	0,00	-0,26	-0,41	-0,46	-0,55	-0,63	-0,66	-0,69	0,31	0
23/02/2020 08:40:00	0,27	0,44	0,52	0,47	0,28	-0,01	-0,22	-0,34	-0,40	-0,49	-0,56	-0,58	-0,60	0,31	0
23/02/2020 08:45:00	0,32	0,39	0,50	0,54	0,43	0,12	-0,15	-0,33	-0,42	-0,56	-0,67	-0,75	-0,83	0,31	0
23/02/2020 08:50:00	0,31	0,35	0,47	0,46	0,41	0,14	-0,10	-0,26	-0,34	-0,45	-0,56	-0,63	-0,70	0,30	0
23/02/2020 08:55:00	0,36	0,36	0,45	0,48	0,37	0,11	-0,08	-0,22	-0,29	-0,41	-0,50	-0,57	-0,63	0,34	0
23/02/2020 09:00:00	0,31	0,41	0,48	0,49	0,34	0,05	-0,19	-0,34	-0,42	-0,53	-0,63	-0,69	-0,76	0,33	0
23/02/2020 09:05:00	0,34	0,44	0,53	0,48	0,33	0,05	-0,20	-0,34	-0,40	-0,49	-0,56	-0,59	-0,62	0,29	0
23/02/2020 09:10:00	0,31	0,40	0,44	0,42	0,30	0,07	-0,16	-0,27	-0,29	-0,37	-0,44	-0,47	-0,51	0,29	0
23/02/2020 09:15:00	0,32	0,34	0,33	0,31	0,20	-0,03	-0,17	-0,21	-0,21	-0,27	-0,31	-0,32	-0,33	0,30	0
23/02/2020 09:20:00	0,29	0,30	0,28	0,29	0,20	0,05	-0,07	-0,09	-0,05	-0,09	-0,11	-0,11	-0,11	0,28	0
23/02/2020 09:25:00	0,25	0,28	0,30	0,31	0,27	0,12	-0,01	-0,05	-0,03	-0,08	-0,13	-0,16	-0,18	0,26	0
23/02/2020 09:30:00	0,25	0,30	0,29	0,26	0,19	0,06	0,05	0,10	0,16	0,14	0,12	0,14	0,16	0,26	0
23/02/2020 09:35:00	0,23	0,26	0,23	0,19	0,16	0,02	-0,02	0,02	0,07	0,05	0,02	0,01	0,01	0,25	0
23/02/2020 09:40:00	0,20	0,26	0,26	0,20	0,10	-0,02	-0,13	-0,12	-0,05	-0,06	-0,05	-0,01	0,03	0,20	0
23/02/2020 09:45:00	0,21	0,20	0,25	0,22	0,19	0,05	-0,05	-0,06	-0,03	-0,07	-0,09	-0,08	-0,08	0,21	0
23/02/2020 09:50:00	0,25	0,25	0,23	0,20	0,17	0,04	-0,06	-0,05	0,02	0,00	-0,01	0,00	0,01	0,21	0
23/02/2020 09:55:00	0,25	0,28	0,25	0,20	0,07	-0,11	-0,26	-0,29	-0,26	-0,30	-0,33	-0,33	-0,33	0,21	0
23/02/2020 10:00:00	0,20	0,27	0,26	0,20	0,10	-0,11	-0,22	-0,23	-0,19	-0,22	-0,24	-0,21	-0,19	0,21	0
23/02/2020 10:05:00	0,23	0,22	0,23	0,19	0,14	0,05	0,01	0,05	0,12	0,10	0,10	0,12	0,15	0,21	0
23/02/2020 10:10:00	0,21	0,23	0,23	0,19	0,14	0,04	0,00	0,05	0,11	0,08	0,07	0,08	0,08	0,21	0
23/02/2020 10:15:00	0,18	0,16	0,18	0,15	0,15	0,07	0,05	0,10	0,17	0,15	0,14	0,15	0,16	0,19	0
23/02/2020 10:20:00	0,21	0,17	0,19	0,20	0,15	0,12	0,11	0,18	0,27	0,26	0,26	0,29	0,33	0,21	0
23/02/2020 10:25:00	0,25	0,26	0,23	0,14	0,07	0,02	0,04	0,16	0,28	0,31	0,36	0,44	0,53	0,21	0
23/02/2020 10:30:00	0,22	0,19	0,17	0,22	0,14	0,10	0,09	0,15	0,24	0,23	0,23	0,26	0,29	0,19	0
23/02/2020 10:35:00	0,19	0,20	0,28	0,28	0,22	0,10	-0,02	-0,05	-0,03	-0,08	-0,11	-0,11	-0,11	0,19	0
23/02/2020 10:40:00	0,19	0,18	0,17	0,20	0,12	0,09	0,07	0,12	0,20	0,19	0,19	0,20	0,22	0,20	0
23/02/2020 10:45:00	0,22	0,18	0,19	0,12	0,08	0,03	0,08	0,20	0,30	0,31	0,34	0,41	0,48	0,20	0
23/02/2020 10:50:00	0,23	0,20	0,18	0,15	0,12	0,08	0,16	0,30	0,41	0,43	0,46	0,51	0,56	0,19	0
23/02/2020 10:55:00	0,23	0,21	0,25	0,24	0,21	0,15	0,10	0,14	0,21	0,20	0,19	0,21	0,23	0,21	0
23/02/2020 11:00:00	0,22	0,25	0,26	0,27	0,18	0,12	0,10	0,17	0,24	0,23	0,24	0,27	0,31	0,24	0
23/02/2020 11:05:00	0,26	0,29	0,31	0,26	0,20	0,12	0,12	0,19	0,28	0,28	0,30	0,35	0,41	0,28	0
23/02/2020 11:10:00	0,30	0,29	0,34	0,34	0,32	0,26	0,24	0,29	0,35	0,34	0,33	0,35	0,37	0,30	0
23/02/2020 11:15:00	0,28	0,30	0,34	0,37	0,33	0,28	0,20	0,21	0,26	0,23	0,21	0,21	0,21	0,32	0
23/02/2020 11:20:00	0,33	0,34	0,39	0,45	0,39	0,32	0,27	0,29	0,33	0,29	0,26	0,26	0,26	0,34	0
23/02/2020 11:25:00	0,34	0,40	0,45	0,43	0,38	0,24	0,18	0,19	0,23	0,19	0,16	0,16	0,17	0,37	0
23/02/2020 11:30:00	0,41	0,48	0,49	0,42	0,35	0,15	0,00	-0,02	0,01	-0,02	-0,04	-0,03	-0,01	0,39	0
23/02/2020 11:35:00	0,41	0,48	0,50	0,43	0,31	0,14	0,01	-0,01	0,02	-0,02	-0,04	-0,02	0,01	0,41	0
23/02/2020 11:40:00	0,46	0,48	0,47	0,42	0,34	0,19	0,06	0,03	0,06	0,02	-0,02	-0,03	-0,03	0,43	0
23/02/2020 11:45:00	0,39	0,50	0,56	0,52	0,40	0,21	0,11	0,09	0,10	0,04	0,01	0,02	0,02	0,41	0
23/02/2020 11:50:00	0,46	0,49	0,54	0,55	0,46	0,26	0,12	0,06	0,04	-0,03	-0,09	-0,12	-0,15	0,44	0
23/02/2020 11:55:00	0,52	0,59	0,66	0,61	0,47	0,19	-0,08	-0,24	-0,30	-0,40	-0,48	-0,52	-0,56	0,46	0
23/02/2020 12:00:00	0,56	0,63	0,68	0,64	0,49	0,24	-0,11	-0,30	-0,35	-0,45	-0,54	-0,59	-0,64	0,52	0
23/02/2020 12:05:00	0,61	0,79	0,84	0,62	0,42	0,07	-0,21	-0,36	-0,41	-0,49	-0,55	-0,55	-0,55	0,60	0
23/02/2020 12:10:00	0,63	0,91	1,01	0,89	0,61	0,10	-0,38	-0,71	-0,87	-1,04	-1,17	-1,25	-1,34	0,66	0
23/02/2020 12:15:00	0,78	1,10	1,11	0,91	0,51	-0,03	-0,48	-0,77	-0,91	-1,05	-1,15	-1,18	-1,22	0,75	0
23/02/2020 12:20:00	0,79	1,15	1,13	0,82	0,39	-0,18	-0,65	-0,95	-1,09	-1,23	-1,32	-1,36	-1,40	0,83	0
23/02/2020 12:25:00	0,88	1,35	1,33	0,99	0,46	-0,20	-0,81	-1,21	-1,40	-1,57	-1,70	-1,76	-1,81	0,88	0
23/02/2020 12:30:00	0,91	1,36	1,36	1,11	0,62	-0,02	-0,62	-1,03	-1,23	-1,43	-1,59	-1,69	-1,79	0,91	0
23/02/2020 12:35:00	0,95	1,44	1,41	1,02	0,46	-0,26	-0,86	-1,26	-1,45	-1,61	-1,72	-1,76	-1,79	0,95	0
23/02/2020 12:40:00	1,00	1,58	1,59	1,23	0,59	-0,10	-0,77	-1,22	-1,44	-1,64	-1,77	-1,84	-1,90	0,99	0
23/02/2020 12:45:00	1,01	1,64	1,61	1,18	0,56	-0,21	-0,90	-1,34	-1,55	-1,73	-1,85	-1,90	-1,94	1,03	0
23/02/2020 12:50:00	1,07	1,70	1,65	1,24	0,67	-0,06	-0,77	-1,22	-1,42	-1,60	-1,74	-1,82	-1,90	1,10	0
23/02/2020 12:55:00	1,09	1,67	1,69	1,31	0,79	0,00	-0,73	-1,21	-1,45	-1,66	-1,82	-1,91	-2,01	1,09	0
23/02/2020 13:00:00	1,11	1,69	1,68	1,38	0,83	0,06	-0,69	-1,21	-1,48	-1,72	-1,92	-2,07	-2,22	1,12	0
23/02/2020 13:05:00	1,18	1,81	1,80	1,42	0,79	-0,05	-0,81	-1,34	-1,61	-1,85	-2,04	-2,15	-2,26	1,15	0
23/02/2020 13:10:00	1,21	1,87	1,94	1,54	0,95	0,10	-0,72	-1,30	-1,59	-1,84	-2,03	-2,15	-2,27	1,17	0
23/02/2020 13:15:00	1,30	1,97	1,95	1,59	0,94	0,12	-0,62	-1,13	-1,40	-1,63	-1,80	-1,91	-2,01	1,28	0
23/02/2020 13:20:00	1,37	2,05	2,10	1,79	1,17	0,33	-0,53	-1,14	-1,46	-1,75	-1,98	-2,15	-2,32	1,36	0
23/02/2020 13:25:00	1,47	2,21	2,18	1,74	1,09	0,21	-0,59	-1,13	-1,40	-1,64	-1,83	-1,94	-2,06	1,46	0
23/02/2020 13:30:00	1,47	2,35	2,39	1,87	1,18	0,25	-0,62	-1,22	-1,53	-1,79	-1,99	-2,11	-2,24	1,48	0
23/02/2020 13:35:00	1,61	2,49	2,41	1,90	1,15	0,21	-0,63	-1,19	-1,47	-1,71	-1,89	-2,00	-2,11	1,62	0
23/02/2020 13:40:00	1,66	2,47	2,43	1,95	1,29	0,38	-0,49	-1,09	-1,39	-1,66	-1,88	-2,04	-2,19	1,64	0
23/02/2020 13:45:00	1,66	2,55	2,50	2,06	1,35	0,47	-0,38	-0,94	-1,22	-1,47	-1,67	-1,82	-1,96	1,74	0
23/02/2020 13:50:00	1,82	2,62	2,54	1,98	1,25	0,34	-0,47	-1,00	-1,27	-1,50	-1,67	-1,76	-1,85	1,83	0
23/02/2020 13:55:00	1,79	2,78	2,59	1,96	1,20	0,27	-0,60	-1,14	-1,37	-1,59	-1,76	-1,88	-1,99	1,78	0
23/02/2020 14:00:00	1,92	2,93	2,67	1,95	1,04	0,09	-0,70	-1,17	-1,38	-1,57	-1,70	-1,76	-1,82	1,89	0
23/02/2020 14:05:00	1,93	2,90	2,65	1,92	1,11	0,22	-0,58	-1,03	-1,21	-1,38	-1,50	-1,56	-1,61	1,91	0
23/02/2020 14:10:00	1,94	3,00	2,83	2,11	1,32	0,34	-0,53	-1,05	-1,28	-1,49	-1,63	-1,71	-1,79	2,00	0
23/02/2020 14:15:00	2,01	2,98	2,76	2,08	1,28	0,41	-0,38	-0,84	-1,03	-1,21	-1,34	-1,42	-1,49	2,03	0
23/02/2020 14:20:00	2,00	3,05	2,86	2,16	1,41	0,45	-0,42	-0,94	-1,16	-1,38	-1,54	-1,64	-1,75	1,99	0
23/02/2020 14:25:00	2,04	3,07	2,94	2,28	1,49	0,54	-0,33	-0,88	-1,13	-1,35	-1,52	-1,63	-1,73	2,02	0
23/02/2020 14:30:00	1,97	2,97	2,90	2,21	1,42	0,48	-0,35	-0,87	-1,12	-1,35	-1,50	-1,57	-1,64	2,00	0
23/02/2020 14:35:00	2,01	2,98	2,84	2,26	1,59	0,64	-0,16	-0,68	-0,92	-1,16	-1,34	-1,48	-1,62	1,99	0
23/02/2020 14:40:00	2,03	3,15	2,98	2,28	1,44	0,45	-0,44	-0,99	-1,24	-1,48	-1,65	-1,75	-1,86	2,08	0
23/02/2020 14:45:00	1,98	2,88	2,66	1,98	1,26	0,56	0,00	-0,27	-0,35	-0,45	-0,50	-0,48	-0,46	2,05	0
23/02/2020 14:50:00	1,94	2,67	2,63	2,20	1,60	0,88	0,25	-0,14	-0,32	-0,50	-0,63	-0,68	-0,74	1,76	0
23/02/2020 14:55:00	1,79	2,50	2,43	2,00	1,37	0,61	-0,06	-0,49	-0,70	-0,91	-1,07	-1,16	-1,25	1,81	0
23/02/2020 15:00:00	1,61	2,18	2,13	1,81	1,38	0,77	0,27	-0,03	-0,18	-0,34	-0,47	-0,55	-0,64	1,64	0
23/02/2020 15:05:00	1,63	2,20	2,15	1,76	1,24	0,61	0,01	-0,35	-0,51	-0,68	-0,80	-0,86	-0,93	1,47	0
23/02/2020 15:10:00	1,58	2,31	2,25	1,74	1,13	0,35	-0,39	-0,84	-1,03	-1,21	-1,34	-1,39	-1,45	1,53	0
23/02/2020 15:15:00	1,69	2,49	2,46	1,97	1,31	0,49	-0,22	-0,67	-0,88	-1,07	-1,20	-1,25	-1,30	1,67	0
23/02/2020 15:20:00	1,71	2,60	2,58	2,15	1,51	0,66	-0,08	-0,57	-0,80	-1,02	-1,18	-1,28	-1,37	1,77	0
23/02/2020 15:25:00	1,82	2,69	2,68	2,27	1,64	0,70	-0,11	-0,66	-0,95	-1,21	-1,41	-1,55	-1,68	1,81	0
23/02/2020 15:30:00	1,83	2,58	2,56	2,12	1,54	0,78	0,10	-0,32	-0,52	-0,71	-0,85	-0,91	-0,98	1,80	0
23/02/2020 15:35:00	1,77	2,45	2,42	2,02	1,45	0,82	0,29	-0,01	-0,15	-0,31	-0,40	-0,42	-0,45	1,75	0
23/02/2020 15:40:00	1,79	2,50	2,40	1,95	1,31	0,63	-0,02	-0,41	-0,57	-0,75	-0,87	-0,93	-1,00	1,82	0
23/02/2020 15:45:00	1,80	2,62	2,54	2,12	1,42	0,62	-0,06	-0,49	-0,71	-0,92	-1,07	-1,15	-1,23	1,85	0
23/02/2020 15:50:00	1,84	2,73	2,74	2,24	1,58	0,74	-0,03	-0,52	-0,76	-0,99	-1,14	-1,23	-1,31	1,90	0
23/02/2020 15:55:00	1,90	2,88	2,86	2,36	1,64	0,78	0,00	-0,50	-0,74	-0,95	-1,11	-1,19	-1,27	1,92	0
23/02/2020 16:00:00	1,96	2,91	2,89	2,44	1,75	0,87	0,00	-0,57	-0,84	-1,10	-1,31	-1,45	-1,59	2,05	0
23/02/2020 16:05:00	2,05	3,14	3,21	2,68	1,83	0,85	-0,02	-0,62	-0,95	-1,23	-1,43	-1,54	-1,64	2,07	0
23/02/2020 16:10:00	2,11	3,12	3,12	2,70	2,02	1,19	0,38	-0,15	-0,42	-0,69	-0,89	-1,05	-1,21	2,16	0
23/02/2020 16:15:00	2,16	3,06	3,04	2,58	1,99	1,24	0,59	0,19	0,00	-0,20	-0,34	-0,41	-0,49	2,10	0
23/02/2020 16:20:00	1,97	2,80	2,89	2,55	1,98	1,24	0,54	0,08	-0,16	-0,39	-0,56	-0,67	-0,77	2,07	0
23/02/2020 16:25:00	2,05	2,91	2,95	2,51	1,89	1,17	0,47	0,05	-0,15	-0,34	-0,46	-0,51	-0,56	2,08	0
23/02/2020 16:30:00	2,07	3,02	3,04	2,53	1,84	1,02	0,30	-0,15	-0,37	-0,56	-0,69	-0,73	-0,77	2,06	0
23/02/2020 16:35:00	2,01	2,87	2,87	2,38	1,74	0,97	0,25	-0,21	-0,42	-0,63	-0,78	-0,86	-0,94	2,06	0
23/02/2020 16:40:00	2,02	3,02	3,06	2,50	1,75	0,90	0,14	-0,33	-0,57	-0,78	-0,92	-0,95	-0,99	2,07	0
23/02/2020 16:45:00	2,06	3,00	2,99	2,51	1,78	0,91	0,07	-0,46	-0,72	-0,96	-1,13	-1,22	-1,31	2,03	0
23/02/2020 16:50:00	1,96	2,95	2,95	2,48	1,82	0,99	0,22	-0,26	-0,50	-0,72	-0,88	-0,98	-1,07	1,98	0
23/02/2020 16:55:00	2,01	2,94	3,00	2,56	1,85	0,93	0,08	-0,49	-0,79	-1,05	-1,23	-1,33	-1,43	2,00	0
23/02/2020 17:00:00	2,00	2,97	2,98	2,50	1,77	0,87	0,07	-0,46	-0,73	-0,98	-1,16	-1,27	-1,37	1,99	0
23/02/2020 17:05:00	1,99	3,05	3,10	2,59	1,86	0,97	0,07	-0,51	-0,79	-1,04	-1,22	-1,32	-1,42	2,05	0
23/02/2020 17:10:00	2,12	3,23	3,29	2,80	2,05	1,09	0,17	-0,46	-0,78	-1,07	-1,28	-1,43	-1,57	2,13	0
23/02/2020 17:15:00	2,20	3,36	3,32	2,71	1,91	0,96	0,09	-0,46	-0,71	-0,95	-1,11	-1,19	-1,27	2,23	0
23/02/2020 17:20:00	2,23	3,31	3,32	2,86	2,12	1,22	0,33	-0,26	-0,55	-0,82	-1,03	-1,17	-1,31	2,25	0
23/02/2020 17:25:00	2,22	3,47	3,55	2,98	2,23	1,23	0,29	-0,34	-0,65	-0,93	-1,14	-1,26	-1,39	2,27	0
23/02/2020 17:30:00	2,24	3,51	3,68	3,28	2,54	1,52	0,51	-0,18	-0,56	-0,89	-1,14	-1,32	-1,49	2,25	0
23/02/2020 17:35:00	2,19	3,53	3,79	3,30	2,64	1,64	0,65	-0,02	-0,38	-0,68	-0,91	-1,04	-1,18	2,26	0
23/02/2020 17:40:00	2,29	3,58	3,86	3,46	2,73	1,71	0,73	0,04	-0,35	-0,68	-0,92	-1,06	-1,20	2,30	0
23/02/2020 17:45:00	2,22	3,60	3,94	3,64	2,89	1,86	0,82	0,07	-0,36	-0,72	-0,98	-1,16	-1,34	2,21	0
23/02/2020 17:50:00	2,12	3,49	3,83	3,48	2,82	1,82	0,81	0,10	-0,29	-0,63	-0,88	-1,05	-1,21	2,13	0
23/02/2020 17:55:00	2,14	3,46	3,80	3,45	2,84	1,79	0,78	0,07	-0,34	-0,68	-0,93	-1,10	-1,26	2,17	0
23/02/2020 18:00:00	2,14	3,45	3,80	3,56	2,90	1,87	0,90	0,17	-0,25	-0,62	-0,90	-1,09	-1,28	2,10	0
23/02/2020 18:05:00	2,16	3,58	3,95	3,63	2,95	1,89	0,88	0,15	-0,27	-0,63	-0,90	-1,08	-1,26	2,11	0
23/02/2020 18:10:00	2,20	3,63	3,90	3,51	2,72	1,67	0,68	-0,01	-0,40	-0,72	-0,96	-1,09	-1,23	2,22	0
23/02/2020 18:15:00	2,26	3,48	3,83	3,53	2,90	1,96	0,96	0,24	-0,16	-0,50	-0,75	-0,92	-1,09	2,36	0
23/02/2020 18:20:00	2,34	3,85	4,18	3,80	3,09	2,02	0,98	0,25	-0,17	-0,52	-0,79	-0,97	-1,15	2,38	0
23/02/2020 18:25:00	2,48	3,83	4,16	3,88	3,20	2,15	1,07	0,29	-0,15	-0,52	-0,80	-1,00	-1,21	2,48	0
23/02/2020 18:30:00	2,47	3,97	4,18	3,68	2,84	1,80	0,76	0,06	-0,30	-0,61	-0,83	-0,95	-1,07	2,63	0
23/02/2020 18:35:00	2,58	3,97	4,28	3,92	3,17	2,14	1,06	0,29	-0,14	-0,51	-0,79	-0,99	-1,19	2,61	0
23/02/2020 18:40:00	2,56	3,95	4,22	3,83	3,06	1,99	0,95	0,21	-0,21	-0,57	-0,84	-1,02	-1,20	2,55	0
23/02/2020 18:45:00	2,66	3,96	4,14	3,73	2,91	1,96	0,89	0,18	-0,19	-0,51	-0,75	-0,90	-1,06	2,57	0
23/02/2020 18:50:00	2,55	3,96	4,20	3,83	2,99	1,96	0,90	0,17	-0,23	-0,56	-0,81	-0,96	-1,11	2,53	0
23/02/2020 18:55:00	2,47	3,94	4,15	3,68	2,84	1,78	0,78	0,08	-0,31	-0,65	-0,89	-1,05	-1,20	2,56	0
23/02/2020 19:00:00	2,56	3,85	4,13	3,81	3,06	1,97	0,86	0,04	-0,42	-0,82	-1,13	-1,36	-1,59	2,46	0
23/02/2020 19:05:00	2,46	3,87	4,07	3,64	2,92	1,90	0,90	0,21	-0,16	-0,49	-0,75	-0,93	-1,11	2,50	0
23/02/2020 19:10:00	2,42	3,75	3,98	3,50	2,78	1,73	0,75	0,06	-0,31	-0,64	-0,88	-1,04	-1,19	2,44	0
23/02/2020 19:15:00	2,37	3,69	3,87	3,43	2,71	1,69	0,78	0,15	-0,19	-0,49	-0,71	-0,84	-0,98	2,41	0
23/02/2020 19:20:00	2,37	3,68	3,86	3,40	2,66	1,68	0,68	0,01	-0,33	-0,63	-0,84	-0,98	-1,11	2,40	0
23/02/2020 19:25:00	2,37	3,60	3,79	3,28	2,48	1,49	0,53	-0,13	-0,49	-0,80	-1,02	-1,14	-1,26	2,33	0
23/02/2020 19:30:00	2,40	3,56	3,72	3,29	2,63	1,66	0,69	0,02	-0,33	-0,64	-0,88	-1,05	-1,21	2,32	0
23/02/2020 19:35:00	2,28	3,43	3,59	3,16	2,46	1,45	0,45	-0,25	-0,62	-0,93	-1,18	-1,34	-1,51	2,28	0
23/02/2020 19:40:00	2,21	3,43	3,47	2,92	2,17	1,20	0,36	-0,18	-0,45	-0,69	-0,85	-0,93	-1,01	2,16	0
23/02/2020 19:45:00	2,11	3,31	3,38	2,75	2,02	1,07	0,20	-0,34	-0,60	-0,82	-0,97	-1,03	-1,08	2,10	0
23/02/2020 19:50:00	2,13	3,31	3,40	2,88	2,15	1,20	0,30	-0,29	-0,59	-0,86	-1,05	-1,17	-1,28	2,11	0
23/02/2020 19:55:00	2,13	3,32	3,36	2,80	2,04	1,07	0,15	-0,43	-0,71	-0,96	-1,13	-1,23	-1,32	2,11	0
23/02/2020 20:00:00	2,04	3,25	3,39	2,98	2,23	1,21	0,27	-0,39	-0,76	-1,08	-1,33	-1,49	-1,66	2,14	0
23/02/2020 20:05:00	2,04	3,23	3,33	2,92	2,16	1,16	0,11	-0,62	-0,98	-1,31	-1,56	-1,75	-1,94	2,03	0
23/02/2020 20:10:00	2,03	3,21	3,23	2,66	1,82	0,78	-0,12	-0,70	-1,00	-1,26	-1,43	-1,51	-1,59	1,96	0
23/02/2020 20:15:00	1,93	3,11	3,23	2,74	2,02	1,03	0,12	-0,49	-0,82	-1,10	-1,31	-1,43	-1,55	1,95	0
23/02/2020 20:20:00	1,99	3,17	3,20	2,60	1,80	0,77	-0,14	-0,73	-1,03	-1,28	-1,44	-1,51	-1,59	1,96	0
23/02/2020 20:25:00	1,99	3,12	3,13	2,62	1,84	0,93	0,11	-0,41	-0,66	-0,90	-1,06	-1,14	-1,22	1,96	0
23/02/2020 20:30:00	1,87	2,91	2,95	2,52	1,84	0,96	0,19	-0,32	-0,59	-0,84	-1,02	-1,14	-1,25	1,88	0
23/02/2020 20:35:00	1,77	2,86	2,85	2,33	1,59	0,71	-0,13	-0,65	-0,90	-1,12	-1,28	-1,37	-1,45	1,85	0
23/02/2020 20:40:00	1,85	2,79	2,82	2,39	1,70	0,80	-0,03	-0,58	-0,87	-1,12	-1,30	-1,41	-1,52	1,83	0
23/02/2020 20:45:00	1,81	2,80	2,87	2,43	1,71	0,87	0,03	-0,52	-0,80	-1,05	-1,23	-1,33	-1,43	1,82	0
23/02/2020 20:50:00	1,75	2,84	2,84	2,29	1,57	0,66	-0,12	-0,61	-0,84	-1,05	-1,20	-1,26	-1,32	1,79	0
23/02/2020 20:55:00	1,73	2,74	2,79	2,42	1,67	0,77	-0,07	-0,64	-0,95	-1,22	-1,41	-1,54	-1,67	1,81	0
23/02/2020 21:00:00	1,76	2,84	2,88	2,36	1,71	0,79	-0,14	-0,74	-1,01	-1,26	-1,45	-1,58	-1,71	1,78	0
23/02/2020 21:05:00	1,78	2,80	2,88	2,41	1,79	0,90	0,05	-0,50	-0,78	-1,02	-1,21	-1,32	-1,43	1,79	0
23/02/2020 21:10:00	1,76	2,86	2,87	2,31	1,60	0,74	-0,04	-0,51	-0,73	-0,93	-1,06	-1,11	-1,17	1,78	0
23/02/2020 21:15:00	1,73	2,76	2,90	2,51	1,85	0,90	0,06	-0,54	-0,88	-1,18	-1,40	-1,55	-1,70	1,79	0
23/02/2020 21:20:00	1,81	2,77	2,87	2,46	1,79	0,90	0,06	-0,51	-0,82	-1,08	-1,27	-1,39	-1,51	1,76	0
23/02/2020 21:25:00	1,74	2,78	2,83	2,34	1,70	0,90	0,11	-0,37	-0,60	-0,81	-0,95	-1,03	-1,10	1,76	0
23/02/2020 21:30:00	1,77	2,77	2,80	2,39	1,68	0,77	-0,04	-0,59	-0,88	-1,14	-1,34	-1,47	-1,60	1,82	0
23/02/2020 21:35:00	1,75	2,79	2,84	2,26	1,57	0,67	-0,17	-0,70	-0,96	-1,18	-1,34	-1,41	-1,49	1,76	0
23/02/2020 21:40:00	1,73	2,79	2,91	2,50	1,87	1,02	0,21	-0,32	-0,60	-0,84	-1,02	-1,13	-1,23	1,75	0
23/02/2020 21:45:00	1,82	2,86	2,94	2,51	1,84	0,95	0,07	-0,51	-0,79	-1,04	-1,23	-1,34	-1,45	1,81	0
23/02/2020 21:50:00	1,79	2,74	2,81	2,37	1,67	0,77	-0,09	-0,67	-0,96	-1,22	-1,41	-1,51	-1,62	1,76	0
23/02/2020 21:55:00	1,73	2,75	2,86	2,53	1,90	0,98	0,15	-0,43	-0,74	-1,03	-1,25	-1,40	-1,55	1,69	0
23/02/2020 22:00:00	1,69	2,76	2,94	2,58	1,97	1,04	0,06	-0,62	-0,97	-1,27	-1,51	-1,69	-1,86	1,70	0
23/02/2020 22:05:00	1,71	2,75	2,88	2,42	1,69	0,79	-0,04	-0,59	-0,89	-1,13	-1,30	-1,37	-1,44	1,71	0
23/02/2020 22:10:00	1,70	2,77	2,88	2,36	1,66	0,74	-0,11	-0,67	-0,95	-1,19	-1,36	-1,44	-1,52	1,71	0
23/02/2020 22:15:00	1,77	2,80	2,93	2,53	1,80	0,86	-0,02	-0,64	-0,98	-1,26	-1,47	-1,59	-1,71	1,76	0
23/02/2020 22:20:00	1,74	2,91	2,97	2,43	1,68	0,73	-0,13	-0,69	-0,97	-1,20	-1,36	-1,44	-1,51	1,78	0
23/02/2020 22:25:00	1,80	2,86	2,96	2,47	1,77	0,86	-0,01	-0,59	-0,89	-1,15	-1,34	-1,44	-1,55	1,78	0
23/02/2020 22:30:00	1,78	2,75	2,77	2,32	1,61	0,71	-0,16	-0,75	-1,04	-1,31	-1,51	-1,65	-1,79	1,78	0
23/02/2020 22:35:00	1,74	2,74	2,72	2,29	1,54	0,64	-0,21	-0,78	-1,06	-1,32	-1,52	-1,65	-1,78	1,79	0
23/02/2020 22:40:00	1,69	2,65	2,69	2,24	1,49	0,56	-0,25	-0,81	-1,12	-1,37	-1,56	-1,65	-1,75	1,72	0
23/02/2020 22:45:00	1,73	2,73	2,74	2,22	1,52	0,56	-0,33	-0,91	-1,20	-1,45	-1,64	-1,75	-1,87	1,75	0
23/02/2020 22:50:00	1,73	2,77	2,84	2,36	1,54	0,60	-0,29	-0,91	-1,25	-1,53	-1,73	-1,85	-1,97	1,75	0
23/02/2020 22:55:00	1,71	2,75	2,82	2,32	1,55	0,62	-0,37	-1,03	-1,35	-1,62	-1,81	-1,93	-2,04	1,71	0
23/02/2020 23:00:00	1,75	2,64	2,72	2,23	1,48	0,53	-0,38	-1,01	-1,35	-1,64	-1,85	-1,98	-2,10	1,71	0
23/02/2020 23:05:00	1,69	2,71	2,73	2,17	1,34	0,34	-0,53	-1,12	-1,42	-1,67	-1,84	-1,91	-1,99	1,63	0
23/02/2020 23:10:00	1,66	2,66	2,70	2,22	1,50	0,56	-0,35	-0,96	-1,26	-1,53	-1,73	-1,86	-1,99	1,66	0
23/02/2020 23:15:00	1,69	2,70	2,76	2,26	1,48	0,56	-0,29	-0,87	-1,17	-1,42	-1,59	-1,68	-1,77	1,73	0
23/02/2020 23:20:00	1,71	2,78	2,77	2,21	1,38	0,43	-0,50	-1,11	-1,41	-1,67	-1,86	-1,97	-2,07	1,76	0
23/02/2020 23:25:00	1,68	2,75	2,68	2,12	1,26	0,34	-0,50	-1,03	-1,28	-1,51	-1,66	-1,73	-1,80	1,67	0
23/02/2020 23:30:00	1,70	2,66	2,71	2,18	1,39	0,46	-0,45	-1,06	-1,38	-1,65	-1,84	-1,95	-2,05	1,73	0
23/02/2020 23:35:00	1,68	2,60	2,62	2,19	1,51	0,65	-0,24	-0,85	-1,14	-1,41	-1,62	-1,78	-1,94	1,73	0
23/02/2020 23:40:00	1,67	2,63	2,66	2,18	1,45	0,49	-0,42	-1,04	-1,36	-1,63	-1,84	-1,97	-2,10	1,64	0
23/02/2020 23:45:00	1,66	2,64	2,70	2,22	1,51	0,62	-0,18	-0,71	-0,99	-1,22	-1,39	-1,47	-1,56	1,70	0
23/02/2020 23:50:00	1,76	2,72	2,78	2,28	1,48	0,46	-0,45	-1,08	-1,43	-1,72	-1,92	-2,03	-2,14	1,74	0
23/02/2020 23:55:00	1,75	2,83	2,89	2,25	1,49	0,38	-0,59	-1,25	-1,60	-1,89	-2,09	-2,20	-2,31	1,73	0
