FileFormat:0002.2 file with temperature of atmosphere
200
local	GMT or Local
0	GMT-Local=[hours]
0	Height[m]
0	0	0	Longitude                [grd]               [min]               [sec]
0	0	0	Latitude                [grd]               [min]               [sec]
N	NS
59,40	Freq[GHz]
0,00	dTemostat[K]
0,150	MessErr[K]
0,248	//[grad/step]
version 14.0.20110218
MTP5H033F5940K-33.00D180214+A1.1
Commentary:
enter comment
End Of Commentary

SYSTEM\alaska.dat
data time	0	50	100	150	200	250	300	350	400	450	500	550	600	OutsideTemperature	Quality
25/03/2020 00:00:00	-0,18	3,17	3,93	3,45	2,66	1,77	1,01	0,61	0,44	0,26	0,19	0,24	0,29	-0,32	0
25/03/2020 00:05:00	-0,22	3,13	3,93	3,61	2,84	1,97	1,20	0,77	0,55	0,33	0,21	0,20	0,18	-0,39	0
25/03/2020 00:10:00	-0,24	3,16	3,97	3,55	2,77	1,81	1,04	0,59	0,36	0,14	0,02	0,01	0,00	-0,31	0
25/03/2020 00:15:00	-0,27	3,22	4,08	3,70	2,89	1,91	1,01	0,48	0,22	-0,01	-0,14	-0,15	-0,16	-0,34	0
25/03/2020 00:20:00	-0,18	3,20	3,92	3,53	2,66	1,75	1,01	0,60	0,40	0,20	0,11	0,13	0,14	-0,44	0
25/03/2020 00:25:00	-0,27	3,16	3,98	3,61	2,81	1,93	1,17	0,74	0,54	0,34	0,24	0,25	0,26	-0,32	0
25/03/2020 00:30:00	-0,20	3,13	3,92	3,56	2,85	2,01	1,29	0,89	0,69	0,49	0,37	0,35	0,32	-0,34	0
25/03/2020 00:35:00	-0,10	2,99	3,75	3,48	2,86	2,02	1,27	0,86	0,66	0,46	0,33	0,30	0,27	-0,28	0
25/03/2020 00:40:00	-0,33	3,01	3,80	3,42	2,69	1,88	1,14	0,76	0,60	0,43	0,36	0,39	0,41	-0,32	0
25/03/2020 00:45:00	-0,35	2,83	3,61	3,29	2,70	1,87	1,19	0,83	0,67	0,49	0,39	0,38	0,37	-0,38	0
25/03/2020 00:50:00	-0,18	2,79	3,54	3,18	2,60	1,79	1,14	0,80	0,64	0,47	0,39	0,40	0,42	-0,39	0
25/03/2020 00:55:00	-0,41	2,57	3,28	2,86	2,18	1,46	0,89	0,62	0,51	0,38	0,34	0,41	0,48	-0,35	0
25/03/2020 01:00:00	-0,40	2,61	3,23	2,84	2,22	1,43	0,85	0,59	0,49	0,37	0,33	0,38	0,43	-0,46	0
25/03/2020 01:05:00	-0,50	2,46	3,11	2,75	2,04	1,29	0,70	0,39	0,25	0,09	0,02	0,05	0,07	-0,45	0
25/03/2020 01:10:00	-0,35	2,28	2,74	2,39	1,84	1,19	0,70	0,51	0,47	0,38	0,34	0,37	0,40	-0,61	0
25/03/2020 01:15:00	-0,68	1,92	2,38	2,07	1,51	0,86	0,40	0,22	0,18	0,08	0,05	0,08	0,11	-0,74	0
25/03/2020 01:20:00	-0,59	1,74	2,20	1,85	1,31	0,68	0,21	0,01	-0,06	-0,16	-0,20	-0,17	-0,13	-0,76	0
25/03/2020 01:25:00	-0,65	1,33	1,77	1,55	1,13	0,62	0,24	0,06	0,00	-0,11	-0,17	-0,18	-0,19	-0,59	0
25/03/2020 01:30:00	-0,59	1,45	1,80	1,46	0,99	0,48	0,04	-0,11	-0,11	-0,17	-0,18	-0,12	-0,07	-0,51	0
25/03/2020 01:35:00	-0,69	1,38	1,73	1,50	1,07	0,51	0,07	-0,12	-0,17	-0,27	-0,33	-0,35	-0,37	-0,73	0
25/03/2020 01:40:00	-0,61	1,31	1,68	1,41	0,99	0,47	0,08	-0,06	-0,08	-0,16	-0,18	-0,14	-0,11	-0,61	0
25/03/2020 01:45:00	-0,49	1,39	1,79	1,52	1,04	0,55	0,14	-0,02	-0,06	-0,14	-0,17	-0,13	-0,09	-0,52	0
25/03/2020 01:50:00	-0,72	1,37	1,75	1,44	0,96	0,46	0,04	-0,10	-0,11	-0,17	-0,18	-0,13	-0,08	-0,72	0
25/03/2020 01:55:00	-0,71	1,45	1,79	1,41	0,88	0,37	0,05	-0,02	0,01	-0,02	0,00	0,10	0,19	-0,62	0
25/03/2020 02:00:00	-0,47	1,49	1,98	1,85	1,34	0,72	0,20	-0,09	-0,22	-0,36	-0,45	-0,45	-0,45	-0,52	0
25/03/2020 02:05:00	-0,46	1,50	1,85	1,57	1,16	0,61	0,31	0,22	0,20	0,12	0,10	0,13	0,17	-0,65	0
25/03/2020 02:10:00	-0,67	1,38	1,89	1,72	1,29	0,79	0,38	0,18	0,11	0,00	-0,06	-0,05	-0,04	-0,66	0
25/03/2020 02:15:00	-0,56	1,35	1,67	1,41	0,93	0,43	0,09	-0,03	-0,04	-0,10	-0,12	-0,07	-0,02	-0,52	0
25/03/2020 02:20:00	-0,49	1,31	1,79	1,59	1,19	0,67	0,19	-0,07	-0,19	-0,34	-0,44	-0,49	-0,53	-0,75	0
25/03/2020 02:25:00	-0,66	1,44	1,84	1,56	1,11	0,60	0,18	0,02	0,00	-0,08	-0,11	-0,09	-0,06	-0,74	0
25/03/2020 02:30:00	-0,54	1,28	1,61	1,35	0,99	0,54	0,18	0,07	0,08	0,03	0,01	0,04	0,08	-0,69	0
25/03/2020 02:35:00	-0,77	1,06	1,36	1,05	0,66	0,12	-0,27	-0,41	-0,42	-0,49	-0,52	-0,50	-0,48	-0,76	0
25/03/2020 02:40:00	-0,88	1,10	1,29	0,78	0,23	-0,26	-0,62	-0,67	-0,60	-0,59	-0,54	-0,43	-0,32	-0,77	0
25/03/2020 02:45:00	-0,88	1,06	1,34	1,00	0,51	-0,03	-0,44	-0,58	-0,59	-0,65	-0,67	-0,62	-0,58	-0,91	0
25/03/2020 02:50:00	-0,91	1,07	1,21	0,69	0,06	-0,46	-0,73	-0,74	-0,66	-0,64	-0,57	-0,42	-0,27	-0,96	0
25/03/2020 02:55:00	-0,78	0,96	1,31	1,06	0,57	-0,05	-0,53	-0,78	-0,89	-1,01	-1,09	-1,09	-1,10	-0,94	0
25/03/2020 03:00:00	-0,81	0,98	1,27	0,98	0,51	-0,07	-0,54	-0,77	-0,85	-0,95	-1,02	-1,04	-1,06	-0,92	0
25/03/2020 03:05:00	-1,04	0,92	1,18	0,86	0,31	-0,24	-0,58	-0,69	-0,70	-0,75	-0,75	-0,69	-0,62	-0,91	0
25/03/2020 03:10:00	-1,12	0,87	1,16	0,73	0,20	-0,27	-0,62	-0,70	-0,66	-0,68	-0,65	-0,56	-0,47	-0,98	0
25/03/2020 03:15:00	-1,20	0,94	1,28	0,85	0,29	-0,25	-0,70	-0,86	-0,86	-0,91	-0,91	-0,83	-0,76	-1,14	0
25/03/2020 03:20:00	-1,08	1,28	1,56	1,11	0,51	0,01	-0,31	-0,36	-0,31	-0,32	-0,28	-0,18	-0,08	-1,11	0
25/03/2020 03:25:00	-1,18	1,34	1,68	1,15	0,43	-0,16	-0,61	-0,73	-0,69	-0,70	-0,65	-0,50	-0,35	-1,01	0
25/03/2020 03:30:00	-0,99	1,20	1,56	1,10	0,45	-0,12	-0,48	-0,60	-0,61	-0,66	-0,64	-0,53	-0,43	-1,04	0
25/03/2020 03:35:00	-0,90	1,07	1,34	1,02	0,54	0,11	-0,23	-0,30	-0,25	-0,26	-0,24	-0,16	-0,08	-1,16	0
25/03/2020 03:40:00	-0,88	0,99	1,36	1,06	0,55	0,03	-0,32	-0,47	-0,52	-0,61	-0,65	-0,62	-0,59	-1,24	0
25/03/2020 03:45:00	-1,02	1,08	1,32	0,81	0,27	-0,23	-0,52	-0,54	-0,45	-0,44	-0,37	-0,23	-0,08	-1,07	0
25/03/2020 03:50:00	-1,32	1,10	1,53	1,08	0,41	-0,24	-0,74	-0,95	-0,99	-1,04	-1,04	-0,93	-0,83	-1,19	0
25/03/2020 03:55:00	-1,41	1,16	1,63	1,18	0,52	-0,17	-0,67	-0,87	-0,92	-0,99	-0,98	-0,89	-0,79	-1,36	0
25/03/2020 04:00:00	-1,34	0,96	1,33	0,90	0,31	-0,19	-0,63	-0,77	-0,75	-0,78	-0,77	-0,69	-0,61	-1,42	0
25/03/2020 04:05:00	-1,31	0,95	1,36	0,98	0,51	-0,02	-0,44	-0,57	-0,57	-0,61	-0,62	-0,56	-0,50	-1,37	0
25/03/2020 04:10:00	-1,48	0,95	1,37	0,91	0,17	-0,38	-0,77	-0,90	-0,91	-0,94	-0,91	-0,77	-0,63	-1,28	0
25/03/2020 04:15:00	-1,23	0,81	1,16	0,76	0,38	-0,14	-0,52	-0,63	-0,60	-0,62	-0,61	-0,55	-0,48	-1,47	0
25/03/2020 04:20:00	-1,33	0,77	1,19	0,95	0,50	-0,05	-0,46	-0,64	-0,68	-0,77	-0,81	-0,79	-0,77	-1,57	0
25/03/2020 04:25:00	-1,56	0,80	1,15	0,73	0,18	-0,32	-0,64	-0,68	-0,62	-0,61	-0,56	-0,43	-0,31	-1,50	0
25/03/2020 04:30:00	-1,39	0,83	1,32	1,10	0,53	0,02	-0,42	-0,61	-0,67	-0,76	-0,80	-0,76	-0,72	-1,42	0
25/03/2020 04:35:00	-1,44	0,81	1,26	0,95	0,45	0,01	-0,29	-0,35	-0,33	-0,36	-0,34	-0,25	-0,16	-1,53	0
25/03/2020 04:40:00	-1,41	0,54	0,83	0,57	0,16	-0,26	-0,56	-0,61	-0,55	-0,55	-0,53	-0,45	-0,37	-1,48	0
25/03/2020 04:45:00	-1,83	0,69	1,14	0,70	0,18	-0,38	-0,79	-0,90	-0,87	-0,89	-0,87	-0,77	-0,67	-1,58	0
25/03/2020 04:50:00	-1,84	0,66	1,11	0,83	0,30	-0,18	-0,56	-0,66	-0,63	-0,66	-0,65	-0,57	-0,49	-1,57	0
25/03/2020 04:55:00	-1,66	0,61	1,04	0,80	0,34	-0,15	-0,54	-0,66	-0,64	-0,68	-0,67	-0,60	-0,53	-1,53	0
25/03/2020 05:00:00	-1,76	0,58	1,02	0,58	0,07	-0,45	-0,78	-0,84	-0,79	-0,78	-0,71	-0,56	-0,40	-1,68	0
25/03/2020 05:05:00	-1,53	0,53	0,82	0,42	-0,08	-0,47	-0,58	-0,49	-0,38	-0,33	-0,24	-0,08	0,09	-1,66	0
25/03/2020 05:10:00	-1,59	0,40	0,74	0,47	-0,01	-0,41	-0,68	-0,73	-0,69	-0,72	-0,70	-0,63	-0,55	-1,69	0
25/03/2020 05:15:00	-1,55	0,25	0,60	0,47	0,11	-0,25	-0,62	-0,73	-0,71	-0,75	-0,76	-0,74	-0,71	-1,57	0
25/03/2020 05:20:00	-1,67	0,21	0,65	0,48	0,09	-0,34	-0,65	-0,76	-0,76	-0,80	-0,80	-0,72	-0,65	-1,61	0
25/03/2020 05:25:00	-1,70	0,23	0,55	0,17	-0,25	-0,63	-0,89	-0,90	-0,81	-0,79	-0,73	-0,60	-0,48	-1,71	0
25/03/2020 05:30:00	-1,60	0,18	0,44	0,19	-0,15	-0,54	-0,77	-0,78	-0,70	-0,70	-0,68	-0,60	-0,52	-1,65	0
25/03/2020 05:35:00	-1,67	0,16	0,54	0,36	-0,05	-0,39	-0,65	-0,69	-0,64	-0,64	-0,60	-0,49	-0,38	-1,65	0
25/03/2020 05:40:00	-1,71	0,14	0,51	0,28	-0,11	-0,49	-0,80	-0,88	-0,84	-0,86	-0,85	-0,78	-0,71	-1,71	0
25/03/2020 05:45:00	-1,72	0,20	0,59	0,30	-0,14	-0,50	-0,74	-0,77	-0,72	-0,72	-0,67	-0,55	-0,44	-1,57	0
25/03/2020 05:50:00	-1,77	0,21	0,63	0,29	-0,09	-0,56	-0,92	-1,02	-0,99	-1,01	-0,98	-0,88	-0,79	-1,62	0
25/03/2020 05:55:00	-1,77	0,51	0,95	0,71	0,21	-0,27	-0,64	-0,77	-0,77	-0,81	-0,82	-0,75	-0,69	-1,77	0
25/03/2020 06:00:00	-1,63	0,33	0,63	0,36	-0,10	-0,40	-0,59	-0,53	-0,40	-0,35	-0,26	-0,10	0,06	-1,74	0
25/03/2020 06:05:00	-1,70	0,31	0,70	0,50	0,09	-0,33	-0,64	-0,73	-0,71	-0,75	-0,75	-0,71	-0,66	-1,81	0
25/03/2020 06:10:00	-1,85	-0,08	0,14	-0,14	-0,52	-0,84	-0,93	-0,82	-0,69	-0,64	-0,55	-0,41	-0,27	-1,85	0
25/03/2020 06:15:00	-1,95	-0,23	0,05	-0,28	-0,58	-0,85	-1,04	-0,99	-0,84	-0,79	-0,71	-0,58	-0,44	-1,87	0
25/03/2020 06:20:00	-2,06	-0,30	-0,03	-0,25	-0,48	-0,67	-0,71	-0,56	-0,39	-0,32	-0,25	-0,15	-0,04	-1,94	0
25/03/2020 06:25:00	-1,95	-0,33	-0,19	-0,56	-0,95	-1,11	-1,13	-0,92	-0,68	-0,54	-0,38	-0,16	0,06	-1,97	0
25/03/2020 06:30:00	-1,94	-0,42	-0,18	-0,46	-0,82	-1,06	-1,17	-1,08	-0,95	-0,88	-0,79	-0,63	-0,47	-1,99	0
25/03/2020 06:35:00	-1,94	-0,42	-0,32	-0,57	-0,92	-1,14	-1,19	-1,05	-0,88	-0,80	-0,72	-0,59	-0,46	-1,97	0
25/03/2020 06:40:00	-2,15	-0,32	-0,05	-0,46	-0,85	-1,13	-1,25	-1,13	-0,97	-0,88	-0,76	-0,57	-0,38	-2,00	0
25/03/2020 06:45:00	-1,89	-0,36	-0,21	-0,71	-1,20	-1,40	-1,39	-1,18	-0,98	-0,86	-0,69	-0,44	-0,19	-2,06	0
25/03/2020 06:50:00	-2,02	-0,36	-0,24	-0,66	-1,08	-1,34	-1,41	-1,25	-1,05	-0,93	-0,79	-0,58	-0,37	-1,95	0
25/03/2020 06:55:00	-1,89	-0,45	-0,36	-0,58	-1,00	-1,16	-1,20	-1,06	-0,90	-0,83	-0,75	-0,62	-0,49	-1,92	0
25/03/2020 07:00:00	-1,78	-0,47	-0,48	-0,86	-1,16	-1,34	-1,36	-1,15	-0,91	-0,78	-0,63	-0,45	-0,27	-1,81	0
25/03/2020 07:05:00	-1,80	-0,32	-0,34	-0,72	-1,14	-1,45	-1,58	-1,47	-1,29	-1,20	-1,10	-0,95	-0,80	-1,80	0
25/03/2020 07:10:00	-1,79	-0,48	-0,61	-1,15	-1,62	-1,79	-1,73	-1,45	-1,17	-1,00	-0,81	-0,57	-0,33	-1,79	0
25/03/2020 07:15:00	-1,54	-0,25	-0,43	-1,01	-1,42	-1,56	-1,55	-1,27	-0,95	-0,77	-0,58	-0,35	-0,12	-1,68	0
25/03/2020 07:20:00	-1,37	-0,14	-0,50	-1,17	-1,57	-1,67	-1,53	-1,13	-0,73	-0,50	-0,27	-0,02	0,23	-1,51	0
25/03/2020 07:25:00	-1,13	-0,17	-0,51	-0,97	-1,34	-1,41	-1,26	-0,92	-0,60	-0,43	-0,27	-0,10	0,07	-1,32	0
25/03/2020 07:30:00	-1,06	-0,48	-0,86	-1,38	-1,69	-1,78	-1,63	-1,32	-1,03	-0,87	-0,74	-0,59	-0,44	-1,14	0
25/03/2020 07:35:00	-0,85	-0,68	-1,24	-1,71	-2,03	-1,99	-1,75	-1,35	-0,99	-0,79	-0,62	-0,44	-0,26	-1,06	0
25/03/2020 07:40:00	-0,62	-0,49	-1,16	-1,76	-2,05	-2,01	-1,80	-1,38	-0,98	-0,75	-0,56	-0,37	-0,18	-0,92	0
25/03/2020 07:45:00	-0,25	-0,46	-1,26	-1,94	-2,25	-2,20	-1,90	-1,43	-1,01	-0,76	-0,54	-0,31	-0,08	-0,64	0
25/03/2020 07:50:00	0,20	-0,54	-1,29	-1,61	-1,74	-1,66	-1,33	-0,95	-0,66	-0,53	-0,45	-0,40	-0,34	-0,44	0
25/03/2020 07:55:00	0,34	-0,47	-1,38	-1,93	-2,04	-1,86	-1,47	-0,96	-0,52	-0,27	-0,07	0,10	0,27	-0,32	0
25/03/2020 08:00:00	0,79	-0,33	-1,40	-1,99	-2,17	-1,96	-1,56	-1,03	-0,57	-0,30	-0,09	0,09	0,28	-0,43	0
25/03/2020 08:05:00	0,68	-0,14	-1,08	-1,69	-2,02	-1,93	-1,64	-1,20	-0,82	-0,59	-0,40	-0,20	0,00	-0,30	0
25/03/2020 08:10:00	0,43	-0,10	-0,84	-1,48	-1,81	-1,80	-1,57	-1,19	-0,85	-0,65	-0,46	-0,25	-0,04	-0,22	0
25/03/2020 08:15:00	0,28	-0,01	-0,70	-1,27	-1,56	-1,51	-1,32	-0,96	-0,61	-0,42	-0,26	-0,09	0,08	-0,29	0
25/03/2020 08:20:00	0,44	-0,10	-0,75	-1,26	-1,46	-1,44	-1,23	-0,88	-0,56	-0,38	-0,22	-0,05	0,12	-0,32	0
25/03/2020 08:25:00	0,81	-0,08	-0,74	-1,15	-1,27	-1,21	-1,03	-0,73	-0,44	-0,29	-0,17	-0,04	0,09	-0,17	0
25/03/2020 08:30:00	0,95	0,14	-0,71	-1,34	-1,54	-1,49	-1,21	-0,78	-0,40	-0,18	0,02	0,22	0,42	0,05	0
25/03/2020 08:35:00	0,63	0,22	-0,41	-0,98	-1,30	-1,40	-1,24	-0,93	-0,66	-0,51	-0,36	-0,17	0,02	-0,05	0
25/03/2020 08:40:00	0,51	0,05	-0,62	-1,30	-1,77	-1,94	-1,86	-1,61	-1,37	-1,21	-1,05	-0,83	-0,61	0,02	0
25/03/2020 08:45:00	0,50	0,01	-0,72	-1,39	-1,70	-1,85	-1,78	-1,51	-1,23	-1,06	-0,90	-0,71	-0,53	0,14	0
25/03/2020 08:50:00	0,76	-0,09	-0,90	-1,42	-1,74	-1,81	-1,72	-1,47	-1,22	-1,08	-0,97	-0,84	-0,72	0,32	0
25/03/2020 08:55:00	0,85	-0,05	-0,89	-1,56	-1,89	-1,90	-1,69	-1,34	-1,02	-0,83	-0,65	-0,45	-0,24	0,31	0
25/03/2020 09:00:00	0,93	-0,06	-0,97	-1,65	-1,95	-1,96	-1,75	-1,38	-1,05	-0,84	-0,66	-0,46	-0,27	0,38	0
25/03/2020 09:05:00	2,33	-0,20	-1,53	-2,01	-2,05	-1,82	-1,48	-1,08	-0,72	-0,53	-0,40	-0,30	-0,21	0,38	0
25/03/2020 09:10:00	1,96	-0,13	-1,16	-1,57	-1,80	-1,71	-1,46	-1,17	-0,94	-0,81	-0,71	-0,61	-0,50	0,64	0
25/03/2020 09:15:00	1,58	0,01	-0,94	-1,34	-1,55	-1,59	-1,44	-1,21	-0,99	-0,88	-0,80	-0,72	-0,64	0,72	0
25/03/2020 09:20:00	1,49	0,24	-0,64	-1,25	-1,60	-1,61	-1,54	-1,30	-1,04	-0,88	-0,73	-0,56	-0,39	0,40	0
25/03/2020 09:25:00	1,61	0,26	-0,66	-1,25	-1,56	-1,57	-1,45	-1,19	-0,93	-0,79	-0,66	-0,52	-0,38	0,72	0
25/03/2020 09:30:00	1,73	0,34	-0,60	-1,17	-1,45	-1,47	-1,41	-1,20	-0,95	-0,82	-0,71	-0,60	-0,49	0,73	0
25/03/2020 09:35:00	2,19	0,57	-0,40	-0,96	-1,35	-1,40	-1,31	-1,10	-0,88	-0,76	-0,64	-0,49	-0,35	1,04	0
25/03/2020 09:40:00	1,67	0,74	-0,19	-0,94	-1,29	-1,35	-1,35	-1,11	-0,80	-0,62	-0,46	-0,28	-0,10	0,84	0
25/03/2020 09:45:00	1,59	0,77	-0,13	-0,81	-1,20	-1,29	-1,14	-0,82	-0,51	-0,34	-0,17	0,02	0,21	0,97	0
25/03/2020 09:50:00	1,61	1,03	0,12	-0,65	-1,15	-1,23	-1,11	-0,76	-0,41	-0,19	0,03	0,28	0,54	1,18	0
25/03/2020 09:55:00	2,29	0,88	0,05	-0,45	-0,68	-0,78	-0,76	-0,61	-0,43	-0,35	-0,29	-0,21	-0,13	1,34	0
25/03/2020 10:00:00	2,55	1,11	0,16	-0,38	-0,67	-0,81	-0,76	-0,57	-0,36	-0,27	-0,19	-0,11	-0,02	1,61	0
25/03/2020 10:05:00	2,66	1,16	0,11	-0,52	-0,80	-0,84	-0,67	-0,36	-0,08	0,06	0,19	0,32	0,46	1,96	0
25/03/2020 10:10:00	3,20	1,08	-0,01	-0,57	-0,79	-0,84	-0,65	-0,41	-0,21	-0,13	-0,06	0,01	0,09	1,88	0
25/03/2020 10:15:00	4,00	1,19	-0,16	-0,55	-0,75	-0,65	-0,40	-0,12	0,12	0,22	0,29	0,34	0,39	2,53	0
25/03/2020 10:20:00	4,30	1,65	0,05	-0,71	-1,02	-0,86	-0,50	-0,07	0,31	0,50	0,65	0,78	0,91	2,28	0
25/03/2020 10:25:00	4,57	1,76	0,13	-0,71	-0,98	-0,76	-0,47	-0,02	0,39	0,62	0,81	0,98	1,14	3,10	1
25/03/2020 10:30:00	4,80	1,94	0,35	-0,43	-0,64	-0,50	-0,12	0,38	0,79	1,03	1,24	1,44	1,63	2,77	0
25/03/2020 10:35:00	5,61	1,91	0,15	-0,40	-0,44	-0,21	0,24	0,70	1,06	1,23	1,34	1,40	1,47	3,65	1
25/03/2020 10:40:00	5,04	2,19	0,76	0,14	-0,09	-0,22	-0,13	0,01	0,15	0,17	0,16	0,13	0,10	3,60	1
25/03/2020 10:45:00	6,02	1,92	0,23	-0,04	0,08	0,36	0,73	1,06	1,30	1,37	1,36	1,27	1,19	3,76	1
25/03/2020 10:50:00	6,24	2,58	0,74	0,08	-0,18	0,05	0,41	0,79	1,10	1,23	1,31	1,34	1,37	4,11	1
25/03/2020 10:55:00	6,58	2,63	0,56	-0,20	-0,37	-0,02	0,40	0,89	1,30	1,51	1,63	1,70	1,76	4,50	1
25/03/2020 11:00:00	5,59	2,99	1,55	0,95	0,75	0,73	0,87	1,09	1,29	1,33	1,33	1,29	1,25	4,16	0
25/03/2020 11:05:00	5,81	3,06	1,71	1,20	1,03	0,96	1,03	1,19	1,35	1,38	1,38	1,36	1,34	4,88	0
25/03/2020 11:10:00	5,11	3,23	2,12	1,61	1,36	1,29	1,40	1,61	1,79	1,83	1,86	1,87	1,88	4,35	0
25/03/2020 11:15:00	5,23	3,33	2,11	1,51	1,26	1,17	1,33	1,57	1,78	1,83	1,86	1,86	1,86	4,85	0
25/03/2020 11:20:00	5,60	3,33	2,03	1,45	1,13	1,18	1,26	1,48	1,70	1,76	1,80	1,83	1,85	4,27	0
25/03/2020 11:25:00	5,34	3,47	2,37	1,80	1,41	1,22	1,25	1,39	1,52	1,54	1,57	1,61	1,65	4,22	0
25/03/2020 11:30:00	5,98	3,55	2,18	1,52	1,15	1,13	1,24	1,45	1,64	1,68	1,70	1,71	1,72	4,43	0
25/03/2020 11:35:00	6,33	3,55	2,22	1,87	1,76	1,71	1,91	2,10	2,24	2,23	2,17	2,09	2,00	4,76	0
25/03/2020 11:40:00	5,63	3,74	2,60	2,10	1,87	1,79	1,75	1,83	1,95	1,92	1,87	1,78	1,69	4,96	0
25/03/2020 11:45:00	6,92	3,86	2,17	1,43	1,21	1,33	1,54	1,86	2,15	2,26	2,31	2,33	2,34	5,35	1
25/03/2020 11:50:00	7,92	3,87	1,93	1,48	1,43	1,74	2,10	2,44	2,70	2,74	2,70	2,56	2,43	5,48	1
25/03/2020 11:55:00	8,99	3,98	1,91	1,63	1,64	1,92	2,33	2,62	2,81	2,81	2,73	2,57	2,42	6,09	1
25/03/2020 12:00:00	6,77	4,45	2,99	2,15	1,68	1,44	1,55	1,78	1,99	2,05	2,12	2,20	2,27	5,58	1
25/03/2020 12:05:00	6,52	4,47	3,15	2,41	2,01	1,78	1,78	1,93	2,10	2,13	2,15	2,16	2,18	5,50	0
25/03/2020 12:10:00	5,98	4,70	3,65	2,89	2,42	2,15	1,96	1,98	2,07	2,04	2,01	1,98	1,96	5,18	0
25/03/2020 12:15:00	6,03	4,68	3,61	2,99	2,56	2,38	2,34	2,47	2,61	2,61	2,60	2,59	2,57	5,56	0
25/03/2020 12:20:00	6,31	4,92	3,73	2,96	2,48	2,31	2,35	2,57	2,80	2,86	2,92	3,00	3,07	5,70	0
25/03/2020 12:25:00	7,52	4,91	3,62	3,09	2,82	2,62	2,57	2,60	2,66	2,59	2,51	2,41	2,32	6,49	0
25/03/2020 12:30:00	7,90	5,08	3,86	3,48	3,26	3,00	2,99	3,02	3,04	2,96	2,87	2,79	2,71	6,71	0
25/03/2020 12:35:00	7,71	5,34	4,08	3,45	3,08	2,86	2,65	2,61	2,65	2,58	2,50	2,43	2,35	6,53	1
25/03/2020 12:40:00	8,04	5,27	4,05	3,75	3,57	3,41	3,22	3,13	3,10	2,96	2,80	2,61	2,42	6,70	0
25/03/2020 12:45:00	8,12	5,73	4,52	3,91	3,53	3,20	2,96	2,92	2,97	2,93	2,90	2,90	2,90	6,79	1
25/03/2020 12:50:00	8,09	5,76	4,78	4,44	4,11	3,82	3,37	3,09	2,96	2,75	2,56	2,37	2,18	7,07	0
25/03/2020 12:55:00	8,86	5,75	4,75	4,64	4,38	3,91	3,46	3,07	2,81	2,52	2,27	2,02	1,78	7,55	1
25/03/2020 13:00:00	8,15	6,00	5,29	5,22	4,92	4,41	3,87	3,43	3,15	2,84	2,57	2,31	2,06	7,40	0
25/03/2020 13:05:00	8,18	6,41	5,67	5,39	5,03	4,39	3,85	3,47	3,25	2,99	2,78	2,59	2,41	7,85	0
25/03/2020 13:10:00	8,27	6,60	5,97	5,62	5,05	4,22	3,50	2,98	2,67	2,37	2,15	2,01	1,88	7,97	0
25/03/2020 13:15:00	7,46	7,16	6,52	5,81	5,01	4,08	3,41	3,03	2,84	2,62	2,48	2,41	2,34	8,09	0
25/03/2020 13:20:00	6,84	7,73	7,20	6,26	5,16	4,17	3,51	3,20	3,06	2,88	2,79	2,80	2,80	8,44	0
25/03/2020 13:25:00	6,49	8,24	7,39	5,74	4,17	3,06	2,42	2,30	2,36	2,35	2,46	2,68	2,91	8,53	0
25/03/2020 13:30:00	6,36	8,76	7,85	6,01	4,27	3,15	2,52	2,45	2,57	2,58	2,69	2,91	3,14	8,55	0
25/03/2020 13:35:00	6,52	8,66	7,80	6,18	4,71	3,68	3,10	3,01	3,07	3,01	3,03	3,11	3,19	8,25	0
25/03/2020 13:40:00	6,89	8,75	7,49	5,44	3,94	3,08	2,85	3,13	3,46	3,62	3,83	4,11	4,39	9,32	0
25/03/2020 13:45:00	7,67	8,42	7,34	5,77	4,41	3,52	2,96	2,81	2,83	2,75	2,74	2,80	2,86	8,72	0
25/03/2020 13:50:00	8,28	7,89	6,83	5,88	5,08	4,47	3,99	3,80	3,76	3,60	3,46	3,31	3,17	8,75	0
25/03/2020 13:55:00	8,76	7,54	6,32	5,49	4,88	4,42	4,11	4,04	4,07	3,95	3,84	3,72	3,60	8,80	0
25/03/2020 14:00:00	9,45	7,39	6,31	6,00	5,70	5,19	4,75	4,42	4,20	3,87	3,54	3,17	2,80	8,96	0
25/03/2020 14:05:00	9,19	7,47	6,37	5,67	5,18	4,73	4,40	4,22	4,14	3,94	3,76	3,58	3,40	9,17	0
25/03/2020 14:10:00	9,06	7,92	6,85	6,05	5,50	4,80	4,31	4,05	3,92	3,70	3,49	3,27	3,06	9,57	0
25/03/2020 14:15:00	9,05	7,81	6,76	6,02	5,32	4,79	4,39	4,20	4,12	3,94	3,79	3,67	3,54	9,27	0
25/03/2020 14:20:00	9,20	8,10	7,02	6,29	5,64	5,07	4,70	4,54	4,47	4,29	4,13	3,98	3,83	9,33	0
25/03/2020 14:25:00	9,73	8,31	7,04	6,20	5,49	5,08	4,79	4,72	4,72	4,59	4,47	4,36	4,24	9,72	0
25/03/2020 14:30:00	10,02	8,33	6,97	6,16	5,59	5,19	4,93	4,88	4,89	4,76	4,62	4,47	4,31	9,82	1
25/03/2020 14:35:00	9,93	8,24	7,21	6,68	6,26	5,64	5,16	4,83	4,64	4,35	4,07	3,79	3,51	10,47	0
25/03/2020 14:40:00	9,72	8,53	7,65	7,00	6,46	5,78	5,17	4,79	4,57	4,28	4,02	3,78	3,53	9,97	0
25/03/2020 14:45:00	9,93	8,58	7,70	7,29	6,81	6,21	5,54	5,06	4,78	4,42	4,07	3,69	3,32	10,12	0
25/03/2020 14:50:00	9,76	8,96	7,91	7,10	6,45	5,89	5,41	5,20	5,13	4,92	4,74	4,55	4,36	10,50	0
25/03/2020 14:55:00	10,39	8,81	7,76	7,22	6,82	6,38	5,82	5,47	5,28	4,96	4,64	4,28	3,92	10,52	0
25/03/2020 15:00:00	10,57	8,96	7,85	7,20	6,69	6,16	5,72	5,48	5,35	5,11	4,89	4,66	4,43	10,45	0
25/03/2020 15:05:00	10,58	9,05	8,13	7,71	7,17	6,58	6,05	5,68	5,45	5,12	4,84	4,56	4,27	11,12	0
25/03/2020 15:10:00	10,60	8,88	7,99	7,62	7,25	6,69	6,17	5,80	5,55	5,22	4,91	4,60	4,28	11,28	0
25/03/2020 15:15:00	10,00	9,44	8,57	7,72	6,90	6,19	5,63	5,36	5,23	5,00	4,84	4,73	4,61	10,98	0
25/03/2020 15:20:00	10,24	9,32	8,41	7,80	7,14	6,47	5,89	5,53	5,32	5,01	4,74	4,48	4,22	11,43	0
25/03/2020 15:25:00	10,34	9,49	8,65	7,93	7,18	6,36	5,64	5,19	4,92	4,60	4,34	4,11	3,89	10,95	0
25/03/2020 15:30:00	9,68	9,56	8,75	7,82	6,95	6,22	5,62	5,35	5,23	5,01	4,86	4,76	4,65	11,12	0
25/03/2020 15:35:00	10,22	9,46	8,56	7,84	7,19	6,54	6,00	5,70	5,54	5,27	5,05	4,83	4,62	11,28	0
25/03/2020 15:40:00	10,28	9,44	8,62	8,01	7,33	6,62	6,01	5,64	5,42	5,13	4,88	4,66	4,44	11,42	0
25/03/2020 15:45:00	10,19	9,64	8,73	7,88	7,17	6,52	6,00	5,75	5,64	5,41	5,22	5,05	4,89	11,13	0
25/03/2020 15:50:00	9,92	9,79	9,02	8,13	7,34	6,54	5,93	5,62	5,46	5,22	5,03	4,88	4,73	11,08	0
25/03/2020 15:55:00	9,67	9,88	9,27	8,55	7,70	6,85	6,17	5,77	5,54	5,22	4,97	4,76	4,54	11,05	0
25/03/2020 16:00:00	9,84	9,84	9,21	8,48	7,66	6,86	6,23	5,88	5,68	5,40	5,19	5,02	4,86	11,22	0
25/03/2020 16:05:00	9,90	10,13	9,48	8,58	7,67	6,80	6,09	5,72	5,53	5,26	5,07	4,93	4,80	11,70	0
25/03/2020 16:10:00	9,81	10,03	9,47	8,76	7,96	7,15	6,42	6,00	5,77	5,46	5,21	5,00	4,79	11,40	0
25/03/2020 16:15:00	9,80	10,07	9,54	8,85	8,06	7,23	6,49	6,06	5,81	5,48	5,23	5,00	4,78	11,40	0
25/03/2020 16:20:00	9,55	10,15	9,69	8,94	8,07	7,11	6,38	5,96	5,72	5,40	5,17	5,00	4,82	11,40	0
25/03/2020 16:25:00	9,80	10,20	9,54	8,58	7,63	6,72	6,11	5,84	5,72	5,51	5,40	5,36	5,32	11,75	0
25/03/2020 16:30:00	9,50	10,15	9,72	8,99	8,15	7,22	6,43	5,97	5,72	5,39	5,14	4,94	4,74	11,73	0
25/03/2020 16:35:00	9,38	10,29	9,95	9,19	8,23	7,29	6,42	5,91	5,64	5,31	5,08	4,92	4,75	11,34	0
25/03/2020 16:40:00	9,14	10,14	9,95	9,31	8,47	7,54	6,67	6,12	5,80	5,43	5,15	4,92	4,70	11,38	0
25/03/2020 16:45:00	9,16	10,25	9,92	9,05	7,97	7,03	6,22	5,80	5,58	5,32	5,17	5,11	5,05	11,30	0
25/03/2020 16:50:00	9,22	10,30	10,10	9,35	8,41	7,36	6,50	5,99	5,70	5,36	5,14	5,01	4,88	11,63	0
25/03/2020 16:55:00	8,91	10,24	10,04	9,26	8,34	7,38	6,58	6,14	5,89	5,58	5,37	5,23	5,10	11,42	0
25/03/2020 17:00:00	8,92	10,33	10,10	9,23	8,16	7,19	6,28	5,80	5,55	5,26	5,08	5,00	4,91	11,57	0
25/03/2020 17:05:00	8,77	10,24	10,14	9,42	8,46	7,39	6,52	6,01	5,70	5,36	5,12	4,97	4,82	11,60	0
25/03/2020 17:10:00	8,71	10,37	10,20	9,36	8,28	7,20	6,32	5,83	5,56	5,25	5,05	4,94	4,83	11,68	0
25/03/2020 17:15:00	8,50	10,33	10,33	9,58	8,51	7,40	6,40	5,80	5,46	5,09	4,84	4,69	4,54	11,82	0
25/03/2020 17:20:00	8,31	10,29	10,31	9,49	8,45	7,36	6,40	5,85	5,56	5,23	5,03	4,93	4,82	11,20	0
25/03/2020 17:25:00	8,12	10,33	10,42	9,58	8,46	7,31	6,34	5,79	5,48	5,15	4,95	4,86	4,78	11,30	0
25/03/2020 17:30:00	7,89	10,42	10,59	9,72	8,58	7,34	6,33	5,75	5,43	5,09	4,90	4,83	4,76	11,29	0
25/03/2020 17:35:00	7,67	10,50	10,71	9,78	8,57	7,33	6,23	5,63	5,32	5,00	4,83	4,78	4,74	11,19	0
25/03/2020 17:40:00	7,51	10,28	10,62	9,90	8,79	7,55	6,43	5,75	5,37	4,98	4,73	4,59	4,46	11,20	0
25/03/2020 17:45:00	7,33	10,35	10,80	9,98	8,82	7,39	6,25	5,55	5,13	4,74	4,52	4,44	4,37	11,13	0
25/03/2020 17:50:00	7,18	10,33	10,83	10,13	8,93	7,58	6,39	5,65	5,22	4,80	4,54	4,43	4,31	11,09	0
25/03/2020 17:55:00	7,03	10,38	10,95	10,11	8,84	7,39	6,13	5,37	4,94	4,55	4,35	4,31	4,28	11,12	0
25/03/2020 18:00:00	6,95	10,25	10,82	10,08	8,88	7,51	6,34	5,63	5,21	4,82	4,59	4,52	4,45	10,91	0
25/03/2020 18:05:00	6,72	10,37	10,95	10,04	8,79	7,40	6,19	5,49	5,11	4,75	4,56	4,52	4,48	10,81	0
25/03/2020 18:10:00	7,17	10,44	11,04	10,30	9,14	7,75	6,60	5,91	5,50	5,12	4,91	4,86	4,82	10,80	0
25/03/2020 18:15:00	7,07	10,40	11,08	10,36	9,18	7,83	6,66	5,93	5,49	5,09	4,86	4,80	4,75	10,57	0
25/03/2020 18:20:00	6,95	10,72	11,38	10,55	9,35	7,98	6,83	6,18	5,82	5,47	5,30	5,29	5,28	10,65	0
25/03/2020 18:25:00	7,00	10,63	11,40	10,64	9,48	8,09	6,87	6,12	5,68	5,28	5,06	5,02	4,97	10,40	0
25/03/2020 18:30:00	6,82	10,61	11,33	10,55	9,32	7,92	6,77	6,10	5,71	5,34	5,15	5,14	5,13	10,30	0
25/03/2020 18:35:00	6,57	10,84	11,86	11,19	9,97	8,51	7,24	6,46	5,98	5,55	5,32	5,28	5,24	10,19	0
25/03/2020 18:40:00	6,91	10,71	11,55	10,80	9,57	8,25	7,05	6,35	5,96	5,59	5,43	5,46	5,50	9,99	0
25/03/2020 18:45:00	6,21	11,01	11,85	10,85	9,37	7,91	6,73	6,10	5,76	5,44	5,32	5,40	5,49	9,95	0
25/03/2020 18:50:00	6,01	10,83	11,85	11,06	9,72	8,24	6,94	6,22	5,82	5,46	5,30	5,35	5,39	9,81	0
25/03/2020 18:55:00	6,33	10,67	11,63	10,90	9,66	8,17	6,96	6,25	5,83	5,44	5,26	5,28	5,29	9,87	0
25/03/2020 19:00:00	6,49	10,53	11,51	10,86	9,57	8,22	6,92	6,14	5,69	5,29	5,10	5,11	5,13	9,62	0
25/03/2020 19:05:00	6,32	10,50	11,32	10,57	9,27	7,91	6,78	6,15	5,79	5,46	5,32	5,36	5,41	9,28	0
25/03/2020 19:10:00	5,81	10,49	11,55	10,85	9,55	8,08	6,80	6,05	5,63	5,25	5,07	5,09	5,12	9,47	0
25/03/2020 19:15:00	5,50	10,66	11,61	10,65	9,23	7,70	6,53	5,93	5,59	5,27	5,16	5,25	5,33	9,57	0
25/03/2020 19:20:00	5,30	10,57	11,58	10,67	9,31	7,81	6,58	5,91	5,56	5,22	5,07	5,11	5,15	9,30	0
25/03/2020 19:25:00	5,69	10,43	11,40	10,57	9,16	7,71	6,47	5,77	5,37	5,02	4,87	4,93	4,98	9,20	0
25/03/2020 19:30:00	6,01	10,20	11,10	10,29	9,02	7,64	6,45	5,77	5,38	5,03	4,88	4,93	4,98	9,08	0
25/03/2020 19:35:00	5,80	10,02	11,12	10,62	9,50	8,08	6,85	6,07	5,59	5,16	4,92	4,87	4,82	9,12	0
25/03/2020 19:40:00	5,75	9,97	11,05	10,45	9,27	7,88	6,63	5,85	5,38	4,96	4,73	4,69	4,65	8,89	0
25/03/2020 19:45:00	5,15	10,23	11,29	10,43	8,99	7,53	6,27	5,59	5,22	4,89	4,78	4,89	5,00	8,89	0
25/03/2020 19:50:00	5,39	9,97	10,88	10,06	8,75	7,41	6,36	5,82	5,52	5,24	5,15	5,26	5,37	8,77	0
25/03/2020 19:55:00	5,42	9,84	10,74	10,03	8,82	7,52	6,45	5,87	5,55	5,24	5,11	5,16	5,21	8,58	0
25/03/2020 20:00:00	5,11	9,98	10,95	10,01	8,76	7,41	6,29	5,72	5,44	5,17	5,09	5,21	5,32	8,69	0
25/03/2020 20:05:00	5,08	9,87	10,95	10,19	8,95	7,58	6,38	5,73	5,38	5,06	4,94	5,02	5,10	8,67	0
25/03/2020 20:10:00	5,32	9,74	10,72	10,02	8,79	7,49	6,36	5,75	5,42	5,11	5,00	5,08	5,17	8,52	0
25/03/2020 20:15:00	4,59	9,93	11,07	10,14	8,75	7,33	6,14	5,54	5,24	4,97	4,91	5,08	5,24	8,46	0
25/03/2020 20:20:00	5,36	9,50	10,40	9,79	8,72	7,49	6,51	5,99	5,70	5,40	5,28	5,33	5,39	8,30	0
25/03/2020 20:25:00	4,62	9,77	10,90	10,08	8,77	7,34	6,22	5,64	5,32	5,03	4,96	5,10	5,24	8,05	0
25/03/2020 20:30:00	5,12	9,45	10,50	9,90	8,77	7,53	6,50	5,96	5,65	5,36	5,28	5,39	5,51	7,82	0
25/03/2020 20:35:00	5,14	9,49	10,56	9,88	8,67	7,34	6,27	5,68	5,33	5,03	4,94	5,06	5,19	8,05	0
25/03/2020 20:40:00	5,19	9,46	10,48	9,76	8,66	7,37	6,34	5,78	5,47	5,19	5,10	5,22	5,35	7,95	0
25/03/2020 20:45:00	4,47	9,70	10,85	10,08	8,68	7,31	6,20	5,64	5,33	5,04	4,98	5,13	5,29	7,95	0
25/03/2020 20:50:00	5,17	9,30	10,23	9,68	8,60	7,45	6,45	5,92	5,62	5,32	5,18	5,22	5,25	8,05	0
25/03/2020 20:55:00	4,14	9,63	10,88	10,11	8,87	7,48	6,31	5,70	5,39	5,09	4,99	5,10	5,21	7,85	0
25/03/2020 21:00:00	4,72	9,32	10,30	9,59	8,41	7,13	6,07	5,53	5,25	4,98	4,89	4,99	5,09	8,06	0
25/03/2020 21:05:00	4,59	9,31	10,32	9,55	8,41	7,11	6,09	5,59	5,33	5,06	4,98	5,09	5,20	7,91	0
25/03/2020 21:10:00	4,82	9,21	10,12	9,32	8,18	6,92	6,00	5,56	5,32	5,08	5,02	5,16	5,30	7,63	0
25/03/2020 21:15:00	4,40	9,17	10,21	9,42	8,22	6,92	5,93	5,45	5,20	4,96	4,93	5,10	5,27	7,60	0
25/03/2020 21:20:00	4,58	9,03	10,05	9,40	8,31	7,12	6,12	5,62	5,36	5,11	5,04	5,16	5,28	7,51	0
25/03/2020 21:25:00	4,70	8,89	9,94	9,50	8,56	7,41	6,43	5,89	5,58	5,27	5,13	5,16	5,18	7,63	0
25/03/2020 21:30:00	4,12	9,15	10,37	9,64	8,41	7,07	6,00	5,42	5,09	4,79	4,70	4,83	4,96	7,53	0
25/03/2020 21:35:00	4,54	9,35	10,56	9,89	8,72	7,47	6,42	5,87	5,56	5,27	5,20	5,34	5,47	7,47	0
25/03/2020 21:40:00	4,97	9,10	10,12	9,55	8,48	7,44	6,57	6,15	5,93	5,69	5,65	5,80	5,95	7,41	0
25/03/2020 21:45:00	4,95	9,51	10,61	9,98	8,79	7,60	6,67	6,22	5,95	5,70	5,66	5,84	6,02	7,35	0
25/03/2020 21:50:00	4,41	9,65	10,67	9,77	8,48	7,24	6,41	6,09	5,93	5,75	5,76	5,98	6,21	7,45	0
25/03/2020 21:55:00	4,44	9,67	10,83	10,00	8,77	7,50	6,48	5,99	5,73	5,48	5,42	5,57	5,71	7,17	0
25/03/2020 22:00:00	4,62	9,56	10,56	9,81	8,68	7,55	6,61	6,19	6,01	5,78	5,73	5,85	5,97	7,40	0
25/03/2020 22:05:00	4,50	9,50	10,62	9,82	8,57	7,28	6,34	5,91	5,68	5,47	5,46	5,68	5,91	7,34	0
25/03/2020 22:10:00	5,05	9,11	9,99	9,38	8,37	7,31	6,56	6,22	6,04	5,82	5,76	5,88	6,00	6,79	0
25/03/2020 22:15:00	4,82	9,13	10,03	9,29	8,17	7,01	6,19	5,83	5,64	5,43	5,41	5,59	5,77	7,13	0
25/03/2020 22:20:00	5,20	8,90	9,66	8,96	7,96	6,91	6,24	5,99	5,86	5,70	5,73	5,95	6,17	7,20	0
25/03/2020 22:25:00	4,44	9,07	10,04	9,27	8,21	7,00	6,16	5,80	5,63	5,43	5,41	5,59	5,77	6,79	0
25/03/2020 22:30:00	4,61	9,28	10,18	9,39	8,15	7,00	6,17	5,86	5,74	5,60	5,65	5,92	6,18	6,88	0
25/03/2020 22:35:00	4,60	9,23	10,07	9,20	8,06	6,97	6,27	6,06	5,99	5,86	5,92	6,17	6,42	6,61	0
25/03/2020 22:40:00	4,75	8,99	9,84	9,11	8,03	6,98	6,25	6,00	5,90	5,77	5,81	6,06	6,30	6,71	0
25/03/2020 22:45:00	5,05	8,87	9,66	8,97	8,11	7,13	6,44	6,19	6,08	5,92	5,91	6,06	6,21	6,70	0
25/03/2020 22:50:00	5,23	8,57	9,43	8,96	8,21	7,29	6,55	6,20	6,00	5,77	5,69	5,76	5,84	6,49	0
25/03/2020 22:55:00	5,16	8,43	9,28	9,01	8,33	7,56	6,83	6,48	6,30	6,05	5,94	5,96	5,97	6,40	0
25/03/2020 23:00:00	4,33	8,66	9,55	8,96	7,96	7,10	6,45	6,25	6,19	6,06	6,09	6,28	6,47	6,23	0
25/03/2020 23:05:00	4,46	8,51	9,31	8,65	7,54	6,76	6,22	6,10	6,07	5,97	6,04	6,30	6,55	6,44	0
25/03/2020 23:10:00	4,24	8,60	9,50	8,75	7,64	6,67	6,23	6,17	6,13	6,05	6,17	6,50	6,84	5,87	0
25/03/2020 23:15:00	4,69	8,57	9,50	9,01	8,19	7,26	6,56	6,26	6,11	5,91	5,86	5,98	6,10	6,13	0
25/03/2020 23:20:00	4,67	8,47	9,36	8,90	8,14	7,25	6,50	6,17	6,02	5,80	5,73	5,80	5,86	5,96	0
25/03/2020 23:25:00	4,39	8,77	9,65	8,79	7,69	6,62	5,81	5,52	5,42	5,29	5,35	5,61	5,87	6,21	0
25/03/2020 23:30:00	4,41	8,57	9,27	8,48	7,40	6,55	6,02	5,94	5,94	5,87	5,97	6,24	6,51	6,17	0
25/03/2020 23:35:00	3,94	8,61	9,51	8,62	7,61	6,68	6,00	5,84	5,84	5,77	5,86	6,14	6,42	6,20	0
25/03/2020 23:40:00	4,09	8,50	9,32	8,62	7,50	6,55	5,88	5,68	5,61	5,49	5,54	5,76	5,98	5,96	0
25/03/2020 23:45:00	4,32	8,14	8,88	8,17	7,22	6,40	5,78	5,63	5,60	5,51	5,58	5,82	6,06	5,95	0
25/03/2020 23:50:00	4,24	8,03	8,79	8,15	7,21	6,38	5,78	5,61	5,56	5,45	5,50	5,71	5,93	5,84	0
25/03/2020 23:55:00	4,06	8,05	8,76	7,94	6,97	6,08	5,53	5,45	5,47	5,43	5,55	5,85	6,16	5,71	0
