FileFormat:0002.2 file with temperature of atmosphere
200
local	GMT or Local
0	GMT-Local=[hours]
0	Height[m]
0	0	0	Longitude                [grd]               [min]               [sec]
0	0	0	Latitude                [grd]               [min]               [sec]
N	NS
59,40	Freq[GHz]
0,00	dTemostat[K]
0,150	MessErr[K]
0,248	//[grad/step]
version 14.0.20110218
MTP5H033F5940K-33.00D180214+A1.1
Commentary:
enter comment
End Of Commentary

SYSTEM\alaska.dat
data time	0	50	100	150	200	250	300	350	400	450	500	550	600	OutsideTemperature	Quality
10/01/2020 00:00:00	1,44	2,14	2,16	1,83	1,22	0,42	-0,43	-1,02	-1,31	-1,57	-1,78	-1,94	-2,09	1,44	0
10/01/2020 00:05:00	1,45	2,12	2,15	1,82	1,18	0,36	-0,51	-1,10	-1,41	-1,68	-1,89	-2,03	-2,17	1,49	0
10/01/2020 00:10:00	1,43	2,10	2,09	1,67	1,04	0,19	-0,60	-1,14	-1,41	-1,65	-1,82	-1,93	-2,04	1,49	0
10/01/2020 00:15:00	1,46	2,12	2,16	1,75	1,06	0,15	-0,67	-1,26	-1,59	-1,86	-2,05	-2,17	-2,28	1,43	0
10/01/2020 00:20:00	1,40	2,05	2,03	1,61	0,94	0,13	-0,69	-1,24	-1,52	-1,76	-1,94	-2,06	-2,18	1,38	0
10/01/2020 00:25:00	1,33	2,05	2,02	1,51	0,77	-0,04	-0,84	-1,35	-1,60	-1,81	-1,95	-2,01	-2,07	1,36	0
10/01/2020 00:30:00	1,34	2,02	2,02	1,59	0,96	0,09	-0,77	-1,35	-1,64	-1,89	-2,09	-2,21	-2,34	1,34	0
10/01/2020 00:35:00	1,38	1,99	2,03	1,67	1,13	0,33	-0,52	-1,09	-1,37	-1,62	-1,82	-1,96	-2,10	1,38	0
10/01/2020 00:40:00	1,34	2,05	2,09	1,77	1,07	0,18	-0,77	-1,44	-1,78	-2,07	-2,30	-2,46	-2,62	1,38	0
10/01/2020 00:45:00	1,33	2,01	1,96	1,56	0,87	0,05	-0,73	-1,24	-1,50	-1,71	-1,87	-1,96	-2,04	1,36	0
10/01/2020 00:50:00	1,41	2,07	2,12	1,75	1,18	0,32	-0,65	-1,31	-1,64	-1,93	-2,16	-2,34	-2,52	1,41	0
10/01/2020 00:55:00	1,40	2,05	2,04	1,66	1,03	0,16	-0,65	-1,21	-1,49	-1,74	-1,92	-2,04	-2,15	1,35	0
10/01/2020 01:00:00	1,34	2,08	2,06	1,59	0,87	-0,04	-0,83	-1,37	-1,65	-1,89	-2,06	-2,14	-2,22	1,33	0
10/01/2020 01:05:00	1,38	1,97	2,01	1,74	1,16	0,25	-0,66	-1,32	-1,68	-1,98	-2,23	-2,42	-2,62	1,35	0
10/01/2020 01:10:00	1,33	2,08	2,07	1,75	1,03	0,10	-0,73	-1,33	-1,65	-1,93	-2,14	-2,28	-2,42	1,43	0
10/01/2020 01:15:00	1,39	2,11	2,09	1,63	0,95	0,04	-0,80	-1,37	-1,67	-1,92	-2,12	-2,24	-2,36	1,41	0
10/01/2020 01:20:00	1,38	2,13	2,15	1,64	0,87	-0,10	-1,06	-1,72	-2,06	-2,33	-2,53	-2,63	-2,74	1,44	0
10/01/2020 01:25:00	1,40	2,06	2,00	1,49	0,79	-0,10	-0,97	-1,55	-1,83	-2,06	-2,23	-2,32	-2,42	1,36	0
10/01/2020 01:30:00	1,32	1,96	1,98	1,60	0,94	-0,01	-0,88	-1,51	-1,85	-2,14	-2,36	-2,52	-2,67	1,33	0
10/01/2020 01:35:00	1,26	2,02	2,01	1,53	0,72	-0,25	-1,12	-1,73	-2,06	-2,32	-2,51	-2,60	-2,70	1,35	0
10/01/2020 01:40:00	1,26	2,00	2,07	1,66	0,93	-0,05	-1,00	-1,69	-2,07	-2,37	-2,60	-2,75	-2,91	1,33	0
10/01/2020 01:45:00	1,31	1,98	2,02	1,63	0,90	-0,03	-0,96	-1,63	-1,99	-2,29	-2,52	-2,67	-2,83	1,31	0
10/01/2020 01:50:00	1,29	1,98	2,03	1,60	0,97	0,00	-0,98	-1,68	-2,03	-2,33	-2,56	-2,73	-2,89	1,28	0
10/01/2020 01:55:00	1,27	1,94	1,93	1,43	0,74	-0,15	-1,01	-1,60	-1,90	-2,14	-2,33	-2,43	-2,54	1,24	0
10/01/2020 02:00:00	1,25	1,94	1,90	1,53	0,83	-0,08	-0,96	-1,58	-1,90	-2,17	-2,39	-2,54	-2,69	1,32	0
10/01/2020 02:05:00	1,32	1,94	1,92	1,49	0,82	-0,14	-1,07	-1,72	-2,06	-2,33	-2,55	-2,69	-2,84	1,31	0
10/01/2020 02:10:00	1,26	1,91	1,87	1,48	0,77	-0,14	-1,03	-1,66	-1,99	-2,26	-2,48	-2,63	-2,77	1,25	0
10/01/2020 02:15:00	1,29	1,87	1,85	1,37	0,70	-0,27	-1,16	-1,79	-2,12	-2,39	-2,59	-2,72	-2,84	1,29	0
10/01/2020 02:20:00	1,23	1,93	1,83	1,31	0,62	-0,21	-1,09	-1,63	-1,86	-2,05	-2,19	-2,26	-2,33	1,27	0
10/01/2020 02:25:00	1,31	1,92	1,91	1,51	0,78	-0,14	-1,04	-1,68	-2,01	-2,28	-2,49	-2,62	-2,74	1,31	0
10/01/2020 02:30:00	1,27	1,92	1,81	1,30	0,56	-0,37	-1,19	-1,73	-2,01	-2,23	-2,40	-2,49	-2,58	1,26	0
10/01/2020 02:35:00	1,24	1,96	1,90	1,33	0,56	-0,39	-1,29	-1,90	-2,20	-2,44	-2,62	-2,71	-2,80	1,24	0
10/01/2020 02:40:00	1,28	1,86	1,79	1,42	0,75	-0,17	-1,06	-1,68	-1,99	-2,26	-2,47	-2,62	-2,77	1,28	0
10/01/2020 02:45:00	1,27	1,86	1,88	1,45	0,79	-0,16	-1,10	-1,78	-2,13	-2,43	-2,66	-2,83	-2,99	1,21	0
10/01/2020 02:50:00	1,28	1,86	1,84	1,41	0,67	-0,30	-1,12	-1,71	-2,05	-2,32	-2,52	-2,63	-2,75	1,23	0
10/01/2020 02:55:00	1,20	1,80	1,75	1,32	0,66	-0,32	-1,17	-1,78	-2,11	-2,39	-2,60	-2,75	-2,89	1,21	0
10/01/2020 03:00:00	1,21	1,79	1,75	1,32	0,63	-0,34	-1,27	-1,94	-2,28	-2,56	-2,79	-2,94	-3,10	1,17	0
10/01/2020 03:05:00	1,35	1,79	1,75	1,34	0,59	-0,35	-1,23	-1,85	-2,19	-2,46	-2,65	-2,76	-2,86	1,21	0
10/01/2020 03:10:00	1,16	1,84	1,77	1,26	0,47	-0,48	-1,32	-1,91	-2,22	-2,46	-2,64	-2,74	-2,84	1,20	0
10/01/2020 03:15:00	1,14	1,83	1,79	1,30	0,60	-0,35	-1,28	-1,92	-2,24	-2,50	-2,70	-2,83	-2,97	1,18	0
10/01/2020 03:20:00	1,14	1,74	1,71	1,23	0,52	-0,42	-1,24	-1,82	-2,13	-2,37	-2,56	-2,66	-2,76	1,12	0
10/01/2020 03:25:00	1,14	1,83	1,79	1,32	0,58	-0,38	-1,26	-1,88	-2,20	-2,46	-2,66	-2,78	-2,90	1,19	0
10/01/2020 03:30:00	1,21	1,83	1,73	1,17	0,43	-0,45	-1,27	-1,81	-2,06	-2,25	-2,39	-2,44	-2,49	1,17	0
10/01/2020 03:35:00	1,16	1,67	1,65	1,32	0,68	-0,22	-1,13	-1,79	-2,13	-2,42	-2,65	-2,82	-2,99	1,18	0
10/01/2020 03:40:00	1,18	1,85	1,83	1,29	0,54	-0,43	-1,28	-1,86	-2,17	-2,41	-2,58	-2,65	-2,72	1,17	0
10/01/2020 03:45:00	1,13	1,74	1,74	1,29	0,61	-0,33	-1,21	-1,83	-2,15	-2,42	-2,62	-2,75	-2,88	1,11	0
10/01/2020 03:50:00	1,13	1,73	1,73	1,38	0,72	-0,20	-1,09	-1,73	-2,06	-2,35	-2,57	-2,73	-2,89	1,14	0
10/01/2020 03:55:00	1,12	1,71	1,63	1,14	0,50	-0,36	-1,18	-1,72	-1,97	-2,18	-2,34	-2,43	-2,52	1,11	0
10/01/2020 04:00:00	1,09	1,66	1,68	1,38	0,71	-0,22	-1,07	-1,70	-2,06	-2,36	-2,59	-2,76	-2,92	1,13	0
10/01/2020 04:05:00	1,21	1,76	1,77	1,42	0,78	-0,12	-1,02	-1,67	-2,00	-2,28	-2,51	-2,66	-2,81	1,06	0
10/01/2020 04:10:00	1,12	1,72	1,70	1,31	0,62	-0,25	-1,11	-1,71	-2,02	-2,26	-2,45	-2,56	-2,67	1,06	0
10/01/2020 04:15:00	1,06	1,74	1,73	1,21	0,52	-0,37	-1,23	-1,80	-2,08	-2,31	-2,47	-2,54	-2,62	1,07	0
10/01/2020 04:20:00	1,09	1,76	1,60	1,14	0,43	-0,43	-1,18	-1,66	-1,88	-2,07	-2,21	-2,28	-2,36	1,09	0
10/01/2020 04:25:00	1,08	1,77	1,71	1,28	0,49	-0,48	-1,37	-2,00	-2,33	-2,59	-2,79	-2,90	-3,01	1,11	0
10/01/2020 04:30:00	1,11	1,79	1,76	1,30	0,57	-0,36	-1,25	-1,88	-2,20	-2,47	-2,67	-2,81	-2,94	1,12	0
10/01/2020 04:35:00	1,02	1,72	1,70	1,30	0,60	-0,29	-1,24	-1,90	-2,23	-2,50	-2,72	-2,87	-3,03	1,07	0
10/01/2020 04:40:00	1,11	1,63	1,64	1,32	0,72	-0,29	-1,17	-1,83	-2,20	-2,51	-2,76	-2,94	-3,12	1,08	0
10/01/2020 04:45:00	1,05	1,67	1,53	1,03	0,27	-0,56	-1,34	-1,84	-2,07	-2,27	-2,40	-2,46	-2,52	1,05	0
10/01/2020 04:50:00	1,00	1,66	1,56	1,12	0,42	-0,44	-1,30	-1,88	-2,15	-2,38	-2,57	-2,69	-2,82	1,05	0
10/01/2020 04:55:00	1,07	1,67	1,64	1,25	0,60	-0,35	-1,21	-1,83	-2,16	-2,43	-2,64	-2,78	-2,93	1,05	0
10/01/2020 05:00:00	1,05	1,63	1,60	1,18	0,57	-0,35	-1,25	-1,88	-2,20	-2,47	-2,68	-2,84	-2,99	0,99	0
10/01/2020 05:05:00	1,07	1,63	1,57	1,11	0,43	-0,42	-1,31	-1,91	-2,19	-2,43	-2,60	-2,71	-2,81	1,07	0
10/01/2020 05:10:00	1,09	1,63	1,57	1,17	0,50	-0,40	-1,19	-1,74	-2,03	-2,27	-2,45	-2,56	-2,67	1,06	0
10/01/2020 05:15:00	1,03	1,67	1,59	1,09	0,37	-0,54	-1,33	-1,85	-2,12	-2,33	-2,48	-2,55	-2,61	1,07	0
10/01/2020 05:20:00	1,06	1,68	1,59	1,15	0,48	-0,36	-1,18	-1,74	-2,00	-2,22	-2,40	-2,52	-2,63	1,05	0
10/01/2020 05:25:00	1,05	1,70	1,67	1,16	0,42	-0,55	-1,39	-1,97	-2,27	-2,51	-2,67	-2,75	-2,82	1,05	0
10/01/2020 05:30:00	1,06	1,48	1,47	1,18	0,57	-0,36	-1,26	-1,94	-2,32	-2,63	-2,89	-3,08	-3,28	1,04	0
10/01/2020 05:35:00	0,97	1,58	1,46	0,94	0,28	-0,62	-1,43	-1,97	-2,22	-2,44	-2,61	-2,71	-2,81	0,96	0
10/01/2020 05:40:00	1,03	1,58	1,49	1,04	0,42	-0,44	-1,21	-1,74	-1,99	-2,21	-2,38	-2,48	-2,58	0,99	0
10/01/2020 05:45:00	1,02	1,57	1,52	1,11	0,46	-0,43	-1,32	-1,94	-2,24	-2,49	-2,68	-2,80	-2,93	1,02	0
10/01/2020 05:50:00	1,01	1,54	1,51	1,06	0,39	-0,46	-1,30	-1,87	-2,15	-2,39	-2,56	-2,65	-2,75	0,99	0
10/01/2020 05:55:00	0,95	1,52	1,48	1,06	0,38	-0,51	-1,36	-1,96	-2,28	-2,54	-2,75	-2,88	-3,02	0,95	0
10/01/2020 06:00:00	0,95	1,51	1,49	1,12	0,49	-0,42	-1,33	-1,98	-2,31	-2,60	-2,83	-3,00	-3,17	0,92	0
10/01/2020 06:05:00	0,93	1,46	1,39	0,94	0,24	-0,64	-1,47	-2,04	-2,33	-2,57	-2,75	-2,86	-2,97	0,92	0
10/01/2020 06:10:00	0,94	1,44	1,39	1,00	0,36	-0,52	-1,30	-1,86	-2,15	-2,40	-2,59	-2,72	-2,85	0,94	0
10/01/2020 06:15:00	0,94	1,52	1,46	1,01	0,38	-0,51	-1,41	-2,02	-2,32	-2,56	-2,76	-2,89	-3,02	0,92	0
10/01/2020 06:20:00	0,86	1,52	1,48	1,05	0,33	-0,62	-1,47	-2,08	-2,40	-2,66	-2,86	-2,98	-3,11	0,92	0
10/01/2020 06:25:00	0,92	1,52	1,45	0,97	0,31	-0,61	-1,43	-1,99	-2,27	-2,50	-2,66	-2,76	-2,85	0,92	0
10/01/2020 06:30:00	0,87	1,49	1,43	0,96	0,23	-0,64	-1,48	-2,06	-2,36	-2,60	-2,78	-2,89	-3,01	0,94	0
10/01/2020 06:35:00	0,96	1,48	1,46	1,02	0,38	-0,61	-1,49	-2,12	-2,46	-2,73	-2,93	-3,07	-3,20	0,87	0
10/01/2020 06:40:00	0,90	1,53	1,48	1,00	0,26	-0,66	-1,51	-2,10	-2,40	-2,65	-2,83	-2,92	-3,02	0,91	0
10/01/2020 06:45:00	0,85	1,47	1,40	0,93	0,22	-0,66	-1,47	-2,02	-2,28	-2,50	-2,66	-2,75	-2,83	0,89	0
10/01/2020 06:50:00	0,90	1,48	1,48	1,10	0,48	-0,43	-1,33	-1,97	-2,31	-2,58	-2,81	-2,97	-3,13	0,91	0
10/01/2020 06:55:00	0,88	1,46	1,38	0,89	0,21	-0,64	-1,42	-1,95	-2,21	-2,43	-2,60	-2,70	-2,79	0,87	0
10/01/2020 07:00:00	0,98	1,54	1,53	1,18	0,52	-0,40	-1,26	-1,88	-2,21	-2,47	-2,67	-2,80	-2,92	0,94	0
10/01/2020 07:05:00	0,94	1,55	1,53	1,07	0,39	-0,48	-1,38	-1,99	-2,28	-2,51	-2,69	-2,79	-2,88	0,96	0
10/01/2020 07:10:00	0,97	1,59	1,51	1,05	0,44	-0,44	-1,23	-1,77	-2,04	-2,28	-2,47	-2,60	-2,73	0,99	0
10/01/2020 07:15:00	1,00	1,59	1,56	1,24	0,58	-0,37	-1,27	-1,93	-2,27	-2,56	-2,79	-2,96	-3,13	1,00	0
10/01/2020 07:20:00	0,96	1,62	1,55	1,06	0,31	-0,65	-1,50	-2,09	-2,40	-2,64	-2,82	-2,91	-3,01	0,99	0
10/01/2020 07:25:00	0,97	1,55	1,52	1,12	0,43	-0,50	-1,40	-2,05	-2,40	-2,68	-2,90	-3,05	-3,21	0,96	0
10/01/2020 07:30:00	0,99	1,53	1,44	1,04	0,38	-0,50	-1,34	-1,90	-2,19	-2,42	-2,60	-2,72	-2,84	0,98	0
10/01/2020 07:35:00	0,97	1,53	1,44	1,05	0,37	-0,51	-1,36	-1,95	-2,26	-2,51	-2,72	-2,86	-3,01	0,99	0
10/01/2020 07:40:00	0,93	1,51	1,45	0,99	0,27	-0,61	-1,46	-2,04	-2,32	-2,55	-2,72	-2,81	-2,91	0,96	0
10/01/2020 07:45:00	0,98	1,53	1,46	0,90	0,17	-0,74	-1,55	-2,11	-2,39	-2,61	-2,77	-2,84	-2,91	0,91	0
10/01/2020 07:50:00	0,93	1,44	1,34	0,85	0,18	-0,67	-1,47	-2,00	-2,27	-2,48	-2,64	-2,73	-2,82	0,93	0
10/01/2020 07:55:00	0,94	1,41	1,27	0,77	0,13	-0,73	-1,49	-1,99	-2,23	-2,43	-2,57	-2,65	-2,72	0,93	0
10/01/2020 08:00:00	0,84	1,36	1,32	0,88	0,30	-0,53	-1,33	-1,88	-2,15	-2,38	-2,56	-2,68	-2,80	0,83	0
10/01/2020 08:05:00	0,85	1,48	1,39	0,85	0,13	-0,78	-1,62	-2,18	-2,44	-2,66	-2,81	-2,89	-2,97	0,88	0
10/01/2020 08:10:00	0,85	1,43	1,32	0,80	0,14	-0,77	-1,61	-2,17	-2,44	-2,67	-2,84	-2,95	-3,06	0,85	0
10/01/2020 08:15:00	0,83	1,35	1,25	0,83	0,13	-0,70	-1,50	-2,04	-2,31	-2,53	-2,70	-2,80	-2,90	0,83	0
10/01/2020 08:20:00	0,83	1,36	1,24	0,70	-0,04	-0,90	-1,68	-2,21	-2,47	-2,67	-2,82	-2,90	-2,97	0,84	0
10/01/2020 08:25:00	0,85	1,36	1,25	0,82	0,20	-0,72	-1,51	-2,06	-2,34	-2,58	-2,77	-2,91	-3,04	0,89	0
10/01/2020 08:30:00	0,82	1,39	1,26	0,72	0,03	-0,85	-1,64	-2,16	-2,41	-2,61	-2,76	-2,84	-2,92	0,84	0
10/01/2020 08:35:00	0,80	1,37	1,26	0,74	0,02	-0,81	-1,59	-2,11	-2,35	-2,56	-2,70	-2,77	-2,85	0,86	0
10/01/2020 08:40:00	0,86	1,36	1,25	0,80	0,13	-0,75	-1,53	-2,08	-2,36	-2,59	-2,77	-2,88	-3,00	0,83	0
10/01/2020 08:45:00	0,84	1,44	1,35	0,88	0,14	-0,78	-1,66	-2,27	-2,57	-2,82	-3,01	-3,13	-3,25	0,84	0
10/01/2020 08:50:00	0,79	1,37	1,16	0,56	-0,12	-0,97	-1,71	-2,17	-2,36	-2,52	-2,64	-2,69	-2,74	0,81	0
10/01/2020 08:55:00	0,85	1,36	1,25	0,74	0,10	-0,79	-1,56	-2,09	-2,36	-2,58	-2,75	-2,86	-2,97	0,83	0
10/01/2020 09:00:00	0,82	1,35	1,21	0,76	0,06	-0,80	-1,58	-2,10	-2,36	-2,57	-2,73	-2,81	-2,90	0,83	0
10/01/2020 09:05:00	0,84	1,36	1,25	0,75	0,09	-0,74	-1,51	-2,01	-2,24	-2,43	-2,57	-2,63	-2,70	0,79	0
10/01/2020 09:10:00	0,82	1,39	1,27	0,79	0,11	-0,74	-1,53	-2,04	-2,27	-2,46	-2,60	-2,68	-2,75	0,83	0
10/01/2020 09:15:00	0,79	1,35	1,25	0,72	0,10	-0,79	-1,56	-2,07	-2,31	-2,50	-2,65	-2,72	-2,79	0,82	0
10/01/2020 09:20:00	0,81	1,41	1,30	0,73	0,08	-0,81	-1,62	-2,14	-2,38	-2,58	-2,72	-2,78	-2,85	0,79	0
10/01/2020 09:25:00	0,84	1,42	1,30	0,81	0,11	-0,78	-1,60	-2,16	-2,43	-2,66	-2,83	-2,94	-3,05	0,83	0
10/01/2020 09:30:00	0,80	1,37	1,28	0,80	0,04	-0,85	-1,70	-2,28	-2,56	-2,79	-2,97	-3,06	-3,15	0,81	0
10/01/2020 09:35:00	0,86	1,44	1,25	0,68	-0,08	-0,95	-1,78	-2,31	-2,53	-2,72	-2,84	-2,89	-2,94	0,81	0
10/01/2020 09:40:00	0,89	1,44	1,30	0,79	0,10	-0,80	-1,61	-2,15	-2,41	-2,63	-2,79	-2,88	-2,98	0,85	0
10/01/2020 09:45:00	0,88	1,50	1,37	0,82	0,10	-0,82	-1,68	-2,25	-2,52	-2,74	-2,90	-2,99	-3,08	0,79	0
10/01/2020 09:50:00	0,85	1,38	1,24	0,74	0,07	-0,88	-1,72	-2,30	-2,59	-2,82	-3,01	-3,13	-3,25	0,84	0
10/01/2020 09:55:00	0,87	1,39	1,29	0,77	0,09	-0,86	-1,74	-2,35	-2,65	-2,89	-3,07	-3,17	-3,28	0,81	0
10/01/2020 10:00:00	0,84	1,29	1,13	0,59	-0,06	-0,92	-1,78	-2,35	-2,61	-2,83	-3,00	-3,10	-3,21	0,75	0
10/01/2020 10:05:00	0,78	1,34	1,23	0,65	-0,08	-0,97	-1,86	-2,46	-2,73	-2,95	-3,12	-3,21	-3,30	0,81	0
10/01/2020 10:10:00	0,85	1,37	1,24	0,71	-0,02	-0,91	-1,77	-2,35	-2,62	-2,84	-3,01	-3,10	-3,19	0,77	0
10/01/2020 10:15:00	0,85	1,43	1,24	0,78	0,03	-0,86	-1,74	-2,33	-2,60	-2,84	-3,03	-3,17	-3,30	0,81	0
10/01/2020 10:20:00	0,81	1,33	1,20	0,66	-0,08	-0,98	-1,88	-2,48	-2,76	-2,98	-3,14	-3,24	-3,33	0,79	0
10/01/2020 10:25:00	0,83	1,27	1,14	0,66	-0,01	-0,92	-1,73	-2,30	-2,60	-2,85	-3,06	-3,19	-3,33	0,83	0
10/01/2020 10:30:00	0,83	1,34	1,20	0,68	-0,05	-0,95	-1,81	-2,39	-2,67	-2,89	-3,07	-3,17	-3,27	0,83	0
10/01/2020 10:35:00	0,81	1,36	1,16	0,60	-0,15	-1,05	-1,84	-2,36	-2,61	-2,81	-2,96	-3,04	-3,12	0,85	0
10/01/2020 10:40:00	0,85	1,35	1,26	0,70	-0,01	-0,89	-1,73	-2,31	-2,60	-2,83	-3,00	-3,10	-3,20	0,88	0
10/01/2020 10:45:00	0,87	1,35	1,18	0,57	-0,10	-1,05	-1,88	-2,43	-2,70	-2,92	-3,09	-3,19	-3,29	0,91	0
10/01/2020 10:50:00	0,88	1,44	1,23	0,62	-0,10	-0,98	-1,78	-2,28	-2,51	-2,70	-2,84	-2,91	-2,99	0,88	0
10/01/2020 10:55:00	0,91	1,48	1,33	0,80	0,07	-0,90	-1,77	-2,37	-2,66	-2,90	-3,08	-3,19	-3,30	0,96	0
10/01/2020 11:00:00	0,93	1,56	1,41	0,87	0,11	-0,91	-1,77	-2,37	-2,69	-2,94	-3,14	-3,27	-3,40	0,91	0
10/01/2020 11:05:00	0,89	1,40	1,26	0,74	0,03	-0,88	-1,71	-2,27	-2,54	-2,76	-2,93	-3,02	-3,12	0,85	0
10/01/2020 11:10:00	0,88	1,45	1,34	0,74	-0,01	-0,95	-1,82	-2,42	-2,72	-2,95	-3,13	-3,22	-3,32	0,90	0
10/01/2020 11:15:00	0,94	1,48	1,32	0,74	-0,01	-0,93	-1,78	-2,35	-2,62	-2,84	-3,01	-3,10	-3,19	0,89	0
10/01/2020 11:20:00	1,00	1,45	1,27	0,80	0,04	-0,83	-1,65	-2,22	-2,50	-2,73	-2,92	-3,03	-3,15	0,94	0
10/01/2020 11:25:00	0,96	1,44	1,25	0,74	-0,06	-0,91	-1,76	-2,33	-2,61	-2,84	-3,02	-3,13	-3,24	0,90	0
10/01/2020 11:30:00	0,87	1,41	1,30	0,80	0,05	-0,92	-1,81	-2,44	-2,77	-3,03	-3,22	-3,35	-3,47	0,90	0
10/01/2020 11:35:00	0,92	1,36	1,15	0,66	-0,05	-0,94	-1,81	-2,38	-2,65	-2,87	-3,05	-3,17	-3,29	0,94	0
10/01/2020 11:40:00	0,93	1,49	1,20	0,61	-0,14	-0,99	-1,76	-2,24	-2,44	-2,62	-2,77	-2,86	-2,95	0,93	0
10/01/2020 11:45:00	0,99	1,52	1,18	0,47	-0,33	-1,18	-1,94	-2,38	-2,55	-2,69	-2,79	-2,82	-2,84	1,01	0
10/01/2020 11:50:00	0,94	1,47	1,16	0,56	-0,18	-1,08	-1,90	-2,43	-2,66	-2,87	-3,03	-3,15	-3,27	0,89	0
10/01/2020 11:55:00	0,91	1,37	1,17	0,53	-0,21	-1,19	-2,03	-2,59	-2,86	-3,08	-3,24	-3,32	-3,40	0,87	0
10/01/2020 12:00:00	0,87	1,33	1,04	0,42	-0,25	-1,12	-1,85	-2,31	-2,51	-2,68	-2,82	-2,91	-3,00	0,84	0
10/01/2020 12:05:00	0,97	1,49	1,22	0,51	-0,28	-1,20	-2,00	-2,50	-2,72	-2,90	-3,02	-3,06	-3,11	0,98	0
10/01/2020 12:10:00	1,01	1,56	1,36	0,74	0,01	-0,91	-1,72	-2,26	-2,52	-2,73	-2,90	-3,00	-3,10	1,04	0
10/01/2020 12:15:00	1,01	1,59	1,36	0,64	-0,13	-1,05	-1,90	-2,42	-2,63	-2,80	-2,91	-2,94	-2,98	1,01	0
10/01/2020 12:20:00	0,97	1,47	1,28	0,71	-0,07	-1,03	-1,93	-2,53	-2,82	-3,04	-3,21	-3,31	-3,40	0,99	0
10/01/2020 12:25:00	0,99	1,57	1,38	0,81	-0,02	-1,04	-1,96	-2,60	-2,94	-3,21	-3,42	-3,56	-3,71	0,97	0
10/01/2020 12:30:00	1,02	1,54	1,30	0,69	-0,06	-1,01	-1,82	-2,37	-2,64	-2,86	-3,04	-3,16	-3,28	1,02	0
10/01/2020 12:35:00	1,14	1,73	1,40	0,74	-0,10	-1,05	-1,88	-2,40	-2,62	-2,81	-2,95	-3,02	-3,09	1,06	0
10/01/2020 12:40:00	1,16	1,69	1,43	0,78	-0,01	-0,95	-1,80	-2,35	-2,60	-2,81	-2,96	-3,05	-3,14	1,19	0
10/01/2020 12:45:00	1,13	1,68	1,47	0,90	0,10	-0,83	-1,72	-2,32	-2,62	-2,86	-3,05	-3,17	-3,30	1,11	0
10/01/2020 12:50:00	1,06	1,69	1,42	0,77	-0,09	-1,00	-1,89	-2,44	-2,68	-2,88	-3,02	-3,09	-3,17	1,08	0
10/01/2020 12:55:00	1,01	1,63	1,41	0,76	-0,05	-0,98	-1,80	-2,34	-2,60	-2,81	-2,96	-3,04	-3,13	1,09	0
10/01/2020 13:00:00	1,13	1,74	1,54	0,99	0,20	-0,78	-1,70	-2,31	-2,60	-2,84	-3,02	-3,14	-3,25	1,21	0
10/01/2020 13:05:00	1,10	1,71	1,57	0,95	0,18	-0,81	-1,68	-2,27	-2,57	-2,81	-2,99	-3,09	-3,18	1,04	0
10/01/2020 13:10:00	1,10	1,68	1,52	0,96	0,24	-0,71	-1,59	-2,17	-2,46	-2,69	-2,87	-2,99	-3,10	1,07	0
10/01/2020 13:15:00	1,10	1,69	1,52	1,01	0,31	-0,59	-1,44	-2,02	-2,30	-2,55	-2,75	-2,90	-3,05	1,22	0
10/01/2020 13:20:00	1,07	1,67	1,47	0,82	0,03	-0,85	-1,64	-2,14	-2,37	-2,56	-2,69	-2,75	-2,80	1,02	0
10/01/2020 13:25:00	1,05	1,62	1,39	0,77	0,01	-0,93	-1,82	-2,39	-2,65	-2,87	-3,04	-3,14	-3,24	0,98	0
10/01/2020 13:30:00	1,11	1,65	1,42	0,91	0,13	-0,79	-1,71	-2,31	-2,59	-2,82	-3,01	-3,13	-3,25	1,11	0
10/01/2020 13:35:00	1,12	1,65	1,39	0,78	-0,07	-1,01	-1,81	-2,34	-2,60	-2,81	-2,97	-3,04	-3,12	1,06	0
10/01/2020 13:40:00	1,14	1,67	1,45	0,94	0,12	-0,82	-1,68	-2,27	-2,56	-2,80	-2,99	-3,10	-3,22	1,16	0
10/01/2020 13:45:00	1,13	1,73	1,43	0,76	-0,05	-1,00	-1,87	-2,42	-2,65	-2,85	-2,99	-3,07	-3,15	1,17	0
10/01/2020 13:50:00	1,17	1,66	1,45	0,89	0,05	-0,82	-1,64	-2,19	-2,45	-2,66	-2,81	-2,89	-2,96	1,08	0
10/01/2020 13:55:00	1,13	1,72	1,46	0,83	-0,01	-0,95	-1,77	-2,29	-2,52	-2,71	-2,85	-2,90	-2,95	1,08	0
10/01/2020 14:00:00	1,18	1,72	1,43	0,78	-0,03	-0,96	-1,77	-2,28	-2,51	-2,70	-2,84	-2,90	-2,96	1,10	0
10/01/2020 14:05:00	1,19	1,80	1,54	0,87	0,05	-0,91	-1,77	-2,31	-2,56	-2,76	-2,90	-2,96	-3,03	1,14	0
10/01/2020 14:10:00	1,21	1,76	1,57	1,04	0,18	-0,78	-1,69	-2,32	-2,64	-2,90	-3,10	-3,22	-3,35	1,26	0
10/01/2020 14:15:00	1,26	1,87	1,64	0,96	0,20	-0,85	-1,75	-2,34	-2,62	-2,85	-3,01	-3,11	-3,20	1,23	0
10/01/2020 14:20:00	1,22	1,81	1,61	1,04	0,22	-0,75	-1,65	-2,26	-2,56	-2,80	-2,98	-3,09	-3,20	1,05	0
10/01/2020 14:25:00	1,01	1,63	1,42	0,84	0,00	-0,94	-1,78	-2,33	-2,59	-2,80	-2,95	-3,02	-3,09	1,01	0
10/01/2020 14:30:00	1,05	1,66	1,46	0,89	0,09	-0,84	-1,65	-2,20	-2,47	-2,69	-2,86	-2,95	-3,05	1,08	0
10/01/2020 14:35:00	1,00	1,61	1,47	0,92	0,10	-0,84	-1,71	-2,31	-2,61	-2,86	-3,04	-3,15	-3,26	1,03	0
10/01/2020 14:40:00	0,99	1,60	1,45	0,91	0,11	-0,86	-1,80	-2,44	-2,75	-3,00	-3,19	-3,30	-3,42	0,99	0
10/01/2020 14:45:00	1,02	1,58	1,51	1,07	0,32	-0,63	-1,58	-2,26	-2,61	-2,90	-3,13	-3,29	-3,46	1,03	0
10/01/2020 14:50:00	1,01	1,60	1,43	0,89	0,16	-0,75	-1,61	-2,17	-2,43	-2,64	-2,80	-2,90	-2,99	0,95	0
10/01/2020 14:55:00	1,01	1,55	1,41	0,97	0,33	-0,62	-1,48	-2,09	-2,40	-2,67	-2,89	-3,06	-3,23	1,00	0
10/01/2020 15:00:00	1,05	1,57	1,43	0,92	0,18	-0,74	-1,56	-2,14	-2,43	-2,68	-2,87	-3,00	-3,12	1,07	0
10/01/2020 15:05:00	1,07	1,64	1,50	1,00	0,26	-0,69	-1,63	-2,27	-2,58	-2,84	-3,05	-3,19	-3,34	1,00	0
10/01/2020 15:10:00	1,07	1,59	1,51	0,96	0,25	-0,67	-1,59	-2,21	-2,51	-2,76	-2,94	-3,04	-3,15	1,01	0
10/01/2020 15:15:00	1,00	1,62	1,51	1,05	0,29	-0,68	-1,60	-2,25	-2,57	-2,84	-3,05	-3,19	-3,33	1,03	0
10/01/2020 15:20:00	1,00	1,61	1,58	1,07	0,29	-0,66	-1,64	-2,32	-2,66	-2,93	-3,14	-3,26	-3,38	1,02	0
10/01/2020 15:25:00	1,10	1,75	1,64	1,09	0,35	-0,62	-1,55	-2,18	-2,49	-2,74	-2,94	-3,07	-3,19	1,18	0
10/01/2020 15:30:00	1,01	1,71	1,57	1,00	0,27	-0,70	-1,61	-2,21	-2,50	-2,73	-2,91	-3,03	-3,14	1,01	0
10/01/2020 15:35:00	1,10	1,71	1,63	1,18	0,44	-0,52	-1,47	-2,15	-2,49	-2,77	-3,00	-3,16	-3,31	1,11	0
10/01/2020 15:40:00	1,02	1,71	1,58	1,04	0,22	-0,74	-1,65	-2,27	-2,57	-2,82	-3,00	-3,10	-3,20	1,07	0
10/01/2020 15:45:00	1,05	1,72	1,56	0,99	0,23	-0,69	-1,56	-2,13	-2,40	-2,63	-2,81	-2,91	-3,02	1,06	0
10/01/2020 15:50:00	1,03	1,70	1,62	1,08	0,29	-0,69	-1,62	-2,26	-2,59	-2,85	-3,04	-3,16	-3,28	1,03	0
10/01/2020 15:55:00	1,01	1,55	1,51	1,10	0,39	-0,56	-1,51	-2,19	-2,54	-2,82	-3,04	-3,19	-3,34	0,95	0
10/01/2020 16:00:00	1,01	1,59	1,57	1,14	0,41	-0,57	-1,52	-2,22	-2,59	-2,88	-3,11	-3,27	-3,43	0,94	0
10/01/2020 16:05:00	1,05	1,64	1,59	1,13	0,43	-0,57	-1,50	-2,17	-2,53	-2,82	-3,04	-3,19	-3,35	0,98	0
10/01/2020 16:10:00	1,02	1,62	1,59	1,20	0,44	-0,51	-1,46	-2,15	-2,51	-2,80	-3,04	-3,20	-3,36	1,09	0
10/01/2020 16:15:00	1,07	1,67	1,65	1,17	0,44	-0,54	-1,49	-2,18	-2,54	-2,82	-3,04	-3,18	-3,33	1,09	0
10/01/2020 16:20:00	1,08	1,69	1,65	1,20	0,51	-0,44	-1,41	-2,10	-2,44	-2,73	-2,96	-3,13	-3,30	1,10	0
10/01/2020 16:25:00	1,05	1,66	1,58	1,18	0,44	-0,53	-1,47	-2,12	-2,45	-2,72	-2,93	-3,07	-3,21	1,07	0
10/01/2020 16:30:00	1,04	1,66	1,58	1,01	0,19	-0,72	-1,61	-2,21	-2,50	-2,72	-2,88	-2,94	-3,00	0,99	0
10/01/2020 16:35:00	1,10	1,64	1,53	1,07	0,33	-0,57	-1,46	-2,07	-2,38	-2,63	-2,83	-2,97	-3,10	1,05	0
10/01/2020 16:40:00	1,02	1,62	1,52	0,98	0,22	-0,77	-1,66	-2,30	-2,64	-2,91	-3,12	-3,27	-3,41	1,03	0
10/01/2020 16:45:00	1,00	1,67	1,57	1,03	0,27	-0,74	-1,60	-2,22	-2,54	-2,80	-3,00	-3,13	-3,25	1,00	0
10/01/2020 16:50:00	0,98	1,53	1,45	0,98	0,26	-0,68	-1,56	-2,18	-2,50	-2,77	-2,98	-3,12	-3,26	1,03	0
10/01/2020 16:55:00	0,98	1,56	1,56	1,11	0,35	-0,66	-1,70	-2,46	-2,86	-3,17	-3,42	-3,58	-3,75	0,95	0
10/01/2020 17:00:00	1,03	1,64	1,66	1,23	0,49	-0,58	-1,55	-2,27	-2,66	-2,97	-3,20	-3,34	-3,48	0,99	0
10/01/2020 17:05:00	0,96	1,51	1,44	1,03	0,34	-0,68	-1,61	-2,30	-2,66	-2,96	-3,20	-3,38	-3,56	0,96	0
10/01/2020 17:10:00	0,91	1,52	1,43	0,92	0,27	-0,71	-1,64	-2,28	-2,59	-2,85	-3,05	-3,19	-3,33	0,96	0
10/01/2020 17:15:00	0,91	1,44	1,36	0,88	0,19	-0,74	-1,64	-2,27	-2,58	-2,84	-3,04	-3,17	-3,30	0,94	0
10/01/2020 17:20:00	0,94	1,57	1,44	0,92	0,16	-0,81	-1,70	-2,30	-2,60	-2,84	-3,02	-3,13	-3,23	0,91	0
10/01/2020 17:25:00	0,82	1,43	1,30	0,86	0,10	-0,81	-1,69	-2,29	-2,57	-2,80	-2,98	-3,09	-3,19	0,92	0
10/01/2020 17:30:00	0,84	1,49	1,42	0,93	0,18	-0,80	-1,73	-2,39	-2,73	-2,99	-3,20	-3,34	-3,48	0,84	0
10/01/2020 17:35:00	0,83	1,39	1,33	0,89	0,10	-0,85	-1,78	-2,46	-2,82	-3,10	-3,32	-3,47	-3,61	0,81	0
10/01/2020 17:40:00	0,75	1,32	1,21	0,68	-0,03	-0,98	-1,85	-2,45	-2,75	-2,99	-3,17	-3,28	-3,39	0,81	0
10/01/2020 17:45:00	0,84	1,28	1,23	0,78	0,10	-0,84	-1,80	-2,48	-2,82	-3,08	-3,29	-3,43	-3,57	0,78	0
10/01/2020 17:50:00	0,80	1,24	1,15	0,65	-0,05	-0,93	-1,81	-2,42	-2,71	-2,94	-3,11	-3,21	-3,30	0,74	0
10/01/2020 17:55:00	0,80	1,27	1,17	0,73	0,04	-0,85	-1,70	-2,29	-2,60	-2,85	-3,05	-3,18	-3,31	0,77	0
10/01/2020 18:00:00	0,81	1,35	1,24	0,77	0,03	-0,92	-1,86	-2,50	-2,82	-3,08	-3,28	-3,41	-3,54	0,75	0
10/01/2020 18:05:00	0,75	1,29	1,22	0,70	-0,06	-1,00	-1,87	-2,49	-2,82	-3,07	-3,27	-3,38	-3,49	0,76	0
10/01/2020 18:10:00	0,76	1,31	1,18	0,61	-0,11	-1,08	-1,91	-2,47	-2,76	-2,98	-3,15	-3,24	-3,32	0,71	0
10/01/2020 18:15:00	0,81	1,31	1,20	0,75	0,05	-0,86	-1,69	-2,28	-2,59	-2,85	-3,05	-3,19	-3,33	0,83	0
10/01/2020 18:20:00	0,75	1,33	1,23	0,76	0,03	-0,92	-1,81	-2,42	-2,73	-2,97	-3,15	-3,26	-3,38	0,79	0
10/01/2020 18:25:00	0,83	1,37	1,29	0,75	0,02	-0,91	-1,77	-2,38	-2,68	-2,93	-3,11	-3,21	-3,31	0,79	0
10/01/2020 18:30:00	0,79	1,40	1,31	0,87	0,11	-0,82	-1,72	-2,35	-2,67	-2,93	-3,13	-3,25	-3,38	0,83	0
10/01/2020 18:35:00	0,93	1,46	1,37	0,84	0,10	-0,84	-1,73	-2,35	-2,66	-2,90	-3,09	-3,19	-3,30	0,83	0
10/01/2020 18:40:00	0,76	1,33	1,22	0,75	0,01	-0,95	-1,78	-2,38	-2,70	-2,96	-3,16	-3,29	-3,41	0,79	0
10/01/2020 18:45:00	0,70	1,32	1,25	0,69	-0,07	-1,08	-1,94	-2,54	-2,84	-3,07	-3,23	-3,30	-3,37	0,77	0
10/01/2020 18:50:00	0,77	1,31	1,27	0,79	0,09	-0,89	-1,82	-2,48	-2,81	-3,07	-3,27	-3,40	-3,52	0,82	0
10/01/2020 18:55:00	0,80	1,32	1,17	0,68	0,02	-0,88	-1,75	-2,34	-2,61	-2,84	-3,03	-3,16	-3,28	0,81	0
10/01/2020 19:00:00	0,77	1,35	1,25	0,78	0,05	-0,87	-1,75	-2,36	-2,66	-2,90	-3,08	-3,19	-3,30	0,74	0
10/01/2020 19:05:00	0,77	1,30	1,16	0,70	-0,08	-0,98	-1,82	-2,39	-2,67	-2,89	-3,06	-3,15	-3,24	0,76	0
10/01/2020 19:10:00	0,76	1,27	1,18	0,67	-0,04	-0,97	-1,83	-2,42	-2,71	-2,94	-3,10	-3,19	-3,27	0,74	0
10/01/2020 19:15:00	0,67	1,24	1,16	0,70	0,00	-0,95	-1,84	-2,48	-2,80	-3,06	-3,27	-3,41	-3,55	0,74	0
10/01/2020 19:20:00	0,74	1,28	1,18	0,70	0,00	-0,97	-1,79	-2,38	-2,68	-2,93	-3,12	-3,24	-3,36	0,74	0
10/01/2020 19:25:00	0,73	1,28	1,16	0,58	-0,18	-1,06	-1,89	-2,43	-2,68	-2,88	-3,01	-3,06	-3,11	0,73	0
10/01/2020 19:30:00	0,68	1,23	1,13	0,53	-0,15	-1,05	-1,89	-2,44	-2,69	-2,88	-3,02	-3,07	-3,13	0,68	0
10/01/2020 19:35:00	0,66	1,22	1,09	0,58	-0,14	-1,04	-1,89	-2,45	-2,71	-2,92	-3,08	-3,15	-3,23	0,68	0
10/01/2020 19:40:00	0,68	1,20	1,12	0,58	-0,08	-0,97	-1,85	-2,43	-2,71	-2,93	-3,10	-3,19	-3,29	0,68	0
10/01/2020 19:45:00	0,68	1,22	1,09	0,54	-0,21	-1,07	-1,89	-2,43	-2,67	-2,86	-2,99	-3,04	-3,09	0,69	0
10/01/2020 19:50:00	0,67	1,20	1,10	0,59	-0,10	-1,00	-1,79	-2,33	-2,59	-2,80	-2,95	-3,03	-3,10	0,65	0
10/01/2020 19:55:00	0,64	1,24	1,08	0,44	-0,25	-1,12	-1,87	-2,33	-2,52	-2,68	-2,77	-2,78	-2,80	0,63	0
10/01/2020 20:00:00	0,68	1,19	1,06	0,57	-0,12	-0,98	-1,76	-2,28	-2,53	-2,73	-2,89	-2,97	-3,05	0,66	0
10/01/2020 20:05:00	0,63	1,16	0,97	0,41	-0,28	-1,13	-1,88	-2,36	-2,56	-2,74	-2,86	-2,91	-2,96	0,63	0
10/01/2020 20:10:00	0,60	1,13	1,04	0,55	-0,11	-0,98	-1,77	-2,31	-2,58	-2,79	-2,95	-3,05	-3,14	0,61	0
10/01/2020 20:15:00	0,62	1,16	1,09	0,68	-0,01	-0,88	-1,74	-2,34	-2,64	-2,89	-3,08	-3,21	-3,33	0,62	0
10/01/2020 20:20:00	0,62	1,19	1,07	0,59	-0,11	-0,98	-1,81	-2,36	-2,62	-2,83	-2,98	-3,07	-3,16	0,60	0
10/01/2020 20:25:00	0,66	1,15	1,05	0,57	-0,07	-0,97	-1,83	-2,41	-2,69	-2,91	-3,08	-3,18	-3,29	0,66	0
10/01/2020 20:30:00	0,63	1,18	1,07	0,60	-0,13	-1,07	-1,90	-2,49	-2,79	-3,04	-3,23	-3,35	-3,47	0,66	0
10/01/2020 20:35:00	0,60	1,15	1,06	0,52	-0,28	-1,19	-2,01	-2,57	-2,85	-3,06	-3,20	-3,25	-3,30	0,61	0
10/01/2020 20:40:00	0,61	1,09	0,96	0,49	-0,19	-1,03	-1,80	-2,31	-2,56	-2,76	-2,92	-3,00	-3,08	0,59	0
10/01/2020 20:45:00	0,64	1,09	0,97	0,48	-0,14	-0,96	-1,70	-2,19	-2,42	-2,62	-2,76	-2,84	-2,92	0,63	0
10/01/2020 20:50:00	0,67	1,23	1,11	0,59	-0,17	-1,10	-1,89	-2,42	-2,69	-2,90	-3,04	-3,09	-3,15	0,64	0
10/01/2020 20:55:00	0,68	1,12	1,02	0,56	-0,09	-0,93	-1,76	-2,32	-2,59	-2,81	-2,98	-3,09	-3,20	0,64	0
10/01/2020 21:00:00	0,64	1,17	1,08	0,57	-0,02	-0,94	-1,74	-2,30	-2,58	-2,81	-2,99	-3,11	-3,23	0,69	0
10/01/2020 21:05:00	0,67	1,24	1,14	0,64	-0,05	-0,92	-1,73	-2,28	-2,55	-2,76	-2,93	-3,02	-3,11	0,64	0
10/01/2020 21:10:00	0,71	1,16	1,01	0,55	-0,10	-0,95	-1,72	-2,24	-2,48	-2,69	-2,85	-2,95	-3,04	0,63	0
10/01/2020 21:15:00	0,67	1,14	1,06	0,58	-0,08	-0,94	-1,80	-2,39	-2,66	-2,89	-3,06	-3,17	-3,27	0,61	0
10/01/2020 21:20:00	0,61	1,14	1,02	0,52	-0,17	-0,97	-1,71	-2,20	-2,43	-2,61	-2,75	-2,81	-2,88	0,62	0
10/01/2020 21:25:00	0,63	1,06	0,93	0,45	-0,23	-1,01	-1,68	-2,13	-2,35	-2,53	-2,66	-2,71	-2,76	0,63	0
10/01/2020 21:30:00	0,61	1,04	0,96	0,52	-0,05	-0,91	-1,75	-2,32	-2,59	-2,81	-2,99	-3,10	-3,21	0,60	0
10/01/2020 21:35:00	0,62	1,13	1,07	0,58	-0,04	-0,93	-1,78	-2,36	-2,64	-2,86	-3,04	-3,14	-3,25	0,58	0
10/01/2020 21:40:00	0,63	1,16	1,01	0,47	-0,23	-1,09	-1,83	-2,31	-2,54	-2,72	-2,85	-2,91	-2,96	0,64	0
10/01/2020 21:45:00	0,62	1,07	1,03	0,53	-0,10	-0,91	-1,70	-2,22	-2,46	-2,65	-2,77	-2,82	-2,86	0,64	0
10/01/2020 21:50:00	0,61	1,23	0,97	0,33	-0,39	-1,18	-1,82	-2,18	-2,30	-2,41	-2,47	-2,46	-2,45	0,64	0
10/01/2020 21:55:00	0,73	1,33	1,23	0,76	0,10	-0,77	-1,67	-2,27	-2,55	-2,78	-2,97	-3,09	-3,22	0,71	0
10/01/2020 22:00:00	0,74	1,32	1,14	0,63	-0,06	-0,95	-1,73	-2,24	-2,48	-2,68	-2,84	-2,94	-3,04	0,73	0
10/01/2020 22:05:00	0,72	1,22	1,10	0,56	-0,16	-0,99	-1,79	-2,30	-2,52	-2,70	-2,82	-2,86	-2,90	0,70	0
10/01/2020 22:10:00	0,68	1,15	1,06	0,58	-0,05	-0,86	-1,68	-2,23	-2,48	-2,69	-2,85	-2,95	-3,05	0,65	0
10/01/2020 22:15:00	0,68	1,20	1,01	0,44	-0,27	-1,10	-1,87	-2,35	-2,56	-2,74	-2,86	-2,92	-2,98	0,67	0
10/01/2020 22:20:00	0,72	1,14	1,01	0,54	-0,10	-0,98	-1,77	-2,31	-2,58	-2,80	-2,97	-3,07	-3,18	0,68	0
10/01/2020 22:25:00	0,63	1,13	1,04	0,56	-0,08	-0,90	-1,68	-2,20	-2,46	-2,67	-2,84	-2,94	-3,04	0,68	0
10/01/2020 22:30:00	0,74	1,18	1,09	0,68	0,06	-0,75	-1,58	-2,14	-2,40	-2,63	-2,81	-2,93	-3,05	0,68	0
10/01/2020 22:35:00	0,64	1,08	0,93	0,53	-0,17	-0,94	-1,66	-2,15	-2,39	-2,59	-2,74	-2,83	-2,92	0,61	0
10/01/2020 22:40:00	0,66	1,13	0,99	0,53	-0,12	-0,91	-1,62	-2,08	-2,29	-2,48	-2,62	-2,69	-2,76	0,69	0
10/01/2020 22:45:00	0,73	1,15	1,03	0,57	-0,04	-0,85	-1,57	-2,05	-2,28	-2,47	-2,62	-2,70	-2,78	0,64	0
10/01/2020 22:50:00	0,66	1,17	1,09	0,63	-0,04	-0,91	-1,69	-2,23	-2,49	-2,71	-2,87	-2,95	-3,04	0,68	0
10/01/2020 22:55:00	0,70	1,17	1,06	0,59	-0,10	-0,94	-1,72	-2,25	-2,51	-2,72	-2,88	-2,97	-3,06	0,69	0
10/01/2020 23:00:00	0,70	1,18	1,04	0,53	-0,10	-0,93	-1,69	-2,18	-2,40	-2,58	-2,73	-2,80	-2,88	0,68	0
10/01/2020 23:05:00	0,64	1,19	1,04	0,54	-0,12	-0,97	-1,73	-2,22	-2,44	-2,63	-2,77	-2,85	-2,92	0,66	0
10/01/2020 23:10:00	0,64	1,25	1,07	0,56	-0,17	-1,02	-1,75	-2,23	-2,45	-2,64	-2,78	-2,86	-2,93	0,78	0
10/01/2020 23:15:00	0,73	1,24	1,12	0,66	-0,01	-0,89	-1,69	-2,24	-2,50	-2,72	-2,88	-2,98	-3,08	0,63	0
10/01/2020 23:20:00	0,70	1,22	1,07	0,62	-0,05	-0,88	-1,70	-2,24	-2,48	-2,69	-2,84	-2,94	-3,03	0,72	0
10/01/2020 23:25:00	0,69	1,14	1,04	0,52	-0,11	-0,95	-1,73	-2,25	-2,49	-2,69	-2,84	-2,92	-2,99	0,64	0
10/01/2020 23:30:00	0,60	1,13	1,09	0,69	0,05	-0,87	-1,74	-2,36	-2,69	-2,95	-3,16	-3,30	-3,44	0,66	0
10/01/2020 23:35:00	0,65	1,16	0,96	0,51	-0,22	-1,05	-1,85	-2,37	-2,59	-2,77	-2,91	-2,98	-3,04	0,61	0
10/01/2020 23:40:00	0,62	1,12	1,02	0,58	-0,01	-0,86	-1,70	-2,26	-2,53	-2,76	-2,94	-3,08	-3,21	0,60	0
10/01/2020 23:45:00	0,70	1,12	1,04	0,70	0,03	-0,78	-1,62	-2,20	-2,48	-2,72	-2,90	-3,03	-3,15	0,66	0
10/01/2020 23:50:00	0,59	1,14	1,05	0,61	-0,02	-0,90	-1,73	-2,29	-2,56	-2,79	-2,97	-3,09	-3,21	0,64	0
10/01/2020 23:55:00	0,65	1,18	1,08	0,61	-0,04	-0,85	-1,63	-2,15	-2,38	-2,58	-2,73	-2,81	-2,89	0,66	0
