FileFormat:0002.2 file with temperature of atmosphere
200
local	GMT or Local
0	GMT-Local=[hours]
0	Height[m]
0	0	0	Longitude                [grd]               [min]               [sec]
0	0	0	Latitude                [grd]               [min]               [sec]
N	NS
59,40	Freq[GHz]
0,00	dTemostat[K]
0,150	MessErr[K]
0,248	//[grad/step]
version 14.0.20110218
MTP5H033F5940K-33.00D180214+A1.1
Commentary:
enter comment
End Of Commentary

SYSTEM\summer.dat
data time	0	50	100	150	200	250	300	350	400	450	500	550	600	OutsideTemperature	Quality
18/08/2020 00:00:00	14,33	16,27	17,20	17,38	17,24	16,94	16,53	16,10	15,65	15,15	14,53	13,89	13,26	14,34	0
18/08/2020 00:05:00	14,19	16,10	17,06	17,16	17,07	16,75	16,38	15,98	15,54	15,05	14,46	13,85	13,25	14,29	0
18/08/2020 00:10:00	14,12	16,07	17,24	17,45	17,37	17,08	16,68	16,25	15,79	15,25	14,59	13,90	13,22	14,14	0
18/08/2020 00:15:00	14,16	15,94	17,04	17,16	17,04	16,84	16,50	16,11	15,68	15,19	14,61	14,00	13,40	14,14	0
18/08/2020 00:20:00	14,18	15,91	16,89	17,10	17,11	16,85	16,50	16,13	15,72	15,24	14,65	14,04	13,42	14,14	0
18/08/2020 00:25:00	13,97	15,85	16,83	17,00	16,92	16,64	16,30	15,92	15,49	15,01	14,43	13,83	13,23	13,96	0
18/08/2020 00:30:00	13,90	15,70	16,77	16,94	16,91	16,73	16,39	16,01	15,60	15,13	14,56	13,96	13,37	13,82	0
18/08/2020 00:35:00	13,65	15,58	16,72	16,92	16,87	16,60	16,25	15,86	15,41	14,91	14,29	13,65	13,02	13,70	0
18/08/2020 00:40:00	13,67	15,61	16,77	16,97	16,90	16,67	16,32	15,92	15,48	14,98	14,36	13,73	13,10	13,67	0
18/08/2020 00:45:00	13,60	15,60	16,86	17,15	17,06	16,83	16,48	16,09	15,63	15,11	14,46	13,79	13,13	13,58	0
18/08/2020 00:50:00	13,54	15,61	16,71	16,94	16,90	16,65	16,29	15,90	15,47	14,97	14,37	13,75	13,13	13,41	0
18/08/2020 00:55:00	13,33	15,32	16,50	16,76	16,74	16,53	16,19	15,81	15,38	14,88	14,28	13,65	13,02	13,39	0
18/08/2020 01:00:00	13,36	15,31	16,57	16,91	16,89	16,70	16,35	15,96	15,53	15,02	14,38	13,71	13,04	13,35	0
18/08/2020 01:05:00	13,25	15,19	16,24	16,59	16,59	16,42	16,12	15,78	15,39	14,93	14,38	13,80	13,21	13,19	0
18/08/2020 01:10:00	13,22	15,10	16,14	16,42	16,43	16,29	16,01	15,69	15,30	14,87	14,34	13,79	13,24	13,02	0
18/08/2020 01:15:00	13,06	14,95	15,95	16,11	16,07	15,84	15,53	15,17	14,75	14,30	13,75	13,19	12,63	12,87	0
18/08/2020 01:20:00	12,89	14,81	15,68	15,87	15,81	15,57	15,22	14,85	14,44	13,99	13,46	12,91	12,37	12,89	0
18/08/2020 01:25:00	12,86	14,72	15,75	15,97	15,88	15,69	15,34	14,96	14,54	14,07	13,50	12,91	12,33	12,80	0
18/08/2020 01:30:00	12,92	14,77	15,67	15,82	15,70	15,47	15,14	14,77	14,35	13,90	13,37	12,82	12,27	12,69	0
18/08/2020 01:35:00	12,89	14,58	15,50	15,70	15,62	15,41	15,08	14,71	14,31	13,85	13,31	12,74	12,17	12,87	0
18/08/2020 01:40:00	12,74	14,47	15,46	15,65	15,62	15,41	15,10	14,74	14,34	13,89	13,34	12,78	12,21	12,76	0
18/08/2020 01:45:00	12,80	14,67	15,63	15,81	15,70	15,45	15,13	14,76	14,34	13,87	13,32	12,76	12,19	12,75	0
18/08/2020 01:50:00	12,82	14,74	15,67	15,82	15,74	15,48	15,12	14,74	14,31	13,85	13,29	12,72	12,15	12,91	0
18/08/2020 01:55:00	12,91	14,84	15,82	15,99	15,90	15,73	15,41	15,04	14,64	14,19	13,66	13,12	12,57	12,94	0
18/08/2020 02:00:00	12,85	14,69	15,70	15,88	15,83	15,59	15,24	14,86	14,43	13,96	13,38	12,79	12,20	12,77	0
18/08/2020 02:05:00	12,82	14,71	15,74	15,88	15,85	15,63	15,28	14,89	14,47	14,01	13,45	12,88	12,30	12,66	0
18/08/2020 02:10:00	12,63	14,65	15,74	15,91	15,77	15,52	15,13	14,71	14,25	13,74	13,14	12,52	11,90	12,73	0
18/08/2020 02:15:00	12,79	14,44	15,35	15,51	15,44	15,30	14,98	14,63	14,24	13,82	13,31	12,78	12,25	12,68	0
18/08/2020 02:20:00	12,59	14,17	15,15	15,34	15,27	15,03	14,71	14,35	13,94	13,47	12,91	12,33	11,75	12,64	0
18/08/2020 02:25:00	12,46	14,43	15,23	15,38	15,33	15,04	14,76	14,42	14,02	13,59	13,10	12,59	12,09	12,52	0
18/08/2020 02:30:00	12,48	14,38	15,34	15,47	15,38	15,14	14,79	14,40	13,98	13,51	12,97	12,41	11,85	12,52	0
18/08/2020 02:35:00	12,34	14,22	15,26	15,45	15,40	15,17	14,85	14,48	14,07	13,60	13,05	12,48	11,90	12,47	0
18/08/2020 02:40:00	12,48	14,51	15,40	15,56	15,51	15,27	14,96	14,60	14,19	13,76	13,25	12,73	12,20	12,45	0
18/08/2020 02:45:00	12,47	14,30	15,20	15,37	15,32	15,09	14,76	14,39	13,98	13,54	13,01	12,46	11,91	12,35	0
18/08/2020 02:50:00	12,34	14,15	15,16	15,30	15,22	14,96	14,63	14,26	13,83	13,36	12,80	12,23	11,65	12,36	0
18/08/2020 02:55:00	12,34	14,16	15,20	15,39	15,32	15,10	14,77	14,40	13,98	13,51	12,95	12,37	11,79	12,60	0
18/08/2020 03:00:00	12,25	14,12	15,16	15,33	15,28	15,10	14,74	14,36	13,94	13,48	12,93	12,36	11,79	12,30	0
18/08/2020 03:05:00	12,26	13,95	15,00	15,21	15,23	15,02	14,70	14,34	13,94	13,48	12,93	12,35	11,77	12,27	0
18/08/2020 03:10:00	12,41	14,24	15,31	15,53	15,50	15,25	14,92	14,55	14,13	13,65	13,07	12,48	11,88	12,45	0
18/08/2020 03:15:00	12,31	14,27	15,31	15,49	15,47	15,26	14,95	14,59	14,18	13,72	13,18	12,63	12,08	12,30	0
18/08/2020 03:20:00	12,30	14,26	15,36	15,55	15,52	15,31	14,94	14,54	14,11	13,63	13,05	12,46	11,86	12,27	0
18/08/2020 03:25:00	12,26	14,20	15,27	15,51	15,50	15,32	14,98	14,60	14,19	13,73	13,17	12,60	12,02	11,97	0
18/08/2020 03:30:00	12,10	13,94	15,10	15,40	15,40	15,19	14,85	14,47	14,05	13,56	12,96	12,33	11,71	12,12	0
18/08/2020 03:35:00	12,19	14,03	15,17	15,49	15,46	15,25	14,93	14,57	14,15	13,67	13,08	12,47	11,86	12,24	0
18/08/2020 03:40:00	12,11	14,11	15,25	15,55	15,56	15,36	15,04	14,68	14,26	13,79	13,22	12,62	12,03	12,04	0
18/08/2020 03:45:00	11,93	14,14	15,42	15,68	15,63	15,39	15,04	14,64	14,19	13,67	13,05	12,41	11,78	11,92	0
18/08/2020 03:50:00	11,78	14,05	15,36	15,61	15,59	15,38	15,02	14,62	14,16	13,66	13,04	12,41	11,79	11,82	0
18/08/2020 03:55:00	11,73	13,89	15,20	15,59	15,59	15,38	15,06	14,69	14,25	13,74	13,12	12,48	11,83	11,62	0
18/08/2020 04:00:00	11,72	13,86	15,13	15,42	15,40	15,21	14,91	14,54	14,11	13,62	13,03	12,42	11,81	11,74	0
18/08/2020 04:05:00	11,76	13,95	15,28	15,57	15,55	15,34	15,00	14,60	14,15	13,64	13,01	12,37	11,73	11,78	0
18/08/2020 04:10:00	11,67	13,82	15,16	15,46	15,50	15,32	15,01	14,64	14,21	13,72	13,12	12,51	11,89	11,38	0
18/08/2020 04:15:00	11,60	13,66	15,00	15,34	15,34	15,15	14,86	14,50	14,06	13,56	12,95	12,32	11,69	11,58	0
18/08/2020 04:20:00	11,46	13,48	14,74	15,10	15,17	14,96	14,69	14,35	13,93	13,45	12,87	12,26	11,66	11,49	0
18/08/2020 04:25:00	11,46	13,54	14,88	15,19	15,21	15,03	14,71	14,34	13,91	13,41	12,81	12,19	11,57	11,48	0
18/08/2020 04:30:00	11,41	13,48	14,76	15,05	15,10	14,96	14,68	14,33	13,92	13,46	12,90	12,32	11,74	11,20	0
18/08/2020 04:35:00	11,31	13,41	14,74	15,10	15,20	15,05	14,74	14,37	13,96	13,48	12,89	12,28	11,66	11,10	0
18/08/2020 04:40:00	11,21	13,32	14,62	14,99	15,04	14,92	14,61	14,25	13,83	13,36	12,78	12,18	11,58	11,22	0
18/08/2020 04:45:00	11,18	13,32	14,62	14,99	15,03	14,87	14,58	14,23	13,81	13,34	12,76	12,16	11,55	11,16	0
18/08/2020 04:50:00	11,06	13,13	14,45	14,80	14,89	14,74	14,51	14,19	13,79	13,33	12,78	12,20	11,63	11,03	0
18/08/2020 04:55:00	11,03	13,15	14,36	14,72	14,78	14,65	14,38	14,05	13,65	13,21	12,67	12,11	11,55	10,97	0
18/08/2020 05:00:00	10,98	13,05	14,19	14,61	14,69	14,58	14,29	13,97	13,59	13,15	12,63	12,08	11,53	10,70	0
18/08/2020 05:05:00	11,02	12,94	14,08	14,48	14,56	14,45	14,23	13,93	13,57	13,15	12,64	12,11	11,58	11,05	0
18/08/2020 05:10:00	11,14	12,99	14,18	14,52	14,67	14,56	14,39	14,14	13,78	13,38	12,90	12,39	11,89	11,20	0
18/08/2020 05:15:00	11,17	13,07	14,30	14,74	14,84	14,73	14,54	14,27	13,90	13,47	12,95	12,40	11,85	11,03	0
18/08/2020 05:20:00	10,94	12,80	13,90	14,35	14,45	14,37	14,19	13,92	13,58	13,18	12,70	12,19	11,68	10,95	0
18/08/2020 05:25:00	11,03	12,74	13,73	14,10	14,25	14,15	13,96	13,70	13,36	12,99	12,53	12,05	11,57	11,02	0
18/08/2020 05:30:00	11,05	12,82	13,76	14,16	14,27	14,23	14,03	13,76	13,44	13,08	12,65	12,19	11,73	11,07	0
18/08/2020 05:35:00	10,94	12,63	13,55	13,86	13,97	13,92	13,74	13,50	13,18	12,84	12,43	12,00	11,57	10,96	0
18/08/2020 05:40:00	11,02	12,56	13,35	13,73	13,83	13,77	13,62	13,41	13,11	12,79	12,40	11,99	11,58	11,05	0
18/08/2020 05:45:00	11,03	12,41	13,21	13,56	13,69	13,64	13,48	13,25	12,96	12,63	12,24	11,82	11,40	11,10	0
18/08/2020 05:50:00	11,11	12,47	13,14	13,51	13,60	13,53	13,37	13,14	12,86	12,54	12,16	11,75	11,34	11,06	0
18/08/2020 05:55:00	11,17	12,34	12,83	13,10	13,20	13,21	13,09	12,92	12,68	12,44	12,16	11,85	11,54	11,39	0
18/08/2020 06:00:00	11,36	12,56	12,85	13,09	13,15	13,13	12,98	12,79	12,56	12,33	12,08	11,80	11,52	11,35	0
18/08/2020 06:05:00	11,52	12,56	12,73	12,90	12,94	12,88	12,75	12,58	12,35	12,13	11,90	11,65	11,39	11,63	0
18/08/2020 06:10:00	11,78	12,70	12,76	12,92	12,99	12,96	12,80	12,62	12,41	12,21	12,01	11,77	11,54	11,72	0
18/08/2020 06:15:00	12,08	12,68	12,63	12,78	12,79	12,81	12,75	12,63	12,46	12,31	12,17	11,99	11,81	12,14	0
18/08/2020 06:20:00	12,29	12,77	12,67	12,77	12,80	12,80	12,72	12,61	12,44	12,29	12,15	11,97	11,79	12,65	0
18/08/2020 06:25:00	12,47	12,87	12,65	12,71	12,75	12,72	12,59	12,45	12,29	12,14	12,01	11,84	11,66	12,83	0
18/08/2020 06:30:00	12,73	12,80	12,51	12,54	12,55	12,49	12,45	12,36	12,21	12,09	11,97	11,82	11,67	13,14	0
18/08/2020 06:35:00	12,76	12,69	12,38	12,41	12,46	12,49	12,43	12,34	12,21	12,11	12,02	11,88	11,75	12,96	0
18/08/2020 06:40:00	13,18	12,96	12,54	12,56	12,54	12,55	12,49	12,40	12,27	12,17	12,08	11,95	11,83	13,07	0
18/08/2020 06:45:00	13,06	13,03	12,50	12,42	12,38	12,39	12,33	12,24	12,12	12,04	12,00	11,93	11,86	13,27	0
18/08/2020 06:50:00	13,21	13,01	12,42	12,40	12,38	12,40	12,34	12,27	12,16	12,10	12,06	11,99	11,92	13,25	0
18/08/2020 06:55:00	13,36	13,02	12,44	12,37	12,37	12,33	12,28	12,21	12,10	12,03	11,98	11,90	11,81	13,20	0
18/08/2020 07:00:00	13,30	13,02	12,48	12,37	12,35	12,38	12,30	12,22	12,10	12,03	11,99	11,91	11,83	13,20	0
18/08/2020 07:05:00	13,39	13,07	12,55	12,54	12,52	12,48	12,36	12,24	12,10	11,99	11,88	11,73	11,58	13,49	0
18/08/2020 07:10:00	13,39	13,22	12,63	12,56	12,56	12,54	12,42	12,30	12,18	12,09	12,03	11,92	11,82	13,44	0
18/08/2020 07:15:00	13,39	13,21	12,61	12,46	12,39	12,36	12,27	12,16	12,03	11,95	11,90	11,82	11,74	13,44	0
18/08/2020 07:20:00	13,56	13,36	12,71	12,59	12,51	12,43	12,30	12,17	12,03	11,93	11,86	11,75	11,64	14,03	0
18/08/2020 07:25:00	13,68	13,39	12,78	12,62	12,54	12,48	12,36	12,23	12,10	11,99	11,92	11,81	11,70	13,79	0
18/08/2020 07:30:00	13,84	13,45	12,82	12,65	12,52	12,46	12,33	12,21	12,07	11,96	11,88	11,78	11,67	14,24	0
18/08/2020 07:35:00	13,97	13,55	12,96	12,80	12,67	12,62	12,46	12,31	12,16	12,03	11,92	11,78	11,64	14,06	0
18/08/2020 07:40:00	14,03	13,78	13,04	12,83	12,70	12,54	12,40	12,26	12,11	12,00	11,92	11,81	11,70	14,76	0
18/08/2020 07:45:00	14,29	13,88	13,15	12,85	12,63	12,51	12,35	12,18	12,02	11,90	11,82	11,71	11,60	14,49	0
18/08/2020 07:50:00	14,45	14,02	13,22	12,93	12,76	12,56	12,37	12,20	12,03	11,90	11,80	11,67	11,54	14,96	0
18/08/2020 07:55:00	14,58	14,13	13,37	13,07	12,83	12,58	12,39	12,21	12,02	11,86	11,73	11,57	11,41	14,92	0
18/08/2020 08:00:00	14,72	14,17	13,46	13,14	12,87	12,67	12,41	12,18	11,98	11,80	11,63	11,44	11,24	15,04	0
18/08/2020 08:05:00	14,71	14,24	13,55	13,19	12,87	12,60	12,37	12,15	11,93	11,74	11,57	11,37	11,18	15,39	0
18/08/2020 08:10:00	14,81	14,18	13,40	13,08	12,87	12,60	12,39	12,19	12,00	11,84	11,69	11,52	11,34	15,24	0
18/08/2020 08:15:00	14,91	14,20	13,35	13,03	12,80	12,64	12,42	12,24	12,07	11,94	11,83	11,69	11,55	15,19	0
18/08/2020 08:20:00	15,00	14,33	13,45	13,11	12,83	12,56	12,33	12,12	11,92	11,76	11,62	11,44	11,27	15,30	0
18/08/2020 08:25:00	15,02	14,30	13,42	13,03	12,75	12,48	12,25	12,04	11,84	11,68	11,54	11,38	11,21	15,44	0
18/08/2020 08:30:00	15,05	14,18	13,31	12,94	12,68	12,51	12,28	12,08	11,91	11,76	11,65	11,50	11,35	15,16	0
18/08/2020 08:35:00	15,08	14,25	13,48	13,05	12,74	12,54	12,26	12,02	11,81	11,63	11,46	11,27	11,08	15,44	0
18/08/2020 08:40:00	15,21	14,25	13,38	12,94	12,64	12,39	12,16	11,96	11,76	11,60	11,46	11,29	11,13	15,25	0
18/08/2020 08:45:00	15,25	14,36	13,50	13,09	12,69	12,40	12,16	11,94	11,72	11,53	11,37	11,17	10,98	15,49	0
18/08/2020 08:50:00	15,29	14,28	13,41	12,98	12,73	12,49	12,24	12,02	11,84	11,67	11,52	11,35	11,17	15,37	0
18/08/2020 08:55:00	15,43	14,51	13,48	12,92	12,55	12,32	12,06	11,84	11,66	11,52	11,43	11,32	11,21	15,77	0
18/08/2020 09:00:00	15,41	14,55	13,61	13,14	12,79	12,51	12,21	11,96	11,75	11,56	11,40	11,21	11,02	15,86	0
18/08/2020 09:05:00	15,48	14,82	13,86	13,34	12,94	12,57	12,27	12,00	11,76	11,55	11,38	11,19	10,99	15,84	0
18/08/2020 09:10:00	15,97	14,78	13,86	13,45	13,07	12,76	12,43	12,17	11,94	11,72	11,50	11,24	10,99	15,84	0
18/08/2020 09:15:00	16,16	14,98	13,87	13,41	13,06	12,75	12,39	12,12	11,90	11,71	11,52	11,30	11,08	16,10	0
18/08/2020 09:20:00	16,06	15,05	14,08	13,59	13,12	12,69	12,39	12,12	11,87	11,64	11,42	11,18	10,94	16,48	0
18/08/2020 09:25:00	16,26	15,08	14,13	13,64	13,20	12,87	12,57	12,31	12,08	11,87	11,66	11,43	11,20	16,40	0
18/08/2020 09:30:00	16,51	15,21	14,17	13,58	13,14	12,76	12,44	12,17	11,94	11,73	11,54	11,33	11,11	16,65	0
18/08/2020 09:35:00	16,51	15,32	14,32	13,78	13,32	12,91	12,59	12,31	12,07	11,84	11,62	11,38	11,14	17,00	0
18/08/2020 09:40:00	16,79	15,49	14,49	14,00	13,54	13,14	12,78	12,48	12,22	11,97	11,71	11,42	11,14	17,24	0
18/08/2020 09:45:00	16,81	15,63	14,61	14,03	13,53	13,12	12,77	12,47	12,21	11,97	11,74	11,49	11,23	17,33	0
18/08/2020 09:50:00	16,71	15,39	14,36	13,84	13,40	13,08	12,74	12,46	12,24	12,02	11,81	11,57	11,33	16,77	0
18/08/2020 09:55:00	16,80	15,51	14,54	14,04	13,56	13,08	12,76	12,47	12,21	11,95	11,69	11,40	11,12	16,86	0
18/08/2020 10:00:00	16,68	15,43	14,37	13,73	13,25	12,87	12,57	12,31	12,08	11,88	11,71	11,51	11,32	16,82	0
18/08/2020 10:05:00	16,66	15,53	14,62	14,08	13,60	13,23	12,86	12,55	12,29	12,04	11,78	11,51	11,23	16,69	0
18/08/2020 10:10:00	16,94	15,65	14,69	14,24	13,79	13,32	12,92	12,59	12,31	12,02	11,71	11,36	11,01	16,93	0
18/08/2020 10:15:00	17,04	15,66	14,85	14,27	13,74	13,29	12,88	12,53	12,23	11,92	11,58	11,23	10,87	17,16	0
18/08/2020 10:20:00	16,96	15,50	14,67	14,15	13,70	13,30	12,95	12,66	12,39	12,11	11,82	11,50	11,18	17,17	0
18/08/2020 10:25:00	16,85	15,46	14,75	14,28	13,89	13,52	13,17	12,87	12,60	12,31	12,00	11,66	11,31	17,11	0
18/08/2020 10:30:00	16,79	15,61	14,86	14,38	13,94	13,50	13,15	12,84	12,56	12,27	11,96	11,62	11,29	17,07	0
18/08/2020 10:35:00	17,03	15,49	14,74	14,17	13,64	13,20	12,85	12,54	12,25	11,95	11,63	11,29	10,94	17,24	0
18/08/2020 10:40:00	16,95	15,42	14,62	14,07	13,65	13,30	12,97	12,69	12,44	12,18	11,91	11,62	11,32	16,67	0
18/08/2020 10:45:00	16,82	15,57	14,83	14,17	13,69	13,28	12,91	12,58	12,29	12,01	11,72	11,42	11,11	16,93	0
18/08/2020 10:50:00	16,95	15,60	14,95	14,47	14,05	13,64	13,23	12,89	12,59	12,26	11,89	11,49	11,09	17,42	0
18/08/2020 10:55:00	17,14	15,54	14,75	14,25	13,81	13,45	13,12	12,85	12,59	12,32	12,04	11,72	11,40	17,56	0
18/08/2020 11:00:00	16,95	15,81	15,06	14,56	13,95	13,44	13,05	12,70	12,37	12,03	11,67	11,28	10,90	17,62	0
18/08/2020 11:05:00	17,08	15,84	14,89	14,46	14,05	13,52	13,13	12,80	12,52	12,23	11,90	11,55	11,20	17,31	0
18/08/2020 11:10:00	17,38	16,02	14,95	14,38	13,87	13,42	13,03	12,71	12,43	12,17	11,89	11,59	11,29	17,62	0
18/08/2020 11:15:00	17,53	16,13	15,12	14,48	13,88	13,36	12,94	12,58	12,27	11,96	11,64	11,30	10,96	17,87	0
18/08/2020 11:20:00	17,40	16,02	14,90	14,24	13,74	13,27	12,89	12,57	12,31	12,06	11,82	11,56	11,30	17,71	0
18/08/2020 11:25:00	17,29	15,94	14,93	14,40	13,96	13,55	13,17	12,86	12,61	12,35	12,08	11,78	11,49	17,35	0
18/08/2020 11:30:00	17,25	16,01	14,98	14,42	13,83	13,38	13,00	12,68	12,40	12,13	11,86	11,56	11,27	17,67	0
18/08/2020 11:35:00	17,46	16,03	15,07	14,48	14,04	13,63	13,24	12,93	12,66	12,39	12,11	11,80	11,50	17,77	0
18/08/2020 11:40:00	17,52	16,08	15,07	14,51	14,04	13,62	13,21	12,89	12,62	12,34	12,06	11,74	11,42	17,62	0
18/08/2020 11:45:00	17,51	16,41	15,62	15,13	14,53	13,87	13,40	13,00	12,63	12,23	11,79	11,33	10,87	18,16	0
18/08/2020 11:50:00	17,83	16,31	15,21	14,48	13,90	13,38	12,96	12,61	12,32	12,04	11,76	11,45	11,15	17,75	0
18/08/2020 11:55:00	17,60	16,17	15,21	14,58	14,05	13,61	13,22	12,90	12,62	12,35	12,07	11,76	11,45	17,79	0
18/08/2020 12:00:00	17,51	16,44	15,53	14,95	14,39	13,90	13,44	13,07	12,74	12,42	12,08	11,71	11,35	17,96	0
18/08/2020 12:05:00	17,56	16,59	15,59	14,79	14,13	13,62	13,12	12,70	12,37	12,05	11,75	11,43	11,12	18,34	0
18/08/2020 12:10:00	17,49	16,41	15,45	14,85	14,29	13,79	13,37	13,02	12,71	12,41	12,10	11,77	11,44	18,41	0
18/08/2020 12:15:00	17,19	16,76	15,89	15,34	14,82	14,23	13,70	13,26	12,90	12,54	12,15	11,75	11,35	18,35	0
18/08/2020 12:20:00	17,12	16,79	15,82	15,23	14,65	14,15	13,70	13,32	13,00	12,70	12,41	12,11	11,81	18,33	0
18/08/2020 12:25:00	17,18	17,00	16,08	15,45	14,78	14,14	13,59	13,12	12,73	12,36	11,98	11,59	11,20	18,18	0
18/08/2020 12:30:00	17,16	16,80	15,92	15,29	14,74	14,20	13,70	13,28	12,93	12,59	12,26	11,91	11,56	18,64	0
18/08/2020 12:35:00	17,20	17,17	16,35	15,69	15,07	14,46	13,93	13,46	13,08	12,71	12,34	11,96	11,58	18,67	0
18/08/2020 12:40:00	17,63	17,05	16,17	15,52	14,95	14,38	13,90	13,49	13,14	12,80	12,46	12,10	11,74	18,73	0
18/08/2020 12:45:00	17,76	17,03	16,07	15,38	14,77	14,23	13,75	13,35	13,02	12,70	12,38	12,05	11,72	18,57	0
18/08/2020 12:50:00	17,92	16,78	15,80	15,20	14,69	14,28	13,92	13,62	13,35	13,10	12,85	12,58	12,31	18,91	0
18/08/2020 12:55:00	18,19	16,79	15,87	15,34	14,78	14,30	13,88	13,54	13,23	12,91	12,57	12,19	11,81	18,59	0
18/08/2020 13:00:00	18,16	16,97	16,14	15,65	15,17	14,69	14,19	13,79	13,46	13,11	12,70	12,26	11,82	18,87	0
18/08/2020 13:05:00	18,08	17,14	16,06	15,44	14,92	14,41	13,98	13,63	13,34	13,07	12,79	12,50	12,20	18,89	0
18/08/2020 13:10:00	18,35	17,35	16,45	15,75	15,03	14,46	13,96	13,54	13,17	12,81	12,44	12,05	11,66	19,03	0
18/08/2020 13:15:00	18,47	17,25	16,22	15,65	15,13	14,59	14,11	13,72	13,40	13,07	12,71	12,33	11,94	19,07	0
18/08/2020 13:20:00	18,42	17,10	16,23	15,66	15,20	14,79	14,40	14,07	13,79	13,50	13,18	12,84	12,50	18,66	0
18/08/2020 13:25:00	18,22	17,28	16,34	15,85	15,42	14,92	14,45	14,08	13,77	13,45	13,10	12,71	12,33	19,14	0
18/08/2020 13:30:00	18,34	17,30	16,44	15,83	15,26	14,72	14,28	13,90	13,56	13,22	12,86	12,48	12,10	19,11	0
18/08/2020 13:35:00	18,33	17,36	16,47	15,89	15,25	14,69	14,25	13,87	13,53	13,19	12,83	12,45	12,08	19,21	0
18/08/2020 13:40:00	18,24	17,50	16,59	16,05	15,52	15,01	14,48	14,05	13,70	13,35	12,96	12,54	12,13	18,74	0
18/08/2020 13:45:00	18,55	17,18	16,19	15,62	15,12	14,64	14,23	13,89	13,60	13,31	12,99	12,64	12,29	18,62	0
18/08/2020 13:50:00	18,52	17,28	16,22	15,65	15,02	14,51	14,13	13,80	13,50	13,21	12,92	12,60	12,28	18,87	0
18/08/2020 13:55:00	18,59	17,23	16,26	15,67	15,17	14,74	14,34	14,01	13,73	13,45	13,15	12,82	12,49	19,34	0
18/08/2020 14:00:00	18,75	17,47	16,36	15,77	15,22	14,79	14,45	14,15	13,90	13,65	13,41	13,14	12,88	19,03	0
18/08/2020 14:05:00	18,55	17,41	16,48	15,90	15,37	14,90	14,52	14,20	13,91	13,62	13,32	12,99	12,67	18,95	0
18/08/2020 14:10:00	18,54	17,68	16,72	16,12	15,56	14,95	14,46	14,06	13,71	13,36	12,99	12,59	12,20	19,14	0
18/08/2020 14:15:00	18,74	17,36	16,37	15,76	15,22	14,80	14,42	14,11	13,84	13,57	13,29	12,98	12,67	19,67	0
18/08/2020 14:20:00	18,91	17,57	16,60	15,98	15,45	14,93	14,49	14,12	13,82	13,50	13,15	12,78	12,41	19,40	0
18/08/2020 14:25:00	19,05	17,69	16,65	15,97	15,42	14,90	14,47	14,12	13,82	13,52	13,20	12,86	12,53	19,74	0
18/08/2020 14:30:00	18,89	17,91	17,06	16,49	15,94	15,37	14,85	14,43	14,07	13,69	13,26	12,81	12,36	19,69	0
18/08/2020 14:35:00	18,71	17,50	16,57	16,08	15,67	15,22	14,79	14,44	14,15	13,85	13,51	13,13	12,75	19,59	0
18/08/2020 14:40:00	18,78	17,93	17,05	16,37	15,71	15,17	14,70	14,29	13,94	13,59	13,23	12,85	12,48	20,06	0
18/08/2020 14:45:00	18,90	17,64	16,72	16,15	15,62	15,11	14,71	14,37	14,07	13,76	13,43	13,07	12,70	19,83	0
18/08/2020 14:50:00	19,10	17,71	16,88	16,29	15,83	15,39	14,92	14,55	14,23	13,90	13,52	13,11	12,70	20,11	0
18/08/2020 14:55:00	18,91	18,10	17,26	16,67	16,08	15,50	15,02	14,61	14,26	13,90	13,51	13,10	12,69	20,61	0
18/08/2020 15:00:00	18,96	17,70	16,74	16,29	15,83	15,36	14,96	14,64	14,35	14,05	13,72	13,35	12,98	19,67	0
18/08/2020 15:05:00	18,92	17,73	16,81	16,21	15,69	15,23	14,83	14,48	14,19	13,90	13,58	13,24	12,90	20,01	0
18/08/2020 15:10:00	19,36	18,02	17,07	16,53	16,02	15,51	15,04	14,67	14,35	14,01	13,63	13,22	12,80	20,13	0
18/08/2020 15:15:00	18,98	17,83	16,95	16,42	15,88	15,38	14,96	14,60	14,29	13,96	13,59	13,20	12,81	19,69	0
18/08/2020 15:20:00	18,92	18,18	17,40	16,68	16,06	15,51	14,98	14,55	14,18	13,81	13,43	13,02	12,62	19,74	0
18/08/2020 15:25:00	18,91	18,13	17,34	16,66	16,01	15,42	14,94	14,53	14,17	13,80	13,42	13,02	12,62	20,00	0
18/08/2020 15:30:00	18,97	17,94	17,08	16,53	15,98	15,48	15,08	14,74	14,43	14,12	13,78	13,42	13,06	20,07	0
18/08/2020 15:35:00	19,01	17,87	16,91	16,38	15,96	15,53	15,12	14,78	14,51	14,22	13,91	13,57	13,22	19,95	0
18/08/2020 15:40:00	19,07	18,00	17,03	16,51	16,03	15,58	15,16	14,82	14,53	14,24	13,91	13,56	13,20	20,41	0
18/08/2020 15:45:00	18,99	17,98	17,13	16,64	16,16	15,68	15,30	14,96	14,67	14,36	14,02	13,66	13,30	20,52	0
18/08/2020 15:50:00	18,74	17,95	17,29	16,73	16,21	15,76	15,33	14,96	14,63	14,29	13,92	13,52	13,13	19,55	0
18/08/2020 15:55:00	18,78	17,96	17,16	16,61	16,11	15,63	15,22	14,86	14,55	14,23	13,89	13,53	13,16	19,74	0
18/08/2020 16:00:00	18,91	18,10	17,27	16,61	16,06	15,56	15,13	14,76	14,44	14,12	13,79	13,44	13,09	20,06	0
18/08/2020 16:05:00	18,93	18,26	17,48	16,99	16,42	15,81	15,31	14,88	14,52	14,13	13,69	13,23	12,77	20,01	0
18/08/2020 16:10:00	18,97	18,14	17,38	16,81	16,29	15,73	15,27	14,87	14,53	14,17	13,77	13,35	12,93	20,71	0
18/08/2020 16:15:00	18,87	18,05	17,28	16,75	16,25	15,78	15,34	14,96	14,64	14,30	13,93	13,53	13,14	19,82	0
18/08/2020 16:20:00	18,67	17,96	17,25	16,82	16,35	15,85	15,42	15,04	14,72	14,37	13,98	13,56	13,14	19,99	0
18/08/2020 16:25:00	18,67	17,99	17,32	16,85	16,39	15,88	15,44	15,06	14,73	14,37	13,98	13,56	13,13	19,65	0
18/08/2020 16:30:00	18,91	18,22	17,48	16,99	16,44	15,85	15,34	14,91	14,54	14,14	13,69	13,21	12,73	20,46	0
18/08/2020 16:35:00	18,79	18,08	17,37	16,83	16,32	15,83	15,41	15,04	14,71	14,38	14,01	13,62	13,23	19,84	0
18/08/2020 16:40:00	18,84	18,23	17,46	16,88	16,35	15,85	15,39	14,99	14,65	14,31	13,94	13,56	13,17	20,27	0
18/08/2020 16:45:00	18,87	18,22	17,46	16,94	16,31	15,76	15,30	14,89	14,53	14,16	13,76	13,33	12,90	20,76	0
18/08/2020 16:50:00	18,75	18,19	17,41	16,88	16,31	15,76	15,31	14,91	14,56	14,21	13,83	13,43	13,03	20,05	0
18/08/2020 16:55:00	18,85	18,31	17,51	16,97	16,41	15,82	15,33	14,91	14,55	14,18	13,77	13,34	12,92	20,22	0
18/08/2020 17:00:00	18,59	18,12	17,50	16,97	16,49	15,98	15,54	15,16	14,81	14,46	14,08	13,67	13,27	19,67	0
18/08/2020 17:05:00	18,64	18,15	17,58	17,16	16,64	16,11	15,61	15,18	14,80	14,40	13,93	13,43	12,93	20,04	0
18/08/2020 17:10:00	18,53	18,10	17,46	17,00	16,56	16,05	15,58	15,17	14,83	14,46	14,05	13,62	13,18	19,66	0
18/08/2020 17:15:00	18,48	18,38	17,79	17,17	16,53	15,94	15,41	14,95	14,55	14,14	13,71	13,26	12,82	20,33	0
18/08/2020 17:20:00	18,41	18,18	17,59	17,06	16,51	15,96	15,47	15,04	14,66	14,27	13,85	13,41	12,97	20,52	0
18/08/2020 17:25:00	18,29	18,08	17,45	16,99	16,55	16,05	15,59	15,20	14,86	14,51	14,12	13,72	13,31	20,69	0
18/08/2020 17:30:00	18,29	18,09	17,53	17,03	16,46	15,92	15,42	14,99	14,61	14,21	13,78	13,33	12,88	19,92	0
18/08/2020 17:35:00	18,13	18,04	17,47	16,98	16,52	16,04	15,58	15,17	14,82	14,47	14,08	13,68	13,27	20,40	0
18/08/2020 17:40:00	18,21	18,01	17,42	16,94	16,47	15,91	15,43	15,01	14,64	14,26	13,85	13,41	12,97	20,56	0
18/08/2020 17:45:00	17,89	17,95	17,45	17,01	16,55	16,03	15,53	15,09	14,72	14,33	13,90	13,45	12,99	19,84	0
18/08/2020 17:50:00	18,07	17,99	17,54	17,09	16,60	16,08	15,61	15,18	14,81	14,41	13,98	13,52	13,07	19,80	0
18/08/2020 17:55:00	17,96	17,97	17,55	17,10	16,60	16,09	15,61	15,18	14,80	14,40	13,96	13,51	13,05	19,59	0
18/08/2020 18:00:00	17,97	17,97	17,54	17,13	16,65	16,09	15,58	15,13	14,74	14,32	13,85	13,35	12,86	19,68	0
18/08/2020 18:05:00	17,89	17,96	17,53	17,07	16,57	16,10	15,59	15,14	14,76	14,36	13,92	13,46	13,00	19,91	0
18/08/2020 18:10:00	17,78	17,99	17,60	17,19	16,67	16,12	15,62	15,17	14,77	14,36	13,89	13,41	12,94	20,04	0
18/08/2020 18:15:00	17,69	17,95	17,52	17,12	16,63	16,07	15,55	15,10	14,70	14,29	13,83	13,35	12,87	20,25	0
18/08/2020 18:20:00	17,67	17,93	17,52	17,06	16,58	16,03	15,48	15,00	14,59	14,17	13,70	13,21	12,72	20,29	0
18/08/2020 18:25:00	17,57	17,89	17,51	17,05	16,51	15,93	15,43	14,98	14,57	14,15	13,69	13,23	12,76	20,09	0
18/08/2020 18:30:00	17,18	17,71	17,54	17,14	16,61	16,06	15,56	15,10	14,67	14,22	13,72	13,22	12,71	19,59	0
18/08/2020 18:35:00	17,30	17,72	17,46	17,05	16,56	16,02	15,55	15,11	14,71	14,29	13,84	13,37	12,90	19,42	0
18/08/2020 18:40:00	17,21	17,58	17,32	16,92	16,45	15,96	15,49	15,06	14,66	14,26	13,81	13,35	12,89	19,22	0
18/08/2020 18:45:00	17,27	17,56	17,28	16,88	16,43	15,91	15,42	14,98	14,59	14,17	13,71	13,24	12,76	19,29	0
18/08/2020 18:50:00	17,43	17,88	17,64	17,25	16,81	16,30	15,81	15,37	14,97	14,56	14,10	13,62	13,15	19,24	0
18/08/2020 18:55:00	17,16	17,86	17,69	17,32	16,82	16,29	15,79	15,34	14,92	14,48	14,01	13,52	13,03	19,29	0
18/08/2020 19:00:00	17,42	17,78	17,56	17,20	16,75	16,24	15,76	15,33	14,93	14,51	14,04	13,55	13,06	19,06	0
18/08/2020 19:05:00	17,40	17,67	17,44	17,08	16,62	16,13	15,68	15,26	14,86	14,45	13,99	13,51	13,03	18,80	0
18/08/2020 19:10:00	17,07	17,60	17,54	17,23	16,78	16,29	15,80	15,36	14,94	14,49	13,98	13,46	12,94	18,91	0
18/08/2020 19:15:00	16,89	17,60	17,48	17,15	16,73	16,22	15,75	15,31	14,90	14,47	13,99	13,50	13,02	18,69	0
18/08/2020 19:20:00	17,07	17,78	17,76	17,50	17,12	16,63	16,14	15,69	15,28	14,83	14,32	13,78	13,25	18,67	0
18/08/2020 19:25:00	17,18	18,03	18,04	17,73	17,37	16,90	16,44	16,01	15,60	15,17	14,69	14,19	13,69	18,55	0
18/08/2020 19:30:00	17,34	18,02	18,01	17,71	17,29	16,84	16,38	15,95	15,54	15,11	14,63	14,12	13,62	18,37	0
18/08/2020 19:35:00	17,33	18,30	18,45	18,25	17,83	17,32	16,81	16,34	15,89	15,39	14,82	14,22	13,63	18,36	0
18/08/2020 19:40:00	17,12	18,25	18,37	18,10	17,71	17,23	16,76	16,31	15,88	15,43	14,92	14,39	13,87	18,09	0
18/08/2020 19:45:00	17,29	18,19	18,29	17,95	17,57	17,17	16,69	16,25	15,84	15,41	14,93	14,43	13,93	17,94	0
18/08/2020 19:50:00	17,44	18,44	18,62	18,35	17,95	17,49	17,01	16,55	16,11	15,64	15,10	14,55	13,99	17,94	0
18/08/2020 19:55:00	17,20	18,31	18,63	18,43	18,07	17,63	17,17	16,72	16,28	15,80	15,24	14,67	14,10	17,71	0
18/08/2020 20:00:00	17,34	18,61	18,97	18,80	18,46	17,98	17,49	17,02	16,56	16,05	15,46	14,85	14,24	17,56	0
18/08/2020 20:05:00	17,53	18,82	19,09	18,91	18,56	18,10	17,64	17,19	16,75	16,28	15,72	15,16	14,59	17,46	0
18/08/2020 20:10:00	17,29	18,60	19,00	18,86	18,49	18,07	17,59	17,13	16,68	16,18	15,60	15,00	14,40	17,30	0
18/08/2020 20:15:00	17,17	18,54	18,99	18,89	18,58	18,18	17,71	17,26	16,81	16,32	15,74	15,13	14,53	17,10	0
18/08/2020 20:20:00	17,02	18,39	18,94	18,90	18,63	18,24	17,79	17,35	16,91	16,41	15,81	15,19	14,57	16,84	0
18/08/2020 20:25:00	16,85	18,41	18,98	18,88	18,55	18,16	17,70	17,23	16,77	16,27	15,67	15,06	14,45	16,47	0
18/08/2020 20:30:00	16,74	18,34	18,94	18,88	18,62	18,20	17,74	17,29	16,83	16,32	15,72	15,10	14,48	16,19	0
18/08/2020 20:35:00	16,58	18,22	18,87	18,84	18,59	18,18	17,72	17,26	16,80	16,28	15,66	15,03	14,39	15,70	0
18/08/2020 20:40:00	16,47	18,20	18,83	18,76	18,50	18,08	17,64	17,19	16,73	16,23	15,64	15,03	14,43	15,30	0
18/08/2020 20:45:00	16,37	18,21	18,94	18,86	18,59	18,16	17,70	17,24	16,76	16,23	15,61	14,98	14,35	15,06	0
18/08/2020 20:50:00	16,33	18,18	18,88	18,83	18,57	18,14	17,68	17,22	16,75	16,23	15,61	14,98	14,35	14,92	0
18/08/2020 20:55:00	15,96	17,84	18,49	18,48	18,24	17,84	17,36	16,89	16,42	15,91	15,30	14,67	14,05	14,70	0
18/08/2020 21:00:00	15,57	17,53	18,23	18,21	17,92	17,50	17,03	16,55	16,08	15,55	14,94	14,31	13,69	14,60	0
18/08/2020 21:05:00	15,27	17,18	17,88	17,85	17,62	17,19	16,73	16,27	15,80	15,28	14,68	14,06	13,44	14,53	0
18/08/2020 21:10:00	15,21	16,99	17,72	17,76	17,58	17,22	16,77	16,33	15,88	15,38	14,78	14,16	13,55	14,35	0
18/08/2020 21:15:00	15,10	17,01	17,81	17,83	17,58	17,21	16,75	16,28	15,80	15,28	14,66	14,02	13,38	14,08	0
18/08/2020 21:20:00	14,78	16,84	17,66	17,66	17,38	16,92	16,44	15,95	15,45	14,89	14,24	13,58	12,92	14,00	0
18/08/2020 21:25:00	14,40	16,43	17,23	17,26	16,98	16,59	16,11	15,63	15,14	14,61	13,98	13,34	12,70	13,94	0
18/08/2020 21:30:00	13,96	16,10	16,92	16,94	16,69	16,31	15,82	15,34	14,85	14,32	13,71	13,08	12,46	13,82	0
18/08/2020 21:35:00	13,71	15,76	16,61	16,67	16,52	16,12	15,66	15,19	14,72	14,20	13,58	12,95	12,32	13,75	0
18/08/2020 21:40:00	13,59	15,66	16,70	16,76	16,55	16,19	15,72	15,23	14,73	14,18	13,52	12,85	12,18	13,63	0
18/08/2020 21:45:00	13,51	15,68	16,64	16,71	16,55	16,17	15,70	15,23	14,75	14,21	13,58	12,93	12,29	13,29	0
18/08/2020 21:50:00	13,25	15,39	16,45	16,53	16,32	15,94	15,50	15,04	14,54	13,99	13,33	12,67	12,01	13,24	0
18/08/2020 21:55:00	13,28	15,45	16,50	16,65	16,50	16,14	15,68	15,20	14,71	14,16	13,50	12,83	12,16	13,34	0
18/08/2020 22:00:00	13,44	15,71	16,82	16,93	16,75	16,31	15,85	15,37	14,85	14,28	13,59	12,89	12,19	13,42	0
18/08/2020 22:05:00	13,40	15,58	16,71	16,86	16,70	16,34	15,91	15,44	14,95	14,39	13,72	13,04	12,36	13,39	0
18/08/2020 22:10:00	13,34	15,61	16,74	16,85	16,66	16,30	15,85	15,38	14,88	14,32	13,66	12,99	12,31	13,33	0
18/08/2020 22:15:00	13,31	15,53	16,75	16,93	16,72	16,38	15,91	15,42	14,90	14,32	13,61	12,89	12,17	13,21	0
18/08/2020 22:20:00	13,25	15,52	16,73	16,88	16,74	16,36	15,89	15,40	14,89	14,31	13,62	12,90	12,19	12,73	0
18/08/2020 22:25:00	12,89	15,17	16,40	16,59	16,43	16,05	15,60	15,11	14,60	14,01	13,31	12,59	11,87	12,82	0
18/08/2020 22:30:00	12,79	15,06	16,33	16,54	16,42	16,07	15,58	15,08	14,57	13,97	13,25	12,52	11,78	12,80	0
18/08/2020 22:35:00	12,88	15,10	16,39	16,60	16,45	16,09	15,66	15,19	14,67	14,09	13,38	12,65	11,93	12,85	0
18/08/2020 22:40:00	12,78	14,96	16,24	16,44	16,36	16,01	15,58	15,11	14,61	14,04	13,35	12,64	11,93	12,74	0
18/08/2020 22:45:00	12,70	15,04	16,33	16,53	16,39	16,01	15,54	15,05	14,53	13,94	13,22	12,50	11,77	12,74	0
18/08/2020 22:50:00	12,66	15,03	16,32	16,50	16,37	15,99	15,54	15,05	14,53	13,95	13,24	12,52	11,80	12,65	0
18/08/2020 22:55:00	12,62	14,93	16,27	16,51	16,39	16,06	15,61	15,13	14,62	14,04	13,33	12,61	11,88	12,64	0
18/08/2020 23:00:00	12,56	14,92	16,28	16,51	16,41	16,09	15,63	15,15	14,65	14,07	13,36	12,64	11,92	12,45	0
18/08/2020 23:05:00	12,42	14,68	16,06	16,30	16,21	15,89	15,42	14,93	14,42	13,83	13,11	12,37	11,64	12,31	0
18/08/2020 23:10:00	12,32	14,74	16,08	16,28	16,18	15,82	15,36	14,87	14,35	13,76	13,05	12,33	11,61	12,30	0
18/08/2020 23:15:00	12,38	14,71	16,11	16,39	16,26	15,92	15,49	15,03	14,51	13,91	13,19	12,44	11,70	12,40	0
18/08/2020 23:20:00	12,29	14,83	16,22	16,44	16,28	15,91	15,45	14,95	14,42	13,81	13,08	12,34	11,60	12,35	0
18/08/2020 23:25:00	12,30	14,84	16,19	16,39	16,30	15,85	15,42	14,95	14,42	13,81	13,09	12,36	11,63	12,29	0
18/08/2020 23:30:00	12,30	14,78	16,15	16,38	16,29	15,91	15,46	14,97	14,45	13,85	13,13	12,40	11,67	12,07	0
18/08/2020 23:35:00	11,99	14,43	15,85	16,12	16,04	15,74	15,29	14,81	14,30	13,71	13,00	12,27	11,55	12,02	0
18/08/2020 23:40:00	12,07	14,59	15,97	16,26	16,11	15,80	15,37	14,90	14,39	13,80	13,10	12,39	11,67	12,15	0
18/08/2020 23:45:00	12,22	14,66	16,09	16,35	16,23	15,91	15,47	14,99	14,47	13,87	13,15	12,42	11,68	12,18	0
18/08/2020 23:50:00	12,17	14,72	16,14	16,32	16,16	15,84	15,36	14,85	14,32	13,72	13,00	12,27	11,54	12,06	0
18/08/2020 23:55:00	11,97	14,47	15,89	16,13	16,04	15,71	15,28	14,82	14,30	13,72	13,02	12,30	11,59	12,07	0
