FileFormat:0002.2 file with temperature of atmosphere
200
local	GMT or Local
0	GMT-Local=[hours]
0	Height[m]
0	0	0	Longitude                [grd]               [min]               [sec]
0	0	0	Latitude                [grd]               [min]               [sec]
N	NS
59,40	Freq[GHz]
0,00	dTemostat[K]
0,150	MessErr[K]
0,248	//[grad/step]
version 14.0.20110218
MTP5H033F5940K-33.00D180214+A1.1
Commentary:
enter comment
End Of Commentary

SYSTEM\summer.dat
data time	0	50	100	150	200	250	300	350	400	450	500	550	600	OutsideTemperature	Quality
10/05/2020 00:00:00	12,57	13,88	13,98	13,79	13,43	12,97	12,48	12,02	11,59	11,16	10,70	10,24	9,78	12,62	0
10/05/2020 00:05:00	12,50	13,72	13,88	13,71	13,40	12,95	12,44	11,97	11,54	11,10	10,61	10,12	9,63	12,50	0
10/05/2020 00:10:00	12,45	13,83	14,03	13,81	13,44	12,99	12,47	11,99	11,54	11,09	10,60	10,11	9,61	12,52	0
10/05/2020 00:15:00	12,54	13,85	14,07	13,88	13,47	13,03	12,49	12,00	11,54	11,08	10,57	10,05	9,54	12,65	0
10/05/2020 00:20:00	12,45	13,87	14,05	13,85	13,48	13,04	12,55	12,08	11,64	11,20	10,74	10,26	9,79	12,52	0
10/05/2020 00:25:00	12,40	13,85	14,09	13,91	13,47	13,04	12,49	11,98	11,52	11,04	10,53	10,01	9,49	12,53	0
10/05/2020 00:30:00	12,44	13,71	13,95	13,83	13,47	13,00	12,52	12,06	11,62	11,16	10,65	10,13	9,61	12,47	0
10/05/2020 00:35:00	12,48	13,91	14,09	13,82	13,46	13,01	12,52	12,05	11,61	11,17	10,71	10,25	9,78	12,59	0
10/05/2020 00:40:00	12,42	13,83	13,99	13,81	13,48	13,05	12,53	12,05	11,62	11,18	10,71	10,23	9,75	12,47	0
10/05/2020 00:45:00	12,41	13,85	14,09	13,89	13,52	13,04	12,50	12,00	11,54	11,07	10,56	10,04	9,53	12,49	0
10/05/2020 00:50:00	12,79	13,75	13,81	13,69	13,45	13,07	12,57	12,12	11,73	11,33	10,88	10,41	9,94	12,70	0
10/05/2020 00:55:00	12,69	13,82	13,85	13,67	13,31	12,85	12,34	11,87	11,45	11,02	10,56	10,08	9,61	12,54	0
10/05/2020 01:00:00	12,68	13,79	13,93	13,75	13,40	13,00	12,53	12,10	11,68	11,26	10,81	10,35	9,89	12,64	0
10/05/2020 01:05:00	12,60	13,78	13,89	13,71	13,27	12,80	12,29	11,81	11,37	10,91	10,42	9,92	9,43	12,62	0
10/05/2020 01:10:00	12,67	13,81	13,96	13,76	13,36	12,89	12,41	11,95	11,51	11,06	10,58	10,09	9,59	12,59	0
10/05/2020 01:15:00	12,60	13,85	14,05	13,82	13,44	12,98	12,48	12,00	11,56	11,10	10,61	10,12	9,63	12,61	0
10/05/2020 01:20:00	12,59	13,82	13,98	13,78	13,44	13,01	12,50	12,03	11,60	11,16	10,69	10,20	9,72	12,60	0
10/05/2020 01:25:00	12,74	13,88	14,06	13,92	13,59	13,11	12,61	12,15	11,72	11,26	10,76	10,24	9,73	12,61	0
10/05/2020 01:30:00	12,59	13,91	14,06	13,82	13,42	13,01	12,55	12,11	11,68	11,26	10,82	10,38	9,94	12,69	0
10/05/2020 01:35:00	12,73	13,96	14,09	13,93	13,55	13,09	12,57	12,10	11,66	11,21	10,72	10,22	9,72	12,69	0
10/05/2020 01:40:00	12,60	13,78	13,89	13,61	13,25	12,81	12,27	11,79	11,36	10,93	10,46	10,00	9,53	12,67	0
10/05/2020 01:45:00	12,68	13,89	13,97	13,72	13,29	12,89	12,42	11,98	11,55	11,14	10,70	10,26	9,83	12,65	0
10/05/2020 01:50:00	12,63	13,92	14,08	13,79	13,39	12,95	12,43	11,95	11,50	11,06	10,58	10,11	9,63	12,57	0
10/05/2020 01:55:00	12,63	13,83	13,90	13,70	13,32	12,91	12,43	11,99	11,57	11,16	10,72	10,27	9,82	12,59	0
10/05/2020 02:00:00	12,48	13,69	13,80	13,52	13,15	12,75	12,26	11,80	11,38	10,96	10,52	10,08	9,64	12,51	0
10/05/2020 02:05:00	12,53	13,79	13,91	13,75	13,39	12,91	12,41	11,93	11,50	11,05	10,57	10,07	9,58	12,50	0
10/05/2020 02:10:00	12,58	13,67	13,83	13,69	13,35	12,88	12,39	11,93	11,50	11,05	10,56	10,05	9,55	12,54	0
10/05/2020 02:15:00	12,49	13,73	13,91	13,75	13,37	12,94	12,43	11,95	11,52	11,07	10,58	10,08	9,59	12,50	0
10/05/2020 02:20:00	12,63	13,66	13,78	13,53	13,17	12,73	12,24	11,79	11,36	10,94	10,48	10,01	9,54	12,53	0
10/05/2020 02:25:00	12,39	13,65	13,86	13,62	13,14	12,67	12,14	11,64	11,17	10,70	10,18	9,67	9,16	12,44	0
10/05/2020 02:30:00	12,43	13,50	13,62	13,38	13,02	12,59	12,02	11,52	11,08	10,63	10,14	9,65	9,15	12,58	0
10/05/2020 02:35:00	12,45	13,41	13,42	13,23	12,86	12,44	11,99	11,57	11,17	10,77	10,34	9,91	9,48	12,37	0
10/05/2020 02:40:00	12,22	13,43	13,53	13,25	12,83	12,34	11,81	11,31	10,86	10,41	9,93	9,44	8,96	12,31	0
10/05/2020 02:45:00	12,20	13,24	13,36	13,26	12,84	12,40	11,92	11,46	11,03	10,59	10,10	9,60	9,11	12,18	0
10/05/2020 02:50:00	12,17	13,17	13,25	12,99	12,71	12,23	11,75	11,31	10,90	10,48	10,04	9,58	9,13	12,12	0
10/05/2020 02:55:00	11,94	12,98	13,10	12,90	12,51	12,16	11,70	11,26	10,86	10,45	10,02	9,59	9,15	11,95	0
10/05/2020 03:00:00	11,89	12,90	13,03	12,86	12,57	12,22	11,70	11,25	10,85	10,44	10,00	9,55	9,09	11,73	0
10/05/2020 03:05:00	11,56	12,68	12,74	12,56	12,29	11,90	11,60	11,27	10,90	10,56	10,21	9,86	9,51	11,63	0
10/05/2020 03:10:00	11,70	12,72	12,75	12,51	12,17	11,78	11,31	10,87	10,48	10,09	9,69	9,28	8,87	11,60	0
10/05/2020 03:15:00	11,64	12,63	12,75	12,55	12,20	11,81	11,34	10,89	10,48	10,07	9,64	9,19	8,74	11,61	0
10/05/2020 03:20:00	11,54	12,52	12,59	12,41	12,12	11,75	11,29	10,87	10,48	10,09	9,69	9,27	8,85	11,54	0
10/05/2020 03:25:00	11,39	12,37	12,52	12,27	11,90	11,53	11,06	10,62	10,21	9,80	9,38	8,94	8,51	11,45	0
10/05/2020 03:30:00	11,27	12,10	12,29	12,12	11,82	11,58	11,20	10,82	10,46	10,10	9,73	9,34	8,96	11,27	0
10/05/2020 03:35:00	10,94	12,08	12,33	12,20	11,97	11,67	11,31	10,94	10,57	10,21	9,83	9,44	9,06	11,08	0
10/05/2020 03:40:00	11,02	12,08	12,38	12,25	11,97	11,62	11,28	10,92	10,53	10,14	9,73	9,31	8,89	11,19	0
10/05/2020 03:45:00	11,07	12,16	12,38	12,26	11,99	11,68	11,33	10,96	10,59	10,22	9,83	9,44	9,04	11,05	0
10/05/2020 03:50:00	11,00	12,10	12,23	12,01	11,72	11,41	11,06	10,69	10,32	9,97	9,62	9,26	8,91	11,07	0
10/05/2020 03:55:00	11,02	12,04	12,16	11,99	11,79	11,53	11,09	10,70	10,34	10,00	9,64	9,27	8,90	10,97	0
10/05/2020 04:00:00	10,98	12,11	12,29	12,14	11,96	11,70	11,38	11,06	10,71	10,39	10,06	9,72	9,39	10,95	0
10/05/2020 04:05:00	11,17	12,17	12,29	12,13	11,85	11,43	11,02	10,61	10,22	9,82	9,41	8,98	8,56	11,02	0
10/05/2020 04:10:00	10,94	11,98	12,06	11,92	11,69	11,27	10,86	10,46	10,08	9,70	9,31	8,90	8,49	11,01	0
10/05/2020 04:15:00	10,96	12,01	12,05	11,89	11,70	11,37	11,04	10,71	10,37	10,05	9,73	9,39	9,06	11,02	0
10/05/2020 04:20:00	11,16	12,11	12,12	11,94	11,64	11,35	11,00	10,65	10,30	9,97	9,64	9,31	8,98	11,08	0
10/05/2020 04:25:00	11,27	12,20	12,23	12,09	11,78	11,44	11,01	10,62	10,24	9,87	9,48	9,09	8,69	11,17	0
10/05/2020 04:30:00	11,19	12,27	12,33	12,04	11,83	11,54	11,14	10,75	10,40	10,07	9,74	9,41	9,08	11,25	0
10/05/2020 04:35:00	11,29	12,34	12,43	12,35	12,00	11,58	11,21	10,82	10,43	10,04	9,63	9,20	8,78	11,29	0
10/05/2020 04:40:00	11,38	12,28	12,25	12,11	11,89	11,59	11,19	10,82	10,48	10,15	9,81	9,46	9,11	11,40	0
10/05/2020 04:45:00	11,55	12,34	12,29	11,99	11,64	11,29	10,94	10,59	10,23	9,89	9,57	9,24	8,90	11,34	0
10/05/2020 04:50:00	11,41	12,40	12,39	12,17	11,90	11,51	11,12	10,74	10,37	10,01	9,66	9,29	8,93	11,36	0
10/05/2020 04:55:00	11,24	12,41	12,40	12,15	11,78	11,34	10,91	10,49	10,09	9,70	9,31	8,93	8,54	11,33	0
10/05/2020 05:00:00	11,37	12,38	12,42	12,16	11,88	11,42	10,94	10,50	10,10	9,69	9,27	8,84	8,41	11,27	0
10/05/2020 05:05:00	11,30	12,28	12,27	12,11	11,88	11,56	11,16	10,79	10,44	10,10	9,76	9,41	9,05	11,28	0
10/05/2020 05:10:00	11,41	12,34	12,25	11,95	11,66	11,35	10,98	10,62	10,27	9,95	9,65	9,34	9,03	11,33	0
10/05/2020 05:15:00	11,28	12,42	12,48	12,35	12,08	11,62	11,18	10,76	10,37	9,97	9,55	9,11	8,68	11,33	0
10/05/2020 05:20:00	11,39	12,27	12,23	12,02	11,73	11,37	10,94	10,53	10,17	9,81	9,45	9,07	8,70	11,34	0
10/05/2020 05:25:00	11,43	12,29	12,25	12,05	11,79	11,41	11,00	10,61	10,25	9,90	9,54	9,16	8,79	11,37	0
10/05/2020 05:30:00	11,50	12,32	12,24	12,04	11,74	11,39	10,99	10,62	10,26	9,92	9,57	9,21	8,85	11,37	0
10/05/2020 05:35:00	11,42	12,34	12,22	11,92	11,63	11,29	10,88	10,50	10,15	9,83	9,51	9,19	8,88	11,38	0
10/05/2020 05:40:00	11,49	12,32	12,28	12,00	11,70	11,29	10,92	10,54	10,17	9,81	9,45	9,09	8,73	11,44	0
10/05/2020 05:45:00	11,45	12,33	12,29	12,03	11,72	11,35	10,90	10,48	10,10	9,74	9,37	8,99	8,61	11,38	0
10/05/2020 05:50:00	11,34	12,27	12,25	11,99	11,67	11,28	10,88	10,49	10,11	9,75	9,38	9,01	8,64	11,48	0
10/05/2020 05:55:00	11,44	12,40	12,34	12,10	11,78	11,52	11,09	10,69	10,34	10,01	9,69	9,36	9,03	11,45	0
10/05/2020 06:00:00	11,50	12,44	12,42	12,16	11,89	11,53	11,11	10,71	10,35	10,00	9,64	9,28	8,91	11,52	0
10/05/2020 06:05:00	11,52	12,42	12,43	12,16	11,81	11,41	11,05	10,67	10,29	9,93	9,56	9,20	8,83	11,52	0
10/05/2020 06:10:00	11,45	12,47	12,41	12,18	11,93	11,62	11,21	10,82	10,48	10,15	9,82	9,49	9,16	11,52	0
10/05/2020 06:15:00	11,61	12,48	12,41	12,12	11,75	11,36	11,01	10,65	10,28	9,93	9,59	9,25	8,91	11,57	0
10/05/2020 06:20:00	11,57	12,52	12,44	12,15	11,79	11,43	11,02	10,62	10,26	9,91	9,57	9,22	8,88	11,58	0
10/05/2020 06:25:00	11,65	12,63	12,58	12,29	12,04	11,61	11,15	10,74	10,36	9,99	9,62	9,23	8,85	11,60	0
10/05/2020 06:30:00	11,77	12,62	12,58	12,27	11,95	11,57	11,14	10,74	10,36	10,00	9,63	9,26	8,89	11,68	0
10/05/2020 06:35:00	11,75	12,66	12,55	12,25	11,81	11,42	11,09	10,73	10,36	10,02	9,69	9,36	9,03	11,82	0
10/05/2020 06:40:00	11,73	12,59	12,56	12,37	12,06	11,68	11,19	10,75	10,37	9,98	9,58	9,16	8,74	11,82	0
10/05/2020 06:45:00	11,76	12,65	12,46	12,16	11,89	11,52	11,13	10,76	10,42	10,10	9,79	9,48	9,17	11,79	0
10/05/2020 06:50:00	11,88	12,61	12,45	12,17	11,82	11,44	10,99	10,58	10,21	9,86	9,50	9,13	8,77	11,82	0
10/05/2020 06:55:00	11,80	12,65	12,52	12,23	11,99	11,66	11,21	10,82	10,47	10,14	9,80	9,47	9,13	11,89	0
10/05/2020 07:00:00	11,89	12,60	12,42	12,04	11,67	11,36	11,01	10,66	10,32	10,02	9,73	9,45	9,16	11,93	0
10/05/2020 07:05:00	11,91	12,62	12,41	12,14	11,97	11,62	11,23	10,87	10,55	10,25	9,95	9,64	9,33	11,90	0
10/05/2020 07:10:00	12,05	12,63	12,42	12,07	11,69	11,29	10,88	10,50	10,14	9,80	9,46	9,12	8,78	11,99	0
10/05/2020 07:15:00	12,07	12,52	12,25	11,91	11,58	11,24	10,81	10,43	10,09	9,77	9,46	9,14	8,82	12,01	0
10/05/2020 07:20:00	12,14	12,62	12,34	12,00	11,65	11,23	10,81	10,42	10,07	9,73	9,40	9,06	8,71	12,08	0
10/05/2020 07:25:00	12,20	12,71	12,45	12,10	11,71	11,36	10,89	10,48	10,12	9,77	9,43	9,09	8,74	12,18	0
10/05/2020 07:30:00	12,20	12,78	12,51	12,19	11,89	11,48	11,01	10,60	10,24	9,89	9,54	9,19	8,83	12,20	0
10/05/2020 07:35:00	12,30	12,93	12,77	12,46	12,07	11,56	11,05	10,59	10,18	9,77	9,34	8,90	8,46	12,32	0
10/05/2020 07:40:00	12,30	13,09	12,90	12,55	12,11	11,74	11,18	10,70	10,31	9,92	9,53	9,13	8,73	12,22	0
10/05/2020 07:45:00	12,31	13,00	12,79	12,45	12,05	11,67	11,14	10,68	10,30	9,92	9,54	9,15	8,76	12,24	0
10/05/2020 07:50:00	12,20	12,94	12,74	12,39	12,00	11,53	11,05	10,61	10,21	9,83	9,44	9,04	8,65	12,20	0
10/05/2020 07:55:00	12,15	12,99	12,78	12,40	11,95	11,56	11,07	10,63	10,24	9,87	9,51	9,15	8,78	12,21	0
10/05/2020 08:00:00	12,08	12,97	12,83	12,47	12,03	11,51	11,01	10,55	10,13	9,72	9,31	8,89	8,48	12,07	0
10/05/2020 08:05:00	12,12	12,88	12,71	12,40	12,03	11,61	11,12	10,68	10,29	9,92	9,54	9,15	8,76	12,08	0
10/05/2020 08:10:00	12,04	12,79	12,61	12,28	11,88	11,53	11,10	10,69	10,33	9,99	9,65	9,30	8,96	12,09	0
10/05/2020 08:15:00	12,18	12,72	12,43	12,03	11,67	11,25	10,84	10,45	10,10	9,77	9,45	9,12	8,80	12,15	0
10/05/2020 08:20:00	12,35	12,81	12,48	12,05	11,59	11,16	10,75	10,37	10,00	9,66	9,34	9,01	8,69	12,24	0
10/05/2020 08:25:00	12,28	12,61	12,21	11,86	11,50	11,06	10,71	10,37	10,04	9,73	9,44	9,14	8,84	12,27	0
10/05/2020 08:30:00	12,37	12,57	12,11	11,75	11,33	10,94	10,50	10,11	9,77	9,45	9,14	8,82	8,50	12,35	0
10/05/2020 08:35:00	12,40	12,41	11,90	11,45	11,09	10,76	10,46	10,16	9,87	9,63	9,41	9,19	8,98	12,37	0
10/05/2020 08:40:00	12,59	12,52	11,97	11,47	11,08	10,66	10,29	9,95	9,63	9,35	9,10	8,83	8,57	12,56	0
10/05/2020 08:45:00	12,50	12,60	12,10	11,60	11,23	10,95	10,45	10,05	9,73	9,45	9,18	8,91	8,63	12,58	0
10/05/2020 08:50:00	12,62	12,71	12,21	11,84	11,44	11,05	10,57	10,17	9,84	9,52	9,21	8,88	8,55	12,65	0
10/05/2020 08:55:00	12,52	13,03	12,64	12,27	11,86	11,33	10,89	10,49	10,11	9,75	9,40	9,04	8,68	12,62	0
10/05/2020 09:00:00	12,41	13,05	12,79	12,43	11,98	11,44	10,99	10,56	10,16	9,77	9,38	8,99	8,59	12,59	0
10/05/2020 09:05:00	12,56	13,30	13,07	12,72	12,28	11,79	11,29	10,83	10,43	10,03	9,63	9,21	8,80	12,64	0
10/05/2020 09:10:00	12,69	13,35	13,05	12,69	12,24	11,77	11,35	10,95	10,57	10,21	9,86	9,50	9,15	12,63	0
10/05/2020 09:15:00	12,77	13,38	13,06	12,66	12,22	11,77	11,33	10,92	10,55	10,20	9,85	9,50	9,16	12,84	0
10/05/2020 09:20:00	12,96	13,47	13,09	12,70	12,25	11,71	11,32	10,94	10,56	10,21	9,86	9,51	9,16	12,89	0
10/05/2020 09:25:00	12,99	13,51	13,21	12,81	12,34	11,81	11,33	10,90	10,50	10,11	9,71	9,32	8,92	12,99	0
10/05/2020 09:30:00	13,09	13,52	13,16	12,74	12,33	11,85	11,35	10,90	10,52	10,15	9,77	9,38	9,00	12,94	0
10/05/2020 09:35:00	13,56	13,62	13,11	12,68	12,22	11,71	11,25	10,83	10,46	10,11	9,75	9,38	9,01	13,18	0
10/05/2020 09:40:00	13,91	13,76	13,14	12,66	12,17	11,67	11,20	10,79	10,43	10,09	9,75	9,40	9,05	13,41	0
10/05/2020 09:45:00	13,85	13,93	13,29	12,84	12,27	11,75	11,25	10,81	10,43	10,07	9,72	9,35	8,99	13,50	0
10/05/2020 09:50:00	13,60	14,00	13,54	13,13	12,53	11,94	11,40	10,91	10,49	10,07	9,64	9,20	8,77	13,53	0
10/05/2020 09:55:00	13,65	14,07	13,57	13,06	12,50	11,94	11,37	10,87	10,45	10,05	9,65	9,24	8,83	13,70	0
10/05/2020 10:00:00	13,62	14,06	13,67	13,25	12,76	12,12	11,55	11,05	10,62	10,18	9,72	9,26	8,79	13,60	0
10/05/2020 10:05:00	13,64	14,15	13,81	13,38	12,83	12,26	11,72	11,23	10,81	10,38	9,94	9,50	9,05	13,70	0
10/05/2020 10:10:00	14,00	14,36	13,94	13,46	12,92	12,32	11,76	11,26	10,83	10,41	9,97	9,52	9,08	14,01	0
10/05/2020 10:15:00	14,00	14,41	14,02	13,58	13,08	12,45	11,91	11,42	10,99	10,56	10,11	9,65	9,20	13,92	0
10/05/2020 10:20:00	14,04	14,49	14,04	13,62	13,13	12,55	11,98	11,49	11,08	10,66	10,23	9,79	9,35	14,07	0
10/05/2020 10:25:00	14,10	14,59	14,15	13,71	13,17	12,59	12,01	11,51	11,09	10,67	10,23	9,79	9,34	14,10	0
10/05/2020 10:30:00	14,38	14,64	14,19	13,73	13,21	12,61	12,08	11,60	11,19	10,78	10,34	9,90	9,46	14,25	0
10/05/2020 10:35:00	14,54	14,82	14,36	13,90	13,36	12,82	12,23	11,73	11,31	10,90	10,46	10,01	9,56	14,48	0
10/05/2020 10:40:00	14,59	14,95	14,46	13,96	13,38	12,78	12,21	11,72	11,29	10,87	10,44	10,00	9,56	14,52	0
10/05/2020 10:45:00	14,65	15,01	14,51	14,02	13,51	12,92	12,36	11,87	11,45	11,05	10,62	10,19	9,76	14,70	0
10/05/2020 10:50:00	14,84	15,04	14,48	13,92	13,34	12,73	12,17	11,68	11,26	10,85	10,44	10,01	9,59	14,70	0
10/05/2020 10:55:00	15,02	14,95	14,33	13,85	13,36	12,78	12,24	11,77	11,39	10,99	10,58	10,16	9,74	14,90	0
10/05/2020 11:00:00	14,89	15,13	14,56	14,05	13,45	12,87	12,28	11,78	11,36	10,95	10,52	10,08	9,65	14,81	0
10/05/2020 11:05:00	14,58	15,06	14,65	14,19	13,59	12,98	12,40	11,89	11,44	11,00	10,54	10,07	9,60	14,49	0
10/05/2020 11:10:00	14,70	15,14	14,76	14,27	13,61	12,95	12,34	11,79	11,32	10,84	10,34	9,83	9,32	14,69	0
10/05/2020 11:15:00	14,49	15,14	14,73	14,25	13,65	13,04	12,40	11,85	11,40	10,95	10,47	9,99	9,51	14,69	0
10/05/2020 11:20:00	14,73	15,27	14,78	14,27	13,71	13,07	12,51	12,02	11,59	11,17	10,74	10,31	9,88	14,65	0
10/05/2020 11:25:00	14,64	15,24	14,83	14,30	13,69	13,07	12,52	12,02	11,58	11,15	10,71	10,28	9,84	14,66	0
10/05/2020 11:30:00	14,65	15,28	14,90	14,42	13,83	13,20	12,60	12,06	11,61	11,15	10,68	10,20	9,72	14,68	0
10/05/2020 11:35:00	14,72	15,32	14,96	14,45	13,86	13,24	12,62	12,07	11,61	11,15	10,67	10,18	9,70	14,85	0
10/05/2020 11:40:00	14,56	15,32	15,07	14,62	14,02	13,39	12,77	12,23	11,76	11,28	10,76	10,25	9,74	14,82	0
10/05/2020 11:45:00	14,84	15,51	15,22	14,78	14,23	13,59	12,99	12,45	11,99	11,52	11,01	10,50	9,98	14,71	0
10/05/2020 11:50:00	14,95	15,43	15,05	14,58	14,07	13,46	12,83	12,29	11,84	11,38	10,89	10,39	9,89	14,83	0
10/05/2020 11:55:00	14,66	15,33	15,00	14,53	13,97	13,38	12,77	12,24	11,79	11,34	10,86	10,38	9,90	14,57	0
10/05/2020 12:00:00	14,52	15,26	14,93	14,47	13,91	13,30	12,70	12,18	11,72	11,27	10,79	10,31	9,84	14,53	0
10/05/2020 12:05:00	14,63	15,27	14,93	14,49	13,89	13,27	12,67	12,14	11,68	11,21	10,72	10,23	9,74	14,62	0
10/05/2020 12:10:00	14,69	15,26	14,91	14,45	13,86	13,25	12,66	12,15	11,70	11,25	10,77	10,29	9,81	14,69	0
10/05/2020 12:15:00	14,42	15,24	14,91	14,53	13,98	13,35	12,74	12,21	11,75	11,29	10,80	10,30	9,81	14,48	0
10/05/2020 12:20:00	14,61	15,25	14,89	14,41	13,86	13,23	12,55	11,98	11,52	11,04	10,53	10,02	9,51	14,57	0
10/05/2020 12:25:00	14,45	15,15	14,79	14,30	13,79	13,18	12,59	12,08	11,64	11,20	10,75	10,30	9,84	14,42	0
10/05/2020 12:30:00	14,60	15,27	14,85	14,36	13,79	13,13	12,52	11,99	11,53	11,08	10,60	10,12	9,65	14,50	0
10/05/2020 12:35:00	14,75	15,23	14,74	14,26	13,71	13,12	12,48	11,94	11,50	11,07	10,60	10,14	9,67	14,65	0
10/05/2020 12:40:00	14,63	15,21	14,75	14,30	13,74	13,16	12,57	12,06	11,62	11,20	10,75	10,30	9,85	14,57	0
10/05/2020 12:45:00	14,57	15,26	14,83	14,33	13,76	13,13	12,54	12,01	11,57	11,13	10,67	10,22	9,77	14,63	0
10/05/2020 12:50:00	14,46	15,13	14,85	14,44	13,91	13,31	12,74	12,23	11,78	11,33	10,85	10,36	9,87	14,49	0
10/05/2020 12:55:00	14,60	15,48	15,19	14,76	14,22	13,58	12,97	12,43	11,97	11,50	11,00	10,50	10,00	14,56	0
10/05/2020 13:00:00	14,60	15,44	15,23	14,84	14,31	13,74	13,16	12,65	12,19	11,74	11,25	10,75	10,26	14,65	0
10/05/2020 13:05:00	14,75	15,49	15,19	14,77	14,26	13,63	13,05	12,53	12,08	11,63	11,15	10,66	10,17	14,75	0
10/05/2020 13:10:00	14,71	15,58	15,33	14,97	14,45	13,82	13,23	12,71	12,25	11,79	11,28	10,78	10,27	14,72	0
10/05/2020 13:15:00	14,86	15,80	15,63	15,22	14,67	14,08	13,47	12,93	12,46	11,98	11,46	10,94	10,42	14,87	0
10/05/2020 13:20:00	14,82	15,70	15,50	15,11	14,60	14,00	13,45	12,94	12,49	12,03	11,54	11,05	10,55	14,82	0
10/05/2020 13:25:00	15,07	15,85	15,57	15,13	14,62	14,02	13,42	12,89	12,44	11,99	11,50	11,01	10,52	15,00	0
10/05/2020 13:30:00	15,05	15,92	15,67	15,22	14,64	14,01	13,42	12,89	12,42	11,95	11,45	10,95	10,44	15,09	0
10/05/2020 13:35:00	15,07	16,04	15,87	15,48	14,93	14,35	13,74	13,20	12,73	12,25	11,73	11,21	10,68	15,02	0
10/05/2020 13:40:00	15,18	16,10	15,87	15,46	14,93	14,29	13,71	13,18	12,72	12,25	11,74	11,23	10,72	15,28	0
10/05/2020 13:45:00	15,22	16,25	16,15	15,77	15,28	14,66	14,07	13,54	13,07	12,58	12,05	11,51	10,97	15,20	0
10/05/2020 13:50:00	15,17	16,36	16,30	15,94	15,45	14,83	14,23	13,69	13,21	12,72	12,18	11,64	11,10	15,17	0
10/05/2020 13:55:00	15,11	16,31	16,25	15,88	15,38	14,78	14,19	13,65	13,18	12,69	12,16	11,63	11,10	15,12	0
10/05/2020 14:00:00	15,00	15,88	15,84	15,50	15,05	14,51	13,96	13,47	13,02	12,56	12,04	11,53	11,01	15,09	0
10/05/2020 14:05:00	15,00	16,05	15,98	15,65	15,17	14,58	14,02	13,51	13,05	12,58	12,06	11,54	11,02	14,99	0
10/05/2020 14:10:00	15,11	16,10	15,94	15,57	15,06	14,51	13,98	13,50	13,06	12,62	12,15	11,68	11,20	15,05	0
10/05/2020 14:15:00	15,22	16,25	16,16	15,77	15,27	14,68	14,09	13,56	13,10	12,62	12,09	11,56	11,04	15,17	0
10/05/2020 14:20:00	15,25	16,35	16,26	15,92	15,42	14,81	14,19	13,63	13,15	12,65	12,09	11,53	10,97	15,24	0
10/05/2020 14:25:00	15,36	16,53	16,36	15,86	15,25	14,59	13,98	13,42	12,92	12,43	11,91	11,39	10,87	15,35	0
10/05/2020 14:30:00	15,24	16,44	16,35	15,95	15,40	14,78	14,17	13,62	13,13	12,64	12,10	11,56	11,03	15,25	0
10/05/2020 14:35:00	15,30	16,47	16,37	15,93	15,36	14,73	14,11	13,55	13,05	12,55	12,01	11,47	10,93	15,29	0
10/05/2020 14:40:00	15,19	16,42	16,34	15,94	15,37	14,72	14,08	13,51	13,01	12,49	11,93	11,36	10,80	15,21	0
10/05/2020 14:45:00	15,12	16,25	16,19	15,83	15,30	14,67	14,08	13,55	13,07	12,57	12,03	11,48	10,94	15,10	0
10/05/2020 14:50:00	15,26	16,33	16,14	15,77	15,21	14,59	13,99	13,44	12,97	12,48	11,95	11,42	10,89	15,24	0
10/05/2020 14:55:00	15,58	16,23	15,96	15,53	15,01	14,45	13,90	13,41	12,98	12,54	12,06	11,58	11,10	15,29	0
10/05/2020 15:00:00	15,29	16,14	15,82	15,39	14,86	14,22	13,60	13,05	12,59	12,12	11,61	11,10	10,58	15,31	0
10/05/2020 15:05:00	15,43	16,05	15,70	15,24	14,71	14,07	13,48	12,97	12,52	12,06	11,57	11,08	10,58	15,32	0
10/05/2020 15:10:00	15,30	15,97	15,63	15,14	14,57	13,97	13,38	12,86	12,40	11,95	11,47	10,99	10,51	15,29	0
10/05/2020 15:15:00	15,58	15,97	15,49	15,01	14,48	13,87	13,30	12,81	12,38	11,95	11,50	11,04	10,58	15,45	0
10/05/2020 15:20:00	15,41	15,99	15,57	15,12	14,55	13,93	13,35	12,83	12,39	11,95	11,48	11,00	10,52	15,37	0
10/05/2020 15:25:00	15,30	15,96	15,61	15,17	14,62	13,97	13,40	12,89	12,44	11,98	11,50	11,01	10,51	15,34	0
10/05/2020 15:30:00	15,56	16,07	15,63	15,16	14,61	13,97	13,39	12,87	12,43	11,99	11,51	11,03	10,55	15,57	0
10/05/2020 15:35:00	15,52	16,11	15,73	15,24	14,68	14,01	13,36	12,80	12,33	11,85	11,32	10,79	10,27	15,39	0
10/05/2020 15:40:00	15,55	16,13	15,66	15,20	14,66	14,05	13,47	12,96	12,53	12,10	11,64	11,18	10,72	15,50	0
10/05/2020 15:45:00	16,52	16,32	15,39	14,79	14,20	13,64	13,12	12,68	12,32	11,98	11,65	11,30	10,96	15,89	0
10/05/2020 15:50:00	16,86	16,46	15,50	14,86	14,26	13,64	13,05	12,56	12,18	11,80	11,41	11,00	10,60	16,02	0
10/05/2020 15:55:00	16,30	16,38	15,68	15,11	14,51	13,85	13,25	12,74	12,32	11,89	11,45	10,99	10,54	15,99	0
10/05/2020 16:00:00	15,99	16,31	15,75	15,21	14,69	14,08	13,49	13,00	12,58	12,17	11,73	11,29	10,85	15,99	0
10/05/2020 16:05:00	15,83	16,51	15,94	15,39	14,72	14,09	13,48	12,94	12,49	12,06	11,62	11,17	10,72	15,72	0
10/05/2020 16:10:00	15,86	16,34	15,77	15,20	14,64	14,02	13,42	12,91	12,48	12,06	11,63	11,19	10,75	15,86	0
10/05/2020 16:15:00	15,83	16,27	15,74	15,27	14,66	14,04	13,40	12,85	12,41	11,95	11,47	10,97	10,48	15,86	0
10/05/2020 16:20:00	15,63	16,32	15,86	15,42	14,81	14,13	13,52	12,98	12,52	12,05	11,55	11,05	10,55	15,72	0
10/05/2020 16:25:00	15,57	16,31	15,88	15,37	14,77	14,11	13,50	12,97	12,51	12,05	11,57	11,09	10,61	15,69	0
10/05/2020 16:30:00	15,61	16,32	15,90	15,38	14,80	14,15	13,54	13,00	12,54	12,09	11,61	11,13	10,65	15,68	0
10/05/2020 16:35:00	15,73	16,52	16,19	15,72	15,15	14,49	13,85	13,29	12,81	12,32	11,80	11,27	10,74	15,70	0
10/05/2020 16:40:00	15,55	16,40	16,11	15,61	15,07	14,44	13,80	13,24	12,77	12,30	11,79	11,28	10,76	15,55	0
10/05/2020 16:45:00	15,45	16,52	16,26	15,82	15,25	14,61	13,98	13,43	12,95	12,47	11,95	11,43	10,91	15,52	0
10/05/2020 16:50:00	15,34	16,60	16,43	15,96	15,37	14,72	14,09	13,52	13,02	12,53	12,00	11,47	10,94	15,46	0
10/05/2020 16:55:00	15,42	16,58	16,39	16,01	15,46	14,84	14,20	13,64	13,16	12,68	12,15	11,62	11,09	15,46	0
10/05/2020 17:00:00	15,40	16,56	16,45	16,06	15,51	14,93	14,33	13,78	13,31	12,82	12,30	11,77	11,24	15,36	0
10/05/2020 17:05:00	15,35	16,66	16,57	16,14	15,58	14,98	14,36	13,80	13,31	12,82	12,30	11,77	11,24	15,39	0
10/05/2020 17:10:00	15,45	16,55	16,47	16,10	15,56	14,96	14,36	13,83	13,35	12,85	12,32	11,77	11,23	15,40	0
10/05/2020 17:15:00	15,30	16,50	16,44	16,08	15,58	14,98	14,34	13,77	13,28	12,77	12,21	11,65	11,08	15,39	0
10/05/2020 17:20:00	15,29	16,41	16,36	16,03	15,49	14,90	14,28	13,73	13,25	12,75	12,19	11,63	11,07	15,39	0
10/05/2020 17:25:00	15,40	16,54	16,43	16,08	15,57	14,96	14,34	13,79	13,31	12,81	12,27	11,71	11,16	15,37	0
10/05/2020 17:30:00	15,23	16,56	16,56	16,23	15,67	15,05	14,41	13,83	13,33	12,80	12,22	11,64	11,06	15,35	0
10/05/2020 17:35:00	15,37	16,60	16,57	16,21	15,71	15,12	14,52	13,98	13,50	13,01	12,47	11,92	11,38	15,35	0
10/05/2020 17:40:00	15,47	16,51	16,46	16,09	15,56	14,93	14,34	13,79	13,31	12,81	12,25	11,70	11,14	15,35	0
10/05/2020 17:45:00	15,38	16,45	16,39	16,00	15,52	14,92	14,31	13,77	13,29	12,80	12,26	11,71	11,17	15,38	0
10/05/2020 17:50:00	15,46	16,60	16,49	16,10	15,63	15,03	14,42	13,88	13,41	12,93	12,40	11,87	11,34	15,42	0
10/05/2020 17:55:00	15,22	16,44	16,43	16,06	15,57	14,97	14,37	13,82	13,34	12,84	12,30	11,75	11,20	15,39	0
10/05/2020 18:00:00	15,36	16,51	16,48	16,12	15,59	14,99	14,40	13,87	13,39	12,89	12,34	11,79	11,24	15,36	0
10/05/2020 18:05:00	15,30	16,49	16,48	16,14	15,66	15,05	14,45	13,91	13,43	12,92	12,37	11,81	11,25	15,35	0
10/05/2020 18:10:00	15,42	16,51	16,43	16,06	15,56	14,94	14,34	13,81	13,33	12,83	12,29	11,74	11,19	15,38	0
10/05/2020 18:15:00	15,40	16,53	16,43	16,07	15,54	14,96	14,38	13,86	13,39	12,91	12,39	11,87	11,34	15,37	0
10/05/2020 18:20:00	15,34	16,54	16,48	16,13	15,62	15,02	14,46	13,94	13,47	12,98	12,46	11,93	11,40	15,37	0
10/05/2020 18:25:00	15,41	16,60	16,52	16,17	15,63	15,04	14,45	13,91	13,43	12,95	12,42	11,88	11,35	15,34	0
10/05/2020 18:30:00	15,34	16,52	16,48	16,15	15,67	15,09	14,51	13,99	13,52	13,04	12,51	11,97	11,43	15,30	0
10/05/2020 18:35:00	15,44	16,50	16,46	16,04	15,57	15,00	14,41	13,88	13,41	12,93	12,41	11,88	11,36	15,32	0
10/05/2020 18:40:00	15,32	16,49	16,50	16,19	15,71	15,12	14,50	13,95	13,47	12,96	12,39	11,82	11,24	15,26	0
10/05/2020 18:45:00	15,31	16,50	16,49	16,13	15,63	15,04	14,47	13,94	13,46	12,97	12,43	11,89	11,35	15,30	0
10/05/2020 18:50:00	15,31	16,39	16,37	16,04	15,56	14,97	14,38	13,85	13,37	12,88	12,33	11,78	11,23	15,32	0
10/05/2020 18:55:00	15,08	16,51	16,56	16,20	15,73	15,14	14,54	14,00	13,51	13,01	12,47	11,92	11,38	15,27	0
10/05/2020 19:00:00	15,29	16,53	16,50	16,15	15,63	15,05	14,46	13,92	13,44	12,95	12,41	11,87	11,33	15,25	0
10/05/2020 19:05:00	15,27	16,38	16,41	16,07	15,58	15,04	14,45	13,92	13,45	12,96	12,42	11,88	11,33	15,22	0
10/05/2020 19:10:00	15,26	16,40	16,36	16,06	15,61	15,03	14,47	13,96	13,50	13,02	12,49	11,96	11,42	15,22	0
10/05/2020 19:15:00	15,07	16,38	16,43	16,10	15,65	15,07	14,44	13,88	13,40	12,89	12,33	11,77	11,20	15,15	0
10/05/2020 19:20:00	15,00	16,31	16,44	16,13	15,66	15,03	14,45	13,91	13,41	12,89	12,31	11,72	11,14	15,17	0
10/05/2020 19:25:00	15,11	16,49	16,60	16,31	15,84	15,26	14,67	14,14	13,65	13,14	12,57	12,00	11,43	15,10	0
10/05/2020 19:30:00	15,18	16,26	16,33	15,99	15,50	14,94	14,36	13,83	13,35	12,86	12,30	11,75	11,19	15,10	0
10/05/2020 19:35:00	15,09	16,16	16,21	15,91	15,40	14,83	14,28	13,77	13,30	12,80	12,25	11,70	11,15	15,09	0
10/05/2020 19:40:00	14,86	16,19	16,25	15,88	15,42	14,84	14,24	13,70	13,22	12,72	12,18	11,64	11,10	14,97	0
10/05/2020 19:45:00	14,91	16,05	16,14	15,83	15,38	14,86	14,29	13,78	13,31	12,83	12,29	11,75	11,21	14,92	0
10/05/2020 19:50:00	14,92	16,12	16,24	15,93	15,46	14,89	14,34	13,82	13,35	12,85	12,30	11,74	11,19	14,96	0
10/05/2020 19:55:00	14,91	16,11	16,18	15,87	15,42	14,82	14,24	13,71	13,23	12,73	12,17	11,60	11,03	14,92	0
10/05/2020 20:00:00	14,68	15,97	16,13	15,86	15,43	14,90	14,30	13,75	13,27	12,76	12,19	11,62	11,04	14,82	0
10/05/2020 20:05:00	14,80	15,83	15,95	15,67	15,24	14,72	14,19	13,70	13,24	12,77	12,24	11,70	11,16	14,81	0
10/05/2020 20:10:00	14,69	15,87	15,93	15,66	15,19	14,63	14,08	13,57	13,10	12,62	12,08	11,53	10,99	14,74	0
10/05/2020 20:15:00	14,77	15,76	15,73	15,44	15,02	14,53	13,98	13,49	13,05	12,60	12,10	11,59	11,08	14,69	0
10/05/2020 20:20:00	14,69	15,81	15,85	15,51	15,11	14,53	13,97	13,45	12,99	12,51	11,98	11,44	10,91	14,62	0
10/05/2020 20:25:00	14,50	15,56	15,63	15,34	14,90	14,39	13,85	13,36	12,90	12,43	11,91	11,39	10,86	14,59	0
10/05/2020 20:30:00	14,37	15,57	15,71	15,44	14,97	14,42	13,86	13,34	12,87	12,37	11,81	11,25	10,69	14,41	0
10/05/2020 20:35:00	14,47	15,58	15,66	15,42	14,98	14,45	13,88	13,36	12,89	12,40	11,85	11,30	10,74	14,40	0
10/05/2020 20:40:00	14,51	15,67	15,74	15,42	14,96	14,42	13,87	13,36	12,90	12,42	11,90	11,38	10,85	14,40	0
10/05/2020 20:45:00	14,49	15,58	15,62	15,40	15,00	14,49	13,97	13,49	13,05	12,59	12,08	11,56	11,04	14,41	0
10/05/2020 20:50:00	14,31	15,43	15,65	15,49	15,18	14,69	14,19	13,72	13,27	12,80	12,26	11,70	11,15	14,45	0
10/05/2020 20:55:00	14,27	15,72	15,94	15,72	15,37	14,87	14,36	13,87	13,42	12,95	12,43	11,90	11,37	14,34	0
10/05/2020 21:00:00	14,57	15,69	15,77	15,50	15,11	14,63	14,15	13,69	13,26	12,82	12,34	11,85	11,36	14,37	0
10/05/2020 21:05:00	14,49	15,61	15,72	15,56	15,20	14,77	14,27	13,81	13,39	12,95	12,45	11,94	11,43	14,20	0
10/05/2020 21:10:00	14,18	15,50	15,73	15,53	15,14	14,61	14,11	13,63	13,17	12,69	12,16	11,61	11,07	14,25	0
10/05/2020 21:15:00	14,37	15,44	15,42	15,12	14,71	14,26	13,76	13,29	12,88	12,46	12,00	11,54	11,09	14,30	0
10/05/2020 21:20:00	14,13	15,40	15,53	15,30	14,91	14,47	13,99	13,52	13,09	12,65	12,17	11,68	11,20	14,20	0
10/05/2020 21:25:00	13,97	15,43	15,56	15,23	14,86	14,35	13,78	13,27	12,81	12,34	11,83	11,32	10,81	14,07	0
10/05/2020 21:30:00	13,99	15,19	15,41	15,22	14,85	14,40	13,85	13,35	12,90	12,43	11,89	11,34	10,79	14,04	0
10/05/2020 21:35:00	13,91	15,26	15,49	15,32	14,89	14,34	13,85	13,37	12,90	12,41	11,86	11,31	10,76	14,03	0
10/05/2020 21:40:00	13,90	15,30	15,53	15,32	14,94	14,46	13,97	13,49	13,04	12,58	12,07	11,55	11,03	14,00	0
10/05/2020 21:45:00	14,10	15,35	15,51	15,30	14,93	14,46	13,97	13,50	13,07	12,62	12,12	11,61	11,11	13,96	0
10/05/2020 21:50:00	14,08	15,33	15,46	15,24	14,84	14,36	13,86	13,39	12,95	12,49	12,00	11,49	10,99	13,96	0
10/05/2020 21:55:00	13,85	15,19	15,44	15,25	14,97	14,52	13,99	13,51	13,08	12,62	12,10	11,58	11,05	13,92	0
10/05/2020 22:00:00	13,92	15,19	15,37	15,21	14,83	14,38	13,89	13,43	12,99	12,54	12,04	11,53	11,02	13,92	0
10/05/2020 22:05:00	14,10	15,40	15,57	15,42	15,10	14,61	14,12	13,66	13,23	12,78	12,27	11,75	11,23	13,92	0
10/05/2020 22:10:00	13,99	15,27	15,40	15,22	14,83	14,44	13,99	13,56	13,15	12,73	12,27	11,80	11,34	13,99	0
10/05/2020 22:15:00	13,98	15,25	15,46	15,31	15,01	14,58	14,09	13,64	13,21	12,77	12,27	11,75	11,24	13,84	0
10/05/2020 22:20:00	13,80	15,15	15,33	15,09	14,74	14,28	13,79	13,32	12,89	12,44	11,95	11,46	10,97	13,83	0
10/05/2020 22:25:00	13,83	15,17	15,36	15,11	14,77	14,35	13,88	13,43	13,01	12,58	12,12	11,65	11,18	13,87	0
10/05/2020 22:30:00	13,81	15,06	15,16	14,98	14,64	14,18	13,72	13,27	12,85	12,42	11,95	11,47	11,00	13,89	0
10/05/2020 22:35:00	13,81	15,21	15,45	15,31	14,96	14,50	13,99	13,51	13,07	12,60	12,08	11,54	11,01	13,79	0
10/05/2020 22:40:00	13,83	15,14	15,40	15,22	14,92	14,55	14,06	13,61	13,19	12,75	12,27	11,77	11,27	13,85	0
10/05/2020 22:45:00	13,66	15,28	15,56	15,44	15,18	14,68	14,16	13,67	13,22	12,75	12,21	11,67	11,12	13,69	0
10/05/2020 22:50:00	13,93	15,41	15,62	15,45	15,08	14,68	14,22	13,78	13,35	12,92	12,45	11,97	11,49	13,75	0
10/05/2020 22:55:00	13,63	15,45	15,76	15,59	15,28	14,84	14,31	13,81	13,36	12,90	12,38	11,87	11,35	13,67	0
10/05/2020 23:00:00	13,79	15,25	15,49	15,34	15,05	14,60	14,12	13,66	13,23	12,77	12,27	11,76	11,25	13,57	0
10/05/2020 23:05:00	13,54	14,96	15,19	14,99	14,71	14,27	13,77	13,31	12,87	12,43	11,94	11,44	10,95	13,50	0
10/05/2020 23:10:00	13,58	14,96	15,19	15,10	14,81	14,39	13,93	13,49	13,07	12,62	12,13	11,63	11,12	13,52	0
10/05/2020 23:15:00	13,70	15,10	15,36	15,24	14,96	14,56	14,10	13,66	13,24	12,81	12,33	11,83	11,33	13,53	0
10/05/2020 23:20:00	13,54	14,98	15,24	15,07	14,75	14,33	13,86	13,40	12,97	12,53	12,04	11,54	11,05	13,44	0
10/05/2020 23:25:00	13,34	14,75	15,00	14,84	14,49	14,11	13,62	13,16	12,73	12,30	11,82	11,33	10,84	13,42	0
10/05/2020 23:30:00	13,46	14,97	15,28	15,16	14,85	14,43	13,92	13,45	13,01	12,55	12,04	11,52	10,99	13,49	0
10/05/2020 23:35:00	13,28	15,04	15,42	15,27	14,94	14,51	14,04	13,58	13,13	12,67	12,16	11,65	11,14	13,41	0
10/05/2020 23:40:00	13,27	15,17	15,51	15,38	15,06	14,59	14,07	13,57	13,10	12,63	12,10	11,57	11,04	13,54	0
10/05/2020 23:45:00	13,16	15,19	15,57	15,48	15,14	14,63	14,06	13,52	13,03	12,52	11,95	11,38	10,80	13,45	0
10/05/2020 23:50:00	13,35	15,19	15,49	15,33	14,99	14,55	14,00	13,50	13,04	12,57	12,05	11,53	11,01	13,35	0
10/05/2020 23:55:00	12,90	15,14	15,64	15,52	15,19	14,71	14,19	13,67	13,18	12,67	12,12	11,56	11,00	13,24	0
