FileFormat:0002.2 file with temperature of atmosphere
200
local	GMT or Local
0	GMT-Local=[hours]
0	Height[m]
0	0	0	Longitude                [grd]               [min]               [sec]
0	0	0	Latitude                [grd]               [min]               [sec]
N	NS
59,40	Freq[GHz]
0,00	dTemostat[K]
0,150	MessErr[K]
0,248	//[grad/step]
version 14.0.20110218
MTP5H033F5940K-33.00D180214+A1.1
Commentary:
enter comment
End Of Commentary

SYSTEM\summer.dat
data time	0	50	100	150	200	250	300	350	400	450	500	550	600	OutsideTemperature	Quality
22/07/2020 00:00:00	17,87	17,92	17,86	17,74	17,69	17,59	17,36	17,13	16,90	16,64	16,33	15,98	15,64	17,86	0
22/07/2020 00:05:00	17,82	17,82	17,69	17,63	17,55	17,45	17,29	17,11	16,90	16,67	16,41	16,10	15,79	17,81	0
22/07/2020 00:10:00	17,80	17,85	17,75	17,63	17,54	17,43	17,29	17,12	16,91	16,69	16,44	16,15	15,86	17,77	0
22/07/2020 00:15:00	17,85	17,87	17,68	17,57	17,50	17,41	17,27	17,12	16,92	16,72	16,50	16,24	15,97	17,86	0
22/07/2020 00:20:00	17,84	17,77	17,61	17,53	17,45	17,45	17,33	17,20	17,01	16,83	16,62	16,37	16,12	17,79	0
22/07/2020 00:25:00	17,73	17,71	17,59	17,52	17,52	17,49	17,38	17,24	17,06	16,87	16,65	16,40	16,14	17,72	0
22/07/2020 00:30:00	17,75	17,82	17,76	17,73	17,68	17,57	17,43	17,27	17,06	16,83	16,56	16,25	15,94	17,71	0
22/07/2020 00:35:00	17,69	17,74	17,67	17,65	17,63	17,62	17,54	17,41	17,24	17,05	16,83	16,58	16,32	17,72	0
22/07/2020 00:40:00	17,62	17,78	17,72	17,66	17,60	17,49	17,37	17,21	17,00	16,79	16,54	16,25	15,97	17,61	0
22/07/2020 00:45:00	17,58	17,74	17,75	17,70	17,69	17,68	17,53	17,36	17,16	16,95	16,69	16,40	16,10	17,57	0
22/07/2020 00:50:00	17,52	17,78	17,77	17,67	17,55	17,40	17,23	17,03	16,78	16,53	16,24	15,91	15,59	17,54	0
22/07/2020 00:55:00	17,56	17,77	17,69	17,56	17,41	17,28	17,10	16,90	16,66	16,41	16,13	15,82	15,51	17,50	0
22/07/2020 01:00:00	17,55	17,59	17,47	17,33	17,18	17,08	16,93	16,74	16,52	16,30	16,04	15,76	15,47	17,46	0
22/07/2020 01:05:00	17,39	17,58	17,52	17,41	17,33	17,22	17,04	16,84	16,61	16,38	16,10	15,80	15,49	17,42	0
22/07/2020 01:10:00	17,43	17,62	17,59	17,53	17,44	17,36	17,18	16,98	16,75	16,51	16,22	15,90	15,58	17,39	0
22/07/2020 01:15:00	17,34	17,57	17,54	17,53	17,47	17,40	17,24	17,06	16,84	16,61	16,33	16,02	15,70	17,31	0
22/07/2020 01:20:00	17,34	17,44	17,44	17,45	17,44	17,34	17,17	16,98	16,76	16,51	16,20	15,85	15,51	17,27	0
22/07/2020 01:25:00	17,18	17,39	17,35	17,31	17,28	17,21	17,02	16,83	16,62	16,39	16,11	15,80	15,49	17,26	0
22/07/2020 01:30:00	17,27	17,38	17,29	17,25	17,22	17,15	17,00	16,84	16,63	16,42	16,17	15,87	15,58	17,21	0
22/07/2020 01:35:00	17,10	17,37	17,31	17,23	17,13	17,01	16,84	16,64	16,41	16,17	15,90	15,60	15,29	17,19	0
22/07/2020 01:40:00	17,18	17,34	17,25	17,20	17,08	16,94	16,75	16,54	16,30	16,04	15,74	15,41	15,07	17,21	0
22/07/2020 01:45:00	17,12	17,25	17,19	17,09	16,90	16,77	16,58	16,37	16,12	15,86	15,56	15,24	14,91	17,15	0
22/07/2020 01:50:00	17,23	17,24	17,11	17,02	16,93	16,84	16,71	16,54	16,34	16,13	15,89	15,61	15,34	17,21	0
22/07/2020 01:55:00	17,22	17,34	17,28	17,22	17,15	17,05	16,88	16,68	16,46	16,23	15,95	15,64	15,32	17,18	0
22/07/2020 02:00:00	17,18	17,32	17,21	17,10	16,98	16,84	16,62	16,40	16,15	15,89	15,60	15,26	14,93	17,29	0
22/07/2020 02:05:00	17,12	17,27	17,12	16,97	16,83	16,72	16,55	16,36	16,13	15,91	15,67	15,39	15,12	17,17	0
22/07/2020 02:10:00	17,16	17,28	17,21	17,11	16,94	16,85	16,70	16,52	16,29	16,06	15,81	15,51	15,22	17,13	0
22/07/2020 02:15:00	16,94	17,21	17,24	17,22	17,11	16,99	16,83	16,63	16,39	16,14	15,84	15,51	15,17	17,04	0
22/07/2020 02:20:00	16,93	17,11	17,02	16,93	16,81	16,72	16,54	16,34	16,11	15,87	15,61	15,31	15,01	17,00	0
22/07/2020 02:25:00	16,88	17,13	17,09	17,03	16,94	16,78	16,56	16,34	16,09	15,82	15,51	15,16	14,81	16,86	0
22/07/2020 02:30:00	16,81	17,00	16,97	16,94	16,92	16,82	16,65	16,46	16,24	16,00	15,72	15,41	15,09	16,80	0
22/07/2020 02:35:00	16,72	16,85	16,81	16,75	16,68	16,58	16,46	16,31	16,10	15,88	15,64	15,37	15,09	16,71	0
22/07/2020 02:40:00	16,59	16,82	16,83	16,80	16,74	16,66	16,50	16,31	16,09	15,85	15,58	15,27	14,96	16,58	0
22/07/2020 02:45:00	16,56	16,72	16,71	16,62	16,59	16,54	16,41	16,24	16,04	15,83	15,59	15,32	15,05	16,59	0
22/07/2020 02:50:00	16,52	16,78	16,79	16,78	16,74	16,67	16,57	16,42	16,22	16,01	15,77	15,49	15,21	16,62	0
22/07/2020 02:55:00	16,52	16,78	16,80	16,73	16,70	16,58	16,42	16,22	15,99	15,76	15,48	15,17	14,86	16,54	0
22/07/2020 03:00:00	16,59	16,78	16,82	16,77	16,71	16,69	16,57	16,41	16,20	15,99	15,75	15,47	15,19	16,55	0
22/07/2020 03:05:00	16,47	16,74	16,78	16,68	16,59	16,49	16,36	16,19	15,96	15,73	15,47	15,19	14,90	16,48	0
22/07/2020 03:10:00	16,52	16,67	16,68	16,68	16,65	16,59	16,44	16,28	16,07	15,84	15,58	15,28	14,98	16,49	0
22/07/2020 03:15:00	16,37	16,59	16,55	16,45	16,36	16,25	16,13	15,96	15,74	15,52	15,28	15,02	14,75	16,33	0
22/07/2020 03:20:00	16,30	16,44	16,42	16,34	16,28	16,21	16,08	15,92	15,70	15,49	15,25	14,97	14,70	16,24	0
22/07/2020 03:25:00	16,17	16,40	16,31	16,19	16,11	16,00	15,84	15,65	15,43	15,21	14,98	14,71	14,44	16,27	0
22/07/2020 03:30:00	16,18	16,36	16,27	16,13	16,01	15,93	15,85	15,71	15,51	15,32	15,12	14,90	14,68	16,20	0
22/07/2020 03:35:00	16,22	16,25	16,16	16,10	16,04	15,98	15,86	15,71	15,51	15,30	15,07	14,81	14,54	16,12	0
22/07/2020 03:40:00	16,03	16,16	16,14	16,12	16,11	16,14	16,05	15,92	15,74	15,56	15,37	15,13	14,90	16,06	0
22/07/2020 03:45:00	15,94	16,10	16,09	16,08	16,03	16,00	15,94	15,82	15,63	15,45	15,24	15,00	14,75	16,01	0
22/07/2020 03:50:00	16,04	16,06	16,04	16,03	16,00	16,03	15,94	15,81	15,63	15,44	15,23	14,98	14,73	15,99	0
22/07/2020 03:55:00	15,94	16,07	16,03	16,07	16,06	16,05	15,99	15,88	15,70	15,53	15,33	15,09	14,85	15,95	0
22/07/2020 04:00:00	15,92	16,00	15,91	15,88	15,88	15,85	15,76	15,64	15,46	15,29	15,09	14,86	14,63	15,97	0
22/07/2020 04:05:00	16,03	16,02	15,94	15,88	15,88	15,92	15,83	15,72	15,55	15,39	15,21	15,00	14,78	16,02	0
22/07/2020 04:10:00	15,92	16,10	16,06	16,05	16,04	16,01	15,88	15,73	15,53	15,33	15,11	14,84	14,58	15,93	0
22/07/2020 04:15:00	15,87	16,08	16,06	16,03	16,06	16,09	15,97	15,82	15,64	15,47	15,27	15,03	14,79	15,90	0
22/07/2020 04:20:00	15,85	15,94	15,89	15,86	15,94	16,00	15,88	15,75	15,58	15,42	15,24	15,01	14,78	15,82	0
22/07/2020 04:25:00	15,68	15,90	15,85	15,86	15,88	15,85	15,75	15,62	15,44	15,25	15,05	14,81	14,57	15,78	0
22/07/2020 04:30:00	15,71	15,87	15,85	15,76	15,68	15,70	15,64	15,52	15,34	15,17	14,99	14,79	14,59	15,71	0
22/07/2020 04:35:00	15,77	15,74	15,66	15,53	15,49	15,49	15,37	15,23	15,04	14,86	14,67	14,44	14,22	15,71	0
22/07/2020 04:40:00	15,72	15,78	15,62	15,53	15,48	15,44	15,35	15,23	15,05	14,88	14,70	14,50	14,29	15,65	0
22/07/2020 04:45:00	15,71	15,61	15,46	15,39	15,41	15,46	15,36	15,23	15,07	14,92	14,76	14,55	14,35	15,67	0
22/07/2020 04:50:00	15,57	15,54	15,41	15,35	15,33	15,35	15,27	15,15	14,98	14,82	14,65	14,45	14,24	15,59	0
22/07/2020 04:55:00	15,53	15,51	15,39	15,38	15,41	15,40	15,32	15,20	15,04	14,87	14,69	14,48	14,26	15,55	0
22/07/2020 05:00:00	15,50	15,54	15,44	15,41	15,40	15,41	15,35	15,24	15,07	14,91	14,75	14,54	14,34	15,48	0
22/07/2020 05:05:00	15,40	15,42	15,32	15,34	15,42	15,45	15,42	15,34	15,20	15,06	14,91	14,72	14,53	15,44	0
22/07/2020 05:10:00	15,39	15,40	15,35	15,37	15,44	15,51	15,46	15,36	15,21	15,07	14,91	14,70	14,50	15,40	0
22/07/2020 05:15:00	15,34	15,38	15,30	15,22	15,21	15,27	15,18	15,06	14,89	14,74	14,58	14,38	14,19	15,29	0
22/07/2020 05:20:00	15,29	15,32	15,25	15,22	15,21	15,15	15,08	14,96	14,78	14,60	14,40	14,17	13,94	15,29	0
22/07/2020 05:25:00	15,38	15,23	15,07	15,07	15,09	15,10	15,02	14,91	14,75	14,59	14,41	14,19	13,97	15,26	0
22/07/2020 05:30:00	15,34	15,30	15,10	15,02	14,99	14,99	14,90	14,78	14,62	14,47	14,31	14,12	13,93	15,29	0
22/07/2020 05:35:00	15,36	15,17	14,86	14,79	14,76	14,73	14,67	14,58	14,43	14,29	14,16	13,99	13,82	15,35	0
22/07/2020 05:40:00	15,60	15,19	14,73	14,60	14,56	14,60	14,55	14,47	14,35	14,26	14,19	14,07	13,96	15,45	0
22/07/2020 05:45:00	15,75	15,22	14,72	14,64	14,63	14,63	14,56	14,48	14,36	14,26	14,16	14,02	13,88	15,70	0
22/07/2020 05:50:00	15,59	15,26	14,75	14,57	14,55	14,62	14,53	14,43	14,32	14,24	14,17	14,08	13,98	15,74	0
22/07/2020 05:55:00	15,83	15,29	14,72	14,56	14,53	14,50	14,45	14,37	14,25	14,16	14,09	13,98	13,86	15,75	0
22/07/2020 06:00:00	15,98	15,30	14,70	14,55	14,48	14,46	14,44	14,39	14,28	14,20	14,14	14,04	13,93	15,93	0
22/07/2020 06:05:00	16,13	15,39	14,71	14,56	14,65	14,81	14,80	14,79	14,75	14,74	14,76	14,73	14,70	16,07	0
22/07/2020 06:10:00	16,35	15,52	14,77	14,58	14,57	14,63	14,66	14,66	14,60	14,59	14,61	14,60	14,58	16,26	0
22/07/2020 06:15:00	16,59	15,72	15,02	14,87	14,88	14,93	14,87	14,81	14,73	14,67	14,62	14,52	14,42	16,73	0
22/07/2020 06:20:00	16,69	15,71	14,92	14,66	14,54	14,57	14,59	14,57	14,50	14,47	14,48	14,45	14,42	16,91	0
22/07/2020 06:25:00	16,72	15,80	15,21	15,00	14,90	14,87	14,82	14,74	14,62	14,51	14,42	14,28	14,14	17,07	0
22/07/2020 06:30:00	16,17	15,79	15,45	15,31	15,25	15,14	14,99	14,83	14,65	14,47	14,27	14,03	13,79	16,75	0
22/07/2020 06:35:00	16,18	15,77	15,37	15,23	15,20	15,18	15,09	14,97	14,83	14,70	14,56	14,39	14,21	16,57	0
22/07/2020 06:40:00	16,43	15,84	15,27	15,00	14,84	14,73	14,66	14,56	14,41	14,29	14,18	14,05	13,92	16,59	0
22/07/2020 06:45:00	16,18	15,73	15,31	15,00	14,87	14,83	14,74	14,62	14,46	14,33	14,21	14,07	13,93	16,82	0
22/07/2020 06:50:00	16,14	15,73	15,32	15,11	15,01	14,95	14,86	14,75	14,59	14,46	14,33	14,16	14,00	16,58	0
22/07/2020 06:55:00	16,17	15,74	15,25	15,02	14,92	14,91	14,87	14,78	14,65	14,56	14,48	14,37	14,26	16,57	0
22/07/2020 07:00:00	16,15	15,71	15,28	15,03	14,89	14,79	14,69	14,56	14,38	14,23	14,09	13,91	13,74	16,73	0
22/07/2020 07:05:00	16,43	16,01	15,53	15,25	15,10	15,04	14,94	14,82	14,66	14,53	14,41	14,27	14,12	16,62	0
22/07/2020 07:10:00	16,61	16,14	15,67	15,44	15,32	15,29	15,22	15,11	14,97	14,85	14,74	14,60	14,45	16,53	0
22/07/2020 07:15:00	16,61	16,04	15,45	15,15	14,97	14,89	14,85	14,77	14,63	14,52	14,45	14,35	14,25	16,59	0
22/07/2020 07:20:00	16,68	16,16	15,46	15,10	14,92	14,85	14,78	14,68	14,54	14,46	14,41	14,33	14,26	16,50	0
22/07/2020 07:25:00	16,76	16,13	15,53	15,18	15,00	14,87	14,74	14,60	14,44	14,30	14,18	14,03	13,88	16,64	0
22/07/2020 07:30:00	16,62	16,02	15,52	15,20	15,04	14,97	14,86	14,72	14,56	14,42	14,29	14,14	13,98	16,65	0
22/07/2020 07:35:00	16,40	15,97	15,51	15,22	15,03	14,91	14,75	14,58	14,39	14,22	14,04	13,84	13,64	16,40	0
22/07/2020 07:40:00	16,45	15,90	15,42	15,16	15,06	15,02	14,90	14,78	14,62	14,49	14,36	14,20	14,04	16,51	0
22/07/2020 07:45:00	16,32	15,88	15,34	15,00	14,78	14,68	14,58	14,46	14,29	14,16	14,05	13,92	13,79	16,37	0
22/07/2020 07:50:00	16,28	15,82	15,37	15,12	15,01	14,92	14,77	14,61	14,44	14,28	14,12	13,92	13,73	16,39	0
22/07/2020 07:55:00	16,31	15,77	15,25	14,95	14,76	14,65	14,56	14,44	14,28	14,14	14,02	13,87	13,73	16,37	0
22/07/2020 08:00:00	16,28	15,86	15,35	15,02	14,81	14,66	14,53	14,38	14,20	14,04	13,90	13,73	13,57	16,29	0
22/07/2020 08:05:00	16,16	15,86	15,44	15,16	14,91	14,72	14,56	14,39	14,17	13,97	13,78	13,56	13,35	16,14	0
22/07/2020 08:10:00	16,11	15,78	15,28	15,00	14,81	14,64	14,50	14,34	14,15	13,98	13,82	13,64	13,45	16,09	0
22/07/2020 08:15:00	16,08	15,67	15,24	15,00	14,75	14,65	14,48	14,30	14,10	13,91	13,72	13,50	13,28	16,04	0
22/07/2020 08:20:00	16,20	15,74	15,28	14,95	14,71	14,51	14,37	14,19	13,98	13,80	13,61	13,41	13,20	16,21	0
22/07/2020 08:25:00	16,11	15,70	15,21	14,88	14,68	14,57	14,40	14,23	14,04	13,87	13,72	13,53	13,35	16,11	0
22/07/2020 08:30:00	16,11	15,74	15,26	14,94	14,74	14,61	14,48	14,33	14,14	13,98	13,84	13,67	13,50	16,06	0
22/07/2020 08:35:00	16,17	15,73	15,27	14,96	14,72	14,60	14,42	14,23	14,03	13,85	13,67	13,46	13,25	16,27	0
22/07/2020 08:40:00	16,15	15,78	15,37	15,03	14,75	14,56	14,39	14,20	13,97	13,77	13,57	13,35	13,13	16,20	0
22/07/2020 08:45:00	16,28	15,87	15,37	15,02	14,78	14,58	14,37	14,16	13,94	13,74	13,54	13,31	13,09	16,26	0
22/07/2020 08:50:00	16,37	15,88	15,37	15,06	14,86	14,64	14,43	14,23	14,01	13,81	13,60	13,36	13,12	16,32	0
22/07/2020 08:55:00	16,42	15,86	15,31	14,98	14,69	14,51	14,30	14,10	13,88	13,68	13,48	13,26	13,04	16,39	0
22/07/2020 09:00:00	16,53	16,09	15,44	15,04	14,76	14,56	14,31	14,09	13,87	13,68	13,50	13,29	13,09	16,57	0
22/07/2020 09:05:00	16,95	16,11	15,46	15,07	14,77	14,53	14,33	14,14	13,93	13,74	13,55	13,33	13,12	17,02	0
22/07/2020 09:10:00	16,90	16,30	15,67	15,25	14,94	14,69	14,40	14,15	13,91	13,68	13,45	13,19	12,94	17,23	0
22/07/2020 09:15:00	16,87	16,21	15,66	15,26	14,93	14,65	14,39	14,14	13,89	13,65	13,39	13,11	12,84	17,09	0
22/07/2020 09:20:00	16,70	16,25	15,80	15,46	15,14	14,86	14,58	14,31	14,05	13,79	13,51	13,20	12,90	17,00	0
22/07/2020 09:25:00	17,06	16,56	16,07	15,71	15,40	15,11	14,82	14,55	14,29	14,03	13,74	13,44	13,13	17,13	0
22/07/2020 09:30:00	17,08	16,69	16,15	15,78	15,46	15,13	14,85	14,58	14,31	14,05	13,78	13,49	13,19	17,33	0
22/07/2020 09:35:00	17,25	16,77	16,20	15,78	15,43	15,11	14,80	14,51	14,24	13,97	13,70	13,39	13,09	17,52	0
22/07/2020 09:40:00	17,58	16,91	16,29	15,88	15,53	15,22	14,93	14,66	14,40	14,15	13,88	13,59	13,29	17,74	0
22/07/2020 09:45:00	17,48	16,99	16,45	16,08	15,76	15,40	15,08	14,78	14,50	14,22	13,90	13,57	13,23	17,76	0
22/07/2020 09:50:00	17,34	16,98	16,51	16,11	15,79	15,48	15,16	14,87	14,59	14,32	14,02	13,70	13,38	17,80	0
22/07/2020 09:55:00	17,16	16,91	16,52	16,17	15,81	15,48	15,17	14,87	14,57	14,27	13,95	13,60	13,25	17,50	0
22/07/2020 10:00:00	17,15	16,97	16,62	16,24	15,89	15,55	15,19	14,86	14,54	14,22	13,87	13,49	13,12	17,42	0
22/07/2020 10:05:00	17,15	16,91	16,52	16,19	15,87	15,52	15,23	14,94	14,66	14,36	14,05	13,71	13,37	17,42	0
22/07/2020 10:10:00	17,14	16,86	16,46	16,05	15,72	15,43	15,13	14,84	14,55	14,27	13,98	13,66	13,34	17,43	0
22/07/2020 10:15:00	16,98	16,89	16,52	16,22	15,87	15,54	15,20	14,89	14,59	14,28	13,94	13,58	13,22	17,34	0
22/07/2020 10:20:00	17,09	16,85	16,47	16,13	15,83	15,55	15,24	14,95	14,66	14,38	14,07	13,74	13,40	17,41	0
22/07/2020 10:25:00	17,03	16,86	16,51	16,19	15,88	15,58	15,27	14,98	14,69	14,39	14,08	13,73	13,39	17,46	0
22/07/2020 10:30:00	17,07	16,90	16,53	16,17	15,84	15,52	15,19	14,88	14,58	14,27	13,94	13,59	13,23	17,27	0
22/07/2020 10:35:00	17,49	17,26	16,81	16,41	16,09	15,81	15,50	15,21	14,94	14,67	14,38	14,07	13,77	17,40	0
22/07/2020 10:40:00	17,50	17,33	16,89	16,47	16,14	15,83	15,53	15,24	14,96	14,69	14,41	14,10	13,80	17,54	0
22/07/2020 10:45:00	17,59	17,30	16,88	16,53	16,25	15,91	15,59	15,30	15,02	14,73	14,41	14,06	13,71	17,44	0
22/07/2020 10:50:00	17,68	17,39	17,00	16,63	16,28	15,94	15,60	15,29	14,98	14,67	14,33	13,96	13,59	17,67	0
22/07/2020 10:55:00	17,60	17,41	17,08	16,72	16,37	16,04	15,72	15,42	15,12	14,81	14,48	14,12	13,76	17,62	0
22/07/2020 11:00:00	17,67	17,40	17,03	16,65	16,31	16,03	15,72	15,43	15,14	14,85	14,54	14,20	13,86	17,79	0
22/07/2020 11:05:00	17,78	17,69	17,41	17,09	16,73	16,38	16,06	15,75	15,43	15,11	14,75	14,36	13,98	17,79	0
22/07/2020 11:10:00	17,70	17,63	17,34	17,05	16,74	16,44	16,13	15,83	15,53	15,23	14,88	14,51	14,14	17,59	0
22/07/2020 11:15:00	17,54	17,05	16,89	16,94	17,00	17,13	17,20	17,20	17,11	17,02	16,91	16,76	16,60	17,59	0
22/07/2020 11:20:00	16,93	17,03	17,00	16,85	16,70	16,58	16,42	16,23	15,99	15,76	15,49	15,19	14,90	16,90	0
22/07/2020 11:25:00	16,90	16,93	16,92	16,79	16,62	16,50	16,33	16,12	15,88	15,63	15,34	15,02	14,70	16,94	0
22/07/2020 11:30:00	16,83	16,83	16,78	16,68	16,63	16,63	16,55	16,42	16,24	16,06	15,86	15,63	15,40	16,84	0
22/07/2020 11:35:00	16,71	16,70	16,60	16,49	16,43	16,43	16,35	16,23	16,05	15,88	15,70	15,48	15,26	16,80	0
22/07/2020 11:40:00	16,76	16,71	16,56	16,40	16,29	16,17	16,03	15,86	15,64	15,43	15,20	14,93	14,67	16,60	0
22/07/2020 11:45:00	16,85	16,71	16,60	16,47	16,38	16,29	16,14	15,97	15,76	15,54	15,30	15,02	14,74	16,57	0
22/07/2020 11:50:00	17,35	16,99	16,65	16,47	16,34	16,23	16,09	15,94	15,75	15,56	15,36	15,12	14,88	17,14	0
22/07/2020 11:55:00	17,74	17,33	16,93	16,63	16,42	16,26	16,07	15,88	15,66	15,46	15,24	14,99	14,74	17,29	0
22/07/2020 12:00:00	17,58	17,22	16,89	16,62	16,37	16,20	16,02	15,82	15,60	15,38	15,14	14,87	14,60	17,31	0
22/07/2020 12:05:00	17,85	17,42	17,04	16,78	16,52	16,31	16,11	15,91	15,68	15,44	15,19	14,90	14,61	17,66	0
22/07/2020 12:10:00	18,28	17,69	17,20	16,84	16,59	16,39	16,14	15,92	15,69	15,46	15,22	14,94	14,66	18,17	0
22/07/2020 12:15:00	18,34	17,90	17,38	16,99	16,74	16,56	16,33	16,11	15,89	15,68	15,46	15,21	14,97	18,29	0
22/07/2020 12:20:00	18,50	18,07	17,63	17,23	16,89	16,60	16,32	16,05	15,78	15,50	15,21	14,89	14,57	18,35	0
22/07/2020 12:25:00	18,50	18,07	17,62	17,17	16,82	16,49	16,19	15,91	15,62	15,34	15,04	14,71	14,39	18,71	0
22/07/2020 12:30:00	18,41	18,13	17,73	17,36	16,97	16,66	16,34	16,03	15,74	15,43	15,09	14,73	14,37	18,56	0
22/07/2020 12:35:00	18,53	18,19	17,73	17,33	17,02	16,70	16,37	16,07	15,79	15,49	15,17	14,82	14,47	18,92	0
22/07/2020 12:40:00	18,14	17,99	17,79	17,47	17,16	16,85	16,52	16,20	15,89	15,55	15,17	14,76	14,35	18,41	0
22/07/2020 12:45:00	18,29	18,05	17,77	17,40	17,06	16,74	16,40	16,08	15,77	15,45	15,08	14,69	14,30	18,39	0
22/07/2020 12:50:00	18,70	18,13	17,73	17,34	17,02	16,74	16,48	16,23	15,97	15,70	15,41	15,08	14,76	18,99	0
22/07/2020 12:55:00	18,23	17,95	17,69	17,47	17,31	17,21	17,13	17,00	16,82	16,65	16,46	16,25	16,04	18,30	0
22/07/2020 13:00:00	17,78	17,62	17,48	17,34	17,28	17,25	17,19	17,09	16,92	16,75	16,57	16,36	16,15	18,06	0
22/07/2020 13:05:00	17,16	17,04	16,96	16,93	16,94	17,00	16,99	16,93	16,79	16,65	16,50	16,31	16,12	17,34	0
22/07/2020 13:10:00	17,04	17,25	17,29	17,29	17,24	17,20	17,06	16,88	16,67	16,44	16,17	15,86	15,55	16,98	0
22/07/2020 13:15:00	17,17	17,21	17,14	17,00	16,83	16,65	16,44	16,22	15,96	15,69	15,38	15,04	14,69	17,20	0
22/07/2020 13:20:00	17,35	17,30	17,18	17,03	16,87	16,72	16,54	16,34	16,10	15,85	15,57	15,25	14,94	17,32	0
22/07/2020 13:25:00	17,25	16,93	16,77	16,66	16,67	16,74	16,74	16,69	16,56	16,44	16,31	16,15	15,98	17,69	0
22/07/2020 13:30:00	16,54	16,60	16,51	16,38	16,22	16,04	15,80	15,55	15,29	15,01	14,69	14,34	13,99	16,87	0
22/07/2020 13:35:00	15,89	15,92	15,88	15,74	15,59	15,44	15,28	15,08	14,84	14,59	14,32	14,01	13,71	15,65	0
22/07/2020 13:40:00	15,80	15,83	15,75	15,55	15,40	15,32	15,16	14,97	14,74	14,52	14,28	14,02	13,76	15,84	0
22/07/2020 13:45:00	15,70	15,80	15,73	15,52	15,34	15,22	14,98	14,74	14,48	14,22	13,94	13,63	13,32	15,50	0
22/07/2020 13:50:00	15,67	15,62	15,60	15,44	15,25	15,08	14,87	14,64	14,37	14,09	13,78	13,44	13,10	15,35	0
22/07/2020 13:55:00	15,68	15,71	15,59	15,37	15,22	15,06	14,87	14,65	14,41	14,17	13,91	13,63	13,35	15,68	0
22/07/2020 14:00:00	15,74	15,74	15,56	15,31	15,14	15,03	14,85	14,66	14,43	14,21	13,99	13,75	13,51	15,55	0
22/07/2020 14:05:00	15,80	15,74	15,60	15,44	15,33	15,19	14,99	14,78	14,55	14,31	14,05	13,75	13,46	15,45	0
22/07/2020 14:10:00	15,81	15,80	15,64	15,47	15,34	15,19	15,01	14,81	14,58	14,35	14,11	13,83	13,55	15,67	0
22/07/2020 14:15:00	15,89	15,87	15,72	15,51	15,36	15,19	14,99	14,77	14,53	14,29	14,03	13,74	13,46	15,74	0
22/07/2020 14:20:00	16,28	15,99	15,76	15,54	15,41	15,31	15,15	14,97	14,77	14,56	14,35	14,10	13,86	15,92	0
22/07/2020 14:25:00	16,59	16,30	16,00	15,76	15,56	15,45	15,31	15,14	14,94	14,75	14,55	14,32	14,10	16,37	0
22/07/2020 14:30:00	17,75	16,83	16,20	15,81	15,49	15,27	15,07	14,88	14,68	14,48	14,28	14,06	13,83	17,62	0
22/07/2020 14:35:00	17,72	16,86	16,26	15,93	15,71	15,60	15,41	15,24	15,06	14,89	14,72	14,50	14,29	17,44	0
22/07/2020 14:40:00	17,21	16,83	16,42	16,07	15,77	15,51	15,25	15,00	14,74	14,48	14,20	13,90	13,60	17,08	0
22/07/2020 14:45:00	17,30	17,00	16,55	16,24	15,96	15,72	15,41	15,13	14,87	14,60	14,31	13,99	13,67	17,63	0
22/07/2020 14:50:00	17,15	16,94	16,64	16,40	16,16	15,91	15,61	15,32	15,05	14,76	14,43	14,06	13,70	17,65	0
22/07/2020 14:55:00	16,81	16,93	16,78	16,51	16,22	15,95	15,66	15,38	15,08	14,78	14,44	14,08	13,73	17,12	0
22/07/2020 15:00:00	17,21	17,33	17,18	16,95	16,65	16,35	16,04	15,74	15,43	15,10	14,73	14,33	13,94	17,15	0
22/07/2020 15:05:00	17,85	17,59	17,23	16,94	16,64	16,29	15,95	15,65	15,34	15,02	14,66	14,26	13,87	17,84	0
22/07/2020 15:10:00	17,70	17,61	17,39	17,13	16,85	16,56	16,23	15,92	15,61	15,29	14,91	14,51	14,10	17,96	0
22/07/2020 15:15:00	17,27	17,54	17,49	17,24	16,92	16,55	16,16	15,79	15,43	15,05	14,61	14,14	13,67	17,84	0
22/07/2020 15:20:00	17,19	17,43	17,32	17,08	16,77	16,44	16,12	15,81	15,48	15,14	14,76	14,35	13,94	17,59	0
22/07/2020 15:25:00	17,29	17,50	17,42	17,13	16,77	16,43	16,07	15,72	15,37	15,01	14,59	14,16	13,72	17,71	0
22/07/2020 15:30:00	17,34	17,47	17,28	16,98	16,67	16,32	15,97	15,64	15,31	14,97	14,58	14,17	13,77	17,53	0
22/07/2020 15:35:00	17,70	17,54	17,26	16,91	16,53	16,18	15,85	15,53	15,21	14,89	14,52	14,13	13,75	17,82	0
22/07/2020 15:40:00	18,11	17,79	17,25	16,81	16,41	16,10	15,75	15,44	15,15	14,87	14,56	14,24	13,91	18,36	0
22/07/2020 15:45:00	18,53	18,07	17,25	16,75	16,35	15,97	15,61	15,31	15,04	14,79	14,53	14,25	13,97	18,82	0
22/07/2020 15:50:00	18,89	18,09	17,35	16,89	16,50	16,12	15,82	15,55	15,30	15,04	14,77	14,48	14,18	18,89	0
22/07/2020 15:55:00	19,10	18,44	17,68	17,23	16,80	16,43	16,10	15,81	15,55	15,29	15,01	14,70	14,39	18,85	0
22/07/2020 16:00:00	19,24	18,67	17,94	17,37	16,82	16,31	15,89	15,52	15,19	14,85	14,49	14,11	13,74	19,52	0
22/07/2020 16:05:00	18,61	18,45	18,01	17,63	17,20	16,74	16,33	15,95	15,61	15,24	14,83	14,40	13,96	19,29	0
22/07/2020 16:10:00	18,29	18,31	18,10	17,75	17,37	16,98	16,59	16,23	15,88	15,51	15,08	14,64	14,19	18,79	0
22/07/2020 16:15:00	18,31	18,47	18,21	17,83	17,37	16,92	16,48	16,08	15,70	15,30	14,85	14,39	13,92	18,83	0
22/07/2020 16:20:00	19,00	18,63	18,07	17,63	17,21	16,77	16,36	16,01	15,68	15,35	14,97	14,57	14,17	19,16	0
22/07/2020 16:25:00	19,27	18,80	18,16	17,66	17,22	16,78	16,36	16,00	15,68	15,35	14,98	14,60	14,21	19,91	0
22/07/2020 16:30:00	18,95	18,91	18,43	17,98	17,49	16,94	16,48	16,06	15,69	15,30	14,87	14,42	13,96	19,63	0
22/07/2020 16:35:00	18,68	18,77	18,52	18,10	17,62	17,16	16,74	16,34	15,96	15,57	15,12	14,66	14,20	19,66	0
22/07/2020 16:40:00	18,72	18,75	18,49	18,12	17,72	17,26	16,79	16,38	16,00	15,59	15,11	14,61	14,11	19,40	0
22/07/2020 16:45:00	19,03	18,99	18,51	18,08	17,65	17,20	16,76	16,37	16,02	15,65	15,24	14,81	14,38	19,89	0
22/07/2020 16:50:00	19,13	18,94	18,52	18,09	17,65	17,18	16,75	16,35	16,00	15,61	15,18	14,73	14,27	19,70	0
22/07/2020 16:55:00	18,57	18,93	18,74	18,44	18,02	17,51	17,03	16,59	16,18	15,75	15,24	14,70	14,17	19,49	0
22/07/2020 17:00:00	18,48	18,83	18,70	18,36	17,95	17,48	17,02	16,59	16,20	15,77	15,28	14,77	14,26	19,37	0
22/07/2020 17:05:00	19,08	18,88	18,52	18,12	17,69	17,25	16,83	16,44	16,09	15,70	15,27	14,80	14,34	19,69	0
22/07/2020 17:10:00	18,52	18,78	18,67	18,34	17,99	17,51	17,05	16,63	16,24	15,81	15,31	14,79	14,27	19,37	0
22/07/2020 17:15:00	18,62	19,04	18,95	18,60	18,13	17,63	17,19	16,77	16,36	15,93	15,43	14,92	14,40	19,35	0
22/07/2020 17:20:00	18,53	18,95	18,90	18,60	18,20	17,73	17,27	16,84	16,44	16,00	15,48	14,95	14,41	19,07	0
22/07/2020 17:25:00	18,57	18,79	18,62	18,33	17,95	17,53	17,13	16,75	16,39	16,00	15,55	15,08	14,60	18,92	0
22/07/2020 17:30:00	18,65	18,78	18,60	18,24	17,81	17,34	16,93	16,54	16,16	15,76	15,30	14,81	14,33	18,81	0
22/07/2020 17:35:00	18,84	18,86	18,53	18,17	17,79	17,35	16,91	16,52	16,16	15,78	15,35	14,88	14,42	19,03	0
22/07/2020 17:40:00	18,70	18,80	18,61	18,29	17,89	17,43	17,02	16,63	16,26	15,86	15,40	14,91	14,42	19,27	0
22/07/2020 17:45:00	18,62	18,84	18,58	18,23	17,86	17,49	17,09	16,72	16,38	16,03	15,63	15,20	14,77	19,27	0
22/07/2020 17:50:00	18,71	18,86	18,67	18,35	17,97	17,55	17,15	16,77	16,41	16,02	15,58	15,11	14,64	19,14	0
22/07/2020 17:55:00	19,04	18,88	18,54	18,23	17,87	17,50	17,12	16,78	16,46	16,11	15,71	15,28	14,85	19,08	0
22/07/2020 18:00:00	19,37	19,17	18,63	18,27	17,88	17,48	17,10	16,76	16,45	16,13	15,76	15,36	14,96	19,98	0
22/07/2020 18:05:00	19,20	19,20	18,83	18,45	18,04	17,60	17,20	16,84	16,49	16,13	15,71	15,28	14,84	19,99	0
22/07/2020 18:10:00	18,95	19,19	19,00	18,58	18,13	17,66	17,22	16,82	16,43	16,03	15,57	15,10	14,62	19,51	0
22/07/2020 18:15:00	18,60	19,08	18,99	18,60	18,18	17,70	17,24	16,81	16,40	15,98	15,49	14,99	14,49	19,22	0
22/07/2020 18:20:00	18,62	19,04	18,84	18,50	18,02	17,55	17,10	16,69	16,29	15,88	15,41	14,92	14,43	19,34	0
22/07/2020 18:25:00	19,17	19,11	18,63	18,23	17,78	17,34	16,93	16,57	16,23	15,88	15,49	15,07	14,66	19,41	0
22/07/2020 18:30:00	19,30	19,16	18,74	18,33	17,93	17,42	16,96	16,55	16,19	15,80	15,34	14,86	14,38	19,61	0
22/07/2020 18:35:00	18,95	19,10	18,75	18,31	17,85	17,39	16,95	16,55	16,19	15,81	15,39	14,95	14,51	19,36	0
22/07/2020 18:40:00	18,80	18,96	18,62	18,19	17,76	17,29	16,87	16,48	16,12	15,75	15,34	14,90	14,47	19,36	0
22/07/2020 18:45:00	19,05	19,25	18,92	18,53	18,12	17,69	17,26	16,87	16,51	16,14	15,71	15,27	14,82	19,41	0
22/07/2020 18:50:00	18,99	19,20	18,96	18,62	18,22	17,79	17,37	16,99	16,62	16,23	15,79	15,32	14,85	19,16	0
22/07/2020 18:55:00	18,96	19,11	18,84	18,51	18,08	17,63	17,21	16,82	16,45	16,06	15,61	15,14	14,67	19,52	0
22/07/2020 19:00:00	18,85	19,15	18,91	18,55	18,16	17,70	17,26	16,86	16,48	16,09	15,64	15,17	14,69	19,36	0
22/07/2020 19:05:00	18,74	19,10	18,87	18,50	18,12	17,71	17,26	16,86	16,49	16,10	15,67	15,21	14,74	19,71	0
22/07/2020 19:10:00	18,20	19,02	19,05	18,70	18,31	17,84	17,37	16,93	16,51	16,07	15,57	15,06	14,54	19,10	0
22/07/2020 19:15:00	18,29	18,96	18,93	18,69	18,31	17,88	17,45	17,04	16,65	16,24	15,76	15,25	14,75	18,50	0
22/07/2020 19:20:00	18,19	18,99	19,05	18,74	18,34	17,86	17,38	16,93	16,50	16,05	15,52	14,97	14,43	18,67	0
22/07/2020 19:25:00	18,04	18,93	19,05	18,81	18,41	17,94	17,47	17,03	16,60	16,14	15,60	15,05	14,49	18,64	0
22/07/2020 19:30:00	18,12	18,86	18,91	18,62	18,29	17,83	17,36	16,92	16,52	16,08	15,56	15,03	14,50	18,34	0
22/07/2020 19:35:00	18,18	18,90	18,91	18,59	18,21	17,76	17,30	16,86	16,46	16,02	15,52	15,01	14,49	18,15	0
22/07/2020 19:40:00	18,23	18,93	18,99	18,75	18,40	17,97	17,50	17,07	16,66	16,22	15,70	15,15	14,61	18,26	0
22/07/2020 19:45:00	18,16	18,95	19,00	18,74	18,34	17,86	17,39	16,95	16,53	16,07	15,54	14,99	14,44	18,21	0
22/07/2020 19:50:00	18,27	18,70	18,50	18,11	17,66	17,18	16,71	16,29	15,89	15,48	15,02	14,54	14,06	18,36	0
22/07/2020 19:55:00	17,96	18,22	18,12	17,84	17,48	17,06	16,65	16,27	15,90	15,50	15,03	14,54	14,06	17,60	0
22/07/2020 20:00:00	17,56	17,80	17,64	17,41	17,11	16,77	16,40	16,06	15,73	15,38	14,98	14,55	14,12	17,56	0
22/07/2020 20:05:00	17,34	17,68	17,60	17,34	17,05	16,77	16,43	16,11	15,79	15,46	15,08	14,68	14,28	17,22	0
22/07/2020 20:10:00	17,12	17,54	17,41	17,09	16,82	16,49	16,10	15,73	15,40	15,05	14,66	14,25	13,84	17,16	0
22/07/2020 20:15:00	17,10	17,51	17,31	17,00	16,68	16,32	15,96	15,61	15,27	14,94	14,56	14,17	13,78	17,09	0
22/07/2020 20:20:00	17,21	17,37	17,15	16,89	16,59	16,24	15,90	15,57	15,25	14,91	14,54	14,13	13,73	17,11	0
22/07/2020 20:25:00	16,95	17,17	16,91	16,63	16,31	16,00	15,67	15,36	15,05	14,74	14,39	14,03	13,67	16,94	0
22/07/2020 20:30:00	16,88	17,07	16,88	16,63	16,32	15,99	15,62	15,29	14,96	14,62	14,23	13,82	13,40	16,92	0
22/07/2020 20:35:00	16,88	16,96	16,74	16,46	16,18	15,86	15,51	15,18	14,87	14,54	14,18	13,78	13,39	16,82	0
22/07/2020 20:40:00	16,82	16,89	16,74	16,47	16,20	15,90	15,58	15,27	14,96	14,63	14,27	13,88	13,50	16,63	0
22/07/2020 20:45:00	16,54	16,75	16,60	16,36	16,09	15,82	15,49	15,18	14,87	14,55	14,20	13,82	13,45	16,67	0
22/07/2020 20:50:00	16,59	16,73	16,56	16,34	16,07	15,80	15,48	15,17	14,87	14,55	14,20	13,82	13,44	16,56	0
22/07/2020 20:55:00	16,54	16,77	16,60	16,30	16,04	15,76	15,41	15,08	14,77	14,45	14,10	13,73	13,35	16,55	0
22/07/2020 21:00:00	16,35	16,53	16,29	15,98	15,70	15,36	15,01	14,68	14,36	14,04	13,69	13,32	12,95	16,44	0
22/07/2020 21:05:00	16,25	16,44	16,27	16,01	15,72	15,44	15,06	14,72	14,39	14,06	13,68	13,28	12,88	16,39	0
22/07/2020 21:10:00	16,32	16,49	16,34	16,07	15,79	15,47	15,13	14,80	14,49	14,15	13,79	13,40	13,01	16,34	0
22/07/2020 21:15:00	16,16	16,35	16,22	15,95	15,65	15,35	15,02	14,70	14,38	14,05	13,69	13,31	12,93	16,27	0
22/07/2020 21:20:00	16,15	16,38	16,21	15,95	15,68	15,40	15,07	14,75	14,44	14,13	13,78	13,41	13,04	16,19	0
22/07/2020 21:25:00	16,14	16,34	16,22	15,98	15,72	15,45	15,12	14,81	14,50	14,18	13,82	13,44	13,06	16,17	0
22/07/2020 21:30:00	16,09	16,29	16,21	16,05	15,83	15,51	15,25	14,97	14,67	14,36	14,00	13,62	13,24	16,12	0
22/07/2020 21:35:00	16,15	16,32	16,13	15,87	15,64	15,43	15,11	14,81	14,53	14,24	13,93	13,59	13,25	16,10	0
22/07/2020 21:40:00	16,03	16,29	16,23	16,01	15,72	15,41	15,10	14,79	14,46	14,13	13,75	13,36	12,96	16,10	0
22/07/2020 21:45:00	16,17	16,31	16,15	15,89	15,64	15,39	15,10	14,82	14,53	14,23	13,91	13,57	13,23	16,18	0
22/07/2020 21:50:00	16,25	16,41	16,30	16,08	15,86	15,60	15,31	15,02	14,72	14,41	14,07	13,70	13,33	16,17	0
22/07/2020 21:55:00	16,19	16,36	16,23	16,02	15,79	15,48	15,17	14,86	14,56	14,24	13,88	13,49	13,11	16,20	0
22/07/2020 22:00:00	16,26	16,39	16,25	15,99	15,72	15,47	15,17	14,88	14,58	14,28	13,95	13,60	13,25	16,20	0
22/07/2020 22:05:00	16,08	16,21	16,08	15,89	15,60	15,36	15,07	14,78	14,48	14,17	13,83	13,46	13,09	16,17	0
22/07/2020 22:10:00	16,10	16,26	16,09	15,80	15,57	15,27	14,92	14,60	14,29	13,97	13,62	13,25	12,87	16,20	0
22/07/2020 22:15:00	16,21	16,38	16,15	15,83	15,50	15,17	14,84	14,52	14,20	13,89	13,55	13,19	12,83	16,14	0
22/07/2020 22:20:00	16,14	16,16	15,93	15,69	15,40	15,11	14,81	14,52	14,22	13,91	13,58	13,22	12,86	16,07	0
22/07/2020 22:25:00	16,13	16,19	15,99	15,74	15,46	15,14	14,85	14,57	14,26	13,96	13,62	13,26	12,90	16,05	0
22/07/2020 22:30:00	16,08	16,03	15,84	15,63	15,44	15,20	14,89	14,60	14,32	14,03	13,69	13,33	12,96	16,03	0
22/07/2020 22:35:00	16,03	16,08	15,96	15,71	15,47	15,21	14,91	14,62	14,32	14,01	13,67	13,30	12,94	16,04	0
22/07/2020 22:40:00	15,98	16,13	16,03	15,81	15,62	15,37	15,05	14,74	14,45	14,14	13,79	13,42	13,05	15,95	0
22/07/2020 22:45:00	15,93	16,10	16,01	15,78	15,53	15,29	14,98	14,68	14,38	14,07	13,73	13,36	12,99	15,89	0
22/07/2020 22:50:00	15,93	16,03	15,88	15,69	15,42	15,15	14,87	14,59	14,29	13,99	13,65	13,28	12,92	15,92	0
22/07/2020 22:55:00	15,90	15,94	15,75	15,51	15,29	15,05	14,77	14,50	14,22	13,93	13,63	13,29	12,96	15,94	0
22/07/2020 23:00:00	15,82	15,88	15,72	15,51	15,31	15,06	14,76	14,47	14,18	13,88	13,55	13,19	12,84	15,86	0
22/07/2020 23:05:00	15,77	15,88	15,76	15,52	15,28	15,01	14,68	14,37	14,06	13,74	13,39	13,01	12,63	15,84	0
22/07/2020 23:10:00	15,69	15,90	15,84	15,64	15,40	15,15	14,83	14,52	14,21	13,89	13,53	13,15	12,76	15,72	0
22/07/2020 23:15:00	15,64	15,88	15,77	15,54	15,30	14,98	14,64	14,31	13,99	13,66	13,29	12,90	12,50	15,67	0
22/07/2020 23:20:00	15,74	15,83	15,78	15,57	15,41	15,19	14,89	14,61	14,32	14,02	13,67	13,30	12,93	15,53	0
22/07/2020 23:25:00	15,49	15,66	15,69	15,58	15,45	15,25	14,97	14,70	14,42	14,11	13,75	13,37	12,99	15,50	0
22/07/2020 23:30:00	15,36	15,80	15,74	15,62	15,39	15,15	14,86	14,57	14,28	13,97	13,63	13,27	12,90	15,40	0
22/07/2020 23:35:00	15,33	15,55	15,53	15,37	15,22	15,01	14,74	14,48	14,19	13,90	13,58	13,22	12,87	15,35	0
22/07/2020 23:40:00	15,29	15,62	15,60	15,40	15,22	14,97	14,67	14,37	14,07	13,75	13,41	13,03	12,66	15,25	0
22/07/2020 23:45:00	15,27	15,60	15,54	15,38	15,21	14,98	14,68	14,40	14,11	13,81	13,48	13,12	12,76	15,22	0
22/07/2020 23:50:00	15,21	15,45	15,44	15,31	15,15	14,96	14,71	14,45	14,18	13,89	13,57	13,22	12,87	15,24	0
22/07/2020 23:55:00	15,24	15,48	15,50	15,38	15,21	14,94	14,69	14,43	14,14	13,83	13,48	13,10	12,72	15,13	0
