FileFormat:0002.2 file with temperature of atmosphere
200
local	GMT or Local
0	GMT-Local=[hours]
0	Height[m]
0	0	0	Longitude                [grd]               [min]               [sec]
0	0	0	Latitude                [grd]               [min]               [sec]
N	NS
59,40	Freq[GHz]
0,00	dTemostat[K]
0,150	MessErr[K]
0,248	//[grad/step]
version 14.0.20110218
MTP5H033F5940K-33.00D180214+A1.1
Commentary:
enter comment
End Of Commentary

SYSTEM\alaska.dat
data time	0	50	100	150	200	250	300	350	400	450	500	550	600	OutsideTemperature	Quality
10/02/2020 00:00:00	-1,42	-1,36	-1,64	-2,17	-2,50	-2,65	-2,62	-2,38	-2,11	-1,91	-1,68	-1,37	-1,06	-1,44	0
10/02/2020 00:05:00	-1,50	-1,36	-1,65	-2,19	-2,60	-2,81	-2,77	-2,56	-2,34	-2,17	-1,97	-1,68	-1,39	-1,49	0
10/02/2020 00:10:00	-1,48	-1,33	-1,62	-2,25	-2,61	-2,74	-2,61	-2,29	-1,98	-1,75	-1,48	-1,12	-0,75	-1,59	0
10/02/2020 00:15:00	-1,53	-1,32	-1,50	-2,08	-2,48	-2,64	-2,63	-2,43	-2,20	-2,01	-1,79	-1,46	-1,13	-1,42	0
10/02/2020 00:20:00	-1,57	-1,32	-1,63	-2,24	-2,59	-2,74	-2,66	-2,36	-2,05	-1,82	-1,55	-1,20	-0,85	-1,49	0
10/02/2020 00:25:00	-1,50	-1,34	-1,62	-2,15	-2,48	-2,62	-2,57	-2,32	-2,05	-1,85	-1,63	-1,33	-1,04	-1,57	0
10/02/2020 00:30:00	-1,59	-1,31	-1,62	-2,15	-2,58	-2,76	-2,71	-2,45	-2,19	-1,99	-1,75	-1,43	-1,11	-1,53	0
10/02/2020 00:35:00	-1,54	-1,28	-1,59	-2,20	-2,60	-2,72	-2,63	-2,32	-2,01	-1,78	-1,51	-1,16	-0,80	-1,51	0
10/02/2020 00:40:00	-1,54	-1,30	-1,65	-2,31	-2,68	-2,75	-2,54	-2,12	-1,75	-1,46	-1,14	-0,73	-0,32	-1,51	0
10/02/2020 00:45:00	-1,51	-1,31	-1,61	-2,19	-2,57	-2,74	-2,72	-2,48	-2,20	-1,99	-1,75	-1,43	-1,11	-1,51	0
10/02/2020 00:50:00	-1,54	-1,30	-1,56	-2,09	-2,44	-2,59	-2,52	-2,27	-2,01	-1,81	-1,59	-1,30	-1,00	-1,55	0
10/02/2020 00:55:00	-1,54	-1,41	-1,66	-2,06	-2,38	-2,48	-2,38	-2,11	-1,85	-1,66	-1,44	-1,15	-0,86	-1,49	0
10/02/2020 01:00:00	-1,55	-1,34	-1,59	-2,10	-2,44	-2,65	-2,61	-2,41	-2,18	-2,02	-1,84	-1,58	-1,32	-1,57	0
10/02/2020 01:05:00	-1,63	-1,28	-1,53	-2,07	-2,49	-2,73	-2,70	-2,50	-2,28	-2,12	-1,92	-1,64	-1,36	-1,54	0
10/02/2020 01:10:00	-1,59	-1,25	-1,50	-2,22	-2,70	-2,96	-2,93	-2,69	-2,44	-2,23	-1,97	-1,60	-1,24	-1,60	0
10/02/2020 01:15:00	-1,61	-1,31	-1,56	-2,13	-2,60	-2,81	-2,77	-2,55	-2,31	-2,12	-1,89	-1,56	-1,24	-1,52	0
10/02/2020 01:20:00	-1,48	-1,17	-1,38	-1,95	-2,49	-2,79	-2,84	-2,71	-2,56	-2,43	-2,24	-1,95	-1,66	-1,49	0
10/02/2020 01:25:00	-1,51	-1,24	-1,50	-2,00	-2,29	-2,43	-2,37	-2,11	-1,83	-1,64	-1,43	-1,14	-0,86	-1,37	0
10/02/2020 01:30:00	-1,54	-1,16	-1,27	-1,81	-2,25	-2,63	-2,83	-2,82	-2,72	-2,64	-2,51	-2,29	-2,07	-1,56	0
10/02/2020 01:35:00	-1,56	-1,22	-1,39	-1,80	-2,31	-2,63	-2,74	-2,69	-2,58	-2,50	-2,37	-2,15	-1,92	-1,47	0
10/02/2020 01:40:00	-1,47	-1,28	-1,48	-1,94	-2,26	-2,46	-2,61	-2,51	-2,31	-2,16	-1,99	-1,75	-1,51	-1,45	0
10/02/2020 01:45:00	-1,47	-1,19	-1,28	-1,74	-2,18	-2,50	-2,59	-2,53	-2,43	-2,34	-2,21	-1,97	-1,74	-1,55	0
10/02/2020 01:50:00	-1,52	-1,16	-1,21	-1,63	-2,09	-2,50	-2,71	-2,75	-2,71	-2,67	-2,58	-2,39	-2,21	-1,46	0
10/02/2020 01:55:00	-1,44	-1,07	-1,29	-1,73	-2,16	-2,41	-2,44	-2,30	-2,13	-2,01	-1,86	-1,64	-1,42	-1,46	0
10/02/2020 02:00:00	-1,42	-1,15	-1,33	-1,83	-2,13	-2,32	-2,29	-2,07	-1,83	-1,65	-1,44	-1,14	-0,84	-1,33	0
10/02/2020 02:05:00	-1,46	-1,05	-1,31	-1,97	-2,39	-2,56	-2,43	-2,10	-1,79	-1,55	-1,26	-0,87	-0,49	-1,42	0
10/02/2020 02:10:00	-1,39	-1,12	-1,29	-1,76	-2,17	-2,37	-2,34	-2,16	-1,97	-1,83	-1,65	-1,39	-1,12	-1,42	0
10/02/2020 02:15:00	-1,32	-1,14	-1,41	-2,01	-2,41	-2,50	-2,34	-2,00	-1,70	-1,46	-1,18	-0,81	-0,44	-1,36	0
10/02/2020 02:20:00	-1,38	-1,13	-1,40	-2,05	-2,41	-2,53	-2,35	-1,99	-1,67	-1,43	-1,15	-0,78	-0,41	-1,46	0
10/02/2020 02:25:00	-1,43	-1,17	-1,49	-2,00	-2,36	-2,50	-2,37	-2,07	-1,78	-1,58	-1,35	-1,06	-0,77	-1,51	0
10/02/2020 02:30:00	-1,38	-1,22	-1,46	-1,96	-2,32	-2,46	-2,33	-2,05	-1,79	-1,59	-1,36	-1,04	-0,72	-1,43	0
10/02/2020 02:35:00	-1,44	-1,26	-1,53	-2,14	-2,52	-2,59	-2,36	-1,96	-1,63	-1,37	-1,07	-0,67	-0,27	-1,44	0
10/02/2020 02:40:00	-1,43	-1,17	-1,40	-1,91	-2,32	-2,52	-2,42	-2,17	-1,94	-1,76	-1,54	-1,23	-0,92	-1,42	0
10/02/2020 02:45:00	-1,38	-1,08	-1,33	-1,98	-2,35	-2,55	-2,51	-2,25	-1,97	-1,75	-1,50	-1,15	-0,81	-1,44	0
10/02/2020 02:50:00	-1,40	-1,17	-1,25	-1,71	-2,10	-2,47	-2,64	-2,63	-2,56	-2,51	-2,41	-2,22	-2,03	-1,39	0
10/02/2020 02:55:00	-1,44	-1,23	-1,38	-1,88	-2,28	-2,46	-2,44	-2,25	-2,06	-1,92	-1,73	-1,44	-1,16	-1,46	0
10/02/2020 03:00:00	-1,44	-1,17	-1,33	-1,84	-2,23	-2,51	-2,56	-2,43	-2,28	-2,15	-1,99	-1,73	-1,48	-1,39	0
10/02/2020 03:05:00	-1,48	-1,18	-1,27	-1,69	-2,09	-2,43	-2,61	-2,58	-2,47	-2,38	-2,24	-2,02	-1,79	-1,45	0
10/02/2020 03:10:00	-1,49	-1,21	-1,39	-1,83	-2,30	-2,59	-2,59	-2,45	-2,30	-2,18	-2,01	-1,74	-1,48	-1,46	0
10/02/2020 03:15:00	-1,44	-1,07	-1,25	-1,78	-2,30	-2,56	-2,65	-2,52	-2,35	-2,21	-2,02	-1,72	-1,43	-1,47	0
10/02/2020 03:20:00	-1,40	-1,17	-1,33	-1,75	-2,11	-2,38	-2,41	-2,29	-2,13	-2,02	-1,86	-1,62	-1,38	-1,42	0
10/02/2020 03:25:00	-1,43	-1,20	-1,43	-1,83	-2,08	-2,27	-2,31	-2,14	-1,92	-1,77	-1,60	-1,38	-1,16	-1,43	0
10/02/2020 03:30:00	-1,52	-1,28	-1,51	-2,08	-2,43	-2,48	-2,29	-1,91	-1,57	-1,30	-0,99	-0,58	-0,17	-1,48	0
10/02/2020 03:35:00	-1,49	-1,28	-1,40	-1,83	-2,19	-2,34	-2,26	-2,04	-1,85	-1,70	-1,51	-1,23	-0,95	-1,43	0
10/02/2020 03:40:00	-1,44	-1,28	-1,47	-1,87	-2,17	-2,27	-2,20	-1,97	-1,74	-1,57	-1,38	-1,12	-0,85	-1,50	0
10/02/2020 03:45:00	-1,50	-1,28	-1,51	-2,00	-2,34	-2,35	-2,11	-1,73	-1,42	-1,19	-0,93	-0,59	-0,24	-1,59	0
10/02/2020 03:50:00	-1,54	-1,33	-1,46	-1,90	-2,24	-2,37	-2,29	-2,06	-1,83	-1,65	-1,44	-1,13	-0,83	-1,49	0
10/02/2020 03:55:00	-1,53	-1,22	-1,45	-1,98	-2,39	-2,53	-2,44	-2,18	-1,91	-1,72	-1,49	-1,17	-0,85	-1,40	0
10/02/2020 04:00:00	-1,41	-1,12	-1,32	-1,97	-2,34	-2,53	-2,47	-2,21	-1,95	-1,75	-1,50	-1,15	-0,80	-1,50	0
10/02/2020 04:05:00	-1,50	-1,21	-1,50	-2,05	-2,43	-2,55	-2,46	-2,17	-1,89	-1,68	-1,44	-1,12	-0,81	-1,41	0
10/02/2020 04:10:00	-1,49	-1,18	-1,34	-1,86	-2,20	-2,35	-2,33	-2,11	-1,88	-1,70	-1,49	-1,20	-0,91	-1,48	0
10/02/2020 04:15:00	-1,54	-1,31	-1,52	-2,03	-2,42	-2,46	-2,36	-2,04	-1,73	-1,49	-1,20	-0,82	-0,44	-1,51	0
10/02/2020 04:20:00	-1,55	-1,31	-1,55	-2,07	-2,38	-2,54	-2,42	-2,13	-1,87	-1,67	-1,45	-1,14	-0,84	-1,61	0
10/02/2020 04:25:00	-1,58	-1,32	-1,48	-1,91	-2,29	-2,46	-2,41	-2,20	-2,00	-1,84	-1,65	-1,37	-1,09	-1,52	0
10/02/2020 04:30:00	-1,49	-1,33	-1,59	-2,08	-2,44	-2,52	-2,41	-2,11	-1,82	-1,61	-1,36	-1,03	-0,69	-1,61	0
10/02/2020 04:35:00	-1,57	-1,29	-1,48	-2,00	-2,28	-2,43	-2,39	-2,14	-1,87	-1,67	-1,44	-1,13	-0,82	-1,56	0
10/02/2020 04:40:00	-1,50	-1,24	-1,50	-2,07	-2,35	-2,47	-2,37	-2,07	-1,76	-1,54	-1,30	-0,98	-0,66	-1,52	0
10/02/2020 04:45:00	-1,48	-1,21	-1,54	-2,10	-2,49	-2,57	-2,43	-2,09	-1,75	-1,49	-1,21	-0,85	-0,48	-1,49	0
10/02/2020 04:50:00	-1,51	-1,23	-1,44	-2,01	-2,38	-2,53	-2,45	-2,20	-1,95	-1,76	-1,54	-1,23	-0,93	-1,43	0
10/02/2020 04:55:00	-1,42	-1,23	-1,49	-1,99	-2,35	-2,56	-2,52	-2,30	-2,07	-1,90	-1,70	-1,41	-1,13	-1,44	0
10/02/2020 05:00:00	-1,53	-1,24	-1,51	-1,96	-2,37	-2,58	-2,58	-2,39	-2,17	-2,01	-1,81	-1,55	-1,28	-1,52	0
10/02/2020 05:05:00	-1,55	-1,31	-1,49	-1,89	-2,13	-2,28	-2,20	-1,98	-1,76	-1,61	-1,45	-1,22	-0,99	-1,52	0
10/02/2020 05:10:00	-1,52	-1,35	-1,55	-2,08	-2,37	-2,48	-2,37	-2,09	-1,82	-1,62	-1,39	-1,07	-0,76	-1,52	0
10/02/2020 05:15:00	-1,53	-1,39	-1,66	-2,11	-2,46	-2,58	-2,46	-2,17	-1,91	-1,71	-1,48	-1,17	-0,86	-1,57	0
10/02/2020 05:20:00	-1,53	-1,27	-1,60	-2,14	-2,51	-2,67	-2,56	-2,26	-1,97	-1,77	-1,53	-1,22	-0,91	-1,54	0
10/02/2020 05:25:00	-1,54	-1,23	-1,52	-1,98	-2,36	-2,56	-2,48	-2,23	-2,00	-1,83	-1,64	-1,38	-1,11	-1,54	0
10/02/2020 05:30:00	-1,52	-1,33	-1,62	-2,11	-2,36	-2,46	-2,42	-2,14	-1,83	-1,60	-1,36	-1,05	-0,75	-1,56	0
10/02/2020 05:35:00	-1,51	-1,29	-1,64	-2,29	-2,65	-2,69	-2,48	-2,08	-1,71	-1,44	-1,14	-0,76	-0,38	-1,52	0
10/02/2020 05:40:00	-1,56	-1,32	-1,60	-2,11	-2,45	-2,58	-2,45	-2,14	-1,84	-1,63	-1,38	-1,06	-0,73	-1,54	0
10/02/2020 05:45:00	-1,61	-1,35	-1,56	-2,11	-2,50	-2,66	-2,55	-2,27	-2,00	-1,79	-1,54	-1,19	-0,83	-1,54	0
10/02/2020 05:50:00	-1,62	-1,34	-1,53	-2,04	-2,35	-2,48	-2,40	-2,13	-1,86	-1,66	-1,43	-1,11	-0,80	-1,62	0
10/02/2020 05:55:00	-1,50	-1,30	-1,59	-2,03	-2,32	-2,41	-2,33	-2,04	-1,74	-1,53	-1,29	-0,99	-0,69	-1,46	0
10/02/2020 06:00:00	-1,51	-1,24	-1,53	-2,01	-2,34	-2,44	-2,25	-1,90	-1,58	-1,34	-1,09	-0,75	-0,41	-1,59	0
10/02/2020 06:05:00	-1,62	-1,28	-1,55	-2,15	-2,50	-2,62	-2,50	-2,18	-1,86	-1,63	-1,37	-1,02	-0,67	-1,59	0
10/02/2020 06:10:00	-1,50	-1,33	-1,54	-2,00	-2,27	-2,37	-2,28	-2,00	-1,73	-1,53	-1,31	-1,00	-0,70	-1,45	0
10/02/2020 06:15:00	-1,51	-1,29	-1,47	-1,90	-2,24	-2,44	-2,40	-2,21	-2,01	-1,86	-1,68	-1,42	-1,16	-1,60	0
10/02/2020 06:20:00	-1,53	-1,18	-1,43	-1,96	-2,31	-2,44	-2,35	-2,06	-1,76	-1,54	-1,30	-0,97	-0,64	-1,39	0
10/02/2020 06:25:00	-1,41	-1,20	-1,42	-1,96	-2,29	-2,42	-2,35	-2,09	-1,83	-1,64	-1,41	-1,10	-0,79	-1,40	0
10/02/2020 06:30:00	-1,41	-1,17	-1,37	-1,86	-2,26	-2,50	-2,51	-2,34	-2,15	-2,00	-1,82	-1,55	-1,28	-1,37	0
10/02/2020 06:35:00	-1,42	-1,00	-1,22	-1,80	-2,25	-2,53	-2,58	-2,42	-2,22	-2,06	-1,86	-1,57	-1,28	-1,47	0
10/02/2020 06:40:00	-1,37	-1,04	-1,27	-1,76	-2,15	-2,37	-2,44	-2,30	-2,09	-1,94	-1,76	-1,50	-1,25	-1,29	0
10/02/2020 06:45:00	-1,30	-1,03	-1,22	-1,74	-2,15	-2,40	-2,41	-2,25	-2,07	-1,93	-1,76	-1,49	-1,23	-1,30	0
10/02/2020 06:50:00	-1,27	-0,92	-1,09	-1,63	-2,02	-2,33	-2,44	-2,32	-2,15	-2,01	-1,82	-1,54	-1,26	-1,26	0
10/02/2020 06:55:00	-1,29	-1,02	-1,13	-1,50	-1,79	-2,06	-2,12	-2,03	-1,90	-1,81	-1,69	-1,49	-1,30	-1,29	0
10/02/2020 07:00:00	-1,27	-1,05	-1,23	-1,70	-2,02	-2,19	-2,13	-1,90	-1,67	-1,50	-1,30	-1,01	-0,72	-1,34	0
10/02/2020 07:05:00	-1,32	-1,01	-1,21	-1,74	-2,18	-2,48	-2,54	-2,40	-2,23	-2,09	-1,91	-1,64	-1,36	-1,24	0
10/02/2020 07:10:00	-1,29	-1,07	-1,21	-1,63	-2,00	-2,26	-2,29	-2,16	-2,01	-1,89	-1,73	-1,48	-1,23	-1,31	0
10/02/2020 07:15:00	-1,30	-0,95	-1,10	-1,64	-2,06	-2,32	-2,37	-2,22	-2,04	-1,91	-1,72	-1,44	-1,17	-1,36	0
10/02/2020 07:20:00	-1,25	-1,00	-1,17	-1,61	-2,04	-2,35	-2,45	-2,38	-2,26	-2,17	-2,04	-1,81	-1,59	-1,37	0
10/02/2020 07:25:00	-1,40	-1,07	-1,30	-1,89	-2,30	-2,47	-2,39	-2,12	-1,86	-1,65	-1,41	-1,07	-0,74	-1,37	0
10/02/2020 07:30:00	-1,48	-1,17	-1,42	-1,98	-2,38	-2,46	-2,26	-1,90	-1,59	-1,36	-1,10	-0,75	-0,39	-1,46	0
10/02/2020 07:35:00	-1,37	-1,11	-1,39	-2,06	-2,49	-2,65	-2,54	-2,24	-1,94	-1,72	-1,45	-1,08	-0,71	-1,45	0
10/02/2020 07:40:00	-1,49	-1,18	-1,41	-1,92	-2,32	-2,57	-2,60	-2,44	-2,24	-2,10	-1,92	-1,66	-1,40	-1,47	0
10/02/2020 07:45:00	-1,51	-1,14	-1,35	-1,95	-2,45	-2,68	-2,65	-2,44	-2,23	-2,05	-1,82	-1,48	-1,15	-1,44	0
10/02/2020 07:50:00	-1,49	-1,25	-1,48	-2,07	-2,45	-2,64	-2,58	-2,34	-2,09	-1,89	-1,66	-1,34	-1,02	-1,49	0
10/02/2020 07:55:00	-1,54	-1,25	-1,40	-1,84	-2,25	-2,56	-2,71	-2,66	-2,55	-2,46	-2,34	-2,14	-1,93	-1,52	0
10/02/2020 08:00:00	-1,53	-1,25	-1,40	-1,76	-2,12	-2,32	-2,36	-2,23	-2,06	-1,93	-1,77	-1,53	-1,29	-1,53	0
10/02/2020 08:05:00	-1,54	-1,25	-1,32	-1,79	-2,19	-2,58	-2,75	-2,75	-2,69	-2,63	-2,53	-2,33	-2,13	-1,60	0
10/02/2020 08:10:00	-1,52	-1,24	-1,44	-1,90	-2,30	-2,52	-2,53	-2,35	-2,15	-1,99	-1,80	-1,51	-1,23	-1,54	0
10/02/2020 08:15:00	-1,46	-1,15	-1,34	-1,80	-2,20	-2,46	-2,57	-2,49	-2,34	-2,24	-2,11	-1,90	-1,70	-1,47	0
10/02/2020 08:20:00	-1,54	-1,20	-1,50	-2,11	-2,57	-2,76	-2,70	-2,45	-2,18	-1,98	-1,75	-1,44	-1,12	-1,43	0
10/02/2020 08:25:00	-1,55	-1,25	-1,51	-2,04	-2,47	-2,64	-2,60	-2,37	-2,13	-1,95	-1,75	-1,45	-1,16	-1,57	0
10/02/2020 08:30:00	-1,60	-1,39	-1,62	-2,11	-2,45	-2,62	-2,56	-2,33	-2,10	-1,93	-1,73	-1,45	-1,18	-1,62	0
10/02/2020 08:35:00	-1,60	-1,38	-1,61	-2,09	-2,45	-2,68	-2,68	-2,50	-2,30	-2,15	-1,97	-1,71	-1,45	-1,61	0
10/02/2020 08:40:00	-1,56	-1,37	-1,65	-2,13	-2,54	-2,79	-2,84	-2,71	-2,53	-2,39	-2,24	-2,01	-1,79	-1,53	0
10/02/2020 08:45:00	-1,57	-1,38	-1,65	-2,10	-2,42	-2,62	-2,64	-2,46	-2,24	-2,09	-1,91	-1,67	-1,43	-1,66	0
10/02/2020 08:50:00	-1,61	-1,34	-1,54	-1,99	-2,37	-2,64	-2,68	-2,55	-2,39	-2,28	-2,13	-1,92	-1,70	-1,64	0
10/02/2020 08:55:00	-1,55	-1,37	-1,65	-2,17	-2,60	-2,79	-2,74	-2,52	-2,30	-2,13	-1,93	-1,65	-1,37	-1,64	0
10/02/2020 09:00:00	-1,58	-1,36	-1,68	-2,21	-2,64	-2,84	-2,79	-2,56	-2,33	-2,16	-1,97	-1,70	-1,43	-1,56	0
10/02/2020 09:05:00	-1,58	-1,38	-1,70	-2,17	-2,54	-2,74	-2,70	-2,49	-2,26	-2,10	-1,93	-1,69	-1,45	-1,64	0
10/02/2020 09:10:00	-1,61	-1,37	-1,71	-2,31	-2,77	-2,93	-2,87	-2,62	-2,36	-2,16	-1,93	-1,61	-1,30	-1,56	0
10/02/2020 09:15:00	-1,56	-1,33	-1,78	-2,53	-3,01	-3,10	-2,87	-2,45	-2,09	-1,81	-1,51	-1,13	-0,74	-1,60	0
10/02/2020 09:20:00	-1,56	-1,32	-1,77	-2,43	-2,90	-3,00	-2,81	-2,42	-2,07	-1,82	-1,53	-1,17	-0,81	-1,54	0
10/02/2020 09:25:00	-1,50	-1,36	-1,83	-2,47	-2,81	-2,94	-2,75	-2,38	-2,03	-1,79	-1,54	-1,22	-0,91	-1,57	0
10/02/2020 09:30:00	-1,55	-1,39	-1,81	-2,46	-2,95	-3,09	-3,00	-2,72	-2,43	-2,22	-1,98	-1,67	-1,36	-1,51	0
10/02/2020 09:35:00	-1,50	-1,31	-1,76	-2,35	-2,87	-3,04	-2,97	-2,72	-2,46	-2,28	-2,07	-1,80	-1,54	-1,50	0
10/02/2020 09:40:00	-1,50	-1,28	-1,75	-2,39	-2,91	-3,06	-2,97	-2,68	-2,38	-2,17	-1,94	-1,64	-1,34	-1,47	0
10/02/2020 09:45:00	-1,40	-1,23	-1,68	-2,40	-2,88	-3,04	-2,89	-2,55	-2,24	-2,01	-1,75	-1,42	-1,08	-1,46	0
10/02/2020 09:50:00	-1,35	-1,13	-1,65	-2,38	-2,92	-3,05	-2,91	-2,57	-2,24	-2,01	-1,75	-1,43	-1,10	-1,34	0
10/02/2020 09:55:00	-1,28	-0,94	-1,43	-2,21	-2,86	-3,17	-3,15	-2,93	-2,68	-2,50	-2,28	-1,98	-1,67	-1,24	0
10/02/2020 10:00:00	-1,18	-0,94	-1,54	-2,29	-2,80	-3,03	-3,02	-2,75	-2,42	-2,19	-1,95	-1,65	-1,35	-1,19	0
10/02/2020 10:05:00	-1,15	-0,91	-1,46	-2,16	-2,67	-2,88	-2,78	-2,46	-2,14	-1,92	-1,67	-1,36	-1,05	-1,16	0
10/02/2020 10:10:00	-1,10	-0,76	-1,27	-2,13	-2,86	-3,25	-3,32	-3,16	-2,96	-2,80	-2,60	-2,32	-2,03	-1,05	0
10/02/2020 10:15:00	-1,04	-0,73	-1,27	-2,03	-2,68	-3,02	-3,12	-2,98	-2,77	-2,63	-2,46	-2,23	-1,99	-0,89	0
10/02/2020 10:20:00	-0,97	-0,68	-1,25	-2,17	-2,80	-3,00	-2,90	-2,56	-2,21	-1,95	-1,66	-1,29	-0,91	-1,02	0
10/02/2020 10:25:00	-0,95	-0,69	-1,28	-2,17	-2,78	-3,12	-3,20	-3,01	-2,75	-2,56	-2,34	-2,07	-1,79	-0,92	0
10/02/2020 10:30:00	-0,88	-0,55	-1,22	-2,09	-2,69	-2,88	-2,88	-2,60	-2,24	-2,00	-1,76	-1,47	-1,19	-0,87	0
10/02/2020 10:35:00	-0,89	-0,67	-1,27	-2,11	-2,75	-3,03	-3,04	-2,81	-2,55	-2,36	-2,15	-1,88	-1,61	-0,96	0
10/02/2020 10:40:00	-0,87	-0,56	-1,28	-2,20	-2,88	-3,16	-3,18	-2,92	-2,59	-2,36	-2,12	-1,82	-1,51	-0,84	0
10/02/2020 10:45:00	-0,83	-0,47	-1,11	-1,96	-2,58	-2,83	-2,75	-2,42	-2,09	-1,85	-1,60	-1,28	-0,96	-0,84	0
10/02/2020 10:50:00	-0,74	-0,54	-1,19	-1,96	-2,63	-2,91	-2,96	-2,76	-2,51	-2,34	-2,15	-1,91	-1,67	-0,73	0
10/02/2020 10:55:00	-0,72	-0,45	-1,16	-2,08	-2,70	-2,87	-2,69	-2,26	-1,85	-1,55	-1,23	-0,84	-0,44	-0,69	0
10/02/2020 11:00:00	-0,60	-0,38	-1,00	-1,80	-2,42	-2,73	-2,79	-2,60	-2,37	-2,21	-2,04	-1,82	-1,59	-0,54	0
10/02/2020 11:05:00	-0,50	-0,17	-0,84	-1,69	-2,40	-2,76	-2,86	-2,70	-2,46	-2,30	-2,13	-1,90	-1,67	-0,45	0
10/02/2020 11:10:00	-0,40	-0,13	-0,85	-1,74	-2,39	-2,50	-2,33	-1,91	-1,49	-1,20	-0,90	-0,53	-0,16	-0,38	0
10/02/2020 11:15:00	-0,38	-0,06	-0,79	-1,79	-2,45	-2,82	-2,90	-2,68	-2,38	-2,17	-1,96	-1,68	-1,40	-0,34	0
10/02/2020 11:20:00	-0,26	0,03	-0,57	-1,50	-2,18	-2,66	-2,89	-2,84	-2,67	-2,55	-2,41	-2,21	-2,00	-0,21	0
10/02/2020 11:25:00	-0,15	0,17	-0,56	-1,51	-2,26	-2,64	-2,70	-2,48	-2,21	-2,01	-1,80	-1,51	-1,23	-0,09	0
10/02/2020 11:30:00	-0,09	0,21	-0,42	-1,27	-1,88	-2,25	-2,39	-2,26	-2,04	-1,90	-1,76	-1,57	-1,39	-0,12	0
10/02/2020 11:35:00	-0,05	0,25	-0,36	-1,28	-1,96	-2,32	-2,41	-2,23	-1,99	-1,83	-1,63	-1,36	-1,10	0,01	0
10/02/2020 11:40:00	0,04	0,35	-0,33	-1,21	-1,90	-2,31	-2,41	-2,26	-2,04	-1,90	-1,75	-1,53	-1,32	0,19	0
10/02/2020 11:45:00	0,24	0,62	-0,04	-1,00	-1,69	-2,07	-2,12	-1,90	-1,62	-1,44	-1,22	-0,94	-0,65	0,23	0
10/02/2020 11:50:00	0,37	0,74	0,01	-1,04	-1,89	-2,32	-2,41	-2,22	-1,97	-1,78	-1,56	-1,26	-0,96	0,46	0
10/02/2020 11:55:00	0,43	0,81	0,16	-0,89	-1,63	-2,11	-2,23	-2,06	-1,82	-1,65	-1,44	-1,14	-0,85	0,38	0
10/02/2020 12:00:00	0,40	0,84	0,15	-0,81	-1,68	-2,12	-2,25	-2,09	-1,87	-1,71	-1,52	-1,25	-0,97	0,38	0
10/02/2020 12:05:00	0,52	0,97	0,31	-0,68	-1,49	-2,00	-2,19	-2,08	-1,88	-1,75	-1,58	-1,34	-1,10	0,48	0
10/02/2020 12:10:00	0,56	1,04	0,42	-0,45	-1,19	-1,68	-1,89	-1,82	-1,64	-1,53	-1,39	-1,19	-0,99	0,46	0
10/02/2020 12:15:00	0,71	1,12	0,56	-0,41	-1,23	-1,75	-1,98	-1,92	-1,77	-1,67	-1,52	-1,28	-1,03	0,67	0
10/02/2020 12:20:00	0,76	1,24	0,67	-0,26	-1,06	-1,65	-1,98	-2,02	-1,92	-1,87	-1,78	-1,61	-1,45	0,69	0
10/02/2020 12:25:00	0,92	1,40	0,85	-0,11	-0,94	-1,45	-1,62	-1,53	-1,37	-1,27	-1,12	-0,88	-0,63	0,94	0
10/02/2020 12:30:00	0,98	1,56	0,97	0,04	-0,91	-1,49	-1,80	-1,80	-1,67	-1,59	-1,45	-1,22	-0,99	1,23	0
10/02/2020 12:35:00	0,97	1,43	0,87	0,05	-0,73	-1,21	-1,37	-1,27	-1,12	-1,03	-0,91	-0,70	-0,50	1,16	0
10/02/2020 12:40:00	1,10	1,56	1,10	0,29	-0,41	-0,93	-1,15	-1,13	-1,02	-0,97	-0,88	-0,72	-0,56	1,14	0
10/02/2020 12:45:00	1,16	1,67	1,25	0,48	-0,28	-0,81	-1,20	-1,27	-1,20	-1,17	-1,08	-0,92	-0,76	1,13	0
10/02/2020 12:50:00	1,28	1,74	1,38	0,74	0,10	-0,48	-0,84	-0,94	-0,92	-0,94	-0,92	-0,82	-0,73	1,26	0
10/02/2020 12:55:00	1,35	1,92	1,59	0,81	0,03	-0,50	-0,87	-0,95	-0,89	-0,86	-0,77	-0,59	-0,41	1,37	0
10/02/2020 13:00:00	1,45	2,05	1,60	0,80	0,01	-0,58	-0,91	-0,95	-0,87	-0,84	-0,76	-0,60	-0,43	1,53	0
10/02/2020 13:05:00	1,55	2,20	1,80	0,92	0,10	-0,52	-0,81	-0,81	-0,73	-0,68	-0,56	-0,33	-0,10	1,54	0
10/02/2020 13:10:00	1,68	2,32	1,97	1,16	0,35	-0,36	-0,82	-0,97	-0,97	-0,98	-0,92	-0,76	-0,60	1,85	0
10/02/2020 13:15:00	1,74	2,41	2,11	1,36	0,48	-0,22	-0,74	-0,97	-1,02	-1,07	-1,05	-0,92	-0,80	1,96	0
10/02/2020 13:20:00	1,97	2,77	2,43	1,59	0,74	0,05	-0,37	-0,48	-0,46	-0,45	-0,38	-0,20	-0,02	1,90	0
10/02/2020 13:25:00	1,99	2,85	2,65	1,91	1,03	0,23	-0,41	-0,73	-0,86	-0,97	-1,01	-0,94	-0,88	1,92	0
10/02/2020 13:30:00	2,15	2,86	2,56	1,88	1,11	0,39	-0,16	-0,41	-0,48	-0,56	-0,59	-0,55	-0,50	2,25	0
10/02/2020 13:35:00	2,21	2,95	2,66	1,92	1,11	0,37	-0,10	-0,29	-0,34	-0,40	-0,40	-0,30	-0,20	2,16	0
10/02/2020 13:40:00	2,31	3,12	2,95	2,27	1,39	0,53	-0,07	-0,40	-0,55	-0,68	-0,72	-0,65	-0,58	2,44	0
10/02/2020 13:45:00	2,30	3,14	2,84	2,17	1,39	0,70	0,21	0,02	-0,01	-0,07	-0,07	0,00	0,07	2,35	0
10/02/2020 13:50:00	2,44	3,34	3,06	2,17	1,21	0,38	-0,20	-0,45	-0,51	-0,57	-0,54	-0,39	-0,24	2,40	0
10/02/2020 13:55:00	2,43	3,33	3,04	2,24	1,36	0,58	0,07	-0,14	-0,19	-0,25	-0,25	-0,14	-0,03	2,38	0
10/02/2020 14:00:00	2,26	3,15	2,78	1,94	1,12	0,45	0,05	-0,03	0,02	0,02	0,09	0,25	0,41	2,28	0
10/02/2020 14:05:00	2,34	3,20	2,91	2,16	1,27	0,48	-0,04	-0,28	-0,35	-0,44	-0,46	-0,38	-0,30	2,33	0
10/02/2020 14:10:00	2,31	3,36	2,92	1,96	1,05	0,32	-0,08	-0,16	-0,11	-0,10	-0,03	0,13	0,29	2,36	0
10/02/2020 14:15:00	2,32	3,35	3,00	2,09	1,12	0,29	-0,34	-0,63	-0,71	-0,80	-0,82	-0,75	-0,68	2,30	0
10/02/2020 14:20:00	2,39	3,27	2,87	1,99	1,05	0,27	-0,23	-0,40	-0,42	-0,46	-0,43	-0,30	-0,18	2,36	0
10/02/2020 14:25:00	2,27	3,23	2,88	1,97	0,98	0,16	-0,38	-0,59	-0,63	-0,68	-0,64	-0,50	-0,35	2,31	0
10/02/2020 14:30:00	2,25	3,26	2,92	2,00	1,13	0,37	-0,18	-0,39	-0,41	-0,46	-0,44	-0,35	-0,25	2,35	0
10/02/2020 14:35:00	2,32	3,14	2,79	1,95	1,11	0,41	-0,14	-0,34	-0,35	-0,40	-0,37	-0,27	-0,16	2,47	0
10/02/2020 14:40:00	2,38	3,20	2,80	1,91	1,03	0,33	-0,22	-0,44	-0,45	-0,50	-0,50	-0,41	-0,32	2,69	0
10/02/2020 14:45:00	2,41	3,30	2,97	2,06	1,21	0,41	-0,14	-0,36	-0,41	-0,47	-0,46	-0,36	-0,26	2,49	0
10/02/2020 14:50:00	2,44	3,43	3,04	2,06	1,09	0,28	-0,24	-0,42	-0,43	-0,45	-0,40	-0,23	-0,07	2,68	0
10/02/2020 14:55:00	2,68	3,58	3,32	2,51	1,51	0,63	-0,06	-0,42	-0,56	-0,68	-0,72	-0,65	-0,58	2,60	0
10/02/2020 15:00:00	2,64	3,47	3,22	2,52	1,69	0,90	0,27	-0,06	-0,18	-0,32	-0,39	-0,39	-0,38	2,57	0
10/02/2020 15:05:00	2,70	3,53	3,25	2,51	1,58	0,84	0,26	-0,01	-0,09	-0,19	-0,21	-0,13	-0,05	2,80	0
10/02/2020 15:10:00	2,78	3,64	3,32	2,52	1,61	0,85	0,29	0,06	0,01	-0,06	-0,05	0,06	0,17	2,72	0
10/02/2020 15:15:00	2,72	3,58	3,35	2,58	1,78	0,94	0,33	0,02	-0,10	-0,23	-0,28	-0,24	-0,21	2,71	0
10/02/2020 15:20:00	2,72	3,67	3,46	2,68	1,75	0,92	0,22	-0,15	-0,29	-0,42	-0,48	-0,44	-0,39	2,80	0
10/02/2020 15:25:00	2,69	3,64	3,36	2,52	1,63	0,74	0,08	-0,24	-0,34	-0,44	-0,45	-0,37	-0,29	2,71	0
10/02/2020 15:30:00	2,69	3,56	3,35	2,66	1,79	0,93	0,19	-0,23	-0,41	-0,58	-0,67	-0,68	-0,69	2,70	0
10/02/2020 15:35:00	2,67	3,58	3,32	2,52	1,55	0,71	0,11	-0,18	-0,30	-0,41	-0,44	-0,36	-0,28	2,62	0
10/02/2020 15:40:00	2,64	3,52	3,42	2,68	1,86	1,05	0,30	-0,13	-0,30	-0,47	-0,55	-0,54	-0,53	2,65	0
10/02/2020 15:45:00	2,67	3,59	3,45	2,76	1,97	1,15	0,47	0,11	-0,04	-0,18	-0,24	-0,22	-0,19	2,66	0
10/02/2020 15:50:00	2,63	3,55	3,42	2,68	1,87	1,00	0,26	-0,15	-0,33	-0,49	-0,57	-0,56	-0,54	2,61	0
10/02/2020 15:55:00	2,63	3,42	3,27	2,69	1,94	1,09	0,33	-0,12	-0,32	-0,51	-0,63	-0,68	-0,73	2,67	0
10/02/2020 16:00:00	2,53	3,45	3,34	2,70	1,88	0,97	0,19	-0,29	-0,51	-0,70	-0,82	-0,85	-0,88	2,48	0
10/02/2020 16:05:00	2,46	3,35	3,29	2,64	1,82	0,90	0,15	-0,31	-0,53	-0,72	-0,83	-0,83	-0,82	2,45	0
10/02/2020 16:10:00	2,46	3,36	3,23	2,55	1,75	0,84	0,13	-0,27	-0,45	-0,61	-0,68	-0,66	-0,63	2,38	0
10/02/2020 16:15:00	2,40	3,29	3,23	2,61	1,76	0,95	0,28	-0,10	-0,27	-0,42	-0,48	-0,42	-0,36	2,43	0
10/02/2020 16:20:00	2,39	3,27	3,23	2,60	1,83	1,00	0,29	-0,11	-0,29	-0,45	-0,53	-0,51	-0,49	2,35	0
10/02/2020 16:25:00	2,38	3,34	3,30	2,72	1,95	1,00	0,20	-0,30	-0,55	-0,76	-0,90	-0,94	-0,99	2,35	0
10/02/2020 16:30:00	2,38	3,15	3,15	2,63	1,93	1,10	0,41	0,00	-0,21	-0,39	-0,49	-0,49	-0,49	2,31	0
10/02/2020 16:35:00	2,34	3,27	3,25	2,65	1,93	1,12	0,43	0,05	-0,11	-0,26	-0,32	-0,28	-0,24	2,36	0
10/02/2020 16:40:00	2,23	3,05	3,04	2,51	1,77	1,00	0,22	-0,24	-0,45	-0,63	-0,73	-0,74	-0,75	2,27	0
10/02/2020 16:45:00	2,07	2,91	2,89	2,27	1,57	0,77	0,11	-0,27	-0,43	-0,58	-0,65	-0,62	-0,59	1,88	0
10/02/2020 16:50:00	1,85	2,59	2,63	2,03	1,42	0,65	0,02	-0,32	-0,46	-0,58	-0,61	-0,54	-0,46	1,79	0
10/02/2020 16:55:00	1,78	2,47	2,39	1,85	1,15	0,34	-0,22	-0,55	-0,71	-0,86	-0,93	-0,90	-0,88	1,78	0
10/02/2020 17:00:00	1,61	2,33	2,30	1,78	1,16	0,38	-0,22	-0,56	-0,70	-0,82	-0,87	-0,82	-0,77	1,62	0
10/02/2020 17:05:00	1,53	2,20	2,19	1,69	0,94	0,14	-0,55	-0,99	-1,21	-1,38	-1,48	-1,48	-1,48	1,45	0
10/02/2020 17:10:00	1,42	2,07	2,06	1,46	0,81	0,01	-0,59	-0,94	-1,11	-1,24	-1,29	-1,23	-1,17	1,35	0
10/02/2020 17:15:00	1,30	2,03	2,03	1,43	0,71	-0,08	-0,69	-1,03	-1,18	-1,30	-1,33	-1,24	-1,15	1,28	0
10/02/2020 17:20:00	1,23	1,92	1,89	1,34	0,66	-0,06	-0,62	-0,93	-1,06	-1,17	-1,21	-1,14	-1,07	1,20	0
10/02/2020 17:25:00	1,17	1,80	1,74	1,18	0,48	-0,24	-0,81	-1,10	-1,21	-1,30	-1,30	-1,20	-1,10	1,13	0
10/02/2020 17:30:00	0,98	1,77	1,80	1,28	0,67	-0,06	-0,65	-0,98	-1,11	-1,23	-1,27	-1,21	-1,15	0,99	0
10/02/2020 17:35:00	1,02	1,66	1,70	1,19	0,52	-0,23	-0,90	-1,29	-1,46	-1,58	-1,62	-1,55	-1,47	1,01	0
10/02/2020 17:40:00	0,99	1,61	1,61	1,09	0,46	-0,33	-1,04	-1,48	-1,67	-1,82	-1,90	-1,89	-1,87	0,98	0
10/02/2020 17:45:00	0,86	1,56	1,64	1,24	0,62	-0,24	-1,04	-1,57	-1,85	-2,06	-2,21	-2,27	-2,33	0,87	0
10/02/2020 17:50:00	0,84	1,52	1,60	1,11	0,44	-0,44	-1,20	-1,71	-1,97	-2,16	-2,27	-2,27	-2,27	0,87	0
10/02/2020 17:55:00	0,81	1,44	1,49	0,94	0,24	-0,56	-1,18	-1,57	-1,76	-1,91	-1,97	-1,91	-1,86	0,74	0
10/02/2020 18:00:00	0,70	1,42	1,46	0,97	0,19	-0,73	-1,46	-1,97	-2,26	-2,48	-2,61	-2,63	-2,66	0,69	0
10/02/2020 18:05:00	0,69	1,35	1,30	0,86	0,19	-0,64	-1,39	-1,87	-2,09	-2,27	-2,38	-2,41	-2,45	0,74	0
10/02/2020 18:10:00	0,65	1,29	1,26	0,83	0,16	-0,68	-1,39	-1,84	-2,06	-2,23	-2,33	-2,34	-2,35	0,63	0
10/02/2020 18:15:00	0,64	1,25	1,29	0,77	0,14	-0,67	-1,35	-1,78	-2,00	-2,16	-2,24	-2,23	-2,21	0,66	0
10/02/2020 18:20:00	0,57	1,29	1,27	0,74	0,11	-0,77	-1,47	-1,91	-2,12	-2,29	-2,39	-2,40	-2,41	0,55	0
10/02/2020 18:25:00	0,63	1,26	1,29	0,79	0,04	-0,82	-1,55	-2,04	-2,29	-2,47	-2,57	-2,56	-2,54	0,60	0
10/02/2020 18:30:00	0,46	1,08	1,09	0,51	-0,24	-1,03	-1,72	-2,14	-2,33	-2,46	-2,51	-2,44	-2,38	0,41	0
10/02/2020 18:35:00	0,35	0,93	0,94	0,54	-0,11	-0,95	-1,76	-2,31	-2,58	-2,79	-2,95	-3,02	-3,09	0,11	0
10/02/2020 18:40:00	0,10	0,65	0,62	0,15	-0,59	-1,33	-1,93	-2,31	-2,49	-2,63	-2,69	-2,65	-2,60	0,02	0
10/02/2020 18:45:00	0,08	0,61	0,61	0,09	-0,57	-1,40	-2,19	-2,71	-2,94	-3,11	-3,22	-3,23	-3,24	-0,05	0
10/02/2020 18:50:00	-0,05	0,50	0,51	0,07	-0,62	-1,47	-2,26	-2,79	-3,05	-3,24	-3,36	-3,38	-3,41	-0,11	0
10/02/2020 18:55:00	-0,04	0,54	0,55	-0,02	-0,72	-1,59	-2,35	-2,84	-3,08	-3,24	-3,32	-3,29	-3,27	-0,09	0
10/02/2020 19:00:00	-0,09	0,47	0,51	0,10	-0,59	-1,51	-2,33	-2,92	-3,22	-3,44	-3,59	-3,64	-3,69	0,02	0
10/02/2020 19:05:00	-0,22	0,49	0,53	-0,04	-0,76	-1,69	-2,51	-3,05	-3,31	-3,49	-3,59	-3,59	-3,58	-0,18	0
10/02/2020 19:10:00	-0,09	0,43	0,46	0,05	-0,63	-1,47	-2,24	-2,78	-3,04	-3,24	-3,37	-3,40	-3,44	-0,09	0
10/02/2020 19:15:00	-0,07	0,42	0,49	0,06	-0,59	-1,53	-2,40	-3,02	-3,35	-3,58	-3,74	-3,80	-3,87	-0,11	0
10/02/2020 19:20:00	-0,19	0,34	0,32	-0,13	-0,82	-1,70	-2,55	-3,13	-3,40	-3,61	-3,75	-3,81	-3,87	-0,17	0
10/02/2020 19:25:00	-0,25	0,28	0,28	-0,21	-0,89	-1,75	-2,58	-3,13	-3,39	-3,58	-3,69	-3,72	-3,74	-0,20	0
10/02/2020 19:30:00	-0,32	0,32	0,29	-0,23	-0,98	-1,90	-2,78	-3,36	-3,62	-3,81	-3,92	-3,94	-3,96	-0,26	0
10/02/2020 19:35:00	-0,37	0,23	0,23	-0,25	-0,97	-1,87	-2,69	-3,26	-3,53	-3,72	-3,85	-3,88	-3,91	-0,36	0
10/02/2020 19:40:00	-0,30	0,16	0,15	-0,24	-0,90	-1,80	-2,63	-3,21	-3,50	-3,71	-3,86	-3,92	-3,98	-0,33	0
10/02/2020 19:45:00	-0,40	0,13	0,17	-0,26	-0,92	-1,80	-2,61	-3,17	-3,43	-3,62	-3,74	-3,76	-3,79	-0,53	0
10/02/2020 19:50:00	-0,41	0,14	0,11	-0,38	-1,09	-1,95	-2,77	-3,32	-3,57	-3,75	-3,87	-3,89	-3,91	-0,44	0
10/02/2020 19:55:00	-0,54	-0,06	-0,08	-0,52	-1,18	-1,97	-2,68	-3,15	-3,38	-3,54	-3,65	-3,66	-3,68	-0,59	0
10/02/2020 20:00:00	-0,55	-0,05	-0,14	-0,57	-1,29	-2,14	-2,90	-3,42	-3,68	-3,87	-4,01	-4,07	-4,13	-0,60	0
10/02/2020 20:05:00	-0,69	-0,11	-0,24	-0,85	-1,59	-2,40	-3,04	-3,42	-3,58	-3,68	-3,73	-3,67	-3,62	-0,64	0
10/02/2020 20:10:00	-0,71	-0,18	-0,35	-0,98	-1,71	-2,51	-3,15	-3,52	-3,65	-3,73	-3,74	-3,66	-3,58	-0,69	0
10/02/2020 20:15:00	-0,78	-0,26	-0,36	-0,91	-1,67	-2,46	-3,17	-3,62	-3,81	-3,95	-4,02	-4,00	-3,99	-0,81	0
10/02/2020 20:20:00	-0,76	-0,37	-0,40	-0,85	-1,52	-2,39	-3,18	-3,74	-4,02	-4,22	-4,35	-4,39	-4,44	-0,82	0
10/02/2020 20:25:00	-0,87	-0,40	-0,47	-0,89	-1,60	-2,47	-3,25	-3,79	-4,07	-4,27	-4,41	-4,48	-4,54	-0,86	0
10/02/2020 20:30:00	-0,88	-0,41	-0,44	-0,90	-1,55	-2,43	-3,24	-3,80	-4,06	-4,25	-4,38	-4,43	-4,48	-0,91	0
10/02/2020 20:35:00	-0,91	-0,33	-0,42	-1,00	-1,71	-2,54	-3,27	-3,73	-3,93	-4,07	-4,15	-4,14	-4,13	-0,81	0
10/02/2020 20:40:00	-0,80	-0,44	-0,51	-0,97	-1,62	-2,48	-3,23	-3,76	-4,01	-4,18	-4,31	-4,34	-4,38	-0,86	0
10/02/2020 20:45:00	-0,89	-0,42	-0,52	-1,06	-1,71	-2,57	-3,36	-3,88	-4,10	-4,26	-4,37	-4,41	-4,44	-0,94	0
10/02/2020 20:50:00	-0,94	-0,43	-0,38	-0,77	-1,46	-2,40	-3,27	-3,91	-4,24	-4,48	-4,65	-4,73	-4,81	-0,95	0
10/02/2020 20:55:00	-0,90	-0,51	-0,48	-0,86	-1,52	-2,40	-3,25	-3,87	-4,19	-4,43	-4,60	-4,69	-4,78	-0,92	0
10/02/2020 21:00:00	-0,89	-0,41	-0,50	-1,00	-1,67	-2,56	-3,36	-3,90	-4,14	-4,32	-4,44	-4,48	-4,51	-0,91	0
10/02/2020 21:05:00	-0,88	-0,43	-0,47	-0,89	-1,56	-2,46	-3,28	-3,85	-4,14	-4,34	-4,49	-4,55	-4,62	-0,91	0
10/02/2020 21:10:00	-0,95	-0,46	-0,50	-0,94	-1,64	-2,50	-3,29	-3,83	-4,09	-4,26	-4,38	-4,42	-4,45	-0,94	0
10/02/2020 21:15:00	-0,93	-0,50	-0,55	-0,97	-1,71	-2,55	-3,37	-3,94	-4,21	-4,39	-4,52	-4,55	-4,59	-0,93	0
10/02/2020 21:20:00	-0,86	-0,46	-0,48	-0,97	-1,71	-2,61	-3,42	-3,99	-4,28	-4,47	-4,59	-4,60	-4,62	-0,89	0
10/02/2020 21:25:00	-0,99	-0,49	-0,52	-0,93	-1,67	-2,64	-3,49	-4,11	-4,44	-4,66	-4,82	-4,89	-4,96	-0,98	0
10/02/2020 21:30:00	-1,01	-0,61	-0,61	-1,01	-1,73	-2,61	-3,43	-4,03	-4,35	-4,57	-4,73	-4,79	-4,86	-0,92	0
10/02/2020 21:35:00	-1,00	-0,47	-0,55	-1,11	-1,80	-2,72	-3,56	-4,12	-4,37	-4,54	-4,66	-4,69	-4,73	-1,00	0
10/02/2020 21:40:00	-0,98	-0,49	-0,63	-1,07	-1,83	-2,69	-3,49	-4,02	-4,27	-4,45	-4,57	-4,62	-4,67	-0,97	0
10/02/2020 21:45:00	-0,96	-0,57	-0,64	-1,10	-1,84	-2,71	-3,54	-4,11	-4,38	-4,56	-4,68	-4,71	-4,74	-0,99	0
10/02/2020 21:50:00	-1,01	-0,64	-0,74	-1,12	-1,76	-2,61	-3,42	-3,98	-4,24	-4,44	-4,59	-4,67	-4,76	-1,04	0
10/02/2020 21:55:00	-1,04	-0,67	-0,75	-1,24	-1,91	-2,74	-3,50	-4,02	-4,27	-4,44	-4,57	-4,61	-4,65	-1,04	0
10/02/2020 22:00:00	-1,07	-0,62	-0,78	-1,30	-1,94	-2,82	-3,59	-4,10	-4,31	-4,47	-4,58	-4,63	-4,67	-1,02	0
10/02/2020 22:05:00	-1,01	-0,62	-0,76	-1,29	-1,97	-2,84	-3,68	-4,26	-4,52	-4,71	-4,85	-4,93	-5,01	-1,02	0
10/02/2020 22:10:00	-1,00	-0,60	-0,73	-1,31	-2,04	-2,92	-3,70	-4,22	-4,45	-4,61	-4,70	-4,71	-4,72	-1,04	0
10/02/2020 22:15:00	-0,96	-0,71	-0,84	-1,28	-1,94	-2,86	-3,67	-4,25	-4,54	-4,75	-4,91	-4,99	-5,07	-0,99	0
10/02/2020 22:20:00	-0,96	-0,60	-0,75	-1,25	-1,99	-2,87	-3,69	-4,26	-4,52	-4,71	-4,84	-4,89	-4,95	-1,00	0
10/02/2020 22:25:00	-1,03	-0,67	-0,80	-1,35	-1,99	-2,87	-3,68	-4,22	-4,46	-4,63	-4,74	-4,79	-4,83	-1,04	0
10/02/2020 22:30:00	-1,05	-0,65	-0,86	-1,37	-2,13	-3,00	-3,77	-4,29	-4,53	-4,70	-4,82	-4,87	-4,92	-1,01	0
10/02/2020 22:35:00	-1,03	-0,61	-0,80	-1,32	-2,11	-2,98	-3,80	-4,34	-4,57	-4,72	-4,82	-4,84	-4,85	-1,02	0
10/02/2020 22:40:00	-1,01	-0,64	-0,84	-1,41	-2,14	-2,96	-3,71	-4,19	-4,39	-4,53	-4,63	-4,65	-4,67	-1,02	0
10/02/2020 22:45:00	-0,96	-0,71	-0,84	-1,34	-2,01	-2,84	-3,57	-4,07	-4,30	-4,46	-4,56	-4,58	-4,60	-1,01	0
10/02/2020 22:50:00	-1,04	-0,54	-0,74	-1,30	-2,07	-2,97	-3,81	-4,36	-4,60	-4,77	-4,89	-4,93	-4,98	-1,01	0
10/02/2020 22:55:00	-0,97	-0,60	-0,74	-1,30	-2,02	-2,91	-3,73	-4,30	-4,57	-4,76	-4,90	-4,96	-5,03	-0,98	0
10/02/2020 23:00:00	-0,95	-0,65	-0,85	-1,42	-2,16	-2,99	-3,70	-4,18	-4,40	-4,55	-4,65	-4,67	-4,70	-0,99	0
10/02/2020 23:05:00	-0,95	-0,68	-0,90	-1,36	-1,98	-2,82	-3,63	-4,16	-4,39	-4,56	-4,70	-4,80	-4,89	-0,96	0
10/02/2020 23:10:00	-0,94	-0,62	-0,79	-1,28	-2,06	-2,91	-3,61	-4,09	-4,32	-4,48	-4,59	-4,60	-4,62	-0,97	0
10/02/2020 23:15:00	-0,94	-0,60	-0,80	-1,31	-2,00	-2,90	-3,71	-4,26	-4,51	-4,70	-4,84	-4,91	-4,99	-0,94	0
10/02/2020 23:20:00	-0,93	-0,64	-0,87	-1,39	-2,09	-2,94	-3,70	-4,21	-4,44	-4,60	-4,72	-4,77	-4,82	-0,99	0
10/02/2020 23:25:00	-0,98	-0,76	-1,02	-1,51	-2,20	-3,00	-3,71	-4,18	-4,39	-4,54	-4,66	-4,71	-4,77	-1,02	0
10/02/2020 23:30:00	-1,14	-0,83	-1,11	-1,64	-2,37	-3,12	-3,77	-4,18	-4,34	-4,45	-4,53	-4,54	-4,55	-1,14	0
10/02/2020 23:35:00	-1,21	-0,88	-1,13	-1,67	-2,39	-3,21	-3,93	-4,41	-4,61	-4,75	-4,86	-4,90	-4,94	-1,17	0
10/02/2020 23:40:00	-1,20	-1,00	-1,23	-1,77	-2,43	-3,21	-3,91	-4,38	-4,57	-4,71	-4,81	-4,85	-4,88	-1,22	0
10/02/2020 23:45:00	-1,26	-1,03	-1,26	-1,81	-2,43	-3,15	-3,89	-4,34	-4,50	-4,62	-4,70	-4,73	-4,76	-1,24	0
10/02/2020 23:50:00	-1,32	-1,14	-1,46	-1,97	-2,72	-3,47	-4,09	-4,49	-4,65	-4,76	-4,83	-4,82	-4,82	-1,41	0
10/02/2020 23:55:00	-1,45	-1,30	-1,61	-2,18	-2,84	-3,59	-4,24	-4,65	-4,80	-4,90	-4,98	-4,99	-5,00	-1,49	0
