FileFormat:0002.2 file with temperature of atmosphere
200
local	GMT or Local
0	GMT-Local=[hours]
0	Height[m]
0	0	0	Longitude                [grd]               [min]               [sec]
0	0	0	Latitude                [grd]               [min]               [sec]
N	NS
59,40	Freq[GHz]
0,00	dTemostat[K]
0,150	MessErr[K]
0,248	//[grad/step]
version 14.0.20110218
MTP5H033F5940K-33.00D180214+A1.1
Commentary:
enter comment
End Of Commentary

SYSTEM\summer.dat
data time	0	50	100	150	200	250	300	350	400	450	500	550	600	OutsideTemperature	Quality
08/09/2020 00:00:00	20,13	20,44	20,55	20,74	20,90	21,01	20,99	20,92	20,78	20,62	20,39	20,11	19,83	19,98	0
08/09/2020 00:05:00	20,00	20,25	20,40	20,55	20,68	20,81	20,79	20,73	20,59	20,42	20,20	19,92	19,64	19,94	0
08/09/2020 00:10:00	19,81	20,13	20,26	20,43	20,59	20,70	20,66	20,58	20,44	20,27	20,04	19,75	19,46	19,88	0
08/09/2020 00:15:00	19,79	20,08	20,30	20,55	20,74	20,82	20,79	20,71	20,56	20,36	20,09	19,76	19,43	19,89	0
08/09/2020 00:20:00	19,92	20,20	20,31	20,48	20,68	20,82	20,84	20,81	20,69	20,56	20,37	20,13	19,89	19,88	0
08/09/2020 00:25:00	19,83	20,04	20,16	20,35	20,53	20,70	20,72	20,69	20,57	20,44	20,25	20,01	19,76	19,91	0
08/09/2020 00:30:00	19,96	20,08	20,26	20,45	20,70	20,85	20,81	20,74	20,61	20,44	20,19	19,87	19,56	19,96	0
08/09/2020 00:35:00	20,17	20,26	20,49	20,72	20,94	21,15	21,17	21,13	21,02	20,86	20,63	20,34	20,05	20,07	0
08/09/2020 00:40:00	20,10	20,23	20,43	20,58	20,73	20,91	20,93	20,88	20,76	20,61	20,40	20,13	19,86	20,14	0
08/09/2020 00:45:00	20,26	20,42	20,55	20,74	20,90	21,05	21,07	21,03	20,90	20,75	20,54	20,27	20,00	20,24	0
08/09/2020 00:50:00	20,22	20,39	20,62	20,79	20,96	21,10	21,11	21,07	20,94	20,77	20,54	20,26	19,98	20,28	0
08/09/2020 00:55:00	20,17	20,43	20,64	20,82	20,97	21,09	21,06	20,99	20,84	20,66	20,41	20,11	19,80	20,21	0
08/09/2020 01:00:00	20,14	20,30	20,59	20,85	21,10	21,26	21,28	21,25	21,13	20,96	20,72	20,42	20,11	20,14	0
08/09/2020 01:05:00	20,17	20,19	20,36	20,54	20,77	21,01	21,07	21,07	20,98	20,87	20,70	20,47	20,24	20,17	0
08/09/2020 01:10:00	20,09	20,16	20,39	20,65	20,89	21,10	21,14	21,13	21,02	20,89	20,68	20,41	20,13	19,94	0
08/09/2020 01:15:00	19,94	20,21	20,40	20,60	20,87	21,03	21,06	21,03	20,91	20,77	20,58	20,32	20,06	19,94	0
08/09/2020 01:20:00	20,12	20,25	20,42	20,65	20,86	21,02	21,04	21,00	20,89	20,74	20,52	20,24	19,96	20,12	0
08/09/2020 01:25:00	20,12	20,18	20,33	20,46	20,65	20,84	20,86	20,84	20,73	20,60	20,41	20,17	19,93	20,15	0
08/09/2020 01:30:00	20,22	20,21	20,34	20,51	20,66	20,82	20,84	20,81	20,69	20,55	20,34	20,07	19,80	20,13	0
08/09/2020 01:35:00	20,06	20,16	20,36	20,56	20,79	20,95	20,97	20,93	20,81	20,66	20,44	20,16	19,88	20,15	0
08/09/2020 01:40:00	20,10	20,27	20,45	20,56	20,70	20,86	20,86	20,81	20,68	20,52	20,32	20,06	19,79	20,10	0
08/09/2020 01:45:00	20,22	20,43	20,67	20,75	20,87	21,00	20,99	20,92	20,77	20,60	20,37	20,09	19,81	20,22	0
08/09/2020 01:50:00	20,11	20,30	20,47	20,60	20,74	20,88	20,88	20,82	20,68	20,53	20,31	20,04	19,77	20,15	0
08/09/2020 01:55:00	20,09	20,25	20,45	20,62	20,77	20,87	20,86	20,79	20,65	20,47	20,22	19,91	19,61	20,17	0
08/09/2020 02:00:00	20,16	20,21	20,43	20,60	20,76	20,91	20,92	20,88	20,75	20,59	20,36	20,08	19,79	20,11	0
08/09/2020 02:05:00	20,18	20,46	20,66	20,85	21,05	21,16	21,16	21,11	20,97	20,81	20,58	20,29	20,00	20,18	0
08/09/2020 02:10:00	20,29	20,42	20,61	20,73	20,91	21,04	21,01	20,93	20,79	20,61	20,37	20,07	19,76	20,17	0
08/09/2020 02:15:00	20,22	20,35	20,55	20,77	20,94	21,10	21,13	21,10	20,97	20,82	20,60	20,31	20,03	20,19	0
08/09/2020 02:20:00	20,24	20,48	20,74	20,92	21,06	21,15	21,10	21,02	20,85	20,65	20,38	20,04	19,71	20,00	0
08/09/2020 02:25:00	20,03	20,23	20,51	20,66	20,84	20,97	20,97	20,90	20,76	20,59	20,34	20,04	19,74	19,97	0
08/09/2020 02:30:00	20,14	20,29	20,56	20,79	20,97	21,13	21,09	21,02	20,87	20,67	20,39	20,05	19,71	20,09	0
08/09/2020 02:35:00	20,11	20,35	20,56	20,74	20,91	21,04	21,03	20,97	20,83	20,67	20,43	20,14	19,85	20,14	0
08/09/2020 02:40:00	20,05	20,10	20,30	20,51	20,67	20,81	20,85	20,83	20,71	20,56	20,34	20,07	19,80	19,98	0
08/09/2020 02:45:00	19,97	20,06	20,24	20,43	20,63	20,78	20,80	20,76	20,64	20,49	20,28	20,01	19,73	20,09	0
08/09/2020 02:50:00	20,07	20,12	20,30	20,48	20,66	20,82	20,82	20,77	20,64	20,48	20,25	19,96	19,68	20,01	0
08/09/2020 02:55:00	20,08	20,21	20,32	20,45	20,60	20,72	20,72	20,68	20,55	20,40	20,19	19,93	19,67	20,03	0
08/09/2020 03:00:00	19,89	20,05	20,10	20,20	20,36	20,47	20,45	20,39	20,26	20,11	19,92	19,67	19,42	20,05	0
08/09/2020 03:05:00	19,85	19,80	19,86	20,07	20,30	20,49	20,54	20,53	20,44	20,32	20,15	19,91	19,67	19,82	0
08/09/2020 03:10:00	19,73	19,79	19,88	20,04	20,22	20,40	20,48	20,49	20,39	20,29	20,14	19,94	19,74	19,66	0
08/09/2020 03:15:00	19,57	19,61	19,78	19,94	20,17	20,43	20,49	20,49	20,41	20,30	20,15	19,94	19,73	19,46	0
08/09/2020 03:20:00	19,47	19,48	19,59	19,78	20,02	20,22	20,26	20,25	20,16	20,04	19,87	19,64	19,41	19,49	0
08/09/2020 03:25:00	19,48	19,57	19,70	19,92	20,14	20,32	20,36	20,35	20,24	20,12	19,93	19,69	19,45	19,45	0
08/09/2020 03:30:00	19,39	19,58	19,77	20,00	20,21	20,41	20,47	20,45	20,35	20,22	20,03	19,79	19,54	19,44	0
08/09/2020 03:35:00	19,40	19,61	19,78	19,93	20,07	20,22	20,24	20,19	20,06	19,91	19,71	19,46	19,20	19,29	0
08/09/2020 03:40:00	19,29	19,42	19,65	19,86	20,08	20,32	20,37	20,37	20,27	20,15	19,97	19,74	19,50	19,33	0
08/09/2020 03:45:00	19,37	19,51	19,75	19,96	20,18	20,36	20,39	20,35	20,23	20,08	19,87	19,59	19,32	19,27	0
08/09/2020 03:50:00	19,35	19,56	19,92	20,19	20,42	20,59	20,59	20,53	20,39	20,20	19,94	19,61	19,28	19,40	0
08/09/2020 03:55:00	19,35	19,55	19,85	20,07	20,34	20,65	20,70	20,70	20,60	20,49	20,31	20,07	19,83	19,21	0
08/09/2020 04:00:00	19,42	19,61	20,00	20,33	20,64	20,86	20,87	20,84	20,72	20,55	20,29	19,96	19,64	19,07	0
08/09/2020 04:05:00	19,42	19,66	20,04	20,24	20,44	20,65	20,67	20,62	20,49	20,32	20,08	19,79	19,50	19,24	0
08/09/2020 04:10:00	19,29	19,41	19,70	19,89	20,06	20,23	20,27	20,24	20,11	19,95	19,73	19,46	19,19	19,28	0
08/09/2020 04:15:00	19,30	19,43	19,71	19,95	20,17	20,36	20,38	20,35	20,23	20,07	19,84	19,56	19,27	19,21	0
08/09/2020 04:20:00	19,17	19,33	19,55	19,74	19,95	20,08	20,07	20,00	19,87	19,70	19,46	19,17	18,87	19,21	0
08/09/2020 04:25:00	19,10	19,31	19,56	19,70	19,90	20,05	20,01	19,93	19,78	19,61	19,37	19,08	18,78	19,29	0
08/09/2020 04:30:00	19,26	19,57	19,85	20,02	20,17	20,29	20,24	20,15	19,98	19,79	19,52	19,20	18,89	19,27	0
08/09/2020 04:35:00	18,89	19,59	19,92	19,96	19,95	19,91	19,76	19,58	19,34	19,07	18,73	18,36	17,99	19,39	0
08/09/2020 04:40:00	18,97	19,88	20,34	20,43	20,42	20,31	20,10	19,86	19,57	19,24	18,82	18,36	17,90	19,21	0
08/09/2020 04:45:00	18,93	20,02	20,46	20,44	20,39	20,23	19,98	19,71	19,40	19,06	18,64	18,18	17,73	19,29	0
08/09/2020 04:50:00	19,37	19,91	20,40	20,44	20,42	20,34	20,15	19,92	19,64	19,31	18,88	18,41	17,94	18,96	0
08/09/2020 04:55:00	19,42	19,93	20,33	20,38	20,34	20,25	20,06	19,85	19,58	19,26	18,85	18,40	17,95	18,71	0
08/09/2020 05:00:00	19,34	19,88	20,33	20,32	20,25	20,18	20,03	19,82	19,56	19,25	18,87	18,45	18,03	18,98	0
08/09/2020 05:05:00	18,99	19,99	20,37	20,38	20,32	20,27	20,10	19,89	19,63	19,34	19,00	18,62	18,24	18,91	0
08/09/2020 05:10:00	19,18	19,47	19,85	19,96	19,98	19,97	19,79	19,59	19,34	19,04	18,64	18,19	17,74	18,84	0
08/09/2020 05:15:00	19,18	19,58	19,84	19,75	19,68	19,58	19,39	19,16	18,90	18,60	18,24	17,84	17,44	19,21	0
08/09/2020 05:20:00	19,22	19,47	19,60	19,55	19,50	19,47	19,35	19,20	18,99	18,75	18,47	18,15	17,83	19,08	0
08/09/2020 05:25:00	19,27	19,56	19,62	19,46	19,33	19,24	19,09	18,91	18,68	18,44	18,16	17,85	17,53	19,24	0
08/09/2020 05:30:00	19,13	19,42	19,53	19,46	19,36	19,29	19,11	18,91	18,67	18,41	18,09	17,73	17,37	19,24	0
08/09/2020 05:35:00	18,83	19,46	19,62	19,47	19,32	19,17	18,97	18,73	18,46	18,18	17,85	17,49	17,13	19,45	0
08/09/2020 05:40:00	18,97	19,23	19,39	19,29	19,15	19,03	18,86	18,66	18,40	18,12	17,79	17,42	17,05	19,09	0
08/09/2020 05:45:00	18,90	19,09	19,20	19,06	18,98	18,86	18,69	18,49	18,24	17,98	17,66	17,31	16,96	18,73	0
08/09/2020 05:50:00	18,65	18,90	18,95	18,89	18,87	18,80	18,66	18,50	18,29	18,06	17,79	17,48	17,16	18,61	0
08/09/2020 05:55:00	18,58	18,69	18,83	18,79	18,77	18,78	18,66	18,51	18,30	18,07	17,79	17,47	17,15	18,49	0
08/09/2020 06:00:00	18,35	18,44	18,41	18,32	18,31	18,31	18,21	18,08	17,90	17,72	17,50	17,24	16,99	18,27	0
08/09/2020 06:05:00	18,22	18,45	18,55	18,46	18,45	18,41	18,24	18,05	17,83	17,59	17,31	16,98	16,65	18,21	0
08/09/2020 06:10:00	18,26	18,35	18,45	18,39	18,34	18,27	18,17	18,02	17,81	17,58	17,31	17,00	16,69	18,22	0
08/09/2020 06:15:00	18,17	18,29	18,43	18,37	18,32	18,30	18,16	18,00	17,78	17,54	17,25	16,92	16,59	18,11	0
08/09/2020 06:20:00	18,10	18,27	18,42	18,43	18,41	18,40	18,27	18,11	17,90	17,66	17,37	17,04	16,70	18,00	0
08/09/2020 06:25:00	17,79	18,12	18,21	18,18	18,16	18,10	18,00	17,84	17,63	17,42	17,16	16,86	16,57	17,90	0
08/09/2020 06:30:00	17,87	17,97	18,11	18,09	18,09	18,12	18,06	17,94	17,76	17,56	17,32	17,05	16,77	17,81	0
08/09/2020 06:35:00	17,79	18,01	18,07	18,04	18,02	18,01	17,93	17,80	17,61	17,41	17,18	16,91	16,64	17,62	0
08/09/2020 06:40:00	17,57	17,65	17,71	17,69	17,71	17,75	17,70	17,60	17,43	17,26	17,06	16,82	16,57	17,54	0
08/09/2020 06:45:00	17,51	17,69	17,76	17,74	17,76	17,81	17,75	17,64	17,46	17,28	17,07	16,83	16,58	17,64	0
08/09/2020 06:50:00	17,68	17,71	17,78	17,80	17,83	17,87	17,84	17,75	17,59	17,41	17,20	16,95	16,70	17,64	0
08/09/2020 06:55:00	17,62	17,94	18,03	18,01	18,02	17,97	17,87	17,72	17,52	17,31	17,05	16,76	16,47	17,69	0
08/09/2020 07:00:00	17,81	18,26	18,33	18,26	18,21	18,17	18,03	17,86	17,65	17,43	17,17	16,88	16,60	17,83	0
08/09/2020 07:05:00	17,65	18,27	18,47	18,36	18,28	18,21	18,05	17,85	17,61	17,35	17,07	16,75	16,43	17,78	0
08/09/2020 07:10:00	17,77	18,22	18,49	18,43	18,34	18,23	18,04	17,82	17,55	17,25	16,90	16,51	16,13	17,83	0
08/09/2020 07:15:00	17,64	18,24	18,51	18,44	18,33	18,22	18,00	17,75	17,47	17,17	16,81	16,41	16,02	17,80	0
08/09/2020 07:20:00	17,67	18,19	18,50	18,51	18,43	18,27	18,07	17,85	17,56	17,25	16,86	16,44	16,02	17,59	0
08/09/2020 07:25:00	17,62	18,30	18,49	18,36	18,18	18,02	17,78	17,51	17,22	16,91	16,55	16,17	15,78	17,72	0
08/09/2020 07:30:00	18,06	18,33	18,25	18,05	17,89	17,70	17,48	17,24	16,98	16,72	16,42	16,09	15,76	18,11	0
08/09/2020 07:35:00	18,14	18,25	18,19	18,03	17,84	17,71	17,49	17,26	17,01	16,74	16,43	16,09	15,74	18,22	0
08/09/2020 07:40:00	18,13	18,21	18,06	17,84	17,66	17,50	17,30	17,08	16,83	16,59	16,31	16,00	15,70	18,06	0
08/09/2020 07:45:00	18,17	18,13	17,92	17,72	17,53	17,36	17,19	16,99	16,76	16,53	16,27	15,99	15,70	17,99	0
08/09/2020 07:50:00	18,37	18,12	17,72	17,50	17,36	17,17	16,98	16,78	16,57	16,36	16,12	15,84	15,57	17,94	0
08/09/2020 07:55:00	18,20	17,86	17,37	17,06	16,83	16,65	16,46	16,27	16,06	15,86	15,66	15,42	15,19	18,04	0
08/09/2020 08:00:00	17,96	17,63	17,26	16,94	16,70	16,57	16,32	16,09	15,86	15,63	15,37	15,09	14,81	18,07	0
08/09/2020 08:05:00	17,81	17,50	17,13	16,83	16,58	16,42	16,26	16,07	15,86	15,65	15,44	15,21	14,97	17,79	0
08/09/2020 08:10:00	17,68	17,42	17,06	16,77	16,55	16,36	16,11	15,87	15,62	15,38	15,11	14,81	14,51	17,67	0
08/09/2020 08:15:00	17,59	17,38	17,05	16,76	16,51	16,32	16,10	15,88	15,64	15,40	15,15	14,87	14,59	17,62	0
08/09/2020 08:20:00	17,58	17,28	16,91	16,60	16,39	16,20	16,00	15,80	15,58	15,36	15,13	14,88	14,62	17,58	0
08/09/2020 08:25:00	17,50	17,25	16,91	16,62	16,36	16,17	15,95	15,72	15,48	15,24	14,99	14,71	14,42	17,44	0
08/09/2020 08:30:00	17,49	17,17	16,82	16,52	16,26	16,04	15,83	15,61	15,37	15,13	14,88	14,60	14,32	17,49	0
08/09/2020 08:35:00	17,61	17,29	16,85	16,51	16,23	16,04	15,83	15,62	15,38	15,17	14,94	14,69	14,44	17,57	0
08/09/2020 08:40:00	17,57	17,21	16,81	16,51	16,25	16,04	15,83	15,62	15,38	15,15	14,91	14,63	14,36	17,56	0
08/09/2020 08:45:00	17,57	17,15	16,72	16,43	16,19	16,00	15,79	15,58	15,36	15,14	14,90	14,63	14,37	17,48	0
08/09/2020 08:50:00	17,51	17,09	16,67	16,31	16,02	15,81	15,59	15,37	15,13	14,90	14,66	14,40	14,13	17,49	0
08/09/2020 08:55:00	17,50	17,10	16,67	16,32	16,04	15,80	15,59	15,38	15,14	14,91	14,68	14,42	14,16	17,52	0
08/09/2020 09:00:00	17,55	17,13	16,67	16,29	15,99	15,72	15,53	15,33	15,09	14,87	14,65	14,41	14,16	17,53	0
08/09/2020 09:05:00	17,43	16,98	16,46	16,12	15,87	15,66	15,43	15,21	14,98	14,77	14,55	14,29	14,04	17,47	0
08/09/2020 09:10:00	17,30	16,88	16,39	16,05	15,74	15,51	15,29	15,07	14,84	14,61	14,38	14,13	13,87	17,23	0
08/09/2020 09:15:00	17,21	16,65	16,15	15,74	15,39	15,14	14,92	14,69	14,45	14,22	13,99	13,74	13,48	17,22	0
08/09/2020 09:20:00	17,09	16,64	16,17	15,79	15,52	15,32	15,12	14,91	14,68	14,47	14,27	14,03	13,80	17,09	0
08/09/2020 09:25:00	17,14	16,66	16,16	15,80	15,53	15,32	15,08	14,85	14,61	14,39	14,16	13,90	13,64	16,99	0
08/09/2020 09:30:00	17,13	16,54	16,04	15,66	15,41	15,19	14,95	14,73	14,50	14,28	14,05	13,79	13,53	17,13	0
08/09/2020 09:35:00	17,14	16,49	15,97	15,63	15,36	15,18	14,97	14,77	14,55	14,34	14,13	13,88	13,64	17,12	0
08/09/2020 09:40:00	17,18	16,55	15,93	15,50	15,21	15,01	14,76	14,53	14,31	14,11	13,91	13,68	13,46	17,25	0
08/09/2020 09:45:00	17,01	16,42	15,82	15,42	15,10	14,87	14,60	14,35	14,12	13,89	13,66	13,40	13,15	17,06	0
08/09/2020 09:50:00	17,11	16,45	15,85	15,43	15,13	14,87	14,59	14,35	14,10	13,87	13,63	13,36	13,10	17,09	0
08/09/2020 09:55:00	17,05	16,42	15,83	15,42	15,10	14,79	14,53	14,28	14,04	13,80	13,56	13,29	13,02	16,94	0
08/09/2020 10:00:00	17,91	16,51	15,60	15,06	14,69	14,45	14,23	14,04	13,85	13,67	13,51	13,32	13,13	17,36	0
08/09/2020 10:05:00	17,80	16,61	15,82	15,33	14,98	14,70	14,42	14,19	13,96	13,74	13,52	13,26	13,00	17,69	0
08/09/2020 10:10:00	17,24	16,64	15,99	15,57	15,17	14,80	14,42	14,09	13,80	13,51	13,19	12,84	12,50	17,26	0
08/09/2020 10:15:00	16,97	16,23	15,58	15,12	14,82	14,56	14,26	14,00	13,76	13,53	13,29	13,03	12,77	16,83	0
08/09/2020 10:20:00	17,15	16,16	15,42	15,00	14,62	14,32	14,07	13,84	13,60	13,38	13,15	12,89	12,63	16,72	0
08/09/2020 10:25:00	16,95	16,04	15,38	14,98	14,66	14,38	14,09	13,83	13,59	13,35	13,10	12,82	12,54	16,47	0
08/09/2020 10:30:00	17,16	16,11	15,27	14,83	14,49	14,19	13,96	13,75	13,54	13,35	13,16	12,94	12,72	16,72	0
08/09/2020 10:35:00	17,46	16,21	15,32	14,77	14,40	14,16	13,89	13,66	13,45	13,26	13,08	12,87	12,67	17,22	0
08/09/2020 10:40:00	17,64	16,32	15,32	14,79	14,37	13,98	13,63	13,34	13,09	12,85	12,60	12,32	12,04	16,82	0
08/09/2020 10:45:00	17,10	15,88	15,08	14,60	14,26	14,02	13,72	13,47	13,25	13,03	12,81	12,56	12,31	16,39	0
08/09/2020 10:50:00	16,68	15,59	14,84	14,37	14,04	13,77	13,53	13,30	13,08	12,87	12,67	12,43	12,20	16,10	0
08/09/2020 10:55:00	16,32	15,58	14,92	14,42	14,05	13,76	13,52	13,28	13,04	12,83	12,62	12,40	12,18	15,89	0
08/09/2020 11:00:00	16,01	15,24	14,59	14,15	13,79	13,52	13,24	12,99	12,75	12,52	12,29	12,05	11,80	15,85	0
08/09/2020 11:05:00	16,18	15,31	14,60	14,07	13,71	13,41	13,13	12,87	12,62	12,40	12,19	11,95	11,72	16,23	0
08/09/2020 11:10:00	16,13	15,18	14,43	13,97	13,60	13,31	13,06	12,83	12,60	12,39	12,19	11,97	11,75	15,89	0
08/09/2020 11:15:00	15,96	15,04	14,30	13,84	13,46	13,17	12,92	12,69	12,45	12,24	12,04	11,82	11,59	15,77	0
08/09/2020 11:20:00	15,98	15,09	14,39	13,95	13,53	13,15	12,88	12,62	12,36	12,11	11,86	11,59	11,32	15,59	0
08/09/2020 11:25:00	15,76	14,96	14,34	13,91	13,56	13,25	12,98	12,73	12,48	12,24	11,99	11,73	11,47	15,36	0
08/09/2020 11:30:00	15,78	14,98	14,35	13,90	13,55	13,28	12,93	12,63	12,37	12,12	11,86	11,57	11,28	15,44	0
08/09/2020 11:35:00	15,78	14,87	14,20	13,73	13,36	13,02	12,72	12,45	12,19	11,95	11,70	11,43	11,15	15,67	0
08/09/2020 11:40:00	15,35	14,80	14,29	13,86	13,42	13,05	12,72	12,41	12,11	11,81	11,51	11,18	10,86	15,19	0
08/09/2020 11:45:00	15,28	14,71	14,25	13,83	13,50	13,19	12,91	12,63	12,36	12,09	11,82	11,53	11,24	15,02	0
08/09/2020 11:50:00	15,51	14,75	14,15	13,68	13,30	12,98	12,65	12,35	12,07	11,81	11,54	11,25	10,96	15,03	0
08/09/2020 11:55:00	15,15	14,59	14,07	13,71	13,38	13,09	12,79	12,51	12,25	11,98	11,72	11,42	11,13	14,93	0
08/09/2020 12:00:00	14,99	14,54	14,10	13,69	13,29	12,92	12,57	12,24	11,93	11,62	11,30	10,96	10,62	14,79	0
08/09/2020 12:05:00	14,78	14,34	13,86	13,42	13,03	12,63	12,28	11,95	11,63	11,33	11,01	10,68	10,35	14,74	0
08/09/2020 12:10:00	14,63	14,24	13,82	13,38	12,99	12,64	12,26	11,92	11,61	11,30	10,98	10,64	10,30	14,62	0
08/09/2020 12:15:00	14,58	14,26	13,83	13,38	12,98	12,62	12,27	11,95	11,64	11,34	11,04	10,73	10,42	14,65	0
08/09/2020 12:20:00	14,58	14,10	13,66	13,23	12,90	12,59	12,27	11,98	11,70	11,43	11,15	10,86	10,57	14,55	0
08/09/2020 12:25:00	14,30	13,94	13,55	13,20	12,88	12,60	12,30	12,02	11,74	11,47	11,20	10,91	10,62	14,25	0
08/09/2020 12:30:00	14,21	13,88	13,56	13,24	12,96	12,78	12,53	12,28	12,02	11,78	11,55	11,29	11,03	14,37	0
08/09/2020 12:35:00	14,26	14,01	13,69	13,34	13,11	12,83	12,58	12,32	12,05	11,80	11,54	11,26	10,99	14,19	0
08/09/2020 12:40:00	14,11	13,93	13,62	13,33	13,06	12,73	12,47	12,20	11,91	11,63	11,35	11,04	10,74	13,94	0
08/09/2020 12:45:00	13,88	13,48	13,12	12,86	12,60	12,38	12,11	11,85	11,60	11,35	11,09	10,81	10,53	13,83	0
08/09/2020 12:50:00	13,84	13,60	13,28	12,95	12,65	12,43	12,15	11,88	11,61	11,35	11,10	10,82	10,55	13,87	0
08/09/2020 12:55:00	13,92	13,56	13,19	12,82	12,52	12,26	11,97	11,69	11,41	11,15	10,89	10,61	10,33	13,80	0
08/09/2020 13:00:00	13,78	13,37	12,95	12,61	12,30	11,97	11,67	11,39	11,10	10,83	10,55	10,25	9,96	13,71	0
08/09/2020 13:05:00	13,89	13,32	12,84	12,44	12,12	11,79	11,55	11,30	11,03	10,78	10,54	10,28	10,02	13,98	0
08/09/2020 13:10:00	13,79	13,37	12,94	12,57	12,24	11,91	11,57	11,26	10,97	10,69	10,40	10,09	9,78	13,82	0
08/09/2020 13:15:00	13,77	13,39	12,93	12,56	12,20	11,85	11,53	11,22	10,93	10,65	10,36	10,07	9,77	13,78	0
08/09/2020 13:20:00	13,86	13,45	12,93	12,49	12,14	11,79	11,47	11,18	10,89	10,62	10,37	10,10	9,83	13,98	0
08/09/2020 13:25:00	13,87	13,29	12,79	12,39	12,06	11,72	11,44	11,17	10,90	10,64	10,39	10,11	9,84	14,04	0
08/09/2020 13:30:00	13,83	13,24	12,82	12,49	12,23	11,93	11,66	11,40	11,14	10,88	10,61	10,33	10,04	13,93	0
08/09/2020 13:35:00	13,46	13,22	12,87	12,55	12,21	11,85	11,57	11,28	10,98	10,69	10,40	10,09	9,78	13,50	0
08/09/2020 13:40:00	13,45	13,10	12,78	12,46	12,18	11,89	11,64	11,38	11,10	10,83	10,57	10,28	10,00	13,44	0
08/09/2020 13:45:00	13,41	13,10	12,78	12,48	12,20	12,00	11,77	11,53	11,28	11,05	10,82	10,57	10,32	13,50	0
08/09/2020 13:50:00	13,19	13,09	12,80	12,54	12,29	12,04	11,77	11,50	11,22	10,96	10,70	10,42	10,13	13,60	0
08/09/2020 13:55:00	13,11	12,91	12,65	12,36	12,16	11,96	11,72	11,48	11,23	10,99	10,77	10,52	10,27	13,34	0
08/09/2020 14:00:00	13,30	13,02	12,78	12,53	12,32	12,14	12,01	11,84	11,61	11,39	11,19	10,97	10,75	13,28	0
08/09/2020 14:05:00	13,27	12,98	12,71	12,48	12,30	12,13	11,92	11,70	11,46	11,24	11,01	10,76	10,51	13,14	0
08/09/2020 14:10:00	13,00	12,70	12,45	12,24	12,06	11,93	11,82	11,67	11,46	11,27	11,09	10,90	10,70	13,05	0
08/09/2020 14:15:00	12,81	12,72	12,54	12,37	12,19	11,99	11,84	11,64	11,40	11,17	10,94	10,68	10,43	12,85	0
08/09/2020 14:20:00	12,85	12,71	12,51	12,27	12,10	11,93	11,78	11,60	11,36	11,15	10,95	10,73	10,51	13,02	0
08/09/2020 14:25:00	12,76	12,64	12,44	12,25	12,01	11,85	11,67	11,46	11,22	10,99	10,76	10,52	10,28	12,81	0
08/09/2020 14:30:00	12,73	12,60	12,45	12,30	12,11	12,00	11,82	11,61	11,38	11,15	10,93	10,68	10,43	12,76	0
08/09/2020 14:35:00	12,78	12,63	12,49	12,35	12,16	12,02	11,86	11,66	11,42	11,19	10,96	10,70	10,45	12,79	0
08/09/2020 14:40:00	12,71	12,63	12,47	12,30	12,16	11,98	11,80	11,60	11,36	11,13	10,90	10,65	10,40	12,68	0
08/09/2020 14:45:00	12,73	12,59	12,47	12,34	12,20	12,06	11,92	11,74	11,51	11,30	11,08	10,83	10,59	12,78	0
08/09/2020 14:50:00	12,71	12,61	12,43	12,27	12,13	12,02	11,84	11,65	11,43	11,23	11,02	10,80	10,57	12,61	0
08/09/2020 14:55:00	12,71	12,60	12,42	12,22	12,07	11,93	11,76	11,56	11,33	11,12	10,91	10,68	10,45	12,75	0
08/09/2020 15:00:00	12,58	12,42	12,27	12,09	11,95	11,81	11,67	11,49	11,26	11,05	10,84	10,61	10,38	12,58	0
08/09/2020 15:05:00	12,52	12,45	12,32	12,19	12,03	11,95	11,83	11,67	11,45	11,25	11,06	10,85	10,63	12,69	0
08/09/2020 15:10:00	12,63	12,47	12,31	12,15	12,04	11,96	11,84	11,68	11,48	11,29	11,11	10,91	10,71	12,68	0
08/09/2020 15:15:00	12,62	12,54	12,42	12,30	12,18	12,04	11,89	11,70	11,47	11,26	11,03	10,79	10,54	12,65	0
08/09/2020 15:20:00	12,59	12,51	12,36	12,21	12,03	11,92	11,79	11,62	11,39	11,18	10,98	10,76	10,54	12,58	0
08/09/2020 15:25:00	12,64	12,50	12,35	12,22	12,09	11,99	11,82	11,63	11,40	11,19	10,98	10,74	10,50	12,67	0
08/09/2020 15:30:00	12,62	12,51	12,32	12,17	12,03	11,89	11,75	11,57	11,35	11,14	10,94	10,72	10,49	12,55	0
08/09/2020 15:35:00	12,47	12,37	12,23	12,07	11,90	11,79	11,65	11,48	11,25	11,05	10,85	10,63	10,41	12,47	0
08/09/2020 15:40:00	12,39	12,37	12,21	12,04	11,89	11,76	11,59	11,40	11,17	10,96	10,75	10,53	10,30	12,37	0
08/09/2020 15:45:00	12,43	12,29	12,13	12,01	11,85	11,72	11,56	11,37	11,14	10,92	10,69	10,45	10,20	12,33	0
08/09/2020 15:50:00	12,47	12,28	12,11	11,95	11,82	11,70	11,54	11,36	11,14	10,93	10,73	10,50	10,27	12,32	0
08/09/2020 15:55:00	12,41	12,24	12,11	11,96	11,85	11,74	11,61	11,44	11,22	11,02	10,82	10,60	10,37	12,54	0
08/09/2020 16:00:00	12,52	12,35	12,16	11,99	11,86	11,75	11,57	11,37	11,15	10,94	10,74	10,51	10,28	12,52	0
08/09/2020 16:05:00	12,49	12,31	12,11	11,98	11,81	11,70	11,54	11,35	11,13	10,92	10,71	10,49	10,26	12,43	0
08/09/2020 16:10:00	12,42	12,29	12,16	12,00	11,85	11,70	11,52	11,32	11,08	10,85	10,62	10,36	10,10	12,49	0
08/09/2020 16:15:00	12,49	12,31	12,06	11,91	11,73	11,60	11,44	11,26	11,04	10,84	10,64	10,42	10,20	12,40	0
08/09/2020 16:20:00	12,13	11,94	11,79	11,51	11,30	11,20	11,05	10,86	10,63	10,42	10,23	10,03	9,82	12,29	0
08/09/2020 16:25:00	11,90	11,63	11,54	11,47	11,43	11,37	11,23	11,07	10,86	10,67	10,46	10,23	10,00	12,07	0
08/09/2020 16:30:00	12,17	12,02	11,84	11,63	11,49	11,41	11,36	11,24	11,04	10,87	10,73	10,58	10,42	11,97	0
08/09/2020 16:35:00	12,09	11,95	11,78	11,64	11,60	11,50	11,35	11,18	10,98	10,79	10,61	10,40	10,19	11,91	0
08/09/2020 16:40:00	11,98	12,00	11,90	11,71	11,57	11,45	11,25	11,04	10,79	10,57	10,35	10,11	9,86	11,80	0
08/09/2020 16:45:00	11,64	11,54	11,31	11,17	11,03	10,95	10,79	10,60	10,39	10,20	10,03	9,83	9,63	11,70	0
08/09/2020 16:50:00	11,65	11,62	11,47	11,25	11,06	10,84	10,65	10,42	10,16	9,92	9,68	9,42	9,17	11,80	0
08/09/2020 16:55:00	11,67	11,61	11,43	11,20	11,07	10,94	10,76	10,57	10,34	10,13	9,94	9,73	9,52	11,92	0
08/09/2020 17:00:00	11,78	11,64	11,45	11,26	11,08	10,91	10,71	10,50	10,25	10,02	9,80	9,56	9,32	12,16	0
08/09/2020 17:05:00	11,76	11,65	11,48	11,27	11,02	10,66	10,46	10,22	9,93	9,64	9,34	9,04	8,73	11,94	0
08/09/2020 17:10:00	11,67	11,49	11,30	11,12	10,91	10,72	10,53	10,31	10,06	9,82	9,58	9,32	9,07	11,87	0
08/09/2020 17:15:00	11,54	11,45	11,28	11,07	10,89	10,67	10,47	10,24	9,99	9,74	9,50	9,24	8,99	11,88	0
08/09/2020 17:20:00	11,67	11,59	11,49	11,33	11,15	10,89	10,71	10,49	10,22	9,95	9,68	9,40	9,11	11,71	0
08/09/2020 17:25:00	11,70	11,69	11,51	11,33	11,11	10,93	10,70	10,46	10,20	9,96	9,72	9,46	9,20	11,73	0
08/09/2020 17:30:00	11,73	11,64	11,45	11,24	11,06	10,89	10,69	10,47	10,23	10,00	9,78	9,55	9,31	11,91	0
08/09/2020 17:35:00	11,90	11,82	11,67	11,48	11,24	11,09	10,88	10,64	10,39	10,14	9,91	9,66	9,40	11,67	0
08/09/2020 17:40:00	11,76	11,67	11,53	11,30	11,09	10,77	10,61	10,39	10,11	9,84	9,58	9,30	9,02	11,83	0
08/09/2020 17:45:00	11,65	11,66	11,54	11,35	11,13	10,91	10,64	10,37	10,09	9,82	9,54	9,24	8,95	11,73	0
08/09/2020 17:50:00	11,63	11,59	11,49	11,28	11,09	10,96	10,72	10,47	10,21	9,97	9,72	9,46	9,20	11,61	0
08/09/2020 17:55:00	11,48	11,53	11,43	11,21	11,06	10,83	10,59	10,33	10,06	9,79	9,53	9,25	8,97	11,49	0
08/09/2020 18:00:00	11,51	11,56	11,42	11,21	11,05	10,88	10,68	10,45	10,20	9,97	9,75	9,51	9,27	11,45	0
08/09/2020 18:05:00	11,56	11,52	11,39	11,21	11,08	10,91	10,70	10,48	10,23	10,00	9,77	9,53	9,28	11,39	0
08/09/2020 18:10:00	11,48	11,49	11,40	11,25	11,07	10,90	10,71	10,49	10,24	10,00	9,76	9,50	9,24	11,47	0
08/09/2020 18:15:00	11,42	11,37	11,20	11,03	10,85	10,68	10,50	10,30	10,05	9,83	9,61	9,38	9,15	11,49	0
08/09/2020 18:20:00	11,49	11,47	11,35	11,19	10,98	10,81	10,61	10,39	10,13	9,89	9,65	9,39	9,14	11,49	0
08/09/2020 18:25:00	11,47	11,48	11,37	11,18	10,96	10,76	10,57	10,34	10,08	9,83	9,58	9,32	9,06	11,52	0
08/09/2020 18:30:00	11,40	11,44	11,34	11,18	11,00	10,77	10,52	10,26	9,99	9,72	9,45	9,15	8,86	11,47	0
08/09/2020 18:35:00	11,42	11,46	11,32	11,10	10,99	10,74	10,51	10,28	10,01	9,76	9,51	9,25	8,98	11,51	0
08/09/2020 18:40:00	11,40	11,41	11,33	11,16	10,93	10,77	10,53	10,28	10,01	9,75	9,48	9,21	8,93	11,38	0
08/09/2020 18:45:00	11,41	11,40	11,32	11,11	10,91	10,71	10,48	10,24	9,96	9,70	9,44	9,16	8,88	11,47	0
08/09/2020 18:50:00	11,42	11,38	11,25	11,05	10,90	10,68	10,47	10,23	9,97	9,72	9,47	9,21	8,94	11,47	0
08/09/2020 18:55:00	11,37	11,40	11,26	11,09	10,86	10,69	10,44	10,18	9,91	9,66	9,41	9,14	8,87	11,38	0
08/09/2020 19:00:00	11,29	11,39	11,30	11,13	10,97	10,77	10,51	10,24	9,97	9,70	9,44	9,15	8,87	11,40	0
08/09/2020 19:05:00	11,48	11,44	11,33	11,17	10,97	10,75	10,57	10,34	10,08	9,83	9,57	9,30	9,03	11,47	0
08/09/2020 19:10:00	11,51	11,43	11,31	11,11	10,98	10,76	10,53	10,29	10,03	9,78	9,52	9,25	8,98	11,50	0
08/09/2020 19:15:00	11,41	11,37	11,26	11,02	10,82	10,63	10,40	10,16	9,89	9,64	9,39	9,13	8,87	11,48	0
08/09/2020 19:20:00	11,40	11,53	11,43	11,23	11,00	10,78	10,52	10,25	9,96	9,69	9,42	9,13	8,85	11,45	0
08/09/2020 19:25:00	11,39	11,42	11,32	11,16	10,99	10,70	10,48	10,23	9,94	9,67	9,38	9,08	8,78	11,41	0
08/09/2020 19:30:00	11,41	11,40	11,25	11,01	10,80	10,58	10,35	10,11	9,83	9,58	9,34	9,08	8,82	11,42	0
08/09/2020 19:35:00	11,41	11,39	11,25	11,05	10,81	10,65	10,44	10,21	9,94	9,70	9,46	9,21	8,96	11,35	0
08/09/2020 19:40:00	11,37	11,32	11,20	11,01	10,81	10,66	10,44	10,21	9,96	9,72	9,48	9,23	8,98	11,38	0
08/09/2020 19:45:00	11,33	11,36	11,23	11,05	10,85	10,66	10,44	10,20	9,93	9,68	9,44	9,17	8,91	11,33	0
08/09/2020 19:50:00	11,35	11,39	11,28	11,10	10,92	10,72	10,54	10,32	10,07	9,82	9,59	9,33	9,08	11,40	0
08/09/2020 19:55:00	11,32	11,35	11,23	11,04	10,83	10,65	10,47	10,26	10,00	9,77	9,54	9,30	9,06	11,35	0
08/09/2020 20:00:00	11,43	11,39	11,26	11,12	10,94	10,76	10,60	10,40	10,15	9,92	9,69	9,45	9,20	11,45	0
08/09/2020 20:05:00	11,44	11,51	11,42	11,21	11,00	10,79	10,55	10,29	10,01	9,74	9,48	9,20	8,91	11,57	0
08/09/2020 20:10:00	11,48	11,47	11,40	11,21	11,01	10,82	10,58	10,33	10,05	9,79	9,52	9,23	8,94	11,45	0
08/09/2020 20:15:00	11,56	11,53	11,36	11,16	10,96	10,75	10,54	10,31	10,05	9,81	9,57	9,32	9,06	11,53	0
08/09/2020 20:20:00	11,34	11,32	11,18	10,98	10,80	10,61	10,39	10,15	9,89	9,65	9,41	9,16	8,90	11,49	0
08/09/2020 20:25:00	11,41	11,28	11,13	10,99	10,87	10,83	10,69	10,52	10,31	10,13	9,96	9,78	9,59	11,57	0
08/09/2020 20:30:00	11,65	11,70	11,59	11,49	11,29	11,15	10,91	10,66	10,40	10,15	9,89	9,62	9,34	11,55	0
08/09/2020 20:35:00	11,57	11,61	11,48	11,27	11,12	10,86	10,64	10,40	10,13	9,87	9,61	9,33	9,06	11,53	0
08/09/2020 20:40:00	11,58	11,62	11,51	11,27	11,07	10,87	10,61	10,34	10,07	9,81	9,55	9,27	9,00	11,57	0
08/09/2020 20:45:00	11,52	11,57	11,42	11,20	10,98	10,78	10,54	10,28	10,01	9,76	9,52	9,25	8,99	11,51	0
08/09/2020 20:50:00	11,63	11,57	11,38	11,21	11,01	10,82	10,60	10,36	10,11	9,86	9,62	9,36	9,10	11,62	0
08/09/2020 20:55:00	11,60	11,61	11,50	11,34	11,17	10,90	10,61	10,33	10,05	9,76	9,46	9,14	8,82	11,65	0
08/09/2020 21:00:00	11,67	11,69	11,59	11,44	11,25	11,03	10,76	10,49	10,21	9,93	9,64	9,33	9,02	11,73	0
08/09/2020 21:05:00	11,70	11,74	11,60	11,36	11,16	10,97	10,72	10,46	10,19	9,94	9,70	9,44	9,18	11,78	0
08/09/2020 21:10:00	11,79	11,78	11,60	11,40	11,23	11,06	10,83	10,60	10,35	10,12	9,89	9,64	9,39	11,90	0
08/09/2020 21:15:00	11,84	11,74	11,62	11,43	11,21	10,99	10,73	10,46	10,19	9,91	9,63	9,33	9,03	11,87	0
08/09/2020 21:20:00	11,87	11,87	11,70	11,50	11,23	11,06	10,82	10,57	10,30	10,05	9,80	9,54	9,28	11,90	0
08/09/2020 21:25:00	11,79	11,76	11,66	11,49	11,27	11,09	10,82	10,55	10,28	10,01	9,74	9,44	9,14	11,73	0
08/09/2020 21:30:00	11,75	11,81	11,68	11,45	11,21	10,96	10,68	10,40	10,11	9,83	9,55	9,25	8,96	11,83	0
08/09/2020 21:35:00	11,83	11,88	11,70	11,53	11,26	11,00	10,76	10,50	10,22	9,95	9,67	9,38	9,10	11,77	0
08/09/2020 21:40:00	11,79	11,86	11,71	11,47	11,21	10,98	10,70	10,42	10,13	9,85	9,58	9,29	9,00	11,78	0
08/09/2020 21:45:00	11,76	11,79	11,65	11,50	11,30	11,02	10,73	10,44	10,15	9,86	9,55	9,22	8,90	11,75	0
08/09/2020 21:50:00	11,71	11,77	11,64	11,45	11,27	10,97	10,70	10,43	10,14	9,85	9,56	9,24	8,93	11,75	0
08/09/2020 21:55:00	11,70	11,75	11,66	11,44	11,23	11,04	10,74	10,45	10,17	9,89	9,61	9,31	9,02	11,76	0
08/09/2020 22:00:00	11,67	11,79	11,71	11,47	11,24	10,99	10,69	10,40	10,10	9,81	9,51	9,20	8,89	11,74	0
08/09/2020 22:05:00	11,70	11,80	11,64	11,47	11,25	10,95	10,71	10,45	10,16	9,88	9,60	9,30	8,99	11,68	0
08/09/2020 22:10:00	11,71	11,85	11,74	11,50	11,20	10,86	10,55	10,24	9,92	9,60	9,27	8,93	8,59	11,70	0
08/09/2020 22:15:00	11,65	11,72	11,57	11,42	11,19	10,88	10,59	10,31	10,01	9,72	9,41	9,09	8,76	11,68	0
08/09/2020 22:20:00	11,76	11,72	11,55	11,38	11,12	10,78	10,48	10,18	9,87	9,56	9,23	8,89	8,55	11,68	0
08/09/2020 22:25:00	11,69	11,67	11,50	11,26	11,03	10,73	10,45	10,16	9,87	9,58	9,29	8,98	8,67	11,72	0
08/09/2020 22:30:00	11,70	11,79	11,62	11,35	11,04	10,76	10,43	10,11	9,80	9,50	9,19	8,88	8,56	11,76	0
08/09/2020 22:35:00	11,76	11,75	11,53	11,32	11,05	10,72	10,45	10,16	9,86	9,57	9,28	8,97	8,66	11,80	0
08/09/2020 22:40:00	11,93	11,89	11,71	11,49	11,23	10,91	10,62	10,32	10,02	9,72	9,41	9,08	8,76	11,96	0
08/09/2020 22:45:00	11,97	11,87	11,62	11,35	11,16	10,91	10,68	10,44	10,18	9,93	9,70	9,44	9,19	11,90	0
08/09/2020 22:50:00	11,96	11,95	11,75	11,50	11,20	10,94	10,61	10,30	10,00	9,70	9,40	9,09	8,77	11,88	0
08/09/2020 22:55:00	11,85	11,80	11,61	11,38	11,10	10,85	10,51	10,19	9,89	9,59	9,29	8,97	8,65	11,85	0
08/09/2020 23:00:00	11,79	11,83	11,69	11,50	11,22	10,91	10,56	10,23	9,91	9,59	9,25	8,90	8,54	11,83	0
08/09/2020 23:05:00	11,83	11,81	11,58	11,34	11,09	10,77	10,48	10,19	9,90	9,61	9,32	9,02	8,71	11,75	0
08/09/2020 23:10:00	11,75	11,77	11,61	11,39	11,11	10,85	10,53	10,22	9,91	9,62	9,32	9,00	8,68	11,75	0
08/09/2020 23:15:00	11,83	11,76	11,56	11,31	11,04	10,73	10,48	10,21	9,91	9,63	9,35	9,06	8,76	11,79	0
08/09/2020 23:20:00	11,87	11,90	11,71	11,50	11,21	10,89	10,61	10,33	10,03	9,73	9,42	9,10	8,78	11,82	0
08/09/2020 23:25:00	11,86	11,92	11,72	11,43	11,17	10,85	10,53	10,23	9,92	9,62	9,32	9,01	8,70	11,96	0
08/09/2020 23:30:00	11,92	11,81	11,62	11,35	11,05	10,75	10,47	10,18	9,88	9,59	9,29	8,98	8,68	11,82	0
08/09/2020 23:35:00	11,83	11,80	11,58	11,34	11,05	10,73	10,44	10,15	9,85	9,56	9,27	8,96	8,65	11,79	0
08/09/2020 23:40:00	11,82	11,73	11,47	11,23	10,94	10,64	10,36	10,07	9,78	9,49	9,21	8,91	8,61	11,76	0
08/09/2020 23:45:00	11,76	11,72	11,54	11,30	11,02	10,67	10,35	10,03	9,72	9,40	9,07	8,73	8,39	11,78	0
08/09/2020 23:50:00	11,75	11,65	11,47	11,23	10,94	10,60	10,30	9,99	9,68	9,36	9,04	8,70	8,37	11,72	0
08/09/2020 23:55:00	11,76	11,71	11,51	11,24	10,95	10,67	10,33	10,01	9,70	9,41	9,11	8,79	8,47	11,75	0
