FileFormat:0002.2 file with temperature of atmosphere
200
local	GMT or Local
0	GMT-Local=[hours]
0	Height[m]
0	0	0	Longitude                [grd]               [min]               [sec]
0	0	0	Latitude                [grd]               [min]               [sec]
N	NS
59,40	Freq[GHz]
0,00	dTemostat[K]
0,150	MessErr[K]
0,248	//[grad/step]
version 14.0.20110218
MTP5H033F5940K-33.00D180214+A1.1
Commentary:
enter comment
End Of Commentary

SYSTEM\alaska.dat
data time	0	50	100	150	200	250	300	350	400	450	500	550	600	OutsideTemperature	Quality
24/03/2020 00:00:00	-2,35	-0,60	-0,36	-0,77	-1,62	-2,53	-3,37	-3,92	-4,17	-4,35	-4,48	-4,51	-4,54	-2,32	0
24/03/2020 00:05:00	-2,31	-0,60	-0,38	-0,94	-1,69	-2,62	-3,42	-3,92	-4,13	-4,28	-4,37	-4,37	-4,37	-2,32	0
24/03/2020 00:10:00	-2,48	-0,84	-0,76	-1,33	-2,11	-2,97	-3,70	-4,11	-4,25	-4,34	-4,39	-4,35	-4,31	-2,42	0
24/03/2020 00:15:00	-2,43	-1,01	-0,82	-1,30	-1,97	-2,82	-3,69	-4,23	-4,43	-4,59	-4,69	-4,72	-4,75	-2,48	0
24/03/2020 00:20:00	-2,66	-1,18	-1,06	-1,57	-2,24	-3,00	-3,70	-4,09	-4,21	-4,30	-4,34	-4,31	-4,29	-2,54	0
24/03/2020 00:25:00	-2,73	-1,09	-0,96	-1,50	-2,28	-3,17	-3,89	-4,34	-4,52	-4,65	-4,73	-4,73	-4,73	-2,58	0
24/03/2020 00:30:00	-2,62	-1,19	-1,14	-1,60	-2,28	-3,05	-3,69	-4,05	-4,17	-4,27	-4,33	-4,32	-4,31	-2,71	0
24/03/2020 00:35:00	-2,76	-1,39	-1,35	-1,91	-2,59	-3,36	-4,05	-4,43	-4,54	-4,61	-4,65	-4,63	-4,60	-2,69	0
24/03/2020 00:40:00	-2,75	-1,13	-1,09	-1,71	-2,36	-3,10	-3,72	-4,02	-4,07	-4,11	-4,11	-4,06	-4,00	-2,77	0
24/03/2020 00:45:00	-2,64	-1,35	-1,25	-1,70	-2,27	-3,08	-3,78	-4,21	-4,37	-4,50	-4,59	-4,63	-4,67	-2,84	0
24/03/2020 00:50:00	-2,94	-1,45	-1,31	-1,88	-2,63	-3,44	-4,16	-4,58	-4,73	-4,83	-4,88	-4,85	-4,81	-2,84	0
24/03/2020 00:55:00	-2,65	-1,48	-1,44	-1,86	-2,48	-3,27	-3,97	-4,38	-4,53	-4,63	-4,71	-4,72	-4,72	-2,91	0
24/03/2020 01:00:00	-2,86	-1,51	-1,41	-1,86	-2,48	-3,31	-4,06	-4,50	-4,64	-4,75	-4,82	-4,83	-4,83	-2,92	0
24/03/2020 01:05:00	-2,91	-1,41	-1,34	-1,77	-2,40	-3,22	-3,93	-4,34	-4,48	-4,59	-4,67	-4,69	-4,72	-2,94	0
24/03/2020 01:10:00	-2,96	-1,49	-1,43	-1,90	-2,63	-3,42	-4,09	-4,48	-4,61	-4,70	-4,76	-4,74	-4,72	-3,04	0
24/03/2020 01:15:00	-2,88	-1,70	-1,67	-2,10	-2,59	-3,38	-4,02	-4,39	-4,50	-4,60	-4,67	-4,70	-4,72	-3,04	0
24/03/2020 01:20:00	-3,18	-1,80	-1,68	-2,07	-2,80	-3,66	-4,38	-4,86	-5,06	-5,21	-5,30	-5,32	-5,34	-3,11	0
24/03/2020 01:25:00	-3,06	-1,72	-1,68	-2,14	-2,94	-3,76	-4,47	-4,90	-5,05	-5,15	-5,20	-5,16	-5,11	-3,11	0
24/03/2020 01:30:00	-3,08	-2,06	-2,16	-2,59	-3,19	-3,82	-4,32	-4,57	-4,60	-4,63	-4,63	-4,57	-4,51	-3,09	0
24/03/2020 01:35:00	-3,19	-2,09	-2,07	-2,55	-3,06	-3,67	-4,26	-4,55	-4,58	-4,60	-4,60	-4,55	-4,50	-3,28	0
24/03/2020 01:40:00	-3,33	-2,03	-1,90	-2,22	-2,76	-3,53	-4,24	-4,67	-4,82	-4,94	-5,03	-5,06	-5,10	-3,32	0
24/03/2020 01:45:00	-3,50	-1,98	-1,91	-2,39	-2,94	-3,71	-4,35	-4,68	-4,76	-4,81	-4,85	-4,83	-4,81	-3,31	0
24/03/2020 01:50:00	-3,29	-2,09	-1,99	-2,48	-3,05	-3,74	-4,32	-4,64	-4,74	-4,80	-4,83	-4,79	-4,75	-3,38	0
24/03/2020 01:55:00	-3,31	-2,08	-2,06	-2,57	-3,11	-3,82	-4,39	-4,68	-4,73	-4,76	-4,77	-4,71	-4,66	-3,47	0
24/03/2020 02:00:00	-3,39	-2,00	-1,91	-2,33	-2,87	-3,50	-4,04	-4,32	-4,36	-4,40	-4,42	-4,38	-4,35	-3,33	0
24/03/2020 02:05:00	-3,28	-1,84	-1,72	-2,14	-2,73	-3,40	-3,97	-4,27	-4,34	-4,40	-4,43	-4,40	-4,37	-3,36	0
24/03/2020 02:10:00	-3,59	-2,13	-2,00	-2,55	-3,17	-3,84	-4,42	-4,71	-4,75	-4,76	-4,74	-4,64	-4,54	-3,41	0
24/03/2020 02:15:00	-3,36	-2,45	-2,34	-2,53	-2,91	-3,57	-4,20	-4,62	-4,77	-4,91	-5,03	-5,13	-5,23	-3,46	0
24/03/2020 02:20:00	-3,64	-2,29	-2,20	-2,59	-3,14	-3,78	-4,35	-4,65	-4,71	-4,76	-4,78	-4,75	-4,71	-3,44	0
24/03/2020 02:25:00	-3,52	-2,46	-2,27	-2,53	-2,97	-3,61	-4,18	-4,52	-4,65	-4,74	-4,80	-4,81	-4,81	-3,58	0
24/03/2020 02:30:00	-3,65	-2,15	-2,00	-2,38	-2,91	-3,62	-4,17	-4,48	-4,56	-4,63	-4,67	-4,66	-4,65	-3,60	0
24/03/2020 02:35:00	-3,76	-2,40	-2,33	-2,60	-3,02	-3,63	-4,16	-4,41	-4,43	-4,45	-4,47	-4,46	-4,44	-3,59	0
24/03/2020 02:40:00	-3,70	-2,45	-2,27	-2,59	-3,02	-3,64	-4,20	-4,52	-4,60	-4,67	-4,72	-4,73	-4,74	-3,63	0
24/03/2020 02:45:00	-3,46	-2,44	-2,28	-2,43	-2,92	-3,57	-4,15	-4,54	-4,70	-4,83	-4,92	-4,96	-5,01	-3,64	0
24/03/2020 02:50:00	-3,72	-2,13	-1,86	-2,37	-2,94	-3,70	-4,37	-4,76	-4,89	-4,98	-5,03	-5,01	-4,99	-3,69	0
24/03/2020 02:55:00	-3,64	-2,49	-2,36	-2,78	-3,19	-3,74	-4,25	-4,50	-4,52	-4,53	-4,54	-4,48	-4,43	-3,76	0
24/03/2020 03:00:00	-3,77	-2,72	-2,64	-2,92	-3,40	-3,98	-4,41	-4,65	-4,73	-4,79	-4,83	-4,82	-4,81	-3,81	0
24/03/2020 03:05:00	-3,89	-2,31	-2,23	-2,52	-3,02	-3,69	-4,17	-4,42	-4,47	-4,52	-4,57	-4,57	-4,57	-3,78	0
24/03/2020 03:10:00	-3,87	-2,56	-2,39	-2,65	-3,11	-3,68	-4,25	-4,56	-4,62	-4,68	-4,73	-4,73	-4,74	-3,86	0
24/03/2020 03:15:00	-3,91	-2,66	-2,49	-2,68	-3,18	-3,73	-4,21	-4,50	-4,60	-4,69	-4,77	-4,79	-4,82	-3,94	0
24/03/2020 03:20:00	-3,96	-2,46	-2,28	-2,71	-3,38	-3,88	-4,27	-4,44	-4,46	-4,46	-4,42	-4,30	-4,17	-3,94	0
24/03/2020 03:25:00	-3,84	-2,76	-2,72	-3,03	-3,54	-4,01	-4,38	-4,53	-4,52	-4,51	-4,48	-4,39	-4,30	-3,98	0
24/03/2020 03:30:00	-3,99	-2,70	-2,53	-2,75	-3,28	-3,86	-4,35	-4,64	-4,72	-4,77	-4,80	-4,77	-4,74	-3,99	0
24/03/2020 03:35:00	-4,11	-2,51	-2,40	-2,84	-3,36	-3,96	-4,47	-4,67	-4,64	-4,62	-4,58	-4,48	-4,37	-4,01	0
24/03/2020 03:40:00	-4,13	-2,70	-2,48	-2,69	-3,14	-3,74	-4,30	-4,63	-4,72	-4,80	-4,87	-4,89	-4,91	-4,09	0
24/03/2020 03:45:00	-4,03	-2,90	-2,69	-2,77	-3,12	-3,64	-4,07	-4,35	-4,45	-4,54	-4,62	-4,67	-4,72	-4,12	0
24/03/2020 03:50:00	-4,21	-2,83	-2,66	-2,96	-3,35	-3,91	-4,41	-4,64	-4,65	-4,66	-4,65	-4,60	-4,55	-4,09	0
24/03/2020 03:55:00	-4,18	-3,05	-2,86	-3,03	-3,45	-3,99	-4,44	-4,70	-4,79	-4,86	-4,91	-4,91	-4,92	-4,17	0
24/03/2020 04:00:00	-4,34	-2,86	-2,76	-3,07	-3,42	-3,89	-4,26	-4,37	-4,30	-4,25	-4,22	-4,14	-4,07	-4,18	0
24/03/2020 04:05:00	-4,08	-2,99	-2,88	-2,89	-3,13	-3,62	-4,02	-4,25	-4,29	-4,35	-4,42	-4,47	-4,53	-4,18	0
24/03/2020 04:10:00	-4,20	-3,01	-2,88	-3,16	-3,62	-4,15	-4,56	-4,76	-4,78	-4,80	-4,78	-4,71	-4,63	-4,22	0
24/03/2020 04:15:00	-4,08	-3,11	-2,85	-2,68	-3,04	-3,63	-4,19	-4,62	-4,84	-5,02	-5,19	-5,33	-5,46	-4,30	0
24/03/2020 04:20:00	-4,39	-3,07	-2,93	-3,43	-3,96	-4,48	-4,82	-4,96	-4,95	-4,93	-4,89	-4,76	-4,64	-4,36	0
24/03/2020 04:25:00	-4,18	-3,22	-3,01	-3,15	-3,51	-4,02	-4,55	-4,89	-5,00	-5,09	-5,17	-5,21	-5,24	-4,27	0
24/03/2020 04:30:00	-4,26	-3,19	-3,01	-3,26	-3,55	-4,11	-4,64	-4,92	-4,96	-4,99	-5,01	-4,99	-4,97	-4,31	0
24/03/2020 04:35:00	-4,35	-3,12	-2,91	-3,06	-3,52	-4,18	-4,76	-5,13	-5,27	-5,38	-5,46	-5,49	-5,52	-4,31	0
24/03/2020 04:40:00	-4,43	-2,89	-2,71	-3,10	-3,52	-4,14	-4,66	-4,92	-4,93	-4,95	-4,95	-4,92	-4,88	-4,28	0
24/03/2020 04:45:00	-4,36	-3,05	-2,90	-3,20	-3,64	-4,23	-4,71	-4,95	-4,99	-5,03	-5,04	-5,01	-4,97	-4,32	0
24/03/2020 04:50:00	-4,49	-2,94	-2,77	-3,30	-3,83	-4,41	-4,91	-5,10	-5,07	-5,03	-4,95	-4,80	-4,65	-4,38	0
24/03/2020 04:55:00	-4,60	-3,02	-2,89	-3,42	-3,94	-4,50	-5,00	-5,18	-5,12	-5,06	-4,99	-4,85	-4,71	-4,41	0
24/03/2020 05:00:00	-4,37	-3,04	-2,86	-3,07	-3,52	-4,08	-4,60	-4,89	-4,97	-5,03	-5,08	-5,09	-5,10	-4,46	0
24/03/2020 05:05:00	-4,40	-3,19	-3,10	-3,46	-3,94	-4,49	-4,98	-5,20	-5,19	-5,18	-5,15	-5,05	-4,96	-4,45	0
24/03/2020 05:10:00	-4,39	-3,34	-3,30	-3,58	-3,92	-4,45	-4,90	-5,09	-5,06	-5,04	-5,02	-4,96	-4,90	-4,57	0
24/03/2020 05:15:00	-4,45	-3,48	-3,41	-3,70	-4,05	-4,53	-4,98	-5,18	-5,16	-5,14	-5,12	-5,06	-5,00	-4,49	0
24/03/2020 05:20:00	-4,71	-3,38	-3,18	-3,57	-4,06	-4,53	-4,85	-4,97	-4,94	-4,91	-4,85	-4,72	-4,58	-4,51	0
24/03/2020 05:25:00	-4,61	-3,30	-3,17	-3,50	-3,84	-4,37	-4,80	-4,98	-4,94	-4,92	-4,89	-4,82	-4,75	-4,58	0
24/03/2020 05:30:00	-4,55	-3,16	-3,07	-3,41	-3,88	-4,43	-4,81	-4,97	-4,96	-4,94	-4,92	-4,84	-4,76	-4,63	0
24/03/2020 05:35:00	-4,55	-3,40	-3,15	-3,30	-3,67	-4,19	-4,72	-5,04	-5,13	-5,19	-5,25	-5,26	-5,27	-4,66	0
24/03/2020 05:40:00	-4,61	-3,57	-3,40	-3,43	-3,71	-4,24	-4,76	-5,10	-5,19	-5,29	-5,40	-5,50	-5,59	-4,64	0
24/03/2020 05:45:00	-4,64	-3,44	-3,12	-3,40	-3,75	-4,30	-4,79	-5,08	-5,16	-5,21	-5,24	-5,21	-5,18	-4,66	0
24/03/2020 05:50:00	-4,68	-3,12	-3,02	-3,40	-3,90	-4,36	-4,69	-4,78	-4,70	-4,65	-4,58	-4,47	-4,35	-4,78	0
24/03/2020 05:55:00	-4,62	-3,57	-3,45	-3,59	-3,95	-4,46	-4,92	-5,17	-5,22	-5,26	-5,29	-5,29	-5,28	-4,72	0
24/03/2020 06:00:00	-4,74	-3,67	-3,66	-3,91	-4,23	-4,68	-5,02	-5,14	-5,09	-5,07	-5,05	-5,01	-4,97	-4,74	0
24/03/2020 06:05:00	-4,71	-3,77	-3,76	-3,94	-4,25	-4,67	-5,01	-5,15	-5,10	-5,07	-5,05	-5,00	-4,95	-4,77	0
24/03/2020 06:10:00	-4,74	-3,57	-3,40	-3,49	-3,88	-4,35	-4,74	-4,95	-4,99	-5,03	-5,06	-5,05	-5,03	-4,79	0
24/03/2020 06:15:00	-4,75	-3,61	-3,45	-3,64	-4,04	-4,51	-4,86	-5,04	-5,06	-5,08	-5,08	-5,02	-4,97	-4,81	0
24/03/2020 06:20:00	-4,75	-3,70	-3,63	-3,90	-4,12	-4,62	-5,04	-5,21	-5,15	-5,11	-5,08	-5,03	-4,97	-4,81	0
24/03/2020 06:25:00	-4,68	-3,64	-3,46	-3,56	-3,82	-4,38	-4,91	-5,23	-5,30	-5,37	-5,43	-5,47	-5,51	-4,79	0
24/03/2020 06:30:00	-4,99	-3,77	-3,70	-3,87	-4,16	-4,67	-5,11	-5,32	-5,30	-5,31	-5,33	-5,33	-5,34	-4,81	0
24/03/2020 06:35:00	-4,78	-3,66	-3,58	-3,87	-4,30	-4,83	-5,24	-5,43	-5,43	-5,43	-5,42	-5,36	-5,31	-4,87	0
24/03/2020 06:40:00	-4,85	-3,61	-3,51	-3,78	-4,15	-4,68	-5,12	-5,32	-5,31	-5,30	-5,29	-5,24	-5,19	-4,95	0
24/03/2020 06:45:00	-4,99	-3,87	-3,74	-4,13	-4,62	-5,12	-5,55	-5,75	-5,77	-5,76	-5,73	-5,64	-5,54	-4,98	0
24/03/2020 06:50:00	-5,03	-4,05	-3,96	-4,29	-4,73	-5,17	-5,50	-5,62	-5,59	-5,55	-5,49	-5,36	-5,24	-4,96	0
24/03/2020 06:55:00	-5,02	-3,88	-3,66	-3,81	-4,26	-4,83	-5,34	-5,67	-5,79	-5,87	-5,94	-5,95	-5,97	-4,93	0
24/03/2020 07:00:00	-4,89	-3,95	-3,94	-4,13	-4,54	-5,01	-5,40	-5,58	-5,58	-5,57	-5,55	-5,49	-5,43	-4,97	0
24/03/2020 07:05:00	-4,89	-4,19	-4,19	-4,35	-4,65	-5,04	-5,32	-5,47	-5,46	-5,47	-5,49	-5,48	-5,47	-4,94	0
24/03/2020 07:10:00	-4,88	-3,92	-4,06	-4,42	-4,88	-5,40	-5,79	-5,94	-5,88	-5,83	-5,78	-5,69	-5,61	-4,87	0
24/03/2020 07:15:00	-4,86	-4,21	-4,28	-4,39	-4,65	-5,07	-5,44	-5,64	-5,63	-5,65	-5,70	-5,75	-5,80	-4,82	0
24/03/2020 07:20:00	-4,80	-3,99	-4,08	-4,48	-4,87	-5,26	-5,61	-5,71	-5,60	-5,51	-5,43	-5,32	-5,20	-4,75	0
24/03/2020 07:25:00	-4,66	-4,02	-4,18	-4,47	-4,77	-5,15	-5,46	-5,55	-5,46	-5,40	-5,37	-5,31	-5,26	-4,67	0
24/03/2020 07:30:00	-4,69	-4,20	-4,42	-4,58	-4,85	-5,29	-5,65	-5,83	-5,80	-5,80	-5,83	-5,87	-5,91	-4,64	0
24/03/2020 07:35:00	-4,58	-4,17	-4,44	-4,72	-5,08	-5,41	-5,63	-5,69	-5,62	-5,58	-5,56	-5,54	-5,52	-4,59	0
24/03/2020 07:40:00	-4,48	-4,06	-4,26	-4,56	-4,87	-5,32	-5,71	-5,92	-5,91	-5,92	-5,96	-5,99	-6,03	-4,44	0
24/03/2020 07:45:00	-4,21	-3,96	-4,36	-4,74	-5,03	-5,44	-5,78	-5,90	-5,82	-5,79	-5,80	-5,82	-5,84	-4,29	0
24/03/2020 07:50:00	-4,12	-3,98	-4,49	-5,10	-5,59	-5,90	-6,02	-5,95	-5,77	-5,63	-5,51	-5,36	-5,21	-4,17	0
24/03/2020 07:55:00	-3,93	-3,87	-4,50	-5,25	-5,66	-5,90	-6,03	-5,90	-5,62	-5,42	-5,25	-5,08	-4,90	-3,84	0
24/03/2020 08:00:00	-3,63	-3,73	-4,38	-4,79	-5,33	-5,72	-5,93	-6,00	-5,93	-5,89	-5,88	-5,87	-5,85	-3,71	0
24/03/2020 08:05:00	-3,30	-3,79	-4,46	-4,77	-5,17	-5,51	-5,77	-5,89	-5,84	-5,83	-5,86	-5,91	-5,95	-3,50	0
24/03/2020 08:10:00	-3,34	-4,01	-4,68	-5,17	-5,49	-5,78	-5,99	-6,03	-5,91	-5,83	-5,79	-5,75	-5,71	-3,56	0
24/03/2020 08:15:00	-3,26	-3,83	-4,61	-5,08	-5,34	-5,63	-5,84	-5,86	-5,70	-5,61	-5,58	-5,58	-5,59	-3,38	0
24/03/2020 08:20:00	-3,10	-3,90	-4,53	-5,05	-5,36	-5,69	-6,04	-6,19	-6,11	-6,06	-6,05	-6,04	-6,03	-3,26	0
24/03/2020 08:25:00	-2,90	-3,73	-4,58	-4,99	-5,31	-5,74	-6,12	-6,31	-6,28	-6,28	-6,34	-6,45	-6,55	-3,06	0
24/03/2020 08:30:00	-2,73	-3,74	-4,41	-4,76	-5,18	-5,66	-6,03	-6,31	-6,41	-6,49	-6,59	-6,70	-6,80	-3,06	0
24/03/2020 08:35:00	-2,59	-3,63	-4,50	-5,06	-5,38	-5,73	-6,02	-6,13	-6,03	-5,97	-5,97	-5,98	-5,98	-2,96	0
24/03/2020 08:40:00	-2,31	-3,57	-4,46	-4,75	-5,11	-5,44	-5,79	-5,99	-5,99	-6,01	-6,10	-6,21	-6,33	-2,68	0
24/03/2020 08:45:00	-2,10	-3,43	-4,36	-4,96	-5,40	-5,71	-5,84	-5,85	-5,76	-5,69	-5,65	-5,61	-5,56	-2,51	0
24/03/2020 08:50:00	-1,59	-3,42	-4,32	-4,60	-4,89	-5,24	-5,62	-5,91	-5,97	-6,05	-6,17	-6,32	-6,47	-2,28	0
24/03/2020 08:55:00	-1,77	-3,23	-4,11	-4,51	-4,77	-5,15	-5,49	-5,69	-5,69	-5,70	-5,77	-5,86	-5,95	-2,31	0
24/03/2020 09:00:00	-1,38	-3,05	-3,95	-4,48	-4,77	-5,23	-5,62	-5,87	-5,90	-5,93	-6,00	-6,08	-6,15	-1,81	0
24/03/2020 09:05:00	-1,12	-2,80	-3,85	-4,41	-4,82	-5,23	-5,59	-5,79	-5,78	-5,79	-5,83	-5,89	-5,95	-1,72	0
24/03/2020 09:10:00	-1,00	-2,79	-3,97	-4,55	-4,78	-5,10	-5,27	-5,29	-5,17	-5,11	-5,11	-5,14	-5,18	-1,81	0
24/03/2020 09:15:00	-0,65	-2,56	-3,63	-4,20	-4,69	-5,23	-5,64	-5,94	-6,03	-6,11	-6,21	-6,31	-6,42	-1,48	0
24/03/2020 09:20:00	-0,44	-2,68	-3,96	-4,58	-4,85	-5,07	-5,29	-5,36	-5,24	-5,19	-5,20	-5,25	-5,30	-1,33	0
24/03/2020 09:25:00	-0,23	-2,73	-3,84	-4,14	-4,38	-4,86	-5,37	-5,77	-5,91	-6,03	-6,21	-6,42	-6,62	-1,15	1
24/03/2020 09:30:00	-0,28	-2,51	-3,57	-4,05	-4,39	-4,91	-5,39	-5,74	-5,86	-5,95	-6,07	-6,20	-6,33	-1,31	1
24/03/2020 09:35:00	0,05	-2,37	-3,53	-3,96	-4,32	-4,79	-5,14	-5,43	-5,54	-5,64	-5,78	-5,93	-6,08	-1,07	1
24/03/2020 09:40:00	-0,12	-2,34	-3,40	-3,81	-4,13	-4,56	-5,07	-5,46	-5,58	-5,70	-5,87	-6,06	-6,26	-1,32	0
24/03/2020 09:45:00	0,31	-2,32	-3,53	-3,91	-4,14	-4,53	-5,02	-5,39	-5,50	-5,61	-5,78	-6,00	-6,22	-0,98	1
24/03/2020 09:50:00	-0,01	-2,07	-3,24	-3,85	-4,34	-4,86	-5,36	-5,71	-5,81	-5,90	-6,04	-6,18	-6,33	-0,92	1
24/03/2020 09:55:00	0,27	-1,85	-3,11	-3,68	-4,20	-4,73	-5,23	-5,58	-5,69	-5,80	-5,95	-6,13	-6,31	-0,90	1
24/03/2020 10:00:00	1,17	-2,04	-3,40	-3,76	-4,01	-4,51	-5,03	-5,48	-5,67	-5,84	-6,07	-6,34	-6,61	-0,33	1
24/03/2020 10:05:00	0,79	-1,92	-3,13	-3,49	-3,80	-4,27	-4,74	-5,15	-5,32	-5,49	-5,71	-5,96	-6,22	-0,03	1
24/03/2020 10:10:00	0,69	-1,49	-2,87	-3,51	-3,99	-4,45	-4,88	-5,16	-5,21	-5,28	-5,42	-5,60	-5,78	-0,52	1
24/03/2020 10:15:00	1,29	-1,75	-3,10	-3,36	-3,64	-4,10	-4,58	-5,01	-5,21	-5,40	-5,66	-5,97	-6,27	-0,21	1
24/03/2020 10:20:00	0,92	-1,48	-2,64	-3,20	-3,57	-4,23	-4,81	-5,30	-5,53	-5,72	-5,95	-6,20	-6,45	-0,40	1
24/03/2020 10:25:00	1,51	-1,67	-3,09	-3,44	-3,71	-3,99	-4,34	-4,62	-4,69	-4,78	-4,93	-5,14	-5,34	0,17	1
24/03/2020 10:30:00	1,40	-1,44	-2,90	-3,46	-3,87	-4,31	-4,84	-5,23	-5,35	-5,48	-5,66	-5,90	-6,14	0,14	1
24/03/2020 10:35:00	1,28	-1,60	-2,87	-3,36	-3,67	-4,19	-4,82	-5,34	-5,56	-5,76	-6,02	-6,31	-6,61	0,07	1
24/03/2020 10:40:00	1,32	-1,46	-2,64	-2,92	-3,21	-3,81	-4,47	-5,05	-5,33	-5,59	-5,90	-6,24	-6,59	0,31	1
24/03/2020 10:45:00	1,97	-1,44	-2,83	-3,10	-3,30	-3,76	-4,16	-4,55	-4,73	-4,92	-5,16	-5,44	-5,73	0,44	1
24/03/2020 10:50:00	1,37	-1,37	-2,50	-2,78	-3,03	-3,59	-4,29	-4,88	-5,17	-5,42	-5,73	-6,08	-6,43	0,09	1
24/03/2020 10:55:00	1,32	-1,24	-2,31	-2,60	-2,98	-3,67	-4,41	-5,07	-5,42	-5,71	-6,03	-6,38	-6,72	-0,08	1
24/03/2020 11:00:00	1,51	-1,12	-2,41	-2,93	-3,31	-3,91	-4,46	-4,91	-5,10	-5,28	-5,50	-5,76	-6,01	0,26	1
24/03/2020 11:05:00	1,92	-1,22	-2,70	-3,18	-3,48	-3,90	-4,29	-4,61	-4,71	-4,82	-4,99	-5,21	-5,43	0,11	1
24/03/2020 11:10:00	2,22	-1,05	-2,50	-3,01	-3,34	-3,78	-4,26	-4,67	-4,84	-5,01	-5,24	-5,50	-5,77	0,33	1
24/03/2020 11:15:00	2,13	-1,11	-2,50	-2,79	-3,06	-3,50	-4,02	-4,49	-4,71	-4,93	-5,21	-5,54	-5,88	0,81	1
24/03/2020 11:20:00	2,12	-0,95	-2,37	-2,73	-2,95	-3,46	-3,93	-4,32	-4,48	-4,64	-4,88	-5,16	-5,45	0,76	1
24/03/2020 11:25:00	1,58	-0,52	-1,64	-2,32	-2,87	-3,58	-4,40	-4,98	-5,20	-5,37	-5,56	-5,75	-5,93	0,33	1
24/03/2020 11:30:00	2,18	-1,15	-2,60	-2,93	-3,20	-3,52	-4,02	-4,39	-4,50	-4,63	-4,81	-5,05	-5,28	0,43	1
24/03/2020 11:35:00	2,52	-0,77	-2,24	-2,58	-2,82	-3,28	-3,77	-4,24	-4,47	-4,72	-5,04	-5,43	-5,82	0,39	1
24/03/2020 11:40:00	3,04	-0,69	-2,49	-2,98	-3,21	-3,40	-3,60	-3,78	-3,81	-3,92	-4,11	-4,40	-4,68	1,06	1
24/03/2020 11:45:00	3,04	-0,96	-2,64	-3,16	-3,39	-3,78	-4,13	-4,39	-4,45	-4,52	-4,64	-4,79	-4,94	1,55	1
24/03/2020 11:50:00	2,32	-0,40	-1,92	-2,56	-2,95	-3,47	-3,88	-4,18	-4,28	-4,41	-4,60	-4,83	-5,07	0,67	1
24/03/2020 11:55:00	2,14	-0,45	-1,95	-2,48	-3,00	-3,47	-3,96	-4,35	-4,50	-4,67	-4,91	-5,21	-5,51	0,43	1
24/03/2020 12:00:00	2,78	-0,45	-2,11	-2,60	-3,05	-3,36	-3,72	-3,99	-4,05	-4,15	-4,32	-4,54	-4,76	1,01	1
24/03/2020 12:05:00	3,08	-0,62	-1,99	-2,26	-2,47	-3,00	-3,61	-4,17	-4,47	-4,74	-5,05	-5,41	-5,77	1,23	1
24/03/2020 12:10:00	3,50	-0,57	-2,55	-3,25	-3,55	-3,76	-3,93	-4,03	-3,98	-4,00	-4,10	-4,26	-4,42	1,25	1
24/03/2020 12:15:00	2,66	-0,52	-1,85	-2,18	-2,35	-2,81	-3,29	-3,71	-3,91	-4,12	-4,39	-4,71	-5,03	0,90	1
24/03/2020 12:20:00	3,30	-0,52	-2,19	-2,68	-2,86	-3,25	-3,63	-3,96	-4,07	-4,22	-4,43	-4,71	-4,98	1,49	1
24/03/2020 12:25:00	3,43	-0,58	-2,16	-2,52	-2,51	-2,87	-3,29	-3,69	-3,87	-4,07	-4,36	-4,72	-5,08	1,01	1
24/03/2020 12:30:00	3,51	-0,57	-2,06	-2,28	-2,35	-2,78	-3,24	-3,71	-3,96	-4,20	-4,50	-4,86	-5,23	1,49	1
24/03/2020 12:35:00	3,39	-0,36	-1,77	-1,91	-1,87	-2,13	-2,65	-3,13	-3,34	-3,58	-3,91	-4,33	-4,75	1,26	1
24/03/2020 12:40:00	3,13	-0,30	-1,53	-1,67	-1,90	-2,42	-3,09	-3,72	-4,07	-4,39	-4,75	-5,15	-5,55	1,13	1
24/03/2020 12:45:00	3,53	-0,21	-1,32	-1,29	-1,32	-1,97	-2,75	-3,52	-3,98	-4,37	-4,81	-5,29	-5,77	2,30	1
24/03/2020 12:50:00	3,25	0,05	-1,27	-1,67	-1,99	-2,52	-3,09	-3,56	-3,78	-3,98	-4,21	-4,46	-4,71	1,88	1
24/03/2020 12:55:00	3,81	-0,33	-1,62	-1,68	-1,80	-2,25	-2,76	-3,28	-3,59	-3,86	-4,17	-4,50	-4,83	1,54	1
24/03/2020 13:00:00	3,38	-0,02	-1,02	-0,92	-1,09	-1,60	-2,39	-3,14	-3,57	-3,94	-4,35	-4,79	-5,22	2,04	1
24/03/2020 13:05:00	2,85	0,13	-1,05	-1,30	-1,66	-2,25	-2,87	-3,37	-3,61	-3,83	-4,07	-4,34	-4,61	1,85	1
24/03/2020 13:10:00	2,99	0,09	-0,89	-1,09	-1,43	-2,10	-2,79	-3,41	-3,75	-4,04	-4,32	-4,61	-4,89	1,71	1
24/03/2020 13:15:00	2,52	0,58	-0,33	-0,90	-1,37	-2,12	-2,76	-3,21	-3,40	-3,55	-3,69	-3,79	-3,88	1,84	1
24/03/2020 13:20:00	1,47	1,33	0,66	-0,17	-0,97	-2,28	-3,27	-4,01	-4,40	-4,71	-5,00	-5,25	-5,51	1,50	0
24/03/2020 13:25:00	1,17	1,52	0,52	-0,65	-1,62	-2,47	-3,06	-3,31	-3,33	-3,38	-3,44	-3,49	-3,54	1,54	0
24/03/2020 13:30:00	1,18	1,86	0,30	-1,55	-2,88	-3,60	-3,84	-3,66	-3,34	-3,15	-2,97	-2,78	-2,59	1,88	1
24/03/2020 13:35:00	1,35	2,16	1,00	-0,69	-2,19	-3,23	-4,14	-4,54	-4,58	-4,63	-4,64	-4,61	-4,57	2,28	1
24/03/2020 13:40:00	1,68	1,67	0,26	-1,06	-2,15	-2,81	-3,32	-3,45	-3,33	-3,31	-3,32	-3,35	-3,38	1,71	0
24/03/2020 13:45:00	2,49	1,26	-0,33	-1,60	-2,54	-2,99	-3,30	-3,36	-3,26	-3,23	-3,25	-3,28	-3,31	1,76	1
24/03/2020 13:50:00	3,37	0,78	-0,80	-1,55	-2,06	-2,43	-2,77	-2,99	-3,03	-3,14	-3,31	-3,53	-3,76	1,90	1
24/03/2020 13:55:00	3,85	0,63	-0,87	-1,31	-1,67	-2,09	-2,61	-3,05	-3,25	-3,46	-3,73	-4,06	-4,39	2,34	1
24/03/2020 14:00:00	3,80	0,63	-0,93	-1,43	-1,94	-2,41	-3,00	-3,45	-3,64	-3,83	-4,07	-4,35	-4,63	2,46	1
24/03/2020 14:05:00	3,47	0,63	-0,88	-1,52	-1,81	-2,26	-2,69	-2,99	-3,07	-3,20	-3,38	-3,62	-3,85	1,92	1
24/03/2020 14:10:00	4,17	0,40	-1,27	-1,61	-1,74	-1,91	-2,23	-2,49	-2,55	-2,69	-2,91	-3,21	-3,51	2,51	1
24/03/2020 14:15:00	3,84	0,55	-0,91	-1,34	-1,55	-1,93	-2,41	-2,81	-2,97	-3,18	-3,44	-3,77	-4,10	2,58	1
24/03/2020 14:20:00	4,18	0,95	-0,65	-1,34	-1,79	-2,23	-2,70	-3,06	-3,19	-3,34	-3,54	-3,77	-4,01	2,58	1
24/03/2020 14:25:00	3,61	0,85	-0,65	-1,07	-1,36	-1,76	-2,14	-2,42	-2,51	-2,66	-2,89	-3,18	-3,48	2,26	1
24/03/2020 14:30:00	3,66	1,44	-0,02	-0,80	-1,53	-2,16	-2,70	-3,07	-3,20	-3,35	-3,52	-3,70	-3,88	2,83	1
24/03/2020 14:35:00	4,11	1,22	-0,19	-0,75	-1,13	-1,62	-2,27	-2,76	-2,94	-3,14	-3,39	-3,67	-3,96	2,71	1
24/03/2020 14:40:00	4,10	1,31	-0,13	-0,69	-1,11	-1,56	-1,96	-2,27	-2,40	-2,56	-2,76	-2,99	-3,23	2,81	1
24/03/2020 14:45:00	4,02	1,42	0,10	-0,31	-0,65	-1,18	-1,67	-2,05	-2,23	-2,44	-2,69	-2,99	-3,29	2,86	1
24/03/2020 14:50:00	4,21	1,51	0,05	-0,60	-1,12	-1,60	-2,11	-2,48	-2,63	-2,80	-3,02	-3,27	-3,52	3,28	1
24/03/2020 14:55:00	3,67	1,50	0,31	-0,20	-0,65	-1,18	-1,64	-1,99	-2,15	-2,34	-2,56	-2,81	-3,05	2,65	1
24/03/2020 15:00:00	4,28	1,41	0,17	-0,14	-0,30	-0,86	-1,55	-2,15	-2,46	-2,78	-3,16	-3,61	-4,06	3,26	1
24/03/2020 15:05:00	4,36	1,63	0,27	-0,16	-0,41	-0,82	-1,19	-1,50	-1,65	-1,85	-2,11	-2,43	-2,75	3,07	1
24/03/2020 15:10:00	4,48	1,68	0,24	-0,13	-0,43	-0,89	-1,28	-1,63	-1,80	-2,03	-2,33	-2,69	-3,06	3,23	1
24/03/2020 15:15:00	4,70	1,79	0,52	0,30	0,08	-0,35	-1,09	-1,69	-1,99	-2,32	-2,71	-3,18	-3,64	3,63	1
24/03/2020 15:20:00	4,13	1,79	0,44	-0,15	-0,51	-0,98	-1,50	-1,87	-2,01	-2,20	-2,44	-2,73	-3,03	3,05	1
24/03/2020 15:25:00	4,16	1,78	0,56	0,14	-0,17	-0,81	-1,41	-1,90	-2,15	-2,42	-2,73	-3,09	-3,45	3,33	1
24/03/2020 15:30:00	4,03	1,77	0,61	0,32	-0,01	-0,49	-1,07	-1,54	-1,78	-2,05	-2,37	-2,75	-3,13	2,95	1
24/03/2020 15:35:00	4,13	2,18	0,64	-0,15	-0,69	-1,17	-1,52	-1,68	-1,67	-1,74	-1,86	-2,03	-2,20	3,15	1
24/03/2020 15:40:00	4,20	2,10	0,93	0,32	-0,26	-0,93	-1,50	-1,93	-2,15	-2,37	-2,59	-2,82	-3,05	3,18	1
24/03/2020 15:45:00	4,01	2,40	1,26	0,45	-0,31	-0,98	-1,49	-1,83	-1,98	-2,14	-2,28	-2,41	-2,54	3,07	1
24/03/2020 15:50:00	3,81	2,18	0,88	0,16	-0,49	-1,05	-1,56	-1,83	-1,87	-1,97	-2,08	-2,21	-2,34	3,06	1
24/03/2020 15:55:00	4,07	2,17	0,89	0,21	-0,22	-0,63	-1,08	-1,32	-1,36	-1,47	-1,62	-1,80	-1,99	3,64	1
24/03/2020 16:00:00	4,30	2,35	1,00	0,26	-0,18	-0,90	-1,36	-1,66	-1,77	-1,93	-2,12	-2,34	-2,55	3,53	1
24/03/2020 16:05:00	3,83	2,26	1,25	0,74	0,25	-0,37	-0,95	-1,39	-1,60	-1,83	-2,09	-2,36	-2,64	3,35	0
24/03/2020 16:10:00	4,13	2,46	1,34	0,73	0,18	-0,42	-1,14	-1,64	-1,84	-2,07	-2,32	-2,60	-2,88	3,76	1
24/03/2020 16:15:00	3,65	2,37	1,46	0,85	0,29	-0,55	-1,27	-1,81	-2,10	-2,37	-2,65	-2,93	-3,21	3,50	0
24/03/2020 16:20:00	3,76	2,51	1,56	1,01	0,29	-0,39	-1,07	-1,58	-1,83	-2,10	-2,36	-2,63	-2,89	3,76	0
24/03/2020 16:25:00	3,75	2,45	1,56	1,09	0,63	0,03	-0,69	-1,22	-1,45	-1,72	-2,00	-2,32	-2,64	3,39	0
24/03/2020 16:30:00	3,40	2,56	1,57	0,91	0,30	-0,34	-0,98	-1,36	-1,48	-1,66	-1,85	-2,07	-2,29	3,53	0
24/03/2020 16:35:00	3,36	2,78	1,90	1,22	0,34	-0,62	-1,41	-1,98	-2,27	-2,55	-2,82	-3,07	-3,32	3,63	0
24/03/2020 16:40:00	3,27	2,56	1,81	1,07	0,45	-0,31	-1,01	-1,47	-1,67	-1,87	-2,06	-2,23	-2,40	3,39	0
24/03/2020 16:45:00	3,47	2,67	1,77	1,05	0,29	-0,49	-1,21	-1,70	-1,91	-2,14	-2,35	-2,55	-2,76	3,88	0
24/03/2020 16:50:00	3,15	2,63	1,95	1,41	0,80	-0,11	-0,99	-1,66	-2,01	-2,35	-2,70	-3,06	-3,41	3,53	0
24/03/2020 16:55:00	2,78	2,73	2,03	1,15	0,29	-0,57	-1,36	-1,83	-2,01	-2,19	-2,33	-2,43	-2,54	3,48	0
24/03/2020 17:00:00	2,86	2,56	1,78	1,06	0,30	-0,55	-1,28	-1,74	-1,93	-2,13	-2,31	-2,47	-2,63	3,37	0
24/03/2020 17:05:00	2,67	2,57	2,00	1,41	0,74	-0,12	-0,96	-1,53	-1,79	-2,04	-2,28	-2,51	-2,73	3,46	0
24/03/2020 17:10:00	2,43	2,80	2,33	1,46	0,49	-0,56	-1,52	-2,15	-2,45	-2,70	-2,90	-3,04	-3,17	3,56	0
24/03/2020 17:15:00	2,27	2,59	2,07	1,34	0,36	-0,62	-1,49	-2,06	-2,33	-2,57	-2,75	-2,88	-3,01	3,44	0
24/03/2020 17:20:00	2,11	2,69	2,17	1,44	0,60	-0,39	-1,31	-1,91	-2,17	-2,43	-2,68	-2,90	-3,12	3,40	0
24/03/2020 17:25:00	1,87	2,77	2,36	1,49	0,41	-0,67	-1,56	-2,12	-2,39	-2,61	-2,77	-2,86	-2,95	3,55	0
24/03/2020 17:30:00	1,85	2,67	2,38	1,60	0,79	-0,31	-1,29	-1,93	-2,24	-2,50	-2,72	-2,89	-3,06	3,48	0
24/03/2020 17:35:00	1,59	2,76	2,49	1,61	0,61	-0,48	-1,46	-2,06	-2,32	-2,54	-2,69	-2,77	-2,84	3,26	0
24/03/2020 17:40:00	1,41	2,84	2,68	1,83	0,74	-0,39	-1,46	-2,12	-2,43	-2,67	-2,85	-2,93	-3,02	3,52	0
24/03/2020 17:45:00	1,21	2,70	2,56	1,79	0,79	-0,28	-1,29	-1,93	-2,22	-2,48	-2,68	-2,82	-2,96	3,33	0
24/03/2020 17:50:00	1,07	2,83	2,84	1,98	0,89	-0,39	-1,56	-2,32	-2,68	-2,97	-3,16	-3,26	-3,36	3,45	0
24/03/2020 17:55:00	0,99	2,72	2,80	2,14	1,14	-0,10	-1,28	-2,08	-2,48	-2,80	-3,04	-3,20	-3,36	3,21	0
24/03/2020 18:00:00	0,67	2,79	2,81	1,92	0,79	-0,49	-1,62	-2,33	-2,66	-2,92	-3,09	-3,17	-3,24	3,32	0
24/03/2020 18:05:00	0,79	3,10	3,17	2,37	1,26	-0,04	-1,16	-1,89	-2,24	-2,53	-2,74	-2,86	-2,99	3,18	0
24/03/2020 18:10:00	0,71	3,07	3,26	2,35	1,12	-0,23	-1,45	-2,22	-2,59	-2,86	-3,03	-3,06	-3,10	3,05	0
24/03/2020 18:15:00	0,83	3,45	3,70	2,77	1,56	0,21	-1,03	-1,79	-2,13	-2,39	-2,54	-2,55	-2,57	3,03	0
24/03/2020 18:20:00	0,95	3,73	3,99	3,11	1,92	0,58	-0,64	-1,40	-1,76	-2,05	-2,24	-2,31	-2,38	3,01	0
24/03/2020 18:25:00	1,03	3,74	3,97	3,08	1,77	0,36	-0,89	-1,68	-2,08	-2,38	-2,57	-2,62	-2,68	2,86	0
24/03/2020 18:30:00	1,28	3,77	4,05	3,34	2,18	0,83	-0,38	-1,16	-1,56	-1,87	-2,08	-2,16	-2,24	2,91	0
24/03/2020 18:35:00	1,21	3,74	4,03	3,19	2,10	0,73	-0,51	-1,29	-1,66	-1,95	-2,12	-2,18	-2,23	2,75	0
24/03/2020 18:40:00	1,45	4,00	4,30	3,55	2,43	1,07	-0,14	-0,92	-1,32	-1,63	-1,84	-1,92	-2,00	2,63	0
24/03/2020 18:45:00	1,83	4,22	4,52	3,90	2,84	1,55	0,31	-0,49	-0,90	-1,24	-1,48	-1,60	-1,73	2,66	0
24/03/2020 18:50:00	1,61	4,30	4,70	3,89	2,72	1,38	0,14	-0,66	-1,08	-1,40	-1,61	-1,68	-1,75	2,52	0
24/03/2020 18:55:00	1,49	4,64	5,12	4,37	3,13	1,77	0,49	-0,33	-0,75	-1,08	-1,29	-1,37	-1,45	2,48	0
24/03/2020 19:00:00	1,67	4,55	4,98	4,25	3,09	1,72	0,47	-0,33	-0,74	-1,07	-1,28	-1,35	-1,43	2,20	0
24/03/2020 19:05:00	1,43	4,66	5,11	4,23	2,99	1,60	0,34	-0,43	-0,80	-1,09	-1,25	-1,27	-1,30	2,43	0
24/03/2020 19:10:00	1,80	4,81	5,34	4,55	3,36	1,94	0,65	-0,19	-0,64	-0,98	-1,19	-1,26	-1,32	2,33	0
24/03/2020 19:15:00	1,80	5,21	5,73	4,90	3,65	2,20	0,97	0,20	-0,20	-0,52	-0,71	-0,75	-0,79	2,33	0
24/03/2020 19:20:00	1,39	5,43	6,01	4,93	3,53	2,01	0,72	-0,01	-0,35	-0,61	-0,72	-0,66	-0,60	2,14	0
24/03/2020 19:25:00	1,46	5,33	5,85	4,89	3,49	1,99	0,71	-0,05	-0,41	-0,69	-0,83	-0,81	-0,78	2,31	0
24/03/2020 19:30:00	2,01	5,32	5,96	5,25	4,04	2,66	1,37	0,53	0,07	-0,30	-0,53	-0,63	-0,72	2,37	0
24/03/2020 19:35:00	1,88	5,38	6,08	5,29	4,03	2,56	1,24	0,40	-0,06	-0,41	-0,61	-0,64	-0,67	2,24	0
24/03/2020 19:40:00	2,12	5,75	6,36	5,53	4,22	2,76	1,49	0,71	0,29	-0,04	-0,23	-0,25	-0,28	2,14	0
24/03/2020 19:45:00	2,27	5,54	6,04	5,25	4,02	2,65	1,39	0,61	0,22	-0,10	-0,28	-0,33	-0,37	2,20	0
24/03/2020 19:50:00	1,92	5,47	6,20	5,52	4,32	2,89	1,54	0,68	0,23	-0,13	-0,34	-0,40	-0,45	2,21	0
24/03/2020 19:55:00	1,68	5,65	6,32	5,50	4,17	2,71	1,39	0,58	0,17	-0,17	-0,37	-0,42	-0,46	1,81	0
24/03/2020 20:00:00	1,62	5,50	6,26	5,51	4,19	2,73	1,36	0,50	0,04	-0,32	-0,53	-0,58	-0,63	1,91	0
24/03/2020 20:05:00	1,54	5,56	6,31	5,54	4,24	2,75	1,45	0,64	0,21	-0,13	-0,32	-0,35	-0,37	1,81	0
24/03/2020 20:10:00	1,40	5,50	6,30	5,51	4,17	2,64	1,28	0,45	0,01	-0,32	-0,49	-0,48	-0,47	1,92	0
24/03/2020 20:15:00	1,36	5,43	6,26	5,59	4,34	2,78	1,38	0,51	0,04	-0,32	-0,52	-0,56	-0,60	1,88	0
24/03/2020 20:20:00	1,16	5,41	6,33	5,60	4,29	2,80	1,45	0,61	0,16	-0,19	-0,37	-0,38	-0,39	1,63	0
24/03/2020 20:25:00	1,64	5,24	6,15	5,62	4,49	2,95	1,55	0,61	0,07	-0,34	-0,59	-0,66	-0,74	1,65	0
24/03/2020 20:30:00	1,42	5,60	6,64	5,95	4,72	3,18	1,75	0,82	0,31	-0,08	-0,29	-0,32	-0,35	1,50	0
24/03/2020 20:35:00	1,46	5,84	6,78	6,05	4,73	3,21	1,86	1,03	0,59	0,24	0,07	0,08	0,09	1,52	0
24/03/2020 20:40:00	1,69	5,76	6,80	6,22	5,05	3,47	2,06	1,11	0,57	0,15	-0,10	-0,17	-0,25	1,58	0
24/03/2020 20:45:00	1,50	5,90	6,98	6,31	5,03	3,53	2,09	1,17	0,66	0,27	0,05	0,01	-0,03	1,51	0
24/03/2020 20:50:00	1,67	5,99	6,87	6,10	4,77	3,25	1,89	1,06	0,63	0,29	0,12	0,12	0,12	1,33	0
24/03/2020 20:55:00	1,46	5,91	6,89	6,16	4,92	3,37	2,01	1,17	0,72	0,37	0,19	0,18	0,18	1,09	0
24/03/2020 21:00:00	1,07	5,63	6,67	5,91	4,58	3,00	1,66	0,82	0,35	0,01	-0,16	-0,13	-0,10	1,04	0
24/03/2020 21:05:00	1,07	5,59	6,59	5,79	4,48	2,94	1,61	0,80	0,37	0,05	-0,09	-0,04	0,01	0,76	0
24/03/2020 21:10:00	0,92	5,22	6,14	5,39	4,06	2,59	1,30	0,52	0,11	-0,19	-0,32	-0,26	-0,20	0,66	0
24/03/2020 21:15:00	0,72	5,22	6,35	5,67	4,47	2,90	1,47	0,56	0,07	-0,30	-0,49	-0,50	-0,51	0,44	0
24/03/2020 21:20:00	0,71	5,19	6,12	5,44	4,17	2,79	1,60	0,89	0,52	0,22	0,08	0,11	0,14	0,26	0
24/03/2020 21:25:00	0,69	5,05	6,21	5,62	4,52	3,00	1,65	0,77	0,28	-0,10	-0,30	-0,33	-0,35	0,61	0
24/03/2020 21:30:00	0,77	5,04	6,12	5,54	4,35	2,90	1,62	0,80	0,34	-0,02	-0,20	-0,20	-0,20	0,75	0
24/03/2020 21:35:00	0,95	4,92	6,00	5,54	4,43	2,97	1,67	0,77	0,25	-0,16	-0,41	-0,49	-0,57	0,83	0
24/03/2020 21:40:00	0,72	5,07	6,03	5,33	4,10	2,66	1,42	0,68	0,29	-0,01	-0,14	-0,08	-0,03	0,85	0
24/03/2020 21:45:00	0,93	5,17	6,23	5,69	4,43	2,99	1,69	0,86	0,39	0,04	-0,13	-0,12	-0,10	0,93	0
24/03/2020 21:50:00	0,91	5,11	6,11	5,53	4,38	2,95	1,63	0,79	0,35	0,01	-0,19	-0,21	-0,24	0,66	0
24/03/2020 21:55:00	0,85	5,07	6,04	5,33	4,12	2,73	1,59	0,90	0,51	0,22	0,09	0,14	0,20	0,71	0
24/03/2020 22:00:00	0,69	5,05	6,13	5,49	4,29	2,87	1,59	0,78	0,34	-0,01	-0,18	-0,19	-0,19	0,84	0
24/03/2020 22:05:00	0,69	4,94	5,94	5,25	4,14	2,76	1,57	0,85	0,47	0,16	0,01	0,03	0,04	0,56	0
24/03/2020 22:10:00	0,81	4,83	5,90	5,36	4,26	2,89	1,65	0,83	0,37	0,00	-0,20	-0,24	-0,28	0,49	0
24/03/2020 22:15:00	0,70	4,92	5,73	5,15	3,95	2,66	1,56	0,93	0,62	0,36	0,24	0,27	0,30	0,49	0
24/03/2020 22:20:00	0,81	4,84	5,75	5,19	4,11	2,82	1,65	0,94	0,58	0,27	0,11	0,09	0,07	0,75	0
24/03/2020 22:25:00	0,78	4,71	5,72	5,21	4,24	2,92	1,72	0,97	0,57	0,24	0,07	0,05	0,02	0,53	0
24/03/2020 22:30:00	0,70	4,80	5,71	5,07	3,99	2,76	1,66	1,03	0,72	0,47	0,36	0,40	0,44	0,44	0
24/03/2020 22:35:00	0,72	4,74	5,72	5,19	4,14	2,90	1,78	1,09	0,72	0,41	0,24	0,22	0,20	0,36	0
24/03/2020 22:40:00	0,85	4,68	5,65	5,14	4,20	3,03	1,97	1,33	0,99	0,70	0,55	0,54	0,53	0,53	0
24/03/2020 22:45:00	0,79	4,68	5,73	5,28	4,36	3,15	2,03	1,33	0,95	0,63	0,45	0,41	0,38	0,35	0
24/03/2020 22:50:00	0,70	4,60	5,72	5,44	4,53	3,34	2,24	1,52	1,10	0,75	0,55	0,48	0,42	0,49	0
24/03/2020 22:55:00	0,90	4,59	5,60	5,19	4,34	3,21	2,08	1,38	1,02	0,70	0,51	0,46	0,40	0,50	0
24/03/2020 23:00:00	1,02	4,44	5,36	5,05	4,24	3,12	2,10	1,44	1,07	0,75	0,54	0,46	0,38	0,47	0
24/03/2020 23:05:00	0,93	4,57	5,44	4,94	3,97	2,87	1,86	1,28	0,99	0,74	0,62	0,66	0,70	0,43	0
24/03/2020 23:10:00	0,96	4,44	5,24	4,85	3,92	2,84	1,95	1,40	1,09	0,81	0,65	0,62	0,58	0,38	0
24/03/2020 23:15:00	0,89	4,38	5,24	4,77	3,90	2,86	1,93	1,39	1,12	0,88	0,75	0,77	0,78	0,38	0
24/03/2020 23:20:00	0,82	4,42	5,36	4,94	4,05	2,93	1,97	1,37	1,04	0,75	0,58	0,56	0,54	0,24	0
24/03/2020 23:25:00	0,72	4,44	5,31	4,96	4,00	2,88	1,92	1,32	0,98	0,68	0,50	0,44	0,38	0,31	0
24/03/2020 23:30:00	0,74	4,34	5,28	4,89	3,98	2,96	2,04	1,48	1,17	0,89	0,74	0,72	0,71	0,13	0
24/03/2020 23:35:00	0,29	4,28	5,16	4,52	3,53	2,43	1,46	0,95	0,72	0,53	0,46	0,54	0,62	0,14	0
24/03/2020 23:40:00	0,44	4,03	4,85	4,36	3,47	2,44	1,51	0,99	0,75	0,52	0,42	0,43	0,45	0,25	0
24/03/2020 23:45:00	0,05	3,78	4,57	4,11	3,11	2,15	1,29	0,82	0,60	0,39	0,30	0,32	0,35	0,11	0
24/03/2020 23:50:00	-0,02	3,69	4,53	4,03	3,20	2,27	1,45	1,03	0,85	0,67	0,60	0,65	0,71	-0,01	0
24/03/2020 23:55:00	-0,10	3,34	4,07	3,54	2,71	1,71	0,88	0,45	0,27	0,09	0,03	0,08	0,14	-0,12	0
