FileFormat:0002.2 file with temperature of atmosphere
200
local	GMT or Local
0	GMT-Local=[hours]
0	Height[m]
0	0	0	Longitude                [grd]               [min]               [sec]
0	0	0	Latitude                [grd]               [min]               [sec]
N	NS
59,40	Freq[GHz]
0,00	dTemostat[K]
0,150	MessErr[K]
0,248	//[grad/step]
version 14.0.20110218
MTP5H033F5940K-33.00D180214+A1.1
Commentary:
enter comment
End Of Commentary

SYSTEM\summer.dat
data time	0	50	100	150	200	250	300	350	400	450	500	550	600	OutsideTemperature	Quality
16/06/2020 00:00:00	18,07	19,61	20,50	20,61	20,62	20,55	20,36	20,11	19,79	19,42	18,97	18,49	18,00	17,64	0
16/06/2020 00:05:00	17,97	19,55	20,47	20,60	20,65	20,64	20,47	20,24	19,93	19,59	19,15	18,69	18,23	17,81	0
16/06/2020 00:10:00	17,89	19,39	20,11	20,24	20,29	20,28	20,11	19,89	19,60	19,28	18,89	18,46	18,04	17,65	0
16/06/2020 00:15:00	17,66	19,32	20,02	20,12	20,09	20,02	19,83	19,59	19,27	18,94	18,53	18,10	17,67	17,68	0
16/06/2020 00:20:00	17,66	19,32	19,87	19,94	19,91	19,82	19,64	19,41	19,11	18,80	18,44	18,05	17,66	17,62	0
16/06/2020 00:25:00	17,67	19,25	19,87	19,92	19,91	19,84	19,64	19,40	19,09	18,77	18,39	17,98	17,57	17,75	0
16/06/2020 00:30:00	17,82	19,42	19,89	19,91	19,83	19,74	19,57	19,34	19,05	18,76	18,42	18,06	17,69	17,78	0
16/06/2020 00:35:00	17,88	19,26	19,68	19,72	19,68	19,64	19,47	19,25	18,98	18,69	18,36	18,00	17,64	17,85	0
16/06/2020 00:40:00	17,89	19,23	19,65	19,65	19,62	19,53	19,36	19,14	18,86	18,58	18,24	17,88	17,52	17,88	0
16/06/2020 00:45:00	17,72	19,28	19,69	19,72	19,64	19,56	19,37	19,13	18,84	18,55	18,21	17,84	17,48	18,13	0
16/06/2020 00:50:00	17,79	19,21	19,62	19,68	19,73	19,67	19,52	19,32	19,06	18,79	18,47	18,12	17,78	17,92	0
16/06/2020 00:55:00	17,95	19,22	19,85	19,95	20,00	19,98	19,86	19,67	19,41	19,12	18,77	18,38	18,00	18,07	0
16/06/2020 01:00:00	17,77	19,18	19,90	20,06	20,12	20,08	19,94	19,74	19,45	19,14	18,75	18,32	17,89	18,11	0
16/06/2020 01:05:00	17,95	19,18	19,85	19,93	19,97	19,92	19,77	19,55	19,27	18,95	18,56	18,14	17,71	18,41	0
16/06/2020 01:10:00	17,80	19,14	19,88	19,99	20,05	20,05	19,88	19,65	19,36	19,04	18,64	18,21	17,78	18,06	0
16/06/2020 01:15:00	18,09	19,46	19,91	19,99	19,97	19,95	19,82	19,64	19,38	19,11	18,79	18,45	18,10	17,94	0
16/06/2020 01:20:00	17,93	19,42	19,88	19,97	19,98	19,96	19,81	19,60	19,34	19,07	18,75	18,39	18,04	17,95	0
16/06/2020 01:25:00	17,94	19,45	19,97	20,05	20,07	20,02	19,85	19,63	19,35	19,06	18,71	18,33	17,95	17,91	0
16/06/2020 01:30:00	17,88	19,46	19,87	19,95	19,91	19,82	19,67	19,46	19,18	18,90	18,57	18,22	17,86	17,84	0
16/06/2020 01:35:00	17,94	19,35	19,74	19,75	19,71	19,66	19,50	19,29	19,02	18,75	18,44	18,11	17,77	17,89	0
16/06/2020 01:40:00	17,86	19,31	19,66	19,70	19,64	19,60	19,47	19,27	19,02	18,76	18,47	18,16	17,85	17,95	0
16/06/2020 01:45:00	18,03	19,49	19,77	19,79	19,76	19,75	19,63	19,45	19,21	18,98	18,73	18,45	18,17	17,84	0
16/06/2020 01:50:00	18,07	19,56	19,86	19,93	19,88	19,80	19,60	19,36	19,08	18,80	18,46	18,10	17,73	18,12	0
16/06/2020 01:55:00	18,31	19,46	19,71	19,65	19,62	19,56	19,41	19,22	18,97	18,73	18,45	18,15	17,84	18,29	0
16/06/2020 02:00:00	18,46	19,45	19,65	19,72	19,80	19,87	19,79	19,66	19,47	19,28	19,05	18,78	18,52	18,25	0
16/06/2020 02:05:00	18,35	19,52	19,78	19,80	19,74	19,65	19,47	19,26	18,99	18,72	18,40	18,05	17,70	18,40	0
16/06/2020 02:10:00	18,33	19,54	19,75	19,66	19,58	19,51	19,33	19,11	18,85	18,60	18,32	18,01	17,71	18,39	0
16/06/2020 02:15:00	18,48	19,60	19,74	19,71	19,64	19,60	19,47	19,30	19,07	18,85	18,60	18,33	18,06	18,44	0
16/06/2020 02:20:00	18,30	19,53	19,83	19,77	19,67	19,55	19,37	19,14	18,85	18,57	18,24	17,89	17,53	18,25	0
16/06/2020 02:25:00	18,22	19,52	19,75	19,73	19,66	19,56	19,38	19,15	18,88	18,61	18,31	17,97	17,64	18,30	0
16/06/2020 02:30:00	18,25	19,56	19,68	19,65	19,55	19,47	19,30	19,10	18,84	18,60	18,33	18,04	17,75	18,27	0
16/06/2020 02:35:00	18,21	19,49	19,67	19,68	19,70	19,66	19,51	19,32	19,09	18,87	18,61	18,33	18,04	18,09	0
16/06/2020 02:40:00	18,42	19,48	19,71	19,74	19,74	19,72	19,58	19,40	19,17	18,93	18,66	18,34	18,03	18,26	0
16/06/2020 02:45:00	18,26	19,41	19,63	19,63	19,65	19,62	19,47	19,29	19,06	18,82	18,56	18,25	17,95	18,29	0
16/06/2020 02:50:00	18,30	19,48	19,65	19,71	19,68	19,63	19,47	19,27	19,03	18,79	18,50	18,18	17,85	18,22	0
16/06/2020 02:55:00	18,33	19,34	19,48	19,48	19,48	19,48	19,38	19,23	19,02	18,82	18,59	18,33	18,07	18,22	0
16/06/2020 03:00:00	18,37	19,29	19,48	19,50	19,51	19,51	19,41	19,27	19,06	18,85	18,60	18,32	18,04	18,19	0
16/06/2020 03:05:00	18,18	19,21	19,32	19,25	19,18	19,17	19,05	18,89	18,67	18,47	18,25	18,00	17,75	18,17	0
16/06/2020 03:10:00	18,16	18,94	19,42	19,50	19,58	19,69	19,65	19,54	19,34	19,13	18,87	18,57	18,27	18,29	0
16/06/2020 03:15:00	17,92	18,71	19,38	19,56	19,70	19,82	19,79	19,68	19,47	19,23	18,92	18,56	18,21	17,94	0
16/06/2020 03:20:00	17,75	18,73	19,47	19,64	19,78	19,88	19,81	19,68	19,45	19,19	18,86	18,49	18,11	17,71	0
16/06/2020 03:25:00	17,66	18,74	19,44	19,55	19,67	19,77	19,71	19,58	19,35	19,11	18,81	18,47	18,13	17,46	0
16/06/2020 03:30:00	17,84	18,97	19,51	19,67	19,81	19,89	19,85	19,73	19,53	19,31	19,04	18,72	18,41	17,37	0
16/06/2020 03:35:00	17,52	18,80	19,23	19,32	19,35	19,40	19,35	19,22	19,00	18,79	18,54	18,27	17,99	17,49	0
16/06/2020 03:40:00	17,33	18,45	18,83	18,93	19,04	19,10	19,06	18,95	18,75	18,56	18,33	18,07	17,81	17,35	0
16/06/2020 03:45:00	17,36	18,21	18,66	18,84	19,00	19,11	19,08	18,97	18,79	18,59	18,33	18,04	17,74	17,32	0
16/06/2020 03:50:00	17,14	18,23	18,73	18,89	19,01	19,08	19,02	18,89	18,68	18,46	18,18	17,87	17,55	17,37	0
16/06/2020 03:55:00	17,25	18,23	18,78	18,98	19,14	19,24	19,20	19,10	18,90	18,68	18,40	18,08	17,77	17,32	0
16/06/2020 04:00:00	17,37	18,59	18,84	18,94	18,99	19,00	18,92	18,79	18,58	18,38	18,15	17,89	17,62	17,14	0
16/06/2020 04:05:00	17,52	18,50	18,73	18,88	19,00	19,12	19,11	19,03	18,87	18,71	18,53	18,31	18,09	17,19	0
16/06/2020 04:10:00	17,20	18,16	18,41	18,51	18,59	18,65	18,63	18,54	18,36	18,19	17,99	17,76	17,53	17,21	0
16/06/2020 04:15:00	17,14	18,19	18,42	18,44	18,49	18,56	18,49	18,36	18,17	17,99	17,79	17,56	17,33	17,34	0
16/06/2020 04:20:00	17,27	18,26	18,57	18,72	18,85	18,95	18,92	18,82	18,65	18,47	18,26	18,01	17,76	17,30	0
16/06/2020 04:25:00	17,15	18,24	18,60	18,71	18,82	18,92	18,89	18,79	18,60	18,42	18,21	17,97	17,72	17,42	0
16/06/2020 04:30:00	17,25	18,29	18,57	18,72	18,90	19,04	18,98	18,87	18,71	18,54	18,34	18,09	17,85	17,21	0
16/06/2020 04:35:00	17,35	18,26	18,56	18,72	18,87	19,02	18,98	18,89	18,73	18,56	18,35	18,11	17,86	17,37	0
16/06/2020 04:40:00	17,30	18,17	18,51	18,67	18,80	18,90	18,90	18,82	18,64	18,47	18,26	18,01	17,75	17,33	0
16/06/2020 04:45:00	17,46	18,27	18,61	18,75	18,97	19,12	19,11	19,03	18,88	18,72	18,52	18,28	18,04	17,55	0
16/06/2020 04:50:00	17,54	18,31	18,59	18,74	18,89	19,06	19,06	18,99	18,84	18,69	18,51	18,28	18,06	17,49	0
16/06/2020 04:55:00	17,52	18,25	18,51	18,67	18,88	19,06	19,08	19,04	18,90	18,77	18,61	18,41	18,20	17,49	0
16/06/2020 05:00:00	17,56	18,19	18,44	18,58	18,79	18,94	18,94	18,88	18,74	18,60	18,42	18,19	17,97	17,44	0
16/06/2020 05:05:00	17,39	18,16	18,48	18,65	18,83	18,98	18,97	18,90	18,75	18,59	18,39	18,15	17,91	17,56	0
16/06/2020 05:10:00	17,48	18,32	18,60	18,76	18,91	19,04	19,05	18,98	18,83	18,67	18,49	18,27	18,04	17,41	0
16/06/2020 05:15:00	17,63	18,19	18,39	18,54	18,70	18,83	18,85	18,79	18,65	18,51	18,33	18,11	17,89	17,53	0
16/06/2020 05:20:00	17,58	18,12	18,41	18,58	18,73	18,95	19,00	18,96	18,84	18,71	18,55	18,35	18,14	17,59	0
16/06/2020 05:25:00	17,62	18,17	18,45	18,62	18,82	19,00	19,00	18,94	18,80	18,65	18,45	18,21	17,97	17,70	0
16/06/2020 05:30:00	17,75	18,10	18,36	18,46	18,63	18,86	18,86	18,80	18,67	18,53	18,35	18,13	17,91	17,55	0
16/06/2020 05:35:00	17,63	18,01	18,24	18,38	18,58	18,79	18,81	18,76	18,64	18,51	18,34	18,12	17,91	17,65	0
16/06/2020 05:40:00	17,65	18,12	18,12	18,20	18,37	18,51	18,54	18,51	18,39	18,30	18,19	18,04	17,88	17,67	0
16/06/2020 05:45:00	17,79	18,06	18,16	18,29	18,43	18,58	18,60	18,56	18,43	18,30	18,14	17,92	17,71	17,72	0
16/06/2020 05:50:00	17,80	18,09	18,17	18,28	18,47	18,64	18,64	18,59	18,47	18,35	18,20	18,00	17,80	17,83	0
16/06/2020 05:55:00	17,77	18,10	18,25	18,35	18,51	18,70	18,74	18,71	18,60	18,48	18,34	18,16	17,98	17,98	0
16/06/2020 06:00:00	17,75	18,16	18,25	18,40	18,52	18,65	18,67	18,63	18,50	18,37	18,21	18,01	17,80	17,95	0
16/06/2020 06:05:00	18,00	18,38	18,54	18,69	18,83	19,01	19,03	18,98	18,85	18,72	18,55	18,33	18,11	17,93	0
16/06/2020 06:10:00	17,92	18,27	18,38	18,47	18,60	18,79	18,83	18,81	18,69	18,58	18,45	18,27	18,10	17,83	0
16/06/2020 06:15:00	17,94	18,23	18,36	18,45	18,61	18,79	18,78	18,72	18,59	18,45	18,28	18,07	17,85	18,22	0
16/06/2020 06:20:00	17,90	18,28	18,37	18,47	18,60	18,73	18,73	18,67	18,54	18,40	18,23	18,02	17,81	18,12	0
16/06/2020 06:25:00	18,05	18,36	18,48	18,58	18,73	18,84	18,84	18,79	18,65	18,51	18,34	18,12	17,90	18,01	0
16/06/2020 06:30:00	18,16	18,44	18,46	18,53	18,62	18,75	18,74	18,69	18,55	18,42	18,27	18,06	17,86	17,96	0
16/06/2020 06:35:00	17,99	18,22	18,23	18,33	18,46	18,62	18,67	18,65	18,54	18,44	18,32	18,15	17,98	18,14	0
16/06/2020 06:40:00	18,10	18,31	18,28	18,26	18,32	18,44	18,39	18,31	18,16	18,02	17,86	17,66	17,46	18,05	0
16/06/2020 06:45:00	18,19	18,23	18,15	18,14	18,25	18,35	18,34	18,28	18,16	18,04	17,90	17,71	17,53	18,31	0
16/06/2020 06:50:00	18,21	18,28	18,18	18,16	18,21	18,32	18,34	18,30	18,18	18,08	17,96	17,81	17,65	18,14	0
16/06/2020 06:55:00	18,45	18,33	18,17	18,14	18,22	18,34	18,33	18,27	18,16	18,05	17,92	17,74	17,57	18,58	0
16/06/2020 07:00:00	18,66	18,37	18,12	18,07	18,15	18,28	18,30	18,27	18,18	18,09	18,00	17,86	17,71	18,64	0
16/06/2020 07:05:00	18,70	18,38	18,10	17,98	18,03	18,19	18,24	18,23	18,16	18,10	18,05	17,96	17,86	18,45	0
16/06/2020 07:10:00	18,86	18,45	18,16	18,09	18,15	18,29	18,31	18,28	18,19	18,11	18,02	17,88	17,75	18,67	0
16/06/2020 07:15:00	18,83	18,48	18,15	18,06	18,15	18,30	18,35	18,34	18,27	18,22	18,17	18,07	17,98	18,64	0
16/06/2020 07:20:00	18,85	18,51	18,15	18,06	18,19	18,39	18,44	18,44	18,38	18,34	18,31	18,23	18,15	19,02	0
16/06/2020 07:25:00	18,89	18,51	18,25	18,20	18,33	18,52	18,60	18,62	18,57	18,53	18,49	18,40	18,31	18,96	0
16/06/2020 07:30:00	19,05	18,62	18,20	18,10	18,20	18,42	18,49	18,52	18,47	18,46	18,46	18,41	18,36	19,04	0
16/06/2020 07:35:00	19,13	18,66	18,30	18,24	18,32	18,44	18,53	18,55	18,49	18,46	18,42	18,34	18,25	18,80	0
16/06/2020 07:40:00	19,50	18,88	18,32	18,19	18,26	18,41	18,47	18,50	18,45	18,44	18,44	18,39	18,34	19,14	0
16/06/2020 07:45:00	19,87	18,92	18,34	18,21	18,26	18,41	18,48	18,51	18,47	18,45	18,43	18,36	18,30	19,51	0
16/06/2020 07:50:00	19,95	19,00	18,40	18,25	18,31	18,45	18,53	18,58	18,54	18,54	18,53	18,48	18,43	20,09	0
16/06/2020 07:55:00	19,56	19,09	18,63	18,51	18,52	18,60	18,61	18,57	18,49	18,41	18,34	18,21	18,09	19,64	0
16/06/2020 08:00:00	19,53	19,12	18,69	18,51	18,54	18,66	18,66	18,63	18,55	18,48	18,43	18,32	18,22	19,66	0
16/06/2020 08:05:00	19,74	19,16	18,77	18,61	18,64	18,74	18,73	18,69	18,60	18,52	18,43	18,30	18,16	19,80	0
16/06/2020 08:10:00	19,96	19,24	18,76	18,58	18,60	18,63	18,63	18,59	18,50	18,41	18,32	18,18	18,05	20,33	0
16/06/2020 08:15:00	20,31	19,41	18,70	18,46	18,45	18,54	18,56	18,55	18,49	18,47	18,45	18,39	18,32	19,87	0
16/06/2020 08:20:00	21,04	19,50	18,59	18,33	18,33	18,46	18,54	18,60	18,59	18,62	18,66	18,64	18,63	20,22	0
16/06/2020 08:25:00	20,16	19,53	19,02	18,76	18,74	18,82	18,81	18,78	18,69	18,63	18,57	18,47	18,38	20,33	0
16/06/2020 08:30:00	20,11	19,55	19,22	19,07	19,07	19,14	19,08	19,00	18,87	18,74	18,58	18,38	18,17	20,99	0
16/06/2020 08:35:00	19,91	19,68	19,41	19,22	19,16	19,15	19,04	18,90	18,74	18,57	18,37	18,13	17,90	20,59	0
16/06/2020 08:40:00	20,04	19,70	19,38	19,21	19,20	19,18	19,08	18,97	18,82	18,67	18,49	18,26	18,04	20,17	0
16/06/2020 08:45:00	20,37	19,68	19,32	19,12	19,02	18,97	18,89	18,78	18,63	18,46	18,27	18,03	17,79	20,59	0
16/06/2020 08:50:00	20,33	19,83	19,42	19,24	19,17	19,12	19,01	18,89	18,74	18,58	18,39	18,16	17,93	20,86	0
16/06/2020 08:55:00	20,73	19,92	19,42	19,10	18,95	18,90	18,80	18,68	18,53	18,38	18,21	18,00	17,80	21,16	0
16/06/2020 09:00:00	20,61	20,00	19,60	19,39	19,24	19,14	19,00	18,86	18,68	18,49	18,26	17,98	17,71	21,12	0
16/06/2020 09:05:00	20,54	20,18	19,72	19,44	19,28	19,18	19,04	18,89	18,71	18,54	18,35	18,12	17,90	20,79	0
16/06/2020 09:10:00	20,96	20,23	19,68	19,38	19,21	19,10	19,00	18,88	18,73	18,58	18,42	18,22	18,02	21,01	0
16/06/2020 09:15:00	21,30	20,49	19,77	19,45	19,29	19,17	19,03	18,89	18,74	18,60	18,43	18,23	18,02	21,46	0
16/06/2020 09:20:00	22,15	20,54	19,75	19,42	19,25	19,17	19,09	19,01	18,90	18,78	18,64	18,44	18,25	21,66	0
16/06/2020 09:25:00	21,93	20,66	19,89	19,53	19,38	19,31	19,17	19,06	18,92	18,78	18,61	18,40	18,18	22,44	0
16/06/2020 09:30:00	21,89	21,01	20,17	19,74	19,45	19,26	19,12	18,97	18,81	18,66	18,51	18,33	18,15	22,32	0
16/06/2020 09:35:00	21,74	20,98	20,37	20,06	19,85	19,71	19,55	19,39	19,21	19,03	18,81	18,55	18,28	22,77	0
16/06/2020 09:40:00	22,06	21,04	20,32	20,00	19,81	19,65	19,47	19,31	19,14	18,95	18,73	18,45	18,18	22,43	0
16/06/2020 09:45:00	21,89	21,10	20,43	20,09	19,88	19,73	19,55	19,39	19,21	19,03	18,83	18,58	18,33	22,91	0
16/06/2020 09:50:00	21,97	20,99	20,42	20,14	20,01	19,86	19,66	19,48	19,29	19,07	18,80	18,47	18,14	22,66	0
16/06/2020 09:55:00	21,87	21,13	20,63	20,30	20,08	19,92	19,73	19,54	19,34	19,13	18,87	18,57	18,27	21,72	0
16/06/2020 10:00:00	22,32	21,23	20,69	20,22	19,94	19,79	19,62	19,45	19,26	19,06	18,84	18,59	18,33	22,49	0
16/06/2020 10:05:00	22,13	21,28	20,72	20,37	20,18	20,06	19,93	19,80	19,63	19,46	19,27	19,03	18,79	22,33	0
16/06/2020 10:10:00	22,82	21,48	20,65	20,22	19,90	19,76	19,61	19,47	19,32	19,16	18,98	18,76	18,55	22,26	0
16/06/2020 10:15:00	22,61	21,56	20,96	20,60	20,27	20,08	19,90	19,73	19,53	19,31	19,05	18,76	18,46	22,76	0
16/06/2020 10:20:00	23,52	21,85	20,72	20,19	19,87	19,76	19,66	19,58	19,47	19,38	19,30	19,17	19,04	23,81	0
16/06/2020 10:25:00	22,71	21,73	21,18	20,73	20,45	20,28	20,12	19,96	19,77	19,58	19,37	19,11	18,86	23,93	0
16/06/2020 10:30:00	23,01	22,24	21,25	20,75	20,36	20,08	19,87	19,68	19,49	19,33	19,16	18,96	18,76	23,55	0
16/06/2020 10:35:00	23,91	22,21	21,13	20,63	20,30	20,10	19,96	19,84	19,71	19,58	19,43	19,24	19,05	23,57	0
16/06/2020 10:40:00	24,16	22,65	21,37	20,85	20,43	20,11	19,89	19,71	19,54	19,38	19,21	19,00	18,79	24,70	0
16/06/2020 10:45:00	24,03	22,64	21,58	21,03	20,66	20,46	20,31	20,17	20,02	19,88	19,73	19,54	19,35	23,69	0
16/06/2020 10:50:00	24,13	22,80	21,83	21,26	20,85	20,57	20,36	20,17	19,97	19,77	19,55	19,30	19,04	24,64	0
16/06/2020 10:55:00	24,41	23,20	21,96	21,41	20,92	20,57	20,33	20,12	19,94	19,77	19,60	19,39	19,18	24,44	0
16/06/2020 11:00:00	24,09	23,05	22,18	21,68	21,30	20,98	20,76	20,56	20,36	20,15	19,93	19,66	19,40	24,44	0
16/06/2020 11:05:00	24,87	23,47	22,27	21,63	21,16	20,81	20,52	20,28	20,07	19,87	19,65	19,39	19,13	24,59	0
16/06/2020 11:10:00	24,79	23,58	22,54	21,97	21,56	21,15	20,79	20,50	20,25	19,99	19,68	19,33	18,98	24,93	0
16/06/2020 11:15:00	25,37	23,58	22,28	21,67	21,32	21,02	20,75	20,54	20,36	20,18	19,95	19,68	19,41	25,48	0
16/06/2020 11:20:00	24,72	23,28	22,39	21,88	21,51	21,24	21,00	20,79	20,60	20,39	20,14	19,85	19,56	25,33	0
16/06/2020 11:25:00	25,10	23,62	22,66	22,10	21,70	21,41	21,12	20,88	20,65	20,39	20,08	19,72	19,37	25,14	0
16/06/2020 11:30:00	25,44	23,87	22,82	22,21	21,80	21,46	21,19	20,96	20,75	20,52	20,25	19,93	19,61	25,44	0
16/06/2020 11:35:00	25,48	23,78	22,88	22,35	21,99	21,73	21,48	21,27	21,06	20,82	20,53	20,18	19,83	27,02	0
16/06/2020 11:40:00	25,54	24,05	22,97	22,40	21,96	21,59	21,31	21,07	20,84	20,60	20,32	19,99	19,67	26,56	0
16/06/2020 11:45:00	25,49	24,15	23,34	22,81	22,35	22,02	21,68	21,39	21,13	20,83	20,46	20,05	19,64	26,08	0
16/06/2020 11:50:00	25,70	24,19	23,23	22,71	22,33	22,06	21,74	21,49	21,28	21,03	20,72	20,36	20,00	25,43	0
16/06/2020 11:55:00	25,63	24,29	23,30	22,74	22,28	21,93	21,61	21,35	21,11	20,86	20,55	20,21	19,86	26,93	0
16/06/2020 12:00:00	25,48	24,58	23,74	23,15	22,66	22,25	21,86	21,54	21,25	20,94	20,58	20,17	19,77	26,98	0
16/06/2020 12:05:00	25,96	24,72	23,58	22,95	22,47	22,12	21,73	21,42	21,17	20,90	20,58	20,22	19,86	26,61	0
16/06/2020 12:10:00	25,92	24,53	23,52	23,01	22,59	22,25	21,95	21,70	21,47	21,22	20,92	20,56	20,21	27,06	0
16/06/2020 12:15:00	26,03	24,81	23,90	23,34	22,87	22,51	22,16	21,87	21,60	21,31	20,95	20,55	20,15	27,09	0
16/06/2020 12:20:00	25,60	24,65	23,82	23,32	22,88	22,50	22,14	21,84	21,56	21,26	20,89	20,47	20,06	27,33	0
16/06/2020 12:25:00	25,77	24,80	24,05	23,67	23,23	22,80	22,41	22,08	21,77	21,40	20,94	20,43	19,91	26,11	0
16/06/2020 12:30:00	25,89	25,02	24,04	23,46	22,91	22,46	22,06	21,73	21,43	21,12	20,75	20,34	19,93	27,04	0
16/06/2020 12:35:00	25,85	24,96	24,24	23,65	23,15	22,69	22,29	21,94	21,62	21,26	20,83	20,37	19,90	26,19	0
16/06/2020 12:40:00	26,01	24,79	24,08	23,57	23,17	22,82	22,49	22,20	21,93	21,61	21,21	20,77	20,32	27,06	0
16/06/2020 12:45:00	26,28	24,93	24,30	23,81	23,40	23,02	22,67	22,36	22,06	21,69	21,22	20,71	20,19	26,94	0
16/06/2020 12:50:00	25,94	24,89	24,47	24,04	23,62	23,24	22,84	22,50	22,18	21,79	21,29	20,75	20,21	27,08	0
16/06/2020 12:55:00	25,95	24,75	24,64	24,23	23,92	23,59	23,29	23,01	22,71	22,32	21,81	21,26	20,70	26,33	0
16/06/2020 13:00:00	26,47	24,88	24,51	23,96	23,56	23,20	22,87	22,56	22,25	21,86	21,35	20,80	20,25	27,75	0
16/06/2020 13:05:00	25,60	24,98	24,79	24,45	24,15	23,82	23,47	23,15	22,82	22,41	21,88	21,30	20,73	27,25	0
16/06/2020 13:10:00	25,97	25,06	24,65	24,13	23,75	23,31	22,96	22,65	22,33	21,96	21,49	20,99	20,49	27,76	0
16/06/2020 13:15:00	25,77	25,40	24,86	24,40	23,92	23,41	22,99	22,61	22,26	21,87	21,39	20,87	20,36	27,88	0
16/06/2020 13:20:00	25,26	25,80	25,00	24,42	23,87	23,29	22,76	22,30	21,92	21,54	21,10	20,65	20,19	28,12	0
16/06/2020 13:25:00	25,45	25,45	24,91	24,51	24,03	23,59	23,18	22,81	22,47	22,09	21,64	21,15	20,66	26,96	0
16/06/2020 13:30:00	25,32	25,66	25,05	24,49	23,86	23,23	22,76	22,33	21,94	21,53	21,07	20,59	20,10	27,08	0
16/06/2020 13:35:00	26,18	25,22	24,48	24,05	23,66	23,34	23,03	22,76	22,49	22,19	21,82	21,39	20,96	27,15	0
16/06/2020 13:40:00	26,67	25,31	24,54	24,05	23,68	23,37	23,00	22,70	22,44	22,12	21,71	21,25	20,79	27,30	0
16/06/2020 13:45:00	26,72	25,73	24,78	24,21	23,68	23,28	22,91	22,60	22,31	22,00	21,63	21,22	20,81	27,26	0
16/06/2020 13:50:00	26,25	25,71	25,08	24,52	23,99	23,49	23,09	22,74	22,41	22,05	21,62	21,16	20,70	27,01	0
16/06/2020 13:55:00	26,15	25,54	25,01	24,57	24,19	23,76	23,38	23,05	22,73	22,36	21,90	21,40	20,89	27,36	0
16/06/2020 14:00:00	26,10	25,58	24,95	24,45	24,00	23,59	23,22	22,89	22,58	22,24	21,82	21,37	20,91	27,51	0
16/06/2020 14:05:00	26,04	25,66	25,08	24,61	24,18	23,76	23,38	23,03	22,71	22,35	21,91	21,42	20,94	26,78	0
16/06/2020 14:10:00	26,92	26,02	25,17	24,58	24,06	23,59	23,17	22,81	22,49	22,14	21,70	21,23	20,76	27,58	0
16/06/2020 14:15:00	27,00	26,14	25,16	24,56	24,11	23,69	23,32	23,01	22,74	22,44	22,08	21,69	21,29	28,66	0
16/06/2020 14:20:00	27,31	26,03	25,06	24,49	24,08	23,68	23,31	23,01	22,75	22,45	22,09	21,67	21,26	29,60	0
16/06/2020 14:25:00	27,27	26,09	25,22	24,74	24,27	23,88	23,54	23,25	22,98	22,66	22,26	21,81	21,36	28,77	0
16/06/2020 14:30:00	27,41	26,40	25,50	25,05	24,62	24,13	23,71	23,37	23,06	22,70	22,24	21,73	21,22	28,08	0
16/06/2020 14:35:00	27,51	26,53	25,56	25,03	24,51	24,08	23,71	23,40	23,11	22,78	22,37	21,93	21,48	29,38	0
16/06/2020 14:40:00	26,96	26,47	25,70	25,25	24,83	24,43	24,04	23,71	23,40	23,06	22,63	22,15	21,68	27,65	0
16/06/2020 14:45:00	27,16	26,64	25,84	25,32	24,80	24,32	23,93	23,58	23,26	22,90	22,46	21,99	21,51	28,61	0
16/06/2020 14:50:00	27,67	26,86	26,26	25,66	25,12	24,66	24,24	23,88	23,54	23,16	22,68	22,17	21,66	28,90	0
16/06/2020 14:55:00	27,52	26,99	26,29	25,73	25,21	24,68	24,24	23,85	23,51	23,11	22,63	22,12	21,60	29,28	0
16/06/2020 15:00:00	27,60	27,06	26,44	25,91	25,43	25,01	24,58	24,21	23,86	23,47	22,98	22,45	21,92	28,53	0
16/06/2020 15:05:00	27,94	27,30	26,50	25,90	25,44	24,98	24,55	24,19	23,86	23,48	23,01	22,50	21,98	29,50	0
16/06/2020 15:10:00	28,03	27,27	26,35	25,77	25,28	24,88	24,45	24,10	23,79	23,45	23,03	22,57	22,11	29,92	0
16/06/2020 15:15:00	27,85	27,33	26,59	26,02	25,50	25,06	24,60	24,21	23,87	23,49	23,03	22,52	22,01	29,54	0
16/06/2020 15:20:00	27,42	27,23	26,55	26,12	25,67	25,22	24,76	24,37	24,03	23,65	23,17	22,66	22,14	28,81	0
16/06/2020 15:25:00	27,65	27,20	26,41	25,89	25,44	25,01	24,62	24,29	23,99	23,67	23,28	22,84	22,41	28,71	0
16/06/2020 15:30:00	27,65	27,35	26,74	26,31	25,78	25,26	24,85	24,48	24,13	23,74	23,26	22,73	22,21	28,86	0
16/06/2020 15:35:00	27,77	27,54	27,05	26,60	26,16	25,67	25,23	24,85	24,49	24,07	23,55	22,98	22,41	28,93	0
16/06/2020 15:40:00	28,05	27,65	27,03	26,62	26,11	25,52	25,04	24,62	24,24	23,78	23,21	22,59	21,97	29,78	0
16/06/2020 15:45:00	28,08	27,68	26,89	26,40	25,86	25,36	24,93	24,56	24,21	23,82	23,35	22,83	22,31	29,28	0
16/06/2020 15:50:00	27,23	27,58	27,06	26,56	26,02	25,49	25,00	24,56	24,17	23,74	23,23	22,68	22,14	28,75	0
16/06/2020 15:55:00	26,52	27,22	27,23	26,88	26,44	25,93	25,45	24,99	24,55	24,05	23,41	22,73	22,06	28,88	0
16/06/2020 16:00:00	26,82	27,27	26,97	26,57	26,12	25,63	25,16	24,74	24,34	23,89	23,33	22,73	22,13	28,33	0
16/06/2020 16:05:00	27,29	27,66	27,05	26,56	26,01	25,49	25,02	24,60	24,22	23,80	23,30	22,77	22,24	28,70	0
16/06/2020 16:10:00	27,51	27,70	27,02	26,51	26,03	25,50	24,99	24,56	24,18	23,76	23,25	22,70	22,15	29,11	0
16/06/2020 16:15:00	26,23	27,13	27,20	26,85	26,38	25,91	25,44	24,99	24,56	24,07	23,47	22,83	22,20	28,73	0
16/06/2020 16:20:00	26,43	27,27	27,20	26,81	26,37	25,90	25,39	24,93	24,52	24,04	23,46	22,85	22,23	28,45	0
16/06/2020 16:25:00	26,57	27,20	27,22	26,86	26,43	25,95	25,46	25,01	24,58	24,08	23,45	22,79	22,12	29,15	0
16/06/2020 16:30:00	26,21	27,28	27,37	27,00	26,56	26,00	25,44	24,93	24,46	23,92	23,26	22,56	21,87	28,63	0
16/06/2020 16:35:00	26,05	27,32	27,45	27,19	26,72	26,17	25,64	25,14	24,67	24,13	23,46	22,76	22,06	28,60	0
16/06/2020 16:40:00	26,23	27,37	27,40	27,03	26,58	26,08	25,55	25,06	24,61	24,10	23,47	22,81	22,15	28,53	0
16/06/2020 16:45:00	26,45	27,57	27,56	27,17	26,67	26,17	25,65	25,18	24,74	24,25	23,65	23,03	22,41	28,55	0
16/06/2020 16:50:00	26,06	27,45	27,56	27,25	26,80	26,31	25,81	25,34	24,89	24,39	23,78	23,15	22,51	28,21	0
16/06/2020 16:55:00	26,27	27,75	27,97	27,69	27,27	26,83	26,32	25,84	25,39	24,89	24,26	23,60	22,94	28,20	0
16/06/2020 17:00:00	26,91	27,91	27,80	27,46	27,03	26,56	26,06	25,60	25,19	24,72	24,13	23,52	22,90	28,40	0
16/06/2020 17:05:00	26,71	27,88	27,95	27,67	27,21	26,71	26,21	25,75	25,31	24,82	24,20	23,55	22,90	28,52	0
16/06/2020 17:10:00	26,42	27,91	28,15	27,93	27,51	26,95	26,44	25,95	25,47	24,92	24,23	23,51	22,79	28,37	0
16/06/2020 17:15:00	26,43	27,82	28,16	27,91	27,51	27,05	26,57	26,12	25,67	25,15	24,50	23,82	23,14	28,21	0
16/06/2020 17:20:00	26,41	27,72	28,06	27,86	27,47	27,04	26,56	26,10	25,65	25,12	24,45	23,75	23,04	28,28	0
16/06/2020 17:25:00	26,50	27,97	28,05	27,69	27,25	26,71	26,21	25,74	25,29	24,80	24,21	23,59	22,97	28,46	0
16/06/2020 17:30:00	26,70	27,89	27,93	27,64	27,21	26,73	26,27	25,83	25,40	24,93	24,33	23,71	23,08	28,39	0
16/06/2020 17:35:00	26,86	28,14	28,33	28,04	27,67	27,16	26,65	26,18	25,73	25,21	24,55	23,85	23,16	28,53	0
16/06/2020 17:40:00	26,79	27,97	28,23	28,00	27,63	27,17	26,72	26,29	25,86	25,35	24,71	24,04	23,37	28,34	0
16/06/2020 17:45:00	27,48	28,15	28,15	27,84	27,41	26,93	26,45	26,02	25,60	25,12	24,51	23,86	23,21	28,61	0
16/06/2020 17:50:00	27,21	28,36	28,19	27,82	27,30	26,76	26,26	25,79	25,36	24,88	24,30	23,69	23,08	28,66	0
16/06/2020 17:55:00	27,25	28,34	28,20	27,81	27,32	26,78	26,30	25,85	25,43	24,97	24,41	23,82	23,23	28,71	0
16/06/2020 18:00:00	27,65	28,23	28,07	27,78	27,31	26,85	26,40	25,98	25,59	25,13	24,56	23,95	23,34	28,96	0
16/06/2020 18:05:00	27,75	28,36	28,28	27,93	27,50	27,01	26,57	26,16	25,75	25,28	24,69	24,07	23,44	29,04	0
16/06/2020 18:10:00	27,02	28,15	28,23	27,89	27,44	26,94	26,47	26,02	25,58	25,09	24,48	23,84	23,20	28,88	0
16/06/2020 18:15:00	27,52	28,23	28,16	27,80	27,38	26,92	26,45	26,02	25,61	25,14	24,55	23,92	23,29	28,68	0
16/06/2020 18:20:00	27,62	28,37	28,19	27,83	27,36	26,89	26,44	26,02	25,62	25,16	24,59	23,99	23,39	29,40	0
16/06/2020 18:25:00	26,89	28,36	28,36	28,00	27,50	26,96	26,47	26,00	25,55	25,05	24,45	23,82	23,19	29,05	0
16/06/2020 18:30:00	26,76	27,93	28,19	27,98	27,65	27,16	26,69	26,24	25,80	25,27	24,60	23,89	23,19	28,51	0
16/06/2020 18:35:00	27,35	28,25	28,13	27,76	27,30	26,80	26,32	25,87	25,45	24,98	24,39	23,77	23,15	28,60	0
16/06/2020 18:40:00	27,44	28,38	28,16	27,73	27,22	26,69	26,16	25,69	25,26	24,79	24,22	23,63	23,03	28,86	0
16/06/2020 18:45:00	27,36	28,28	28,06	27,65	27,14	26,61	26,14	25,71	25,29	24,84	24,29	23,71	23,13	28,57	0
16/06/2020 18:50:00	27,52	28,44	28,19	27,70	27,21	26,68	26,19	25,73	25,30	24,83	24,27	23,67	23,08	29,22	0
16/06/2020 18:55:00	27,31	28,25	28,06	27,66	27,18	26,69	26,17	25,71	25,29	24,82	24,24	23,63	23,02	28,85	0
16/06/2020 19:00:00	27,07	28,16	28,13	27,79	27,34	26,86	26,34	25,88	25,44	24,95	24,35	23,70	23,06	28,48	0
16/06/2020 19:05:00	27,02	28,14	28,10	27,78	27,33	26,80	26,32	25,87	25,44	24,95	24,35	23,72	23,08	28,43	0
16/06/2020 19:10:00	26,90	28,11	28,14	27,80	27,33	26,83	26,33	25,86	25,42	24,93	24,31	23,67	23,02	28,48	0
16/06/2020 19:15:00	26,97	28,10	28,09	27,77	27,34	26,84	26,34	25,87	25,45	24,96	24,36	23,73	23,10	28,28	0
16/06/2020 19:20:00	26,80	28,11	28,16	27,84	27,40	26,91	26,41	25,94	25,50	24,99	24,37	23,71	23,06	28,42	0
16/06/2020 19:25:00	26,48	27,91	28,12	27,86	27,50	27,00	26,53	26,08	25,64	25,13	24,49	23,82	23,15	28,20	0
16/06/2020 19:30:00	26,50	27,97	28,14	27,83	27,42	26,94	26,46	25,99	25,54	25,03	24,40	23,74	23,07	28,08	0
16/06/2020 19:35:00	26,31	27,79	28,12	27,85	27,51	27,04	26,53	26,06	25,60	25,08	24,42	23,73	23,04	28,06	0
16/06/2020 19:40:00	26,16	27,88	28,15	27,91	27,46	26,92	26,43	25,95	25,47	24,94	24,29	23,60	22,92	28,06	0
16/06/2020 19:45:00	25,86	27,67	28,09	27,90	27,51	27,03	26,54	26,06	25,59	25,05	24,38	23,68	22,98	27,90	0
16/06/2020 19:50:00	25,92	27,63	27,98	27,76	27,33	26,82	26,33	25,85	25,38	24,86	24,20	23,52	22,84	27,70	0
16/06/2020 19:55:00	25,79	27,48	27,80	27,64	27,28	26,81	26,34	25,88	25,42	24,90	24,25	23,56	22,88	27,58	0
16/06/2020 20:00:00	26,00	27,88	28,13	27,92	27,51	27,01	26,52	26,05	25,60	25,10	24,49	23,85	23,21	27,55	0
16/06/2020 20:05:00	26,10	27,82	28,36	28,20	27,83	27,42	26,96	26,51	26,06	25,54	24,88	24,20	23,51	27,59	0
16/06/2020 20:10:00	25,96	27,74	28,31	28,22	27,91	27,48	26,99	26,52	26,06	25,51	24,80	24,07	23,33	27,26	0
16/06/2020 20:15:00	25,91	27,50	28,25	28,17	27,88	27,46	27,01	26,56	26,08	25,51	24,76	23,98	23,20	27,24	0
16/06/2020 20:20:00	25,43	27,37	28,31	28,27	27,99	27,58	27,10	26,61	26,12	25,52	24,75	23,95	23,15	27,13	0
16/06/2020 20:25:00	25,50	27,81	28,22	28,03	27,65	27,16	26,66	26,17	25,70	25,17	24,53	23,87	23,21	26,80	0
16/06/2020 20:30:00	25,82	27,87	28,29	28,13	27,81	27,38	26,93	26,48	26,04	25,54	24,93	24,29	23,65	26,74	0
16/06/2020 20:35:00	25,57	27,81	28,37	28,27	27,93	27,46	26,98	26,51	26,04	25,50	24,83	24,14	23,44	26,48	0
16/06/2020 20:40:00	25,29	27,77	28,45	28,36	28,02	27,59	27,07	26,57	26,08	25,51	24,81	24,08	23,35	26,41	0
16/06/2020 20:45:00	25,36	27,31	28,16	28,12	27,91	27,57	27,16	26,74	26,29	25,76	25,06	24,33	23,61	26,36	0
16/06/2020 20:50:00	25,44	27,46	28,27	28,16	27,84	27,43	26,97	26,51	26,03	25,47	24,76	24,02	23,28	26,39	0
16/06/2020 20:55:00	25,25	27,37	28,18	28,11	27,80	27,42	27,00	26,56	26,09	25,55	24,87	24,15	23,44	26,34	0
16/06/2020 21:00:00	25,10	27,21	28,10	28,09	27,89	27,50	27,06	26,61	26,14	25,59	24,88	24,13	23,38	25,59	0
16/06/2020 21:05:00	25,06	27,43	28,55	28,55	28,34	28,01	27,57	27,11	26,62	26,04	25,28	24,50	23,72	25,78	0
16/06/2020 21:10:00	25,99	27,79	28,22	28,08	27,78	27,37	26,95	26,53	26,10	25,62	25,02	24,39	23,76	26,19	0
16/06/2020 21:15:00	25,91	27,69	28,16	28,10	27,84	27,46	27,06	26,66	26,23	25,74	25,11	24,45	23,78	26,44	0
16/06/2020 21:20:00	26,11	27,56	28,03	27,90	27,65	27,33	26,96	26,59	26,19	25,73	25,14	24,52	23,89	26,34	0
16/06/2020 21:25:00	25,92	27,65	28,10	28,00	27,70	27,33	26,93	26,52	26,10	25,62	25,01	24,37	23,72	26,33	0
16/06/2020 21:30:00	25,88	27,44	28,00	27,95	27,74	27,42	27,04	26,66	26,25	25,76	25,13	24,46	23,79	25,96	0
16/06/2020 21:35:00	25,90	27,44	27,88	27,80	27,57	27,25	26,90	26,54	26,15	25,71	25,14	24,53	23,93	25,94	0
16/06/2020 21:40:00	25,80	27,44	27,90	27,78	27,55	27,20	26,82	26,44	26,04	25,58	25,00	24,38	23,76	26,01	0
16/06/2020 21:45:00	25,74	27,48	27,95	27,84	27,57	27,20	26,82	26,43	26,02	25,56	24,97	24,34	23,72	26,08	0
16/06/2020 21:50:00	25,83	27,41	27,84	27,73	27,45	27,10	26,75	26,38	25,99	25,54	24,97	24,37	23,77	25,90	0
16/06/2020 21:55:00	25,71	27,39	27,98	27,84	27,61	27,26	26,85	26,44	26,02	25,53	24,90	24,24	23,58	26,04	0
16/06/2020 22:00:00	25,38	27,15	27,87	27,82	27,62	27,33	26,97	26,59	26,18	25,69	25,06	24,39	23,73	25,89	0
16/06/2020 22:05:00	25,13	27,30	27,90	27,84	27,61	27,26	26,84	26,41	25,98	25,49	24,86	24,21	23,55	25,49	0
16/06/2020 22:10:00	24,70	26,82	28,04	28,09	27,92	27,62	27,20	26,76	26,29	25,70	24,94	24,15	23,35	25,25	0
16/06/2020 22:15:00	24,57	27,04	28,08	28,04	27,78	27,41	26,98	26,53	26,04	25,49	24,79	24,06	23,34	24,77	0
16/06/2020 22:20:00	24,30	26,58	27,92	28,07	27,92	27,65	27,28	26,87	26,40	25,82	25,05	24,25	23,44	24,64	0
16/06/2020 22:25:00	23,99	26,66	27,99	28,12	27,98	27,65	27,24	26,79	26,29	25,70	24,93	24,13	23,33	24,22	0
16/06/2020 22:30:00	23,79	26,50	28,02	28,19	28,10	27,82	27,41	26,96	26,46	25,84	25,04	24,19	23,35	23,99	0
16/06/2020 22:35:00	23,59	26,42	27,96	28,12	28,03	27,78	27,35	26,89	26,39	25,78	24,99	24,16	23,33	23,79	0
16/06/2020 22:40:00	23,56	26,42	27,97	28,12	28,02	27,68	27,26	26,80	26,29	25,66	24,85	24,01	23,16	23,74	0
16/06/2020 22:45:00	23,20	26,18	27,83	28,08	28,00	27,75	27,38	26,96	26,47	25,88	25,10	24,28	23,47	23,56	0
16/06/2020 22:50:00	23,30	26,16	27,75	27,97	27,88	27,62	27,26	26,83	26,34	25,75	24,97	24,16	23,35	23,27	0
16/06/2020 22:55:00	23,14	26,11	27,85	28,08	28,01	27,77	27,38	26,93	26,42	25,79	24,97	24,11	23,25	23,35	0
16/06/2020 23:00:00	23,06	25,98	27,61	27,87	27,89	27,65	27,30	26,89	26,41	25,83	25,06	24,25	23,45	23,12	0
16/06/2020 23:05:00	23,04	25,84	27,57	27,83	27,81	27,59	27,23	26,82	26,33	25,72	24,91	24,06	23,22	22,93	0
16/06/2020 23:10:00	22,80	25,79	27,45	27,67	27,64	27,43	27,08	26,66	26,18	25,60	24,84	24,05	23,25	22,76	0
16/06/2020 23:15:00	22,84	25,74	27,29	27,49	27,42	27,19	26,83	26,42	25,94	25,37	24,62	23,84	23,06	22,91	0
16/06/2020 23:20:00	22,58	25,84	27,35	27,53	27,38	27,09	26,68	26,22	25,70	25,09	24,32	23,51	22,71	22,58	0
16/06/2020 23:25:00	23,00	25,80	27,06	27,23	27,13	26,85	26,48	26,06	25,59	25,04	24,33	23,59	22,85	23,44	0
16/06/2020 23:30:00	23,34	25,79	26,84	26,91	26,79	26,56	26,23	25,86	25,44	24,95	24,33	23,68	23,02	23,67	0
16/06/2020 23:35:00	23,56	25,70	26,70	26,79	26,74	26,55	26,23	25,88	25,48	25,01	24,39	23,74	23,08	23,84	0
16/06/2020 23:40:00	23,81	25,77	26,63	26,68	26,59	26,36	26,04	25,68	25,28	24,82	24,21	23,57	22,92	23,86	0
16/06/2020 23:45:00	23,44	25,77	26,80	26,85	26,77	26,50	26,12	25,71	25,27	24,76	24,10	23,41	22,72	23,91	0
16/06/2020 23:50:00	23,43	25,48	26,52	26,70	26,66	26,46	26,16	25,83	25,44	24,96	24,34	23,68	23,02	23,78	0
16/06/2020 23:55:00	23,70	25,94	26,90	27,03	26,91	26,67	26,36	26,01	25,60	25,13	24,53	23,88	23,24	23,76	0
