FileFormat:0002.2 file with temperature of atmosphere
200
local	GMT or Local
0	GMT-Local=[hours]
0	Height[m]
0	0	0	Longitude                [grd]               [min]               [sec]
0	0	0	Latitude                [grd]               [min]               [sec]
N	NS
59,40	Freq[GHz]
0,00	dTemostat[K]
0,150	MessErr[K]
0,248	//[grad/step]
version 14.0.20110218
MTP5H033F5940K-33.00D180214+A1.1
Commentary:
enter comment
End Of Commentary

SYSTEM\summer.dat
data time	0	50	100	150	200	250	300	350	400	450	500	550	600	OutsideTemperature	Quality
19/06/2020 00:00:00	21,20	22,89	23,57	23,62	23,58	23,48	23,28	23,02	22,71	22,36	21,93	21,46	21,00	21,14	0
19/06/2020 00:05:00	21,15	22,69	23,34	23,37	23,39	23,32	23,14	22,91	22,61	22,29	21,87	21,43	20,98	21,16	0
19/06/2020 00:10:00	21,45	22,82	23,49	23,44	23,34	23,29	23,10	22,86	22,54	22,20	21,76	21,30	20,84	21,01	0
19/06/2020 00:15:00	21,13	22,63	23,29	23,36	23,38	23,36	23,16	22,91	22,63	22,30	21,88	21,42	20,97	20,96	0
19/06/2020 00:20:00	21,02	22,68	23,25	23,30	23,28	23,20	22,98	22,73	22,43	22,10	21,69	21,24	20,79	21,13	0
19/06/2020 00:25:00	21,07	22,64	23,11	23,17	23,14	23,06	22,89	22,67	22,39	22,09	21,72	21,31	20,90	21,11	0
19/06/2020 00:30:00	21,16	22,49	23,03	23,04	22,98	22,92	22,76	22,54	22,26	21,95	21,57	21,15	20,74	21,03	0
19/06/2020 00:35:00	21,05	22,63	23,17	23,14	23,03	22,92	22,71	22,45	22,14	21,80	21,40	20,96	20,53	21,10	0
19/06/2020 00:40:00	20,92	22,58	23,17	23,21	23,18	23,10	22,91	22,67	22,38	22,06	21,66	21,23	20,81	21,08	0
19/06/2020 00:45:00	20,91	22,51	23,09	23,10	23,04	22,95	22,76	22,51	22,22	21,89	21,50	21,08	20,66	20,96	0
19/06/2020 00:50:00	21,03	22,43	22,98	23,08	23,10	23,04	22,88	22,68	22,40	22,09	21,71	21,28	20,85	20,77	0
19/06/2020 00:55:00	20,91	22,22	22,79	22,82	22,77	22,69	22,52	22,30	22,02	21,70	21,30	20,87	20,44	20,84	0
19/06/2020 01:00:00	20,68	22,09	22,56	22,49	22,39	22,33	22,13	21,89	21,60	21,29	20,92	20,52	20,12	20,79	0
19/06/2020 01:05:00	20,72	22,26	22,85	22,84	22,82	22,75	22,54	22,29	21,99	21,67	21,26	20,83	20,39	20,89	0
19/06/2020 01:10:00	20,66	22,16	22,84	22,89	22,82	22,73	22,54	22,29	21,98	21,63	21,20	20,74	20,27	20,85	0
19/06/2020 01:15:00	20,75	22,17	22,94	23,01	23,06	23,00	22,82	22,58	22,28	21,94	21,50	21,02	20,54	20,69	0
19/06/2020 01:20:00	20,70	22,26	22,98	23,04	23,01	22,93	22,76	22,53	22,22	21,88	21,46	21,00	20,54	20,62	0
19/06/2020 01:25:00	20,60	22,38	23,16	23,10	22,93	22,79	22,54	22,24	21,88	21,49	21,01	20,52	20,03	20,58	0
19/06/2020 01:30:00	20,49	22,06	22,72	22,76	22,74	22,62	22,41	22,15	21,84	21,49	21,06	20,59	20,13	20,49	0
19/06/2020 01:35:00	20,51	22,03	22,70	22,77	22,75	22,66	22,47	22,22	21,92	21,58	21,14	20,68	20,21	20,52	0
19/06/2020 01:40:00	20,45	21,96	22,86	23,11	23,22	23,25	23,11	22,90	22,62	22,28	21,83	21,33	20,83	20,52	0
19/06/2020 01:45:00	20,28	21,70	22,40	22,50	22,50	22,43	22,27	22,04	21,75	21,42	21,00	20,54	20,09	20,42	0
19/06/2020 01:50:00	20,39	21,78	22,39	22,42	22,38	22,34	22,16	21,93	21,64	21,33	20,93	20,50	20,08	20,25	0
19/06/2020 01:55:00	20,12	21,56	22,56	22,64	22,63	22,60	22,43	22,19	21,87	21,51	21,03	20,53	20,03	20,15	0
19/06/2020 02:00:00	20,06	21,46	22,44	22,61	22,66	22,67	22,63	22,48	22,22	21,91	21,52	21,09	20,66	20,19	0
19/06/2020 02:05:00	19,96	21,46	22,33	22,38	22,39	22,32	22,12	21,86	21,54	21,17	20,71	20,22	19,72	20,10	0
19/06/2020 02:10:00	19,96	21,45	22,28	22,29	22,30	22,27	22,09	21,85	21,54	21,19	20,77	20,31	19,85	19,97	0
19/06/2020 02:15:00	20,06	21,58	22,44	22,52	22,51	22,43	22,24	21,99	21,67	21,30	20,83	20,33	19,83	19,97	0
19/06/2020 02:20:00	19,86	21,24	22,23	22,34	22,37	22,32	22,14	21,90	21,57	21,19	20,70	20,18	19,65	19,91	0
19/06/2020 02:25:00	19,80	21,39	22,32	22,43	22,47	22,55	22,46	22,28	22,01	21,71	21,33	20,91	20,50	19,84	0
19/06/2020 02:30:00	20,02	21,62	22,41	22,44	22,38	22,21	21,96	21,65	21,30	20,90	20,39	19,86	19,33	19,79	0
19/06/2020 02:35:00	19,82	21,40	22,07	22,04	21,98	21,89	21,71	21,47	21,16	20,83	20,44	20,02	19,60	19,74	0
19/06/2020 02:40:00	19,78	21,30	22,00	22,03	21,95	21,90	21,71	21,46	21,15	20,81	20,40	19,95	19,50	19,79	0
19/06/2020 02:45:00	19,76	21,14	22,01	22,06	22,07	22,01	21,82	21,58	21,26	20,90	20,44	19,95	19,46	19,81	0
19/06/2020 02:50:00	19,87	21,51	22,23	22,25	22,21	22,07	21,80	21,50	21,15	20,76	20,28	19,77	19,26	19,87	0
19/06/2020 02:55:00	19,93	21,19	21,92	21,95	21,88	21,80	21,63	21,40	21,09	20,74	20,31	19,84	19,38	19,89	0
19/06/2020 03:00:00	19,97	21,33	21,81	21,81	21,80	21,76	21,58	21,35	21,07	20,78	20,41	20,02	19,62	19,96	0
19/06/2020 03:05:00	19,91	21,26	21,74	21,73	21,68	21,62	21,46	21,25	20,97	20,68	20,34	19,96	19,58	19,99	0
19/06/2020 03:10:00	20,13	21,60	22,10	22,09	21,95	21,77	21,52	21,24	20,90	20,54	20,10	19,64	19,17	19,99	0
19/06/2020 03:15:00	19,85	21,36	21,66	21,57	21,46	21,35	21,14	20,89	20,61	20,32	19,99	19,64	19,29	19,93	0
19/06/2020 03:20:00	20,02	21,51	21,74	21,72	21,67	21,55	21,37	21,15	20,88	20,62	20,31	19,97	19,63	19,89	0
19/06/2020 03:25:00	20,06	21,31	21,58	21,52	21,44	21,38	21,20	20,98	20,72	20,45	20,13	19,78	19,43	20,03	0
19/06/2020 03:30:00	20,08	21,30	21,66	21,62	21,59	21,56	21,42	21,23	20,98	20,73	20,42	20,08	19,75	20,06	0
19/06/2020 03:35:00	20,00	21,40	21,66	21,56	21,50	21,47	21,30	21,09	20,83	20,59	20,31	20,00	19,69	19,97	0
19/06/2020 03:40:00	20,05	21,39	21,66	21,64	21,61	21,55	21,39	21,18	20,92	20,66	20,35	20,01	19,67	19,86	0
19/06/2020 03:45:00	19,77	21,10	21,45	21,50	21,48	21,42	21,26	21,06	20,80	20,53	20,20	19,84	19,47	19,83	0
19/06/2020 03:50:00	20,11	21,10	21,25	21,19	21,15	21,17	21,08	20,94	20,73	20,53	20,30	20,04	19,78	19,86	0
19/06/2020 03:55:00	19,84	20,89	21,12	21,06	21,00	20,99	20,90	20,75	20,53	20,31	20,07	19,79	19,52	19,92	0
19/06/2020 04:00:00	19,71	21,16	21,46	21,42	21,35	21,34	21,20	21,01	20,76	20,52	20,24	19,94	19,64	19,90	0
19/06/2020 04:05:00	19,94	21,10	21,27	21,18	21,09	21,03	20,91	20,74	20,51	20,30	20,05	19,78	19,51	19,87	0
19/06/2020 04:10:00	19,68	20,91	20,96	20,85	20,76	20,71	20,59	20,42	20,19	19,99	19,78	19,54	19,30	19,89	0
19/06/2020 04:15:00	19,84	20,92	21,04	20,91	20,80	20,77	20,68	20,52	20,31	20,11	19,91	19,67	19,44	19,84	0
19/06/2020 04:20:00	19,85	20,74	20,81	20,69	20,66	20,66	20,59	20,47	20,28	20,11	19,93	19,72	19,51	19,86	0
19/06/2020 04:25:00	19,88	20,83	20,88	20,80	20,79	20,82	20,74	20,60	20,42	20,25	20,06	19,84	19,62	19,89	0
19/06/2020 04:30:00	19,91	20,70	20,70	20,60	20,56	20,58	20,49	20,36	20,17	20,00	19,81	19,59	19,37	19,86	0
19/06/2020 04:35:00	19,94	20,75	20,77	20,70	20,72	20,77	20,72	20,61	20,45	20,30	20,13	19,93	19,72	19,94	0
19/06/2020 04:40:00	19,90	20,70	20,76	20,64	20,65	20,70	20,62	20,50	20,32	20,16	19,99	19,78	19,57	19,93	0
19/06/2020 04:45:00	20,03	20,70	20,64	20,56	20,58	20,63	20,57	20,47	20,31	20,17	20,01	19,82	19,62	19,89	0
19/06/2020 04:50:00	20,02	20,71	20,69	20,56	20,52	20,54	20,44	20,30	20,12	19,94	19,75	19,52	19,29	19,94	0
19/06/2020 04:55:00	20,05	20,70	20,69	20,54	20,49	20,49	20,38	20,24	20,04	19,86	19,65	19,42	19,18	20,08	0
19/06/2020 05:00:00	20,11	20,69	20,66	20,58	20,54	20,55	20,46	20,33	20,15	19,97	19,77	19,53	19,30	19,97	0
19/06/2020 05:05:00	20,11	20,69	20,68	20,53	20,50	20,53	20,46	20,34	20,16	20,00	19,83	19,62	19,41	20,02	0
19/06/2020 05:10:00	20,24	20,98	20,93	20,82	20,77	20,75	20,63	20,48	20,29	20,10	19,89	19,65	19,41	20,24	0
19/06/2020 05:15:00	20,45	20,91	20,82	20,72	20,66	20,67	20,63	20,54	20,38	20,23	20,07	19,87	19,67	20,13	0
19/06/2020 05:20:00	20,56	20,99	20,79	20,57	20,47	20,48	20,44	20,34	20,19	20,06	19,95	19,80	19,65	20,21	0
19/06/2020 05:25:00	20,29	20,62	20,43	20,26	20,18	20,21	20,20	20,12	19,97	19,86	19,74	19,59	19,44	20,17	0
19/06/2020 05:30:00	20,29	20,60	20,38	20,21	20,13	20,15	20,15	20,09	19,95	19,84	19,74	19,61	19,47	20,22	0
19/06/2020 05:35:00	20,06	20,70	20,52	20,34	20,28	20,27	20,19	20,06	19,89	19,75	19,60	19,42	19,24	20,19	0
19/06/2020 05:40:00	19,97	20,37	20,19	20,06	19,98	19,98	19,91	19,79	19,62	19,47	19,30	19,10	18,90	20,47	0
19/06/2020 05:45:00	19,94	20,38	20,19	20,03	20,03	20,04	19,93	19,80	19,63	19,48	19,30	19,10	18,89	20,54	0
19/06/2020 05:50:00	20,01	20,34	20,13	19,98	19,98	20,02	20,00	19,92	19,79	19,68	19,57	19,42	19,28	20,51	0
19/06/2020 05:55:00	20,14	20,41	20,07	19,87	19,79	19,80	19,78	19,71	19,57	19,47	19,39	19,27	19,15	20,51	0
19/06/2020 06:00:00	20,21	20,36	20,00	19,85	19,83	19,93	19,93	19,89	19,78	19,71	19,64	19,54	19,43	20,84	0
19/06/2020 06:05:00	19,97	20,29	20,13	20,04	20,04	20,12	20,10	20,02	19,89	19,77	19,64	19,47	19,31	20,57	0
19/06/2020 06:10:00	19,96	20,25	20,08	19,97	20,00	20,14	20,15	20,10	19,99	19,91	19,83	19,71	19,58	20,41	0
19/06/2020 06:15:00	20,19	20,51	20,27	20,16	20,18	20,37	20,37	20,33	20,23	20,17	20,10	20,00	19,89	20,27	0
19/06/2020 06:20:00	19,95	20,30	20,08	19,96	20,05	20,19	20,16	20,09	19,98	19,90	19,81	19,68	19,55	20,29	0
19/06/2020 06:25:00	20,42	20,33	19,87	19,72	19,78	19,92	19,96	19,95	19,89	19,86	19,84	19,78	19,72	20,26	0
19/06/2020 06:30:00	20,58	20,39	19,82	19,69	19,84	20,04	20,10	20,12	20,09	20,10	20,13	20,10	20,08	20,42	0
19/06/2020 06:35:00	20,82	20,44	19,86	19,72	19,80	19,97	20,02	20,03	19,98	19,96	19,95	19,89	19,82	20,64	0
19/06/2020 06:40:00	21,04	20,76	20,21	20,05	20,04	20,10	20,14	20,14	20,07	20,04	20,01	19,95	19,88	20,61	0
19/06/2020 06:45:00	21,40	20,78	20,14	19,94	19,94	20,05	20,09	20,09	20,03	20,01	19,99	19,93	19,86	20,82	0
19/06/2020 06:50:00	21,14	20,73	20,10	19,91	19,96	20,10	20,11	20,09	20,04	20,02	20,00	19,94	19,87	20,39	0
19/06/2020 06:55:00	21,05	20,58	20,17	20,02	20,12	20,34	20,44	20,48	20,44	20,44	20,44	20,40	20,35	20,64	0
19/06/2020 07:00:00	21,45	20,78	20,07	19,85	19,91	20,14	20,25	20,31	20,31	20,35	20,42	20,44	20,47	21,26	0
19/06/2020 07:05:00	21,68	20,94	20,28	20,06	20,07	20,17	20,23	20,25	20,21	20,21	20,21	20,17	20,13	20,97	0
19/06/2020 07:10:00	21,65	21,01	20,35	20,10	20,07	20,17	20,27	20,31	20,28	20,29	20,33	20,33	20,33	21,11	0
19/06/2020 07:15:00	21,40	20,83	20,17	19,91	19,87	20,02	20,12	20,17	20,15	20,18	20,24	20,27	20,30	20,81	0
19/06/2020 07:20:00	21,63	20,91	20,16	19,91	19,91	20,04	20,11	20,14	20,11	20,13	20,17	20,17	20,17	21,22	0
19/06/2020 07:25:00	21,53	21,04	20,35	20,09	20,10	20,22	20,22	20,20	20,15	20,13	20,12	20,07	20,01	20,93	0
19/06/2020 07:30:00	21,70	21,04	20,38	20,08	20,10	20,30	20,36	20,38	20,35	20,36	20,39	20,37	20,36	21,06	0
19/06/2020 07:35:00	21,92	21,22	20,39	20,07	19,94	19,99	20,01	20,00	19,94	19,91	19,92	19,88	19,84	21,62	0
19/06/2020 07:40:00	21,87	21,24	20,46	20,17	20,06	20,07	20,05	20,01	19,93	19,88	19,85	19,77	19,70	21,64	0
19/06/2020 07:45:00	21,91	21,24	20,45	20,07	19,91	19,92	19,92	19,89	19,82	19,79	19,80	19,77	19,73	21,36	0
19/06/2020 07:50:00	22,01	21,08	20,32	20,09	20,15	20,26	20,26	20,25	20,21	20,19	20,16	20,08	19,99	21,27	0
19/06/2020 07:55:00	22,31	21,46	20,76	20,46	20,46	20,55	20,53	20,50	20,44	20,39	20,34	20,24	20,14	21,31	0
19/06/2020 08:00:00	22,62	21,51	20,80	20,57	20,59	20,71	20,69	20,66	20,60	20,53	20,45	20,30	20,15	21,69	0
19/06/2020 08:05:00	22,53	21,54	20,78	20,49	20,46	20,49	20,47	20,44	20,37	20,32	20,26	20,15	20,04	21,54	0
19/06/2020 08:10:00	22,76	21,73	20,86	20,48	20,31	20,30	20,28	20,24	20,17	20,12	20,09	20,02	19,95	21,88	0
19/06/2020 08:15:00	22,89	21,76	20,93	20,64	20,58	20,62	20,60	20,58	20,52	20,47	20,42	20,32	20,23	22,57	0
19/06/2020 08:20:00	22,94	21,88	21,01	20,67	20,52	20,57	20,52	20,47	20,38	20,31	20,23	20,10	19,97	23,14	0
19/06/2020 08:25:00	22,91	21,77	20,82	20,46	20,35	20,37	20,34	20,30	20,23	20,19	20,16	20,07	19,98	23,59	0
19/06/2020 08:30:00	22,96	21,77	20,93	20,64	20,54	20,46	20,39	20,32	20,23	20,13	20,02	19,85	19,69	22,73	0
19/06/2020 08:35:00	23,49	21,87	20,82	20,39	20,19	20,13	20,09	20,05	19,99	19,94	19,91	19,82	19,74	23,98	0
19/06/2020 08:40:00	23,16	21,98	21,09	20,73	20,51	20,42	20,39	20,34	20,25	20,18	20,11	20,00	19,89	23,06	0
19/06/2020 08:45:00	23,24	22,18	21,20	20,79	20,62	20,53	20,45	20,38	20,29	20,23	20,17	20,08	19,98	23,21	0
19/06/2020 08:50:00	23,74	22,17	21,25	20,77	20,57	20,51	20,42	20,35	20,25	20,17	20,07	19,94	19,80	23,29	0
19/06/2020 08:55:00	23,65	22,23	21,31	20,81	20,57	20,51	20,44	20,37	20,27	20,19	20,11	19,99	19,87	23,29	0
19/06/2020 09:00:00	23,55	22,22	21,42	20,93	20,71	20,63	20,54	20,44	20,32	20,21	20,09	19,93	19,77	23,89	0
19/06/2020 09:05:00	23,75	22,67	21,66	21,23	20,99	20,80	20,60	20,44	20,28	20,13	19,96	19,74	19,53	22,73	0
19/06/2020 09:10:00	24,16	22,63	21,69	21,27	21,07	21,05	21,00	20,95	20,86	20,79	20,71	20,58	20,44	23,56	0
19/06/2020 09:15:00	24,53	23,10	22,02	21,53	21,24	21,08	20,94	20,82	20,69	20,58	20,45	20,28	20,10	24,39	0
19/06/2020 09:20:00	24,06	22,67	21,77	21,42	21,24	21,15	21,03	20,92	20,80	20,67	20,50	20,28	20,07	24,07	0
19/06/2020 09:25:00	24,03	23,10	22,10	21,65	21,34	21,15	20,96	20,79	20,62	20,46	20,28	20,07	19,85	23,53	0
19/06/2020 09:30:00	24,60	23,05	22,01	21,53	21,22	21,09	20,98	20,87	20,75	20,63	20,50	20,32	20,14	24,42	0
19/06/2020 09:35:00	24,43	23,11	22,21	21,72	21,47	21,36	21,23	21,10	20,96	20,83	20,67	20,47	20,27	24,31	0
19/06/2020 09:40:00	24,55	23,44	22,46	21,95	21,57	21,41	21,23	21,06	20,89	20,72	20,54	20,32	20,09	24,50	0
19/06/2020 09:45:00	24,69	23,45	22,53	22,09	21,88	21,82	21,71	21,62	21,51	21,41	21,29	21,13	20,97	25,73	0
19/06/2020 09:50:00	24,74	23,68	22,81	22,29	21,85	21,70	21,58	21,45	21,29	21,14	21,00	20,81	20,63	24,40	0
19/06/2020 09:55:00	24,91	23,90	23,07	22,63	22,24	21,99	21,77	21,58	21,38	21,17	20,92	20,64	20,35	24,01	0
19/06/2020 10:00:00	25,41	23,66	22,67	22,22	21,99	21,83	21,68	21,55	21,42	21,27	21,08	20,84	20,60	25,04	0
19/06/2020 10:05:00	25,27	23,87	22,92	22,50	22,24	22,04	21,88	21,73	21,58	21,41	21,21	20,95	20,69	25,09	0
19/06/2020 10:10:00	25,81	24,27	23,25	22,76	22,44	22,27	22,05	21,88	21,71	21,53	21,31	21,04	20,77	25,39	0
19/06/2020 10:15:00	25,69	24,11	23,22	22,74	22,46	22,25	22,11	21,98	21,82	21,65	21,43	21,16	20,90	25,24	0
19/06/2020 10:20:00	25,60	24,43	23,34	22,82	22,54	22,28	22,06	21,88	21,71	21,54	21,34	21,10	20,85	25,48	0
19/06/2020 10:25:00	26,07	24,48	23,51	23,03	22,75	22,53	22,31	22,13	21,96	21,77	21,53	21,23	20,94	26,49	0
19/06/2020 10:30:00	25,96	24,87	23,74	23,21	22,83	22,54	22,31	22,12	21,93	21,74	21,53	21,28	21,02	25,57	0
19/06/2020 10:35:00	25,97	24,73	23,84	23,41	23,03	22,80	22,66	22,51	22,34	22,15	21,93	21,65	21,38	26,21	0
19/06/2020 10:40:00	25,75	24,75	23,99	23,52	23,19	22,90	22,68	22,48	22,28	22,05	21,78	21,47	21,15	27,16	0
19/06/2020 10:45:00	25,95	25,14	24,26	23,72	23,28	22,91	22,59	22,32	22,07	21,81	21,50	21,16	20,82	26,29	0
19/06/2020 10:50:00	26,26	25,11	24,21	23,74	23,38	23,10	22,85	22,64	22,44	22,21	21,93	21,61	21,29	26,79	0
19/06/2020 10:55:00	26,20	25,03	24,26	23,77	23,37	23,09	22,88	22,68	22,46	22,22	21,93	21,60	21,26	26,74	0
19/06/2020 11:00:00	26,54	25,49	24,51	23,97	23,51	23,16	22,86	22,61	22,38	22,14	21,85	21,51	21,18	27,88	0
19/06/2020 11:05:00	26,85	25,24	24,23	23,68	23,26	22,96	22,66	22,42	22,20	21,95	21,65	21,29	20,93	27,53	0
19/06/2020 11:10:00	26,44	25,20	24,36	23,84	23,44	23,10	22,82	22,59	22,37	22,12	21,81	21,46	21,11	26,94	0
19/06/2020 11:15:00	26,62	25,48	24,48	23,92	23,49	23,14	22,83	22,58	22,34	22,09	21,78	21,43	21,08	26,73	0
19/06/2020 11:20:00	26,57	25,51	24,49	23,90	23,45	23,14	22,85	22,61	22,38	22,15	21,88	21,57	21,25	26,87	0
19/06/2020 11:25:00	26,67	25,57	24,66	24,12	23,67	23,31	23,01	22,76	22,52	22,25	21,94	21,58	21,22	26,66	0
19/06/2020 11:30:00	26,66	25,76	24,94	24,45	24,03	23,63	23,30	23,02	22,75	22,46	22,09	21,68	21,28	27,21	0
19/06/2020 11:35:00	26,64	25,61	24,80	24,31	23,94	23,59	23,29	23,02	22,77	22,49	22,13	21,73	21,32	27,76	0
19/06/2020 11:40:00	27,11	25,64	24,82	24,33	23,92	23,66	23,39	23,16	22,94	22,67	22,34	21,95	21,57	27,73	0
19/06/2020 11:45:00	27,32	25,96	24,97	24,27	23,84	23,50	23,17	22,91	22,67	22,41	22,10	21,75	21,40	27,98	0
19/06/2020 11:50:00	26,95	26,04	25,26	24,70	24,23	23,87	23,52	23,22	22,94	22,63	22,25	21,83	21,41	27,70	0
19/06/2020 11:55:00	27,17	26,08	25,29	24,75	24,36	24,06	23,74	23,48	23,23	22,95	22,61	22,21	21,82	28,15	0
19/06/2020 12:00:00	27,53	26,17	25,28	24,72	24,28	23,91	23,62	23,38	23,14	22,87	22,53	22,15	21,77	29,22	0
19/06/2020 12:05:00	27,61	26,28	25,58	25,07	24,63	24,27	23,94	23,65	23,36	23,00	22,55	22,04	21,54	28,78	0
19/06/2020 12:10:00	27,46	26,22	25,59	25,15	24,77	24,38	24,05	23,76	23,48	23,13	22,68	22,18	21,67	29,37	0
19/06/2020 12:15:00	27,31	26,89	26,22	25,66	25,22	24,76	24,32	23,96	23,63	23,27	22,82	22,34	21,86	27,66	0
19/06/2020 12:20:00	27,99	26,69	25,93	25,40	25,02	24,68	24,36	24,09	23,83	23,52	23,12	22,67	22,21	28,31	0
19/06/2020 12:25:00	28,48	26,89	25,99	25,42	24,99	24,64	24,34	24,08	23,83	23,52	23,13	22,69	22,25	28,58	0
19/06/2020 12:30:00	27,92	26,96	26,30	25,79	25,38	25,00	24,61	24,28	23,98	23,61	23,13	22,61	22,08	28,51	0
19/06/2020 12:35:00	28,76	27,02	25,89	25,41	24,98	24,67	24,44	24,25	24,06	23,84	23,56	23,22	22,88	28,44	0
19/06/2020 12:40:00	27,95	26,72	25,94	25,46	25,01	24,65	24,30	24,00	23,73	23,40	22,98	22,50	22,03	28,36	0
19/06/2020 12:45:00	28,23	26,50	25,93	25,47	25,07	24,80	24,50	24,25	23,98	23,63	23,17	22,65	22,12	28,74	0
19/06/2020 12:50:00	27,80	26,67	26,30	25,91	25,57	25,24	24,94	24,66	24,37	23,99	23,49	22,94	22,39	29,26	0
19/06/2020 12:55:00	27,69	26,88	26,40	25,96	25,60	25,19	24,82	24,50	24,18	23,80	23,30	22,76	22,22	28,13	0
19/06/2020 13:00:00	26,24	26,67	26,88	26,56	26,22	25,83	25,40	24,98	24,58	24,09	23,45	22,78	22,11	27,99	0
19/06/2020 13:05:00	26,15	26,55	26,77	26,48	26,16	25,86	25,57	25,26	24,91	24,50	23,98	23,42	22,86	28,19	0
19/06/2020 13:10:00	26,46	26,83	27,08	26,86	26,51	26,11	25,68	25,27	24,86	24,35	23,68	22,97	22,26	28,19	0
19/06/2020 13:15:00	26,17	26,58	26,86	26,61	26,24	25,82	25,37	24,94	24,53	24,02	23,36	22,67	21,97	28,54	0
19/06/2020 13:20:00	26,09	26,44	26,80	26,59	26,33	25,94	25,52	25,12	24,72	24,22	23,56	22,85	22,14	28,48	0
19/06/2020 13:25:00	26,16	26,47	26,85	26,57	26,24	25,93	25,61	25,28	24,91	24,46	23,88	23,26	22,65	28,34	0
19/06/2020 13:30:00	26,04	26,79	27,09	26,90	26,57	26,09	25,65	25,23	24,79	24,26	23,57	22,85	22,12	28,14	0
19/06/2020 13:35:00	25,72	26,67	27,17	26,98	26,72	26,35	25,89	25,46	25,04	24,52	23,85	23,15	22,44	27,83	0
19/06/2020 13:40:00	25,60	26,65	27,22	27,03	26,76	26,38	25,95	25,53	25,10	24,58	23,90	23,19	22,48	28,13	0
19/06/2020 13:45:00	25,52	26,62	27,18	26,84	26,47	26,02	25,52	25,04	24,57	24,03	23,34	22,63	21,92	27,98	0
19/06/2020 13:50:00	25,38	26,37	26,97	26,73	26,44	26,06	25,61	25,17	24,72	24,19	23,49	22,76	22,03	27,71	0
19/06/2020 13:55:00	25,37	26,35	26,92	26,75	26,42	26,05	25,63	25,20	24,77	24,24	23,56	22,84	22,12	27,52	0
19/06/2020 14:00:00	25,11	26,36	27,07	26,95	26,65	26,23	25,79	25,34	24,88	24,32	23,60	22,83	22,07	27,60	0
19/06/2020 14:05:00	25,17	26,43	27,00	26,83	26,54	26,13	25,66	25,21	24,76	24,23	23,55	22,83	22,11	27,65	0
19/06/2020 14:10:00	25,22	26,51	27,32	27,19	26,96	26,57	26,15	25,73	25,28	24,73	24,02	23,27	22,53	27,51	0
19/06/2020 14:15:00	24,93	26,28	27,37	27,33	27,08	26,77	26,37	25,95	25,49	24,92	24,16	23,36	22,57	27,03	0
19/06/2020 14:20:00	24,83	26,15	27,36	27,34	27,15	26,84	26,43	26,00	25,53	24,94	24,15	23,33	22,50	26,96	0
19/06/2020 14:25:00	24,89	26,00	27,12	27,11	26,94	26,67	26,32	25,94	25,51	24,96	24,23	23,45	22,67	26,57	0
19/06/2020 14:30:00	24,63	26,02	27,19	27,16	27,02	26,72	26,34	25,94	25,49	24,92	24,17	23,39	22,60	26,03	0
19/06/2020 14:35:00	24,43	25,91	27,22	27,31	27,15	26,88	26,50	26,09	25,62	25,03	24,24	23,40	22,56	25,91	0
19/06/2020 14:40:00	24,78	26,04	27,35	27,52	27,44	27,15	26,80	26,42	25,97	25,38	24,57	23,71	22,85	25,99	0
19/06/2020 14:45:00	24,80	25,90	27,11	27,22	27,14	26,88	26,53	26,15	25,72	25,15	24,37	23,55	22,72	26,24	0
19/06/2020 14:50:00	24,81	26,36	26,98	26,88	26,60	26,22	25,84	25,45	25,03	24,54	23,92	23,26	22,61	25,69	0
19/06/2020 14:55:00	25,08	26,52	27,21	27,25	27,08	26,79	26,44	26,07	25,67	25,18	24,53	23,84	23,15	25,91	0
19/06/2020 15:00:00	24,94	26,32	26,68	26,62	26,43	26,17	25,87	25,55	25,20	24,81	24,30	23,76	23,21	25,80	0
19/06/2020 15:05:00	24,96	26,02	26,67	26,76	26,66	26,47	26,17	25,86	25,50	25,06	24,45	23,79	23,14	25,65	0
19/06/2020 15:10:00	24,80	26,10	26,62	26,57	26,44	26,21	25,93	25,62	25,28	24,88	24,36	23,80	23,24	25,54	0
19/06/2020 15:15:00	24,74	25,98	26,48	26,55	26,51	26,32	26,02	25,71	25,37	24,96	24,40	23,79	23,19	25,35	0
19/06/2020 15:20:00	24,95	26,16	26,56	26,66	26,57	26,40	26,17	25,91	25,61	25,25	24,78	24,26	23,73	25,33	0
19/06/2020 15:25:00	24,72	25,81	26,57	26,70	26,65	26,49	26,24	25,94	25,59	25,14	24,53	23,86	23,20	24,83	0
19/06/2020 15:30:00	24,95	26,06	26,52	26,61	26,58	26,49	26,25	26,00	25,71	25,35	24,86	24,33	23,79	25,05	0
19/06/2020 15:35:00	25,07	25,90	26,44	26,51	26,49	26,39	26,18	25,94	25,65	25,27	24,76	24,19	23,62	25,03	0
19/06/2020 15:40:00	25,00	25,95	26,58	26,73	26,73	26,63	26,43	26,20	25,89	25,51	24,97	24,38	23,79	25,05	0
19/06/2020 15:45:00	25,01	26,16	26,62	26,78	26,78	26,66	26,42	26,16	25,86	25,48	24,97	24,40	23,82	25,19	0
19/06/2020 15:50:00	25,30	26,16	26,50	26,54	26,51	26,39	26,19	25,97	25,69	25,34	24,87	24,35	23,83	25,38	0
19/06/2020 15:55:00	25,16	25,97	26,44	26,50	26,51	26,49	26,29	26,07	25,81	25,49	25,04	24,53	24,03	25,61	0
19/06/2020 16:00:00	24,83	25,86	26,30	26,39	26,37	26,30	26,08	25,85	25,59	25,26	24,81	24,32	23,82	25,34	0
19/06/2020 16:05:00	24,67	25,67	26,21	26,43	26,47	26,42	26,23	26,01	25,74	25,39	24,89	24,34	23,78	24,99	0
19/06/2020 16:10:00	24,72	25,85	26,35	26,48	26,42	26,32	26,14	25,91	25,62	25,27	24,79	24,26	23,74	25,15	0
19/06/2020 16:15:00	24,90	26,00	26,46	26,46	26,36	26,23	25,97	25,70	25,40	25,04	24,56	24,04	23,51	25,13	0
19/06/2020 16:20:00	24,82	25,82	26,26	26,35	26,28	26,10	25,87	25,62	25,31	24,93	24,42	23,86	23,29	25,44	0
19/06/2020 16:25:00	24,54	25,46	26,22	26,45	26,46	26,40	26,24	26,03	25,74	25,36	24,83	24,25	23,67	24,79	0
19/06/2020 16:30:00	24,73	25,54	26,20	26,27	26,30	26,27	26,13	25,95	25,68	25,35	24,89	24,38	23,87	24,92	0
19/06/2020 16:35:00	24,96	25,82	26,16	26,16	26,06	25,91	25,67	25,41	25,11	24,75	24,27	23,74	23,21	25,22	0
19/06/2020 16:40:00	25,04	25,58	25,55	25,57	25,52	25,45	25,35	25,21	25,01	24,79	24,49	24,13	23,78	25,44	0
19/06/2020 16:45:00	24,87	25,39	25,43	25,46	25,48	25,42	25,33	25,20	25,01	24,79	24,49	24,14	23,79	24,80	0
19/06/2020 16:50:00	24,95	25,39	25,55	25,70	25,71	25,66	25,54	25,40	25,19	24,93	24,55	24,12	23,69	25,06	0
19/06/2020 16:55:00	24,98	25,44	25,47	25,39	25,30	25,21	25,08	24,92	24,71	24,47	24,16	23,80	23,44	24,96	0
19/06/2020 17:00:00	25,09	25,54	25,56	25,60	25,51	25,43	25,30	25,13	24,91	24,65	24,30	23,90	23,50	25,11	0
19/06/2020 17:05:00	25,65	25,75	25,69	25,66	25,58	25,53	25,42	25,29	25,09	24,85	24,53	24,15	23,77	25,44	0
19/06/2020 17:10:00	26,05	25,89	25,69	25,60	25,54	25,43	25,28	25,12	24,91	24,66	24,31	23,91	23,50	25,92	0
19/06/2020 17:15:00	26,87	26,15	25,59	25,36	25,16	25,03	24,88	24,73	24,56	24,35	24,07	23,73	23,40	26,34	0
19/06/2020 17:20:00	27,21	26,04	25,35	25,19	25,10	25,12	25,08	25,04	24,94	24,82	24,63	24,38	24,13	26,77	0
19/06/2020 17:25:00	27,10	26,28	25,81	25,63	25,57	25,52	25,42	25,32	25,17	24,99	24,73	24,40	24,08	26,43	0
19/06/2020 17:30:00	26,94	26,60	26,16	25,95	25,78	25,65	25,41	25,19	24,97	24,71	24,35	23,94	23,53	26,56	0
19/06/2020 17:35:00	27,33	26,72	26,14	25,92	25,72	25,50	25,28	25,08	24,87	24,61	24,27	23,86	23,46	26,78	0
19/06/2020 17:40:00	27,46	26,74	26,13	25,81	25,55	25,37	25,18	25,00	24,80	24,56	24,26	23,90	23,54	28,10	0
19/06/2020 17:45:00	27,31	26,68	26,21	25,90	25,64	25,44	25,23	25,03	24,82	24,56	24,22	23,84	23,45	27,70	0
19/06/2020 17:50:00	27,00	26,65	26,19	25,93	25,78	25,62	25,45	25,28	25,08	24,86	24,56	24,21	23,86	26,84	0
19/06/2020 17:55:00	27,27	26,79	26,23	25,89	25,68	25,52	25,30	25,11	24,91	24,69	24,40	24,07	23,73	26,93	0
19/06/2020 18:00:00	27,51	26,94	26,34	26,05	25,84	25,68	25,47	25,29	25,09	24,87	24,58	24,23	23,88	28,05	0
19/06/2020 18:05:00	27,55	27,13	26,65	26,26	25,96	25,66	25,38	25,13	24,88	24,59	24,23	23,82	23,41	28,45	0
19/06/2020 18:10:00	27,19	26,93	26,57	26,30	26,05	25,88	25,65	25,44	25,21	24,95	24,60	24,21	23,81	28,83	0
19/06/2020 18:15:00	27,15	27,05	26,69	26,36	26,13	25,92	25,64	25,40	25,15	24,87	24,51	24,10	23,70	27,71	0
19/06/2020 18:20:00	26,71	27,06	26,92	26,63	26,39	26,14	25,88	25,61	25,32	25,00	24,59	24,13	23,68	27,19	0
19/06/2020 18:25:00	26,34	27,00	26,98	26,70	26,44	26,18	25,88	25,59	25,28	24,95	24,53	24,07	23,61	27,30	0
19/06/2020 18:30:00	26,36	27,04	27,03	26,80	26,50	26,17	25,85	25,53	25,19	24,81	24,32	23,80	23,28	27,10	0
19/06/2020 18:35:00	26,20	27,12	27,14	26,90	26,60	26,22	25,87	25,52	25,16	24,77	24,27	23,74	23,20	27,34	0
19/06/2020 18:40:00	25,84	27,13	27,52	27,35	27,05	26,78	26,41	26,05	25,67	25,23	24,67	24,08	23,49	27,72	0
19/06/2020 18:45:00	25,68	27,04	27,32	27,14	26,82	26,49	26,11	25,73	25,35	24,91	24,37	23,80	23,22	27,71	0
19/06/2020 18:50:00	25,68	26,79	27,20	27,01	26,78	26,47	26,10	25,73	25,34	24,89	24,31	23,69	23,07	27,23	0
19/06/2020 18:55:00	25,46	26,92	27,31	27,06	26,71	26,29	25,81	25,36	24,92	24,42	23,80	23,15	22,50	27,00	0
19/06/2020 19:00:00	25,26	26,65	26,81	26,57	26,24	25,87	25,51	25,14	24,76	24,35	23,85	23,33	22,80	26,93	0
19/06/2020 19:05:00	25,07	26,43	26,72	26,51	26,24	25,94	25,60	25,26	24,90	24,51	24,03	23,51	23,00	26,62	0
19/06/2020 19:10:00	24,96	26,37	26,68	26,48	26,14	25,83	25,50	25,15	24,77	24,35	23,84	23,30	22,76	26,37	0
19/06/2020 19:15:00	25,06	26,39	26,68	26,50	26,27	25,96	25,59	25,22	24,85	24,43	23,90	23,34	22,78	26,31	0
19/06/2020 19:20:00	25,11	26,40	26,67	26,47	26,16	25,83	25,47	25,11	24,74	24,33	23,82	23,28	22,74	26,28	0
19/06/2020 19:25:00	25,15	26,35	26,60	26,41	26,13	25,85	25,52	25,18	24,83	24,43	23,93	23,40	22,87	26,01	0
19/06/2020 19:30:00	25,19	26,37	26,65	26,47	26,23	25,89	25,56	25,22	24,85	24,44	23,92	23,36	22,80	25,94	0
19/06/2020 19:35:00	25,03	26,52	26,76	26,50	26,17	25,83	25,47	25,10	24,72	24,31	23,81	23,28	22,75	25,94	0
19/06/2020 19:40:00	25,04	26,70	26,99	26,83	26,55	26,18	25,76	25,35	24,95	24,50	23,94	23,35	22,77	25,89	0
19/06/2020 19:45:00	25,20	26,58	27,00	26,93	26,77	26,53	26,16	25,80	25,44	25,01	24,46	23,86	23,27	25,86	0
19/06/2020 19:50:00	25,10	26,87	27,52	27,53	27,34	27,02	26,65	26,26	25,85	25,37	24,74	24,08	23,41	25,72	0
19/06/2020 19:55:00	25,29	26,50	27,46	27,37	27,23	26,97	26,66	26,31	25,91	25,43	24,79	24,12	23,44	25,93	0
19/06/2020 20:00:00	25,09	26,90	27,40	27,33	27,08	26,78	26,43	26,06	25,67	25,23	24,67	24,08	23,49	25,45	0
19/06/2020 20:05:00	24,94	26,76	27,41	27,36	27,16	26,88	26,52	26,15	25,75	25,29	24,69	24,06	23,44	25,16	0
19/06/2020 20:10:00	25,13	26,81	27,26	27,15	26,90	26,59	26,22	25,84	25,45	25,01	24,45	23,86	23,26	25,26	0
19/06/2020 20:15:00	24,96	26,49	27,20	27,15	26,93	26,70	26,34	25,98	25,58	25,12	24,52	23,88	23,24	25,22	0
19/06/2020 20:20:00	25,29	26,87	27,10	26,99	26,73	26,37	25,98	25,61	25,22	24,79	24,25	23,67	23,10	25,33	0
19/06/2020 20:25:00	25,41	26,71	27,04	26,92	26,66	26,37	26,03	25,68	25,30	24,88	24,33	23,76	23,18	25,65	0
19/06/2020 20:30:00	25,59	26,98	27,33	27,20	26,95	26,67	26,36	26,03	25,67	25,26	24,75	24,20	23,65	25,66	0
19/06/2020 20:35:00	25,09	26,62	27,53	27,51	27,38	27,15	26,82	26,47	26,07	25,58	24,94	24,26	23,58	25,35	0
19/06/2020 20:40:00	25,04	26,86	27,50	27,42	27,21	26,88	26,51	26,13	25,72	25,25	24,66	24,04	23,41	25,29	0
19/06/2020 20:45:00	25,18	26,80	27,47	27,40	27,17	26,86	26,47	26,06	25,64	25,14	24,50	23,81	23,13	25,23	0
19/06/2020 20:50:00	24,98	26,84	27,54	27,49	27,27	26,96	26,58	26,18	25,76	25,27	24,64	23,98	23,31	25,03	0
19/06/2020 20:55:00	24,90	26,49	27,44	27,42	27,25	27,00	26,67	26,31	25,89	25,38	24,72	24,02	23,31	25,23	0
19/06/2020 21:00:00	24,85	26,64	27,46	27,42	27,26	26,98	26,60	26,20	25,78	25,28	24,63	23,95	23,26	25,00	0
19/06/2020 21:05:00	25,19	26,86	27,60	27,65	27,52	27,27	26,97	26,64	26,27	25,82	25,23	24,60	23,97	25,03	0
19/06/2020 21:10:00	25,22	26,89	27,69	27,65	27,51	27,22	26,88	26,52	26,13	25,66	25,06	24,42	23,78	25,08	0
19/06/2020 21:15:00	24,95	26,84	27,65	27,71	27,62	27,35	27,01	26,65	26,26	25,78	25,16	24,49	23,82	25,23	0
19/06/2020 21:20:00	24,97	26,71	27,73	27,79	27,70	27,50	27,22	26,90	26,51	26,03	25,40	24,72	24,05	25,05	0
19/06/2020 21:25:00	24,85	26,65	27,63	27,75	27,72	27,58	27,28	26,94	26,57	26,10	25,48	24,81	24,14	24,73	0
19/06/2020 21:30:00	24,79	26,63	27,48	27,55	27,43	27,27	26,99	26,67	26,29	25,85	25,26	24,64	24,02	24,75	0
19/06/2020 21:35:00	24,69	26,26	27,26	27,36	27,32	27,18	26,93	26,63	26,27	25,82	25,21	24,56	23,91	24,89	0
19/06/2020 21:40:00	24,79	26,38	27,08	27,13	27,03	26,92	26,66	26,37	26,04	25,64	25,11	24,55	23,98	24,74	0
19/06/2020 21:45:00	24,51	26,17	26,94	27,04	27,03	26,86	26,60	26,30	25,95	25,53	24,97	24,36	23,76	24,67	0
19/06/2020 21:50:00	24,51	26,15	26,97	27,06	27,00	26,94	26,79	26,56	26,25	25,88	25,39	24,85	24,32	24,58	0
19/06/2020 21:55:00	24,53	26,27	27,14	27,26	27,22	27,07	26,77	26,44	26,08	25,63	25,04	24,40	23,76	24,18	0
19/06/2020 22:00:00	24,02	25,81	26,64	26,76	26,78	26,62	26,34	26,03	25,68	25,25	24,68	24,07	23,46	24,21	0
19/06/2020 22:05:00	24,07	25,74	26,59	26,68	26,64	26,51	26,23	25,91	25,55	25,11	24,53	23,90	23,28	24,04	0
19/06/2020 22:10:00	23,98	25,90	26,67	26,78	26,74	26,55	26,26	25,94	25,58	25,15	24,59	23,99	23,39	24,05	0
19/06/2020 22:15:00	24,08	25,88	26,85	27,04	27,03	26,85	26,60	26,31	25,94	25,49	24,89	24,24	23,59	24,13	0
19/06/2020 22:20:00	24,10	25,94	26,94	27,10	27,05	26,89	26,62	26,31	25,93	25,48	24,87	24,22	23,57	23,91	0
19/06/2020 22:25:00	23,84	25,66	26,86	27,13	27,20	27,10	26,86	26,56	26,20	25,73	25,09	24,41	23,72	23,93	0
19/06/2020 22:30:00	23,73	25,61	26,99	27,27	27,31	27,21	26,96	26,65	26,27	25,77	25,09	24,37	23,64	23,54	0
19/06/2020 22:35:00	23,58	25,67	26,96	27,29	27,38	27,24	26,99	26,68	26,30	25,82	25,16	24,46	23,75	23,11	0
19/06/2020 22:40:00	23,49	25,47	26,95	27,22	27,28	27,22	26,96	26,64	26,25	25,74	25,05	24,31	23,57	22,66	0
19/06/2020 22:45:00	23,06	25,08	26,60	26,87	26,92	26,81	26,54	26,20	25,79	25,27	24,56	23,80	23,04	22,60	0
19/06/2020 22:50:00	23,05	25,43	26,60	26,80	26,75	26,58	26,24	25,87	25,45	24,95	24,29	23,59	22,89	22,45	0
19/06/2020 22:55:00	22,91	25,31	26,65	26,87	26,86	26,70	26,41	26,06	25,64	25,13	24,46	23,75	23,04	22,29	0
19/06/2020 23:00:00	22,95	25,46	26,62	26,73	26,68	26,49	26,16	25,78	25,37	24,88	24,24	23,58	22,92	22,13	0
19/06/2020 23:05:00	22,88	25,04	26,56	26,77	26,79	26,69	26,41	26,06	25,65	25,13	24,43	23,69	22,96	22,21	0
19/06/2020 23:10:00	22,93	24,92	26,46	26,72	26,81	26,74	26,50	26,20	25,81	25,31	24,62	23,89	23,16	22,35	0
19/06/2020 23:15:00	22,55	24,58	26,10	26,33	26,40	26,31	26,06	25,75	25,35	24,84	24,16	23,44	22,72	22,34	0
19/06/2020 23:20:00	22,49	24,45	25,95	26,27	26,38	26,36	26,15	25,87	25,50	25,01	24,35	23,64	22,92	22,13	0
19/06/2020 23:25:00	22,57	24,26	25,91	26,28	26,46	26,50	26,34	26,10	25,75	25,28	24,62	23,91	23,19	22,21	0
19/06/2020 23:30:00	22,40	24,38	26,04	26,40	26,55	26,51	26,30	26,01	25,63	25,13	24,44	23,70	22,96	21,91	0
19/06/2020 23:35:00	22,13	24,05	25,63	26,01	26,17	26,16	25,96	25,69	25,32	24,84	24,17	23,45	22,74	21,87	0
19/06/2020 23:40:00	22,02	24,02	25,68	26,05	26,26	26,25	26,05	25,77	25,40	24,91	24,23	23,50	22,77	21,68	0
19/06/2020 23:45:00	21,72	23,82	25,41	25,75	25,89	25,86	25,65	25,37	24,99	24,51	23,86	23,16	22,46	21,69	0
19/06/2020 23:50:00	21,64	23,63	25,21	25,58	25,76	25,71	25,50	25,22	24,84	24,35	23,68	22,95	22,23	21,72	0
19/06/2020 23:55:00	21,55	23,70	25,29	25,66	25,82	25,81	25,62	25,36	24,99	24,52	23,88	23,19	22,51	21,71	0
