FileFormat:0002.2 file with temperature of atmosphere
200
local	GMT or Local
0	GMT-Local=[hours]
0	Height[m]
0	0	0	Longitude                [grd]               [min]               [sec]
0	0	0	Latitude                [grd]               [min]               [sec]
N	NS
59,40	Freq[GHz]
0,00	dTemostat[K]
0,150	MessErr[K]
0,248	//[grad/step]
version 14.0.20110218
MTP5H033F5940K-33.00D180214+A1.1
Commentary:
enter comment
End Of Commentary

SYSTEM\summer.dat
data time	0	50	100	150	200	250	300	350	400	450	500	550	600	OutsideTemperature	Quality
05/07/2020 00:00:00	20,14	20,82	21,11	21,03	20,89	20,71	20,44	20,16	19,85	19,49	19,06	18,59	18,12	20,20	0
05/07/2020 00:05:00	20,09	20,95	21,22	21,11	20,91	20,67	20,39	20,10	19,77	19,41	18,97	18,51	18,04	20,14	0
05/07/2020 00:10:00	20,17	20,98	21,22	21,11	20,97	20,76	20,48	20,19	19,87	19,53	19,10	18,65	18,19	20,17	0
05/07/2020 00:15:00	19,93	20,91	21,14	21,06	20,85	20,58	20,30	20,00	19,67	19,30	18,87	18,41	17,94	20,11	0
05/07/2020 00:20:00	20,06	20,99	21,31	21,28	21,16	20,96	20,68	20,39	20,07	19,70	19,25	18,76	18,27	20,06	0
05/07/2020 00:25:00	20,13	20,92	21,23	21,15	21,01	20,80	20,53	20,24	19,91	19,55	19,10	18,62	18,14	20,03	0
05/07/2020 00:30:00	19,95	20,82	21,03	20,94	20,83	20,60	20,33	20,04	19,73	19,39	18,97	18,52	18,08	20,01	0
05/07/2020 00:35:00	20,06	20,79	21,13	21,01	20,88	20,68	20,39	20,09	19,77	19,41	18,96	18,48	18,00	19,97	0
05/07/2020 00:40:00	19,91	20,80	21,11	21,05	20,89	20,65	20,38	20,09	19,77	19,40	18,96	18,48	18,00	19,94	0
05/07/2020 00:45:00	19,89	20,78	21,15	21,10	20,99	20,83	20,59	20,33	20,02	19,68	19,26	18,81	18,35	19,84	0
05/07/2020 00:50:00	19,62	20,67	21,06	21,05	20,92	20,77	20,53	20,27	19,95	19,61	19,18	18,73	18,27	19,77	0
05/07/2020 00:55:00	19,82	20,63	20,99	20,94	20,83	20,67	20,43	20,16	19,86	19,52	19,10	18,64	18,19	19,75	0
05/07/2020 01:00:00	19,65	20,60	20,88	20,81	20,66	20,48	20,22	19,94	19,63	19,29	18,88	18,44	18,00	19,62	0
05/07/2020 01:05:00	19,58	20,40	20,67	20,61	20,51	20,32	20,08	19,81	19,51	19,17	18,77	18,32	17,88	19,64	0
05/07/2020 01:10:00	19,56	20,47	20,84	20,78	20,67	20,50	20,25	19,97	19,66	19,32	18,90	18,45	18,00	19,61	0
05/07/2020 01:15:00	19,59	20,56	20,89	20,84	20,74	20,57	20,32	20,04	19,74	19,40	18,98	18,53	18,09	19,62	0
05/07/2020 01:20:00	19,57	20,46	20,80	20,69	20,55	20,40	20,16	19,89	19,58	19,25	18,85	18,42	17,99	19,57	0
05/07/2020 01:25:00	19,56	20,48	20,82	20,77	20,61	20,47	20,23	19,95	19,64	19,30	18,88	18,43	17,98	19,52	0
05/07/2020 01:30:00	19,29	20,39	20,74	20,74	20,63	20,51	20,26	20,00	19,69	19,36	18,96	18,53	18,09	19,46	0
05/07/2020 01:35:00	19,53	20,46	20,84	20,78	20,67	20,51	20,25	19,97	19,66	19,31	18,89	18,43	17,97	19,42	0
05/07/2020 01:40:00	19,31	20,33	20,72	20,69	20,58	20,42	20,18	19,92	19,61	19,27	18,86	18,42	17,97	19,34	0
05/07/2020 01:45:00	19,46	20,33	20,60	20,49	20,32	20,14	19,89	19,62	19,31	18,98	18,58	18,15	17,73	19,36	0
05/07/2020 01:50:00	19,24	20,25	20,49	20,40	20,28	20,12	19,87	19,60	19,30	18,99	18,62	18,21	17,81	19,16	0
05/07/2020 01:55:00	18,94	20,00	20,45	20,42	20,28	20,13	19,89	19,62	19,31	18,96	18,54	18,10	17,65	19,05	0
05/07/2020 02:00:00	19,02	20,05	20,59	20,58	20,49	20,34	20,09	19,81	19,48	19,12	18,66	18,18	17,69	19,04	0
05/07/2020 02:05:00	19,02	20,09	20,56	20,52	20,50	20,42	20,19	19,93	19,64	19,32	18,93	18,50	18,07	19,03	0
05/07/2020 02:10:00	18,96	20,19	20,66	20,64	20,57	20,41	20,16	19,88	19,56	19,22	18,79	18,34	17,89	18,98	0
05/07/2020 02:15:00	19,01	20,01	20,33	20,33	20,25	20,14	19,92	19,67	19,39	19,08	18,71	18,30	17,89	19,03	0
05/07/2020 02:20:00	19,03	19,94	20,38	20,44	20,37	20,26	20,09	19,86	19,58	19,27	18,88	18,45	18,02	19,04	0
05/07/2020 02:25:00	18,98	20,01	20,40	20,38	20,31	20,19	19,97	19,71	19,42	19,09	18,70	18,28	17,85	19,01	0
05/07/2020 02:30:00	19,00	19,93	20,35	20,34	20,29	20,21	20,01	19,77	19,49	19,18	18,80	18,39	17,97	19,00	0
05/07/2020 02:35:00	18,95	19,93	20,32	20,36	20,33	20,26	20,08	19,86	19,60	19,30	18,93	18,53	18,13	18,92	0
05/07/2020 02:40:00	18,93	19,96	20,39	20,47	20,50	20,44	20,24	20,02	19,75	19,44	19,06	18,64	18,21	18,88	0
05/07/2020 02:45:00	18,80	19,92	20,44	20,49	20,53	20,51	20,32	20,09	19,82	19,51	19,13	18,72	18,30	18,84	0
05/07/2020 02:50:00	18,84	19,75	20,25	20,41	20,46	20,45	20,33	20,16	19,92	19,63	19,27	18,87	18,47	18,75	0
05/07/2020 02:55:00	18,72	19,75	20,27	20,42	20,49	20,48	20,32	20,13	19,87	19,58	19,21	18,79	18,38	18,77	0
05/07/2020 03:00:00	18,70	19,55	20,00	20,22	20,31	20,31	20,18	20,00	19,77	19,49	19,12	18,70	18,29	18,73	0
05/07/2020 03:05:00	18,79	19,58	20,08	20,30	20,38	20,36	20,26	20,10	19,86	19,58	19,21	18,80	18,38	18,83	0
05/07/2020 03:10:00	18,68	19,55	20,08	20,29	20,39	20,41	20,28	20,10	19,86	19,57	19,19	18,77	18,34	18,86	0
05/07/2020 03:15:00	18,76	19,52	20,02	20,22	20,36	20,41	20,28	20,12	19,89	19,62	19,26	18,85	18,44	18,79	0
05/07/2020 03:20:00	18,69	19,63	20,11	20,32	20,46	20,48	20,36	20,19	19,97	19,70	19,35	18,96	18,56	18,76	0
05/07/2020 03:25:00	18,78	19,52	19,97	20,15	20,23	20,23	20,14	19,99	19,76	19,50	19,16	18,77	18,39	18,65	0
05/07/2020 03:30:00	18,63	19,36	19,87	20,12	20,19	20,25	20,15	20,00	19,78	19,51	19,15	18,74	18,33	18,64	0
05/07/2020 03:35:00	18,54	19,48	19,91	20,09	20,17	20,19	20,10	19,95	19,73	19,48	19,17	18,81	18,45	18,62	0
05/07/2020 03:40:00	18,66	19,27	19,69	19,87	20,00	20,07	19,99	19,87	19,67	19,43	19,12	18,76	18,40	18,56	0
05/07/2020 03:45:00	18,58	19,26	19,56	19,77	19,92	20,04	19,96	19,84	19,66	19,45	19,17	18,85	18,52	18,50	0
05/07/2020 03:50:00	18,47	19,21	19,63	19,87	19,98	20,05	19,97	19,84	19,63	19,39	19,07	18,70	18,33	18,49	0
05/07/2020 03:55:00	18,37	19,29	19,77	20,04	20,17	20,23	20,16	20,02	19,82	19,57	19,25	18,87	18,50	18,52	0
05/07/2020 04:00:00	18,33	19,33	19,73	19,94	20,13	20,21	20,12	19,98	19,78	19,56	19,27	18,93	18,59	18,32	0
05/07/2020 04:05:00	18,23	19,12	19,55	19,79	19,87	19,93	19,84	19,70	19,49	19,24	18,92	18,56	18,19	18,34	0
05/07/2020 04:10:00	18,27	19,15	19,62	19,77	19,83	19,87	19,80	19,66	19,44	19,19	18,89	18,54	18,19	18,32	0
05/07/2020 04:15:00	18,21	19,20	19,65	19,87	20,02	20,08	19,97	19,82	19,60	19,36	19,03	18,66	18,29	18,26	0
05/07/2020 04:20:00	18,15	19,14	19,68	19,87	20,02	20,12	20,03	19,88	19,67	19,43	19,12	18,76	18,41	18,18	0
05/07/2020 04:25:00	18,10	19,09	19,65	19,90	20,04	20,11	20,04	19,91	19,69	19,45	19,12	18,75	18,38	18,06	0
05/07/2020 04:30:00	18,09	19,02	19,61	19,88	20,01	20,09	20,01	19,87	19,65	19,38	19,04	18,64	18,25	17,99	0
05/07/2020 04:35:00	17,95	18,98	19,60	19,86	20,05	20,12	20,02	19,86	19,64	19,37	19,02	18,62	18,22	17,94	0
05/07/2020 04:40:00	17,92	18,87	19,48	19,75	19,88	19,94	19,86	19,72	19,49	19,22	18,87	18,47	18,07	17,86	0
05/07/2020 04:45:00	17,77	18,78	19,37	19,67	19,86	19,96	19,88	19,74	19,53	19,28	18,94	18,56	18,18	17,81	0
05/07/2020 04:50:00	17,79	18,90	19,41	19,62	19,77	19,83	19,72	19,57	19,35	19,10	18,78	18,41	18,05	17,89	0
05/07/2020 04:55:00	18,00	18,90	19,47	19,68	19,77	19,80	19,69	19,53	19,30	19,02	18,66	18,26	17,86	17,96	0
05/07/2020 05:00:00	17,92	18,75	19,29	19,53	19,69	19,73	19,65	19,51	19,29	19,04	18,70	18,31	17,93	17,86	0
05/07/2020 05:05:00	17,88	18,65	19,13	19,35	19,56	19,64	19,56	19,44	19,24	19,01	18,71	18,35	18,00	17,81	0
05/07/2020 05:10:00	17,75	18,53	19,05	19,29	19,43	19,47	19,39	19,25	19,03	18,77	18,44	18,06	17,67	17,74	0
05/07/2020 05:15:00	17,76	18,51	18,98	19,19	19,36	19,42	19,32	19,17	18,96	18,71	18,39	18,01	17,64	17,82	0
05/07/2020 05:20:00	17,88	18,61	19,06	19,27	19,29	19,28	19,17	19,01	18,78	18,50	18,14	17,75	17,35	17,87	0
05/07/2020 05:25:00	17,95	18,53	18,77	18,89	18,98	18,99	18,88	18,74	18,53	18,31	18,02	17,69	17,35	17,95	0
05/07/2020 05:30:00	18,04	18,51	18,71	18,81	18,87	18,91	18,84	18,72	18,53	18,32	18,06	17,76	17,45	18,07	0
05/07/2020 05:35:00	18,05	18,50	18,66	18,78	18,89	18,94	18,85	18,73	18,54	18,34	18,08	17,77	17,46	18,05	0
05/07/2020 05:40:00	18,14	18,59	18,77	18,95	19,06	19,10	19,02	18,90	18,72	18,51	18,24	17,91	17,59	18,14	0
05/07/2020 05:45:00	18,42	18,65	18,72	18,89	18,99	19,02	18,95	18,84	18,67	18,47	18,21	17,90	17,59	18,30	0
05/07/2020 05:50:00	18,59	18,78	18,73	18,82	18,88	18,89	18,82	18,70	18,54	18,36	18,13	17,85	17,57	18,78	0
05/07/2020 05:55:00	18,78	18,91	18,74	18,79	18,79	18,80	18,73	18,62	18,46	18,28	18,07	17,82	17,56	18,60	0
05/07/2020 06:00:00	18,96	19,05	18,75	18,78	18,75	18,76	18,67	18,56	18,40	18,24	18,05	17,81	17,57	18,92	0
05/07/2020 06:05:00	19,30	19,26	18,84	18,80	18,72	18,68	18,57	18,45	18,28	18,12	17,93	17,70	17,46	19,04	0
05/07/2020 06:10:00	19,58	19,31	18,86	18,85	18,80	18,80	18,73	18,64	18,50	18,36	18,19	17,97	17,75	19,96	0
05/07/2020 06:15:00	19,50	19,47	19,03	19,02	19,00	18,98	18,87	18,75	18,60	18,45	18,27	18,04	17,82	20,47	0
05/07/2020 06:20:00	19,57	19,38	19,03	19,03	19,06	19,05	18,96	18,85	18,71	18,55	18,36	18,11	17,86	20,35	0
05/07/2020 06:25:00	19,75	19,50	19,09	19,09	19,09	19,04	18,93	18,81	18,66	18,50	18,29	18,03	17,77	20,41	0
05/07/2020 06:30:00	19,90	19,74	19,21	19,13	19,08	19,00	18,88	18,76	18,61	18,45	18,27	18,05	17,83	20,84	0
05/07/2020 06:35:00	19,95	19,59	19,20	19,12	19,10	19,12	19,02	18,91	18,77	18,62	18,44	18,21	17,97	21,47	0
05/07/2020 06:40:00	20,26	19,72	19,18	19,06	19,02	18,94	18,83	18,71	18,56	18,41	18,22	17,99	17,75	21,91	0
05/07/2020 06:45:00	20,52	19,73	19,18	19,08	19,06	19,08	19,00	18,91	18,79	18,66	18,49	18,27	18,04	22,22	0
05/07/2020 06:50:00	20,60	19,86	19,20	19,04	18,97	18,96	18,90	18,84	18,73	18,63	18,51	18,34	18,18	21,46	0
05/07/2020 06:55:00	20,90	20,07	19,32	19,08	18,93	18,79	18,66	18,53	18,38	18,23	18,06	17,84	17,62	22,09	0
05/07/2020 07:00:00	20,99	20,13	19,45	19,19	19,00	18,88	18,73	18,59	18,43	18,26	18,07	17,83	17,59	21,38	0
05/07/2020 07:05:00	21,16	20,24	19,56	19,26	19,03	18,85	18,67	18,49	18,31	18,11	17,88	17,60	17,33	21,77	0
05/07/2020 07:10:00	21,23	20,22	19,56	19,25	19,06	18,92	18,77	18,62	18,46	18,28	18,08	17,83	17,58	22,94	0
05/07/2020 07:15:00	21,20	20,27	19,79	19,58	19,41	19,28	19,07	18,89	18,69	18,46	18,16	17,82	17,48	23,66	0
05/07/2020 07:20:00	20,96	20,37	19,89	19,63	19,45	19,32	19,13	18,95	18,76	18,55	18,30	18,00	17,71	22,15	0
05/07/2020 07:25:00	20,94	20,54	20,06	19,76	19,57	19,37	19,12	18,90	18,67	18,44	18,17	17,85	17,54	21,75	0
05/07/2020 07:30:00	21,23	20,67	20,09	19,80	19,56	19,34	19,09	18,87	18,64	18,40	18,11	17,78	17,45	22,21	0
05/07/2020 07:35:00	21,17	20,63	20,21	19,93	19,69	19,47	19,22	18,99	18,75	18,49	18,17	17,82	17,46	22,45	0
05/07/2020 07:40:00	21,44	20,77	20,20	19,88	19,63	19,44	19,20	18,98	18,76	18,52	18,24	17,91	17,58	22,60	0
05/07/2020 07:45:00	21,09	20,79	20,48	20,22	19,92	19,66	19,39	19,12	18,85	18,55	18,19	17,79	17,39	21,34	0
05/07/2020 07:50:00	21,24	20,72	20,50	20,23	20,02	19,82	19,58	19,34	19,09	18,80	18,45	18,05	17,66	21,99	0
05/07/2020 07:55:00	21,95	21,01	20,37	19,97	19,72	19,52	19,28	19,07	18,87	18,65	18,39	18,09	17,79	22,76	0
05/07/2020 08:00:00	21,74	20,96	20,55	20,20	19,90	19,66	19,43	19,21	18,97	18,71	18,39	18,04	17,69	22,93	0
05/07/2020 08:05:00	21,72	21,06	20,85	20,51	20,20	19,91	19,63	19,35	19,07	18,74	18,34	17,90	17,46	23,02	0
05/07/2020 08:10:00	21,27	21,13	21,07	20,77	20,51	20,21	19,85	19,52	19,20	18,82	18,36	17,86	17,37	22,36	0
05/07/2020 08:15:00	21,27	21,10	21,06	20,79	20,51	20,19	19,86	19,55	19,23	18,86	18,41	17,92	17,43	23,46	0
05/07/2020 08:20:00	21,37	21,10	21,07	20,76	20,44	20,14	19,82	19,52	19,20	18,83	18,39	17,91	17,43	23,16	0
05/07/2020 08:25:00	21,40	21,21	21,12	20,80	20,47	20,13	19,79	19,46	19,13	18,76	18,31	17,82	17,34	22,58	0
05/07/2020 08:30:00	21,40	21,20	21,20	20,89	20,59	20,26	19,90	19,56	19,22	18,83	18,34	17,82	17,30	22,31	0
05/07/2020 08:35:00	21,45	21,24	21,25	20,98	20,69	20,37	20,04	19,72	19,38	19,00	18,52	18,00	17,48	22,74	0
05/07/2020 08:40:00	21,52	21,27	21,24	20,95	20,66	20,35	20,01	19,69	19,36	18,98	18,51	18,01	17,50	22,46	0
05/07/2020 08:45:00	21,35	21,27	21,43	21,15	20,79	20,46	20,09	19,74	19,37	18,94	18,42	17,86	17,30	22,23	0
05/07/2020 08:50:00	21,76	21,36	21,25	20,93	20,61	20,29	19,93	19,60	19,27	18,90	18,43	17,92	17,42	22,79	0
05/07/2020 08:55:00	21,80	21,38	21,31	20,97	20,62	20,29	19,93	19,60	19,25	18,86	18,37	17,84	17,31	23,01	0
05/07/2020 09:00:00	21,88	21,44	21,34	21,00	20,63	20,26	19,92	19,59	19,25	18,86	18,38	17,87	17,36	22,73	0
05/07/2020 09:05:00	21,83	21,51	21,36	21,04	20,70	20,34	20,00	19,68	19,36	18,99	18,54	18,05	17,56	23,09	0
05/07/2020 09:10:00	22,08	21,60	21,33	21,00	20,66	20,29	19,96	19,65	19,33	18,97	18,53	18,05	17,56	23,14	0
05/07/2020 09:15:00	21,95	21,51	21,46	21,16	20,83	20,49	20,12	19,78	19,43	19,03	18,51	17,96	17,41	23,91	0
05/07/2020 09:20:00	22,02	21,69	21,49	21,13	20,75	20,37	20,03	19,71	19,38	19,01	18,56	18,08	17,59	23,19	0
05/07/2020 09:25:00	22,05	21,78	21,52	21,16	20,77	20,40	20,03	19,69	19,37	19,00	18,56	18,08	17,60	24,08	0
05/07/2020 09:30:00	22,41	21,74	21,41	21,04	20,71	20,40	20,05	19,74	19,44	19,09	18,66	18,19	17,72	23,84	0
05/07/2020 09:35:00	22,32	21,80	21,50	21,10	20,76	20,41	20,06	19,74	19,43	19,07	18,64	18,17	17,70	22,86	0
05/07/2020 09:40:00	22,53	21,87	21,45	21,06	20,73	20,41	20,07	19,77	19,48	19,15	18,75	18,31	17,87	23,16	0
05/07/2020 09:45:00	22,91	21,94	21,47	21,03	20,66	20,31	19,99	19,69	19,40	19,07	18,67	18,22	17,78	23,38	0
05/07/2020 09:50:00	23,12	22,40	21,84	21,39	21,04	20,70	20,35	20,04	19,75	19,42	19,03	18,60	18,17	23,46	0
05/07/2020 09:55:00	22,97	22,33	21,91	21,51	21,20	20,86	20,50	20,18	19,88	19,54	19,12	18,66	18,20	23,56	0
05/07/2020 10:00:00	23,21	22,58	22,10	21,63	21,20	20,81	20,41	20,06	19,74	19,38	18,94	18,47	18,00	24,03	0
05/07/2020 10:05:00	23,49	22,52	21,96	21,52	21,16	20,80	20,46	20,16	19,88	19,55	19,15	18,70	18,26	24,27	0
05/07/2020 10:10:00	23,28	22,76	22,19	21,77	21,35	20,96	20,58	20,25	19,93	19,59	19,18	18,73	18,27	24,08	0
05/07/2020 10:15:00	23,70	22,84	22,20	21,69	21,29	20,88	20,52	20,21	19,91	19,59	19,20	18,78	18,36	24,68	0
05/07/2020 10:20:00	23,81	22,94	22,30	21,77	21,34	20,96	20,58	20,25	19,95	19,62	19,23	18,79	18,36	24,40	0
05/07/2020 10:25:00	23,86	23,08	22,48	21,95	21,47	21,05	20,66	20,32	20,00	19,66	19,25	18,80	18,35	24,09	0
05/07/2020 10:30:00	24,25	23,06	22,46	21,94	21,55	21,15	20,80	20,50	20,20	19,86	19,45	18,99	18,53	24,39	0
05/07/2020 10:35:00	24,13	23,22	22,54	22,06	21,62	21,22	20,86	20,55	20,26	19,94	19,56	19,14	18,71	24,64	0
05/07/2020 10:40:00	23,78	23,24	22,88	22,51	22,08	21,65	21,26	20,91	20,56	20,16	19,67	19,13	18,59	24,57	0
05/07/2020 10:45:00	23,95	23,28	22,88	22,46	22,07	21,66	21,26	20,91	20,58	20,20	19,73	19,22	18,71	24,39	0
05/07/2020 10:50:00	23,57	23,29	23,15	22,80	22,39	21,95	21,51	21,12	20,74	20,28	19,72	19,11	18,50	24,11	0
05/07/2020 10:55:00	23,71	23,26	23,07	22,68	22,32	21,92	21,51	21,15	20,80	20,38	19,86	19,30	18,74	24,53	0
05/07/2020 11:00:00	23,46	23,38	23,32	22,90	22,49	22,06	21,59	21,17	20,77	20,31	19,74	19,13	18,53	24,06	0
05/07/2020 11:05:00	23,37	23,32	23,30	22,96	22,59	22,19	21,75	21,34	20,95	20,50	19,93	19,32	18,71	24,21	0
05/07/2020 11:10:00	23,53	23,28	23,29	22,95	22,61	22,20	21,80	21,42	21,05	20,61	20,05	19,45	18,85	24,87	0
05/07/2020 11:15:00	23,54	23,26	23,24	22,92	22,56	22,17	21,77	21,40	21,04	20,61	20,06	19,47	18,89	24,48	0
05/07/2020 11:20:00	23,44	23,28	23,37	23,07	22,71	22,30	21,89	21,50	21,11	20,64	20,05	19,43	18,80	24,91	0
05/07/2020 11:25:00	23,48	23,29	23,40	23,04	22,66	22,26	21,83	21,43	21,03	20,57	19,98	19,35	18,72	25,29	0
05/07/2020 11:30:00	23,28	23,27	23,39	23,10	22,74	22,33	21,89	21,48	21,09	20,62	20,02	19,39	18,75	24,70	0
05/07/2020 11:35:00	23,14	23,22	23,46	23,19	22,83	22,44	22,01	21,61	21,21	20,74	20,13	19,48	18,84	25,08	0
05/07/2020 11:40:00	23,02	23,21	23,40	23,14	22,78	22,38	21,95	21,55	21,15	20,67	20,07	19,44	18,80	24,73	0
05/07/2020 11:45:00	23,18	23,11	23,27	23,03	22,69	22,31	21,95	21,60	21,23	20,79	20,23	19,63	19,03	24,51	0
05/07/2020 11:50:00	22,62	22,88	23,26	23,03	22,75	22,43	22,07	21,72	21,35	20,91	20,35	19,76	19,16	24,11	0
05/07/2020 11:55:00	22,43	22,69	22,97	22,76	22,54	22,25	21,93	21,60	21,26	20,86	20,35	19,81	19,26	24,13	0
05/07/2020 12:00:00	21,91	22,45	22,93	22,77	22,52	22,22	21,86	21,50	21,13	20,68	20,11	19,51	18,90	23,32	0
05/07/2020 12:05:00	22,01	22,60	23,11	22,95	22,67	22,30	21,89	21,49	21,08	20,58	19,96	19,30	18,64	23,41	0
05/07/2020 12:10:00	22,09	22,60	22,99	22,79	22,51	22,13	21,72	21,32	20,92	20,44	19,84	19,21	18,57	23,31	0
05/07/2020 12:15:00	22,33	22,69	22,97	22,78	22,47	22,07	21,68	21,29	20,90	20,43	19,84	19,21	18,58	23,49	0
05/07/2020 12:20:00	22,84	22,74	22,81	22,54	22,26	21,90	21,49	21,12	20,76	20,32	19,77	19,17	18,57	23,72	0
05/07/2020 12:25:00	22,91	22,86	22,83	22,51	22,15	21,74	21,36	21,00	20,64	20,21	19,68	19,12	18,55	24,33	0
05/07/2020 12:30:00	22,78	22,88	22,93	22,61	22,23	21,85	21,41	21,02	20,63	20,17	19,61	19,01	18,41	24,54	0
05/07/2020 12:35:00	22,45	22,90	23,02	22,74	22,35	21,87	21,41	20,97	20,55	20,06	19,46	18,83	18,19	23,43	0
05/07/2020 12:40:00	22,45	22,76	23,06	22,79	22,42	22,00	21,56	21,15	20,73	20,24	19,63	18,98	18,33	23,48	0
05/07/2020 12:45:00	22,34	22,69	23,00	22,71	22,37	21,97	21,52	21,10	20,68	20,20	19,59	18,95	18,32	23,51	0
05/07/2020 12:50:00	22,57	22,77	22,92	22,66	22,30	21,85	21,41	21,00	20,59	20,11	19,50	18,86	18,21	23,84	0
05/07/2020 12:55:00	22,69	22,80	22,85	22,57	22,19	21,77	21,34	20,95	20,57	20,12	19,56	18,97	18,38	23,93	0
05/07/2020 13:00:00	22,97	22,82	22,81	22,47	22,11	21,75	21,36	20,99	20,63	20,20	19,66	19,09	18,52	24,87	0
05/07/2020 13:05:00	22,88	22,92	22,87	22,57	22,19	21,74	21,31	20,91	20,53	20,08	19,52	18,92	18,33	24,41	0
05/07/2020 13:10:00	22,80	22,88	22,80	22,44	22,07	21,64	21,18	20,76	20,38	19,93	19,39	18,81	18,23	23,81	0
05/07/2020 13:15:00	22,81	22,77	22,71	22,36	22,01	21,62	21,23	20,86	20,50	20,08	19,57	19,02	18,47	24,23	0
05/07/2020 13:20:00	22,65	22,78	22,83	22,48	22,11	21,70	21,25	20,84	20,44	19,99	19,42	18,82	18,22	23,73	0
05/07/2020 13:25:00	22,44	22,69	22,78	22,52	22,16	21,81	21,43	21,07	20,70	20,27	19,74	19,18	18,62	23,24	0
05/07/2020 13:30:00	22,26	22,56	22,58	22,28	21,94	21,60	21,27	20,94	20,61	20,24	19,79	19,31	18,84	23,30	0
05/07/2020 13:35:00	21,88	22,19	22,39	22,21	22,02	21,78	21,44	21,12	20,79	20,41	19,93	19,41	18,89	22,96	0
05/07/2020 13:40:00	21,85	22,07	22,27	22,07	21,81	21,50	21,19	20,87	20,54	20,15	19,66	19,14	18,62	22,81	0
05/07/2020 13:45:00	21,86	22,20	22,37	22,17	21,91	21,57	21,19	20,83	20,47	20,05	19,53	18,96	18,40	22,78	0
05/07/2020 13:50:00	21,73	22,04	22,18	21,97	21,71	21,45	21,17	20,89	20,57	20,22	19,79	19,33	18,87	22,83	0
05/07/2020 13:55:00	21,31	21,60	21,84	21,68	21,51	21,32	21,07	20,82	20,52	20,19	19,77	19,31	18,86	22,53	0
05/07/2020 14:00:00	21,26	21,67	21,97	21,76	21,51	21,25	20,96	20,66	20,33	19,95	19,49	18,99	18,49	22,28	0
05/07/2020 14:05:00	21,54	21,68	21,87	21,79	21,64	21,47	21,30	21,09	20,82	20,52	20,13	19,70	19,26	22,22	0
05/07/2020 14:10:00	21,63	21,67	21,76	21,61	21,46	21,30	21,11	20,90	20,65	20,36	20,00	19,59	19,19	22,11	0
05/07/2020 14:15:00	21,60	21,58	21,65	21,50	21,35	21,22	21,07	20,88	20,64	20,37	20,03	19,65	19,27	22,01	0
05/07/2020 14:20:00	21,97	21,69	21,64	21,51	21,37	21,18	20,99	20,80	20,56	20,28	19,92	19,52	19,11	22,14	0
05/07/2020 14:25:00	22,28	21,93	21,72	21,52	21,32	21,16	20,93	20,71	20,46	20,19	19,83	19,43	19,03	22,16	0
05/07/2020 14:30:00	22,41	22,17	21,92	21,62	21,39	21,17	20,92	20,68	20,42	20,14	19,80	19,42	19,03	22,41	0
05/07/2020 14:35:00	22,53	22,39	22,02	21,74	21,44	21,14	20,86	20,60	20,33	20,03	19,68	19,28	18,89	22,65	0
05/07/2020 14:40:00	22,74	22,61	22,20	21,82	21,48	21,21	20,91	20,63	20,35	20,06	19,71	19,33	18,94	22,74	0
05/07/2020 14:45:00	23,70	22,97	22,09	21,63	21,20	20,86	20,56	20,29	20,05	19,80	19,51	19,19	18,86	22,96	0
05/07/2020 14:50:00	24,26	23,17	22,14	21,60	21,19	20,86	20,60	20,38	20,17	19,96	19,73	19,47	19,20	23,33	0
05/07/2020 14:55:00	23,37	23,14	22,65	22,23	21,83	21,44	21,09	20,77	20,47	20,14	19,75	19,32	18,90	23,48	0
05/07/2020 15:00:00	23,87	23,15	22,54	22,07	21,73	21,40	21,07	20,78	20,51	20,22	19,86	19,46	19,07	23,76	0
05/07/2020 15:05:00	24,00	23,29	22,72	22,26	21,84	21,46	21,07	20,74	20,43	20,08	19,66	19,20	18,74	24,21	0
05/07/2020 15:10:00	23,93	23,28	22,78	22,34	21,94	21,58	21,21	20,88	20,57	20,22	19,80	19,33	18,86	24,47	0
05/07/2020 15:15:00	23,88	23,31	22,84	22,44	22,01	21,62	21,27	20,96	20,65	20,30	19,89	19,43	18,97	24,00	0
05/07/2020 15:20:00	24,58	23,65	22,99	22,51	22,14	21,77	21,38	21,05	20,76	20,42	20,01	19,55	19,10	24,84	0
05/07/2020 15:25:00	24,28	23,52	23,21	22,86	22,50	22,17	21,83	21,52	21,21	20,85	20,38	19,87	19,35	24,61	0
05/07/2020 15:30:00	25,18	23,83	23,14	22,64	22,28	21,90	21,54	21,24	20,97	20,64	20,23	19,77	19,31	25,14	0
05/07/2020 15:35:00	25,23	24,16	23,44	22,91	22,48	22,07	21,70	21,38	21,08	20,75	20,34	19,89	19,44	24,93	0
05/07/2020 15:40:00	25,35	24,29	23,50	23,00	22,55	22,13	21,75	21,43	21,14	20,79	20,37	19,91	19,44	25,46	0
05/07/2020 15:45:00	24,89	24,16	23,49	23,00	22,60	22,19	21,78	21,44	21,13	20,78	20,35	19,88	19,41	25,28	0
05/07/2020 15:50:00	25,14	24,18	23,59	23,13	22,72	22,28	21,90	21,57	21,25	20,89	20,44	19,95	19,45	25,04	0
05/07/2020 15:55:00	25,06	24,30	23,81	23,38	22,94	22,54	22,16	21,82	21,49	21,12	20,64	20,12	19,61	25,53	0
05/07/2020 16:00:00	25,14	24,39	23,72	23,20	22,75	22,27	21,85	21,49	21,16	20,79	20,34	19,86	19,37	25,11	0
05/07/2020 16:05:00	25,31	24,24	23,65	23,23	22,86	22,46	22,11	21,81	21,52	21,18	20,75	20,27	19,80	25,56	0
05/07/2020 16:10:00	25,38	24,47	23,92	23,46	23,02	22,60	22,23	21,90	21,58	21,21	20,76	20,25	19,75	24,94	0
05/07/2020 16:15:00	25,55	24,77	24,04	23,57	23,11	22,61	22,15	21,76	21,41	21,01	20,51	19,98	19,44	25,88	0
05/07/2020 16:20:00	25,75	24,82	24,09	23,59	23,18	22,77	22,38	22,04	21,73	21,37	20,92	20,43	19,93	25,59	0
05/07/2020 16:25:00	25,75	24,92	24,12	23,56	23,09	22,60	22,18	21,82	21,50	21,14	20,70	20,23	19,76	25,79	0
05/07/2020 16:30:00	24,78	24,57	24,32	23,97	23,54	23,08	22,65	22,26	21,88	21,44	20,88	20,28	19,68	25,43	0
05/07/2020 16:35:00	25,14	24,78	24,34	23,78	23,25	22,79	22,33	21,93	21,55	21,13	20,63	20,09	19,55	25,89	0
05/07/2020 16:40:00	25,02	24,77	24,42	24,01	23,61	23,21	22,75	22,36	21,99	21,57	21,05	20,48	19,91	25,37	0
05/07/2020 16:45:00	25,51	24,76	24,26	23,81	23,39	22,98	22,55	22,18	21,83	21,42	20,91	20,34	19,78	25,83	0
05/07/2020 16:50:00	25,37	24,85	24,31	23,94	23,51	23,03	22,61	22,24	21,90	21,49	20,98	20,42	19,87	25,77	0
05/07/2020 16:55:00	25,27	24,78	24,42	23,98	23,57	23,15	22,70	22,32	21,96	21,55	21,02	20,46	19,89	25,69	0
05/07/2020 17:00:00	25,35	24,81	24,39	23,98	23,53	23,10	22,69	22,32	21,97	21,56	21,05	20,49	19,93	25,61	0
05/07/2020 17:05:00	25,48	24,90	24,39	23,89	23,45	22,98	22,52	22,12	21,76	21,33	20,81	20,24	19,67	26,25	0
05/07/2020 17:10:00	25,52	25,06	24,48	23,98	23,48	22,95	22,49	22,09	21,72	21,31	20,80	20,26	19,72	25,99	0
05/07/2020 17:15:00	25,30	24,91	24,59	24,17	23,71	23,22	22,74	22,32	21,94	21,48	20,91	20,30	19,68	25,83	0
05/07/2020 17:20:00	25,18	24,95	24,63	24,28	23,84	23,36	22,91	22,51	22,13	21,69	21,12	20,51	19,91	25,64	0
05/07/2020 17:25:00	25,24	24,96	24,51	24,09	23,64	23,17	22,75	22,38	22,03	21,63	21,14	20,61	20,08	25,68	0
05/07/2020 17:30:00	25,46	25,02	24,45	24,04	23,53	23,01	22,57	22,19	21,83	21,42	20,91	20,37	19,82	25,73	0
05/07/2020 17:35:00	25,52	24,99	24,41	23,96	23,51	23,06	22,68	22,33	21,99	21,60	21,12	20,60	20,07	26,18	0
05/07/2020 17:40:00	24,39	24,80	24,75	24,38	23,94	23,48	23,02	22,59	22,18	21,71	21,14	20,53	19,92	25,72	0
05/07/2020 17:45:00	24,26	24,73	24,78	24,47	24,06	23,59	23,09	22,64	22,21	21,71	21,09	20,43	19,76	25,15	0
05/07/2020 17:50:00	24,21	24,58	24,63	24,26	23,87	23,47	23,00	22,58	22,18	21,72	21,14	20,54	19,93	25,21	0
05/07/2020 17:55:00	24,12	24,46	24,25	23,90	23,50	23,00	22,55	22,14	21,75	21,31	20,78	20,21	19,64	25,00	0
05/07/2020 18:00:00	24,81	24,48	24,23	23,81	23,38	22,94	22,53	22,16	21,79	21,36	20,83	20,26	19,69	25,46	0
05/07/2020 18:05:00	24,78	24,23	24,07	23,69	23,35	22,97	22,56	22,20	21,84	21,40	20,85	20,25	19,64	25,89	0
05/07/2020 18:10:00	23,88	24,31	24,50	24,20	23,84	23,40	22,91	22,46	22,03	21,53	20,89	20,21	19,53	25,54	0
05/07/2020 18:15:00	23,42	24,32	24,55	24,29	23,87	23,41	22,90	22,43	21,97	21,44	20,79	20,09	19,40	25,08	0
05/07/2020 18:20:00	23,27	24,10	24,37	24,14	23,79	23,32	22,86	22,42	21,99	21,50	20,88	20,23	19,58	24,59	0
05/07/2020 18:25:00	23,19	24,08	24,40	24,18	23,82	23,40	22,91	22,46	22,02	21,51	20,86	20,18	19,51	24,53	0
05/07/2020 18:30:00	23,18	24,03	24,24	23,93	23,53	23,08	22,60	22,15	21,71	21,22	20,61	19,98	19,34	24,49	0
05/07/2020 18:35:00	23,13	23,98	24,14	23,88	23,49	23,02	22,53	22,07	21,64	21,14	20,53	19,88	19,24	24,33	0
05/07/2020 18:40:00	23,12	24,18	24,58	24,34	23,91	23,43	22,95	22,48	22,02	21,48	20,82	20,13	19,44	24,19	0
05/07/2020 18:45:00	23,49	24,60	24,80	24,57	24,19	23,72	23,24	22,79	22,35	21,86	21,25	20,60	19,96	24,13	0
05/07/2020 18:50:00	23,42	24,50	24,71	24,51	24,11	23,64	23,14	22,68	22,23	21,71	21,07	20,40	19,73	24,09	0
05/07/2020 18:55:00	23,64	24,68	24,86	24,58	24,18	23,67	23,19	22,73	22,29	21,78	21,17	20,52	19,88	23,95	0
05/07/2020 19:00:00	24,04	24,67	24,77	24,50	24,16	23,78	23,35	22,95	22,55	22,10	21,53	20,93	20,33	23,91	0
05/07/2020 19:05:00	23,85	24,55	24,58	24,33	24,01	23,57	23,12	22,71	22,32	21,87	21,30	20,71	20,11	23,83	0
05/07/2020 19:10:00	23,78	24,62	24,67	24,38	23,96	23,52	23,07	22,65	22,24	21,78	21,22	20,63	20,04	23,74	0
05/07/2020 19:15:00	23,77	24,46	24,49	24,21	23,80	23,37	22,94	22,54	22,14	21,70	21,16	20,59	20,02	23,75	0
05/07/2020 19:20:00	23,71	24,44	24,43	24,09	23,73	23,31	22,84	22,42	22,02	21,57	21,02	20,44	19,86	23,81	0
05/07/2020 19:25:00	23,77	24,45	24,37	24,08	23,67	23,22	22,79	22,38	21,99	21,55	21,01	20,45	19,88	23,73	0
05/07/2020 19:30:00	23,69	24,34	24,42	24,13	23,73	23,28	22,88	22,49	22,09	21,64	21,10	20,52	19,95	23,68	0
05/07/2020 19:35:00	23,56	24,34	24,44	24,09	23,77	23,37	22,90	22,48	22,08	21,63	21,07	20,49	19,90	23,66	0
05/07/2020 19:40:00	23,64	24,29	24,38	24,09	23,73	23,33	22,91	22,51	22,12	21,67	21,12	20,54	19,96	23,72	0
05/07/2020 19:45:00	23,98	24,28	24,25	23,94	23,56	23,18	22,76	22,37	21,99	21,56	21,03	20,45	19,88	23,71	0
05/07/2020 19:50:00	24,14	24,37	24,21	23,85	23,48	23,04	22,63	22,25	21,88	21,45	20,93	20,38	19,83	24,08	0
05/07/2020 19:55:00	23,83	24,35	24,37	24,05	23,71	23,27	22,82	22,41	22,01	21,55	20,99	20,39	19,79	23,96	0
05/07/2020 20:00:00	23,80	24,34	24,31	23,95	23,54	23,14	22,71	22,31	21,93	21,50	20,98	20,44	19,89	23,89	0
05/07/2020 20:05:00	23,75	24,40	24,33	24,00	23,60	23,15	22,70	22,29	21,89	21,44	20,90	20,32	19,75	23,83	0
05/07/2020 20:10:00	23,71	24,30	24,16	23,78	23,36	22,89	22,46	22,05	21,66	21,24	20,73	20,20	19,66	23,72	0
05/07/2020 20:15:00	23,46	24,20	24,17	23,80	23,35	22,89	22,43	22,00	21,59	21,14	20,60	20,04	19,47	23,58	0
05/07/2020 20:20:00	23,53	24,17	24,17	23,82	23,40	22,94	22,49	22,07	21,67	21,22	20,68	20,11	19,55	23,54	0
05/07/2020 20:25:00	23,36	24,12	24,13	23,82	23,45	23,03	22,56	22,14	21,73	21,28	20,73	20,14	19,55	23,46	0
05/07/2020 20:30:00	23,30	24,03	24,06	23,77	23,39	22,98	22,53	22,12	21,73	21,28	20,74	20,17	19,59	23,36	0
05/07/2020 20:35:00	23,24	23,97	24,00	23,67	23,28	22,84	22,42	22,02	21,62	21,18	20,64	20,08	19,52	23,36	0
05/07/2020 20:40:00	23,18	23,80	23,95	23,67	23,32	22,93	22,52	22,12	21,73	21,29	20,74	20,17	19,59	23,28	0
05/07/2020 20:45:00	23,19	23,88	23,94	23,66	23,29	22,87	22,43	22,02	21,62	21,17	20,61	20,02	19,44	23,23	0
05/07/2020 20:50:00	23,01	23,80	23,87	23,60	23,25	22,84	22,41	22,00	21,61	21,18	20,65	20,08	19,52	23,19	0
05/07/2020 20:55:00	23,04	23,82	23,89	23,58	23,23	22,79	22,36	21,95	21,56	21,12	20,58	20,02	19,45	23,14	0
05/07/2020 21:00:00	23,07	23,86	23,83	23,53	23,11	22,66	22,21	21,79	21,38	20,94	20,40	19,83	19,26	22,98	0
05/07/2020 21:05:00	22,86	23,76	23,90	23,65	23,32	22,92	22,47	22,05	21,64	21,19	20,62	20,03	19,43	23,14	0
05/07/2020 21:10:00	22,87	23,61	23,81	23,58	23,24	22,86	22,45	22,05	21,66	21,20	20,64	20,05	19,46	22,77	0
05/07/2020 21:15:00	22,56	23,59	23,76	23,49	23,19	22,79	22,38	21,99	21,59	21,16	20,64	20,10	19,55	22,69	0
05/07/2020 21:20:00	22,51	23,49	23,62	23,38	23,09	22,72	22,30	21,91	21,53	21,11	20,60	20,06	19,51	22,58	0
05/07/2020 21:25:00	22,45	23,38	23,75	23,52	23,23	22,90	22,50	22,11	21,72	21,27	20,72	20,14	19,56	22,52	0
05/07/2020 21:30:00	22,52	23,41	23,55	23,34	23,06	22,72	22,36	22,00	21,64	21,24	20,75	20,23	19,71	22,49	0
05/07/2020 21:35:00	22,48	23,25	23,46	23,31	23,07	22,72	22,35	21,99	21,62	21,19	20,66	20,09	19,52	22,45	0
05/07/2020 21:40:00	22,32	23,32	23,54	23,39	23,13	22,83	22,48	22,12	21,76	21,36	20,85	20,32	19,78	22,37	0
05/07/2020 21:45:00	22,13	23,25	23,61	23,48	23,22	22,91	22,55	22,18	21,80	21,37	20,84	20,27	19,71	22,25	0
05/07/2020 21:50:00	22,11	23,47	23,99	23,87	23,63	23,27	22,86	22,45	22,03	21,56	20,96	20,33	19,70	22,19	0
05/07/2020 21:55:00	22,20	23,40	23,84	23,71	23,46	23,12	22,69	22,28	21,86	21,38	20,77	20,14	19,50	22,18	0
05/07/2020 22:00:00	22,38	23,26	23,79	23,69	23,48	23,20	22,82	22,44	22,04	21,57	20,97	20,32	19,68	22,11	0
05/07/2020 22:05:00	22,14	23,45	24,05	23,92	23,66	23,31	22,91	22,51	22,09	21,61	21,01	20,38	19,75	22,11	0
05/07/2020 22:10:00	22,15	23,41	23,84	23,76	23,49	23,13	22,75	22,36	21,96	21,50	20,93	20,32	19,72	22,01	0
05/07/2020 22:15:00	22,02	23,07	23,41	23,28	23,09	22,81	22,44	22,09	21,72	21,30	20,77	20,21	19,65	21,98	0
05/07/2020 22:20:00	21,95	22,96	23,32	23,17	22,93	22,63	22,27	21,91	21,53	21,10	20,57	20,01	19,44	21,99	0
05/07/2020 22:25:00	21,96	23,08	23,46	23,35	23,15	22,85	22,49	22,12	21,75	21,32	20,79	20,23	19,66	21,99	0
05/07/2020 22:30:00	21,95	23,02	23,42	23,32	23,12	22,83	22,50	22,15	21,78	21,36	20,84	20,28	19,72	21,95	0
05/07/2020 22:35:00	21,91	23,21	23,57	23,49	23,24	22,93	22,56	22,18	21,80	21,37	20,83	20,26	19,69	21,92	0
05/07/2020 22:40:00	21,91	22,92	23,34	23,24	23,03	22,71	22,35	21,99	21,61	21,17	20,61	20,02	19,44	21,95	0
05/07/2020 22:45:00	22,02	23,00	23,22	23,09	22,87	22,57	22,24	21,91	21,56	21,16	20,68	20,16	19,64	21,97	0
05/07/2020 22:50:00	21,94	22,82	23,08	22,92	22,65	22,34	21,99	21,64	21,28	20,87	20,36	19,83	19,29	21,93	0
05/07/2020 22:55:00	21,96	22,86	23,08	22,93	22,69	22,39	22,05	21,71	21,35	20,95	20,46	19,93	19,41	21,96	0
05/07/2020 23:00:00	21,97	22,76	23,00	22,88	22,70	22,47	22,15	21,83	21,49	21,10	20,61	20,09	19,56	21,94	0
05/07/2020 23:05:00	21,79	22,88	23,23	23,10	22,88	22,56	22,19	21,82	21,44	21,01	20,47	19,90	19,33	21,93	0
05/07/2020 23:10:00	21,91	22,88	23,21	23,12	22,89	22,60	22,25	21,90	21,53	21,11	20,58	20,01	19,45	21,91	0
05/07/2020 23:15:00	21,90	22,96	23,32	23,23	22,99	22,67	22,28	21,90	21,51	21,06	20,50	19,90	19,31	21,81	0
05/07/2020 23:20:00	21,91	22,92	23,21	23,05	22,81	22,49	22,12	21,75	21,38	20,95	20,43	19,88	19,33	21,76	0
05/07/2020 23:25:00	21,65	22,90	23,31	23,18	22,95	22,66	22,30	21,94	21,56	21,13	20,61	20,05	19,50	21,66	0
05/07/2020 23:30:00	21,53	22,72	23,15	23,11	22,94	22,63	22,27	21,92	21,54	21,10	20,56	19,98	19,40	21,54	0
05/07/2020 23:35:00	21,52	22,67	23,07	22,95	22,72	22,47	22,16	21,83	21,47	21,08	20,59	20,07	19,55	21,58	0
05/07/2020 23:40:00	21,61	22,73	23,16	23,09	22,85	22,58	22,27	21,93	21,57	21,15	20,64	20,09	19,54	21,52	0
05/07/2020 23:45:00	21,34	22,85	23,17	23,08	22,88	22,57	22,19	21,82	21,44	21,01	20,50	19,95	19,41	21,47	0
05/07/2020 23:50:00	21,37	22,96	23,38	23,27	23,05	22,80	22,47	22,12	21,75	21,35	20,86	20,34	19,83	21,42	0
05/07/2020 23:55:00	21,43	22,77	23,27	23,26	23,11	22,85	22,52	22,18	21,81	21,39	20,86	20,29	19,72	21,33	0
