FileFormat:0002.2 file with temperature of atmosphere
200
local	GMT or Local
0	GMT-Local=[hours]
0	Height[m]
0	0	0	Longitude                [grd]               [min]               [sec]
0	0	0	Latitude                [grd]               [min]               [sec]
N	NS
59,40	Freq[GHz]
0,00	dTemostat[K]
0,150	MessErr[K]
0,248	//[grad/step]
version 14.0.20110218
MTP5H033F5940K-33.00D180214+A1.1
Commentary:
enter comment
End Of Commentary

SYSTEM\summer.dat
data time	0	50	100	150	200	250	300	350	400	450	500	550	600	OutsideTemperature	Quality
04/04/2020 00:00:00	6,94	7,97	7,80	7,38	6,83	6,17	5,51	4,93	4,45	3,99	3,55	3,12	2,70	6,06	0
04/04/2020 00:05:00	6,65	7,63	7,48	7,04	6,49	5,83	5,19	4,62	4,14	3,69	3,25	2,84	2,43	6,00	0
04/04/2020 00:10:00	6,20	7,19	7,03	6,67	6,07	5,42	4,83	4,28	3,81	3,36	2,93	2,52	2,12	5,87	0
04/04/2020 00:15:00	5,84	6,97	6,85	6,45	5,92	5,25	4,63	4,07	3,58	3,13	2,71	2,30	1,90	5,87	0
04/04/2020 00:20:00	5,70	6,93	6,82	6,45	5,94	5,34	4,74	4,20	3,73	3,31	2,91	2,53	2,16	5,79	0
04/04/2020 00:25:00	5,82	7,00	6,85	6,47	5,95	5,32	4,66	4,09	3,61	3,17	2,76	2,36	1,97	5,83	0
04/04/2020 00:30:00	5,93	7,05	6,94	6,53	6,06	5,40	4,80	4,25	3,78	3,34	2,93	2,54	2,15	5,81	0
04/04/2020 00:35:00	5,83	7,06	7,01	6,61	6,11	5,45	4,80	4,22	3,73	3,26	2,82	2,39	1,97	5,90	0
04/04/2020 00:40:00	5,85	7,22	7,13	6,72	6,22	5,58	4,95	4,39	3,91	3,46	3,05	2,66	2,26	5,90	0
04/04/2020 00:45:00	5,72	7,54	7,57	7,22	6,68	5,99	5,34	4,74	4,22	3,73	3,27	2,83	2,40	5,79	0
04/04/2020 00:50:00	5,76	7,53	7,61	7,23	6,68	6,02	5,32	4,69	4,16	3,67	3,19	2,74	2,28	5,78	0
04/04/2020 00:55:00	5,44	7,92	8,06	7,78	7,21	6,46	5,76	5,10	4,54	4,02	3,51	3,03	2,55	5,72	0
04/04/2020 01:00:00	5,28	7,86	8,06	7,78	7,24	6,56	5,85	5,20	4,64	4,13	3,63	3,17	2,70	5,50	0
04/04/2020 01:05:00	5,13	8,15	8,50	8,14	7,57	6,77	5,99	5,27	4,65	4,06	3,49	2,96	2,42	5,50	0
04/04/2020 01:10:00	5,56	8,09	8,37	8,09	7,45	6,76	5,97	5,26	4,67	4,10	3,54	3,00	2,47	5,56	0
04/04/2020 01:15:00	5,15	8,06	8,39	8,15	7,56	6,87	6,12	5,43	4,84	4,28	3,74	3,23	2,72	5,36	0
04/04/2020 01:20:00	5,68	7,94	8,16	7,88	7,40	6,65	5,99	5,37	4,82	4,30	3,78	3,29	2,80	5,53	0
04/04/2020 01:25:00	5,84	7,93	8,11	7,79	7,20	6,45	5,79	5,16	4,60	4,07	3,55	3,05	2,56	5,31	0
04/04/2020 01:30:00	5,62	7,90	8,08	7,74	7,15	6,46	5,81	5,19	4,63	4,12	3,62	3,16	2,70	5,43	0
04/04/2020 01:35:00	5,15	7,90	8,08	7,77	7,14	6,43	5,71	5,05	4,48	3,95	3,45	2,99	2,53	5,47	0
04/04/2020 01:40:00	5,89	7,57	7,67	7,36	6,87	6,25	5,59	4,99	4,48	4,00	3,53	3,08	2,63	5,38	0
04/04/2020 01:45:00	5,51	7,62	7,75	7,46	6,96	6,24	5,56	4,93	4,39	3,88	3,39	2,92	2,46	5,33	0
04/04/2020 01:50:00	5,20	7,68	7,87	7,54	6,96	6,32	5,60	4,95	4,40	3,89	3,41	2,97	2,52	5,19	0
04/04/2020 01:55:00	5,09	7,62	7,86	7,53	6,94	6,22	5,54	4,90	4,32	3,78	3,27	2,79	2,31	5,14	0
04/04/2020 02:00:00	5,30	7,38	7,50	7,11	6,57	5,94	5,27	4,65	4,12	3,63	3,18	2,75	2,33	5,10	0
04/04/2020 02:05:00	5,37	7,39	7,45	7,13	6,53	5,88	5,25	4,66	4,13	3,64	3,19	2,76	2,34	5,25	0
04/04/2020 02:10:00	5,14	7,06	7,15	6,80	6,25	5,60	4,90	4,27	3,74	3,25	2,78	2,34	1,90	5,12	0
04/04/2020 02:15:00	5,16	6,98	7,12	6,82	6,29	5,64	4,98	4,37	3,85	3,36	2,88	2,43	1,97	5,20	0
04/04/2020 02:20:00	4,97	7,04	7,13	6,75	6,23	5,61	4,92	4,31	3,79	3,32	2,88	2,47	2,06	5,04	0
04/04/2020 02:25:00	4,98	7,10	7,20	6,85	6,38	5,76	5,06	4,44	3,93	3,46	3,02	2,61	2,20	4,98	0
04/04/2020 02:30:00	5,36	6,98	7,02	6,67	6,13	5,58	5,00	4,45	3,96	3,52	3,11	2,73	2,35	5,06	0
04/04/2020 02:35:00	4,98	6,76	6,83	6,47	6,02	5,30	4,67	4,09	3,58	3,10	2,65	2,23	1,80	5,02	0
04/04/2020 02:40:00	5,12	6,63	6,70	6,37	5,80	5,23	4,60	4,02	3,53	3,06	2,63	2,21	1,80	5,04	0
04/04/2020 02:45:00	5,00	6,55	6,59	6,26	5,74	5,15	4,52	3,95	3,46	3,00	2,58	2,18	1,78	4,96	0
04/04/2020 02:50:00	5,11	6,68	6,72	6,42	5,82	5,22	4,60	4,03	3,53	3,06	2,61	2,19	1,77	5,08	0
04/04/2020 02:55:00	5,17	6,75	6,85	6,54	6,03	5,31	4,67	4,08	3,56	3,07	2,59	2,13	1,66	5,03	0
04/04/2020 03:00:00	5,15	6,57	6,61	6,32	5,80	5,14	4,49	3,91	3,41	2,93	2,47	2,03	1,59	5,08	0
04/04/2020 03:05:00	5,11	6,39	6,33	6,03	5,49	4,87	4,26	3,71	3,23	2,78	2,36	1,96	1,55	5,12	0
04/04/2020 03:10:00	4,96	6,41	6,38	6,10	5,55	4,95	4,33	3,76	3,28	2,83	2,41	2,01	1,61	5,11	0
04/04/2020 03:15:00	5,13	6,55	6,51	6,15	5,71	5,08	4,46	3,91	3,44	3,00	2,60	2,22	1,84	5,09	0
04/04/2020 03:20:00	5,08	6,56	6,52	6,21	5,69	5,03	4,39	3,81	3,31	2,85	2,41	2,00	1,59	5,12	0
04/04/2020 03:25:00	5,06	6,54	6,55	6,25	5,73	5,09	4,45	3,86	3,37	2,91	2,47	2,05	1,63	5,08	0
04/04/2020 03:30:00	4,84	6,42	6,41	6,04	5,56	4,89	4,27	3,69	3,20	2,74	2,32	1,93	1,53	5,05	0
04/04/2020 03:35:00	5,00	6,68	6,70	6,38	5,83	5,20	4,49	3,87	3,36	2,88	2,43	2,00	1,58	5,04	0
04/04/2020 03:40:00	4,54	6,67	6,80	6,45	5,84	5,18	4,52	3,90	3,35	2,86	2,39	1,96	1,53	4,81	0
04/04/2020 03:45:00	4,34	6,70	6,89	6,54	6,01	5,26	4,57	3,93	3,37	2,85	2,36	1,90	1,44	4,75	0
04/04/2020 03:50:00	4,47	6,59	6,78	6,45	5,88	5,19	4,51	3,87	3,32	2,80	2,31	1,85	1,39	4,86	0
04/04/2020 03:55:00	4,43	6,99	7,15	6,84	6,27	5,53	4,69	3,97	3,39	2,85	2,34	1,85	1,37	4,76	0
04/04/2020 04:00:00	4,83	6,74	6,90	6,60	6,08	5,34	4,63	3,99	3,44	2,92	2,41	1,93	1,45	4,75	0
04/04/2020 04:05:00	4,38	6,74	6,94	6,62	6,05	5,30	4,59	3,94	3,37	2,83	2,32	1,84	1,37	4,51	0
04/04/2020 04:10:00	4,54	6,61	6,75	6,41	5,86	5,14	4,44	3,80	3,25	2,74	2,26	1,80	1,34	4,45	0
04/04/2020 04:15:00	4,25	6,67	6,84	6,52	5,97	5,31	4,52	3,83	3,28	2,77	2,30	1,85	1,40	4,38	0
04/04/2020 04:20:00	4,41	6,24	6,31	6,04	5,48	4,81	4,13	3,52	3,00	2,52	2,06	1,62	1,19	4,40	0
04/04/2020 04:25:00	4,36	6,33	6,38	6,02	5,43	4,80	4,07	3,44	2,91	2,43	1,99	1,57	1,16	4,38	0
04/04/2020 04:30:00	3,90	6,75	6,90	6,53	5,94	5,14	4,40	3,72	3,14	2,61	2,12	1,68	1,23	4,33	0
04/04/2020 04:35:00	4,45	6,49	6,58	6,24	5,67	5,00	4,21	3,53	2,99	2,48	2,00	1,55	1,09	4,26	0
04/04/2020 04:40:00	4,13	6,42	6,51	6,20	5,65	4,89	4,21	3,58	3,03	2,53	2,06	1,62	1,18	4,04	0
04/04/2020 04:45:00	3,82	6,56	6,75	6,42	5,79	4,98	4,20	3,50	2,90	2,34	1,82	1,33	0,84	4,15	0
04/04/2020 04:50:00	4,15	6,35	6,45	6,11	5,58	4,83	4,12	3,47	2,92	2,42	1,94	1,50	1,05	3,98	0
04/04/2020 04:55:00	3,98	6,09	6,22	5,89	5,36	4,57	3,91	3,28	2,73	2,21	1,72	1,26	0,81	3,92	0
04/04/2020 05:00:00	3,74	6,09	6,26	5,91	5,38	4,66	3,96	3,31	2,76	2,25	1,78	1,35	0,91	3,88	0
04/04/2020 05:05:00	3,27	6,13	6,35	6,04	5,49	4,75	4,03	3,36	2,79	2,27	1,79	1,35	0,91	3,88	0
04/04/2020 05:10:00	3,92	6,11	6,22	5,89	5,32	4,69	4,05	3,45	2,93	2,46	2,03	1,63	1,24	3,77	0
04/04/2020 05:15:00	3,60	6,10	6,29	5,99	5,44	4,81	4,08	3,43	2,89	2,40	1,95	1,53	1,11	3,66	0
04/04/2020 05:20:00	4,03	6,25	6,38	6,07	5,57	4,92	4,23	3,60	3,07	2,59	2,14	1,73	1,31	3,58	0
04/04/2020 05:25:00	3,54	5,99	6,18	5,87	5,35	4,66	3,97	3,34	2,79	2,30	1,84	1,41	0,99	3,63	0
04/04/2020 05:30:00	3,83	5,87	6,03	5,71	5,20	4,58	3,94	3,35	2,84	2,36	1,93	1,52	1,12	3,48	0
04/04/2020 05:35:00	3,70	5,83	5,98	5,77	5,26	4,66	3,94	3,31	2,80	2,33	1,89	1,47	1,05	3,48	0
04/04/2020 05:40:00	3,74	5,80	5,96	5,68	5,19	4,46	3,79	3,17	2,63	2,13	1,65	1,20	0,75	3,45	0
04/04/2020 05:45:00	3,71	5,70	5,78	5,51	4,97	4,32	3,69	3,10	2,59	2,12	1,68	1,28	0,88	3,45	0
04/04/2020 05:50:00	3,19	5,78	5,97	5,72	5,18	4,50	3,80	3,16	2,61	2,12	1,66	1,24	0,81	3,16	0
04/04/2020 05:55:00	3,40	5,65	5,85	5,57	5,06	4,36	3,73	3,14	2,60	2,10	1,65	1,22	0,79	3,17	0
04/04/2020 06:00:00	3,22	5,75	5,94	5,67	5,15	4,48	3,82	3,20	2,66	2,17	1,72	1,31	0,90	3,15	0
04/04/2020 06:05:00	3,36	5,26	5,40	5,02	4,62	4,03	3,39	2,80	2,31	1,87	1,48	1,11	0,74	3,03	0
04/04/2020 06:10:00	3,23	5,29	5,38	5,13	4,65	4,03	3,34	2,73	2,24	1,78	1,37	0,99	0,60	2,96	0
04/04/2020 06:15:00	2,94	5,51	5,74	5,47	5,00	4,38	3,64	2,98	2,45	1,98	1,54	1,13	0,73	2,93	0
04/04/2020 06:20:00	3,09	5,10	5,14	4,85	4,35	3,74	3,15	2,59	2,10	1,66	1,28	0,93	0,57	2,80	0
04/04/2020 06:25:00	3,22	4,93	4,94	4,69	4,25	3,66	3,09	2,56	2,09	1,68	1,31	0,96	0,62	2,73	0
04/04/2020 06:30:00	2,94	4,98	5,02	4,70	4,20	3,58	2,95	2,36	1,86	1,42	1,04	0,69	0,33	2,86	0
04/04/2020 06:35:00	2,97	4,65	4,60	4,30	3,84	3,28	2,71	2,18	1,72	1,33	0,99	0,68	0,37	2,84	0
04/04/2020 06:40:00	2,85	4,47	4,45	4,12	3,61	3,08	2,50	1,96	1,50	1,10	0,75	0,43	0,12	2,90	0
04/04/2020 06:45:00	2,78	4,52	4,45	4,14	3,67	3,04	2,44	1,90	1,42	1,01	0,66	0,33	0,01	2,85	0
04/04/2020 06:50:00	2,91	4,63	4,49	4,15	3,69	3,08	2,50	1,96	1,51	1,11	0,78	0,48	0,18	2,96	0
04/04/2020 06:55:00	2,89	4,59	4,39	4,07	3,61	3,06	2,47	1,94	1,51	1,14	0,85	0,59	0,32	2,99	0
04/04/2020 07:00:00	2,90	4,65	4,46	4,17	3,63	2,97	2,46	1,95	1,49	1,09	0,75	0,45	0,15	3,01	0
04/04/2020 07:05:00	3,05	4,51	4,20	3,88	3,46	2,90	2,37	1,89	1,48	1,14	0,88	0,64	0,41	3,10	0
04/04/2020 07:10:00	3,26	4,55	4,24	3,81	3,40	2,84	2,25	1,74	1,32	0,98	0,72	0,47	0,23	3,16	0
04/04/2020 07:15:00	3,27	4,64	4,32	3,86	3,39	2,74	2,13	1,59	1,14	0,77	0,46	0,18	-0,09	3,30	0
04/04/2020 07:20:00	3,47	4,60	4,19	3,76	3,34	2,82	2,33	1,87	1,49	1,18	0,97	0,77	0,57	3,17	0
04/04/2020 07:25:00	3,61	4,64	4,25	3,86	3,42	2,83	2,28	1,79	1,39	1,06	0,79	0,54	0,30	3,23	0
04/04/2020 07:30:00	3,76	4,66	4,16	3,73	3,17	2,65	2,15	1,69	1,30	0,99	0,77	0,57	0,37	3,28	0
04/04/2020 07:35:00	3,95	4,78	4,24	3,72	3,20	2,64	2,03	1,51	1,12	0,79	0,55	0,34	0,12	3,38	0
04/04/2020 07:40:00	4,06	4,67	4,08	3,61	3,14	2,61	2,05	1,58	1,22	0,93	0,71	0,52	0,32	3,43	0
04/04/2020 07:45:00	4,20	4,78	4,18	3,70	3,14	2,62	2,04	1,55	1,17	0,86	0,63	0,42	0,21	3,57	0
04/04/2020 07:50:00	4,37	4,73	4,08	3,64	3,19	2,68	2,13	1,67	1,32	1,04	0,83	0,64	0,45	3,46	0
04/04/2020 07:55:00	4,72	4,84	4,11	3,67	3,26	2,71	2,14	1,69	1,36	1,09	0,89	0,70	0,50	3,36	0
04/04/2020 08:00:00	4,91	4,89	4,13	3,62	3,11	2,55	2,06	1,63	1,29	1,01	0,81	0,63	0,44	3,63	0
04/04/2020 08:05:00	5,27	4,88	4,05	3,53	3,01	2,45	1,96	1,55	1,21	0,94	0,74	0,55	0,36	3,68	0
04/04/2020 08:10:00	5,53	5,04	4,13	3,51	2,97	2,45	1,99	1,59	1,27	1,02	0,85	0,70	0,55	3,99	0
04/04/2020 08:15:00	6,40	5,01	3,91	3,34	2,80	2,31	1,88	1,52	1,25	1,03	0,88	0,73	0,58	4,10	0
04/04/2020 08:20:00	4,95	5,16	4,59	4,10	3,54	2,89	2,33	1,84	1,44	1,08	0,78	0,50	0,22	4,03	0
04/04/2020 08:25:00	5,20	5,16	4,46	3,97	3,43	2,89	2,34	1,88	1,52	1,22	0,99	0,77	0,54	3,86	0
04/04/2020 08:30:00	5,11	5,17	4,51	3,98	3,50	2,94	2,40	1,95	1,59	1,29	1,05	0,83	0,61	4,10	0
04/04/2020 08:35:00	6,17	5,21	4,33	3,76	3,21	2,58	2,13	1,73	1,40	1,11	0,87	0,64	0,41	4,03	0
04/04/2020 08:40:00	6,23	5,25	4,31	3,71	3,11	2,63	2,24	1,89	1,59	1,34	1,17	1,01	0,86	4,41	0
04/04/2020 08:45:00	6,67	5,39	4,31	3,71	3,13	2,59	2,10	1,70	1,40	1,15	0,96	0,77	0,59	4,58	0
04/04/2020 08:50:00	7,12	5,35	4,13	3,53	3,09	2,63	2,18	1,85	1,61	1,42	1,29	1,16	1,03	4,50	0
04/04/2020 08:55:00	6,92	5,42	4,30	3,75	3,20	2,71	2,23	1,85	1,57	1,34	1,17	0,99	0,81	4,61	0
04/04/2020 09:00:00	7,88	5,14	3,95	3,40	2,93	2,52	2,13	1,84	1,62	1,42	1,27	1,09	0,92	4,57	1
04/04/2020 09:05:00	6,23	5,53	4,77	4,23	3,64	3,08	2,47	1,98	1,61	1,28	0,99	0,71	0,43	4,34	0
04/04/2020 09:10:00	7,63	5,57	4,34	3,66	3,14	2,72	2,25	1,90	1,66	1,47	1,33	1,19	1,05	4,55	1
04/04/2020 09:15:00	8,11	5,44	4,24	3,67	3,22	2,71	2,35	2,07	1,84	1,63	1,46	1,27	1,08	5,21	1
04/04/2020 09:20:00	6,49	5,77	4,91	4,30	3,67	3,08	2,54	2,09	1,72	1,41	1,15	0,90	0,65	4,95	0
04/04/2020 09:25:00	9,11	5,47	3,99	3,21	2,70	2,32	1,98	1,75	1,58	1,44	1,35	1,25	1,15	4,83	1
04/04/2020 09:30:00	7,27	5,98	4,87	4,09	3,40	2,75	2,20	1,75	1,40	1,10	0,87	0,65	0,43	5,25	1
04/04/2020 09:35:00	7,28	5,86	4,83	4,14	3,62	3,01	2,47	2,05	1,72	1,44	1,21	0,98	0,76	4,84	0
04/04/2020 09:40:00	8,05	5,84	4,52	3,90	3,29	2,72	2,22	1,85	1,58	1,35	1,16	0,97	0,77	4,96	1
04/04/2020 09:45:00	8,02	5,88	4,73	4,11	3,53	2,96	2,49	2,12	1,84	1,58	1,37	1,14	0,91	5,26	1
04/04/2020 09:50:00	9,13	5,85	4,34	3,58	3,06	2,57	2,23	1,98	1,79	1,62	1,52	1,40	1,28	5,28	1
04/04/2020 09:55:00	9,00	6,05	4,72	4,05	3,48	2,96	2,50	2,16	1,91	1,67	1,47	1,25	1,04	5,43	1
04/04/2020 10:00:00	9,79	5,98	4,30	3,57	3,20	2,84	2,59	2,42	2,31	2,23	2,21	2,16	2,11	5,90	1
04/04/2020 10:05:00	8,44	6,59	5,33	4,61	3,94	3,19	2,64	2,19	1,85	1,54	1,27	1,00	0,74	5,57	1
04/04/2020 10:10:00	8,31	6,18	4,82	4,12	3,61	3,22	2,69	2,32	2,10	1,92	1,81	1,69	1,57	5,55	1
04/04/2020 10:15:00	9,74	6,16	4,49	3,75	3,26	2,94	2,62	2,41	2,28	2,19	2,17	2,12	2,07	5,73	1
04/04/2020 10:20:00	9,69	5,98	4,40	3,72	3,29	2,95	2,60	2,38	2,23	2,11	2,03	1,93	1,83	5,73	1
04/04/2020 10:25:00	9,92	6,27	4,64	3,99	3,46	3,04	2,66	2,41	2,25	2,09	1,98	1,84	1,70	6,35	1
04/04/2020 10:30:00	10,06	6,58	4,87	4,12	3,55	2,98	2,52	2,20	1,99	1,79	1,64	1,46	1,29	6,10	1
04/04/2020 10:35:00	9,54	6,33	4,75	4,07	3,52	3,11	2,73	2,47	2,28	2,13	2,03	1,91	1,78	5,93	1
04/04/2020 10:40:00	9,75	6,74	5,00	4,12	3,61	3,09	2,61	2,28	2,08	1,93	1,85	1,75	1,65	6,28	1
04/04/2020 10:45:00	9,31	6,49	4,88	4,23	3,79	3,32	2,90	2,62	2,43	2,28	2,19	2,07	1,95	6,45	1
04/04/2020 10:50:00	9,93	6,60	4,90	4,18	3,70	3,24	2,89	2,65	2,49	2,36	2,29	2,19	2,09	5,97	1
04/04/2020 10:55:00	10,20	6,90	5,10	4,37	3,71	3,18	2,74	2,44	2,24	2,07	1,96	1,82	1,69	6,15	1
04/04/2020 11:00:00	10,42	6,98	5,16	4,43	3,93	3,43	2,96	2,65	2,47	2,31	2,20	2,07	1,93	6,51	1
04/04/2020 11:05:00	10,68	7,07	5,33	4,58	4,02	3,59	3,20	2,94	2,77	2,62	2,52	2,40	2,28	7,25	1
04/04/2020 11:10:00	8,64	6,90	5,60	4,96	4,45	3,90	3,41	3,04	2,77	2,54	2,37	2,19	2,01	6,46	1
04/04/2020 11:15:00	8,61	7,21	6,18	5,58	4,96	4,32	3,61	3,09	2,72	2,37	2,04	1,70	1,36	6,46	0
04/04/2020 11:20:00	8,51	7,13	6,14	5,47	4,74	4,11	3,51	3,02	2,64	2,29	1,97	1,66	1,35	6,55	1
04/04/2020 11:25:00	8,62	7,19	6,06	5,19	4,50	3,88	3,26	2,77	2,42	2,11	1,86	1,62	1,38	5,96	1
04/04/2020 11:30:00	9,52	6,91	5,52	4,90	4,44	3,94	3,47	3,14	2,92	2,72	2,55	2,36	2,17	6,13	1
04/04/2020 11:35:00	9,54	7,17	5,83	5,05	4,44	3,92	3,28	2,83	2,54	2,27	2,04	1,81	1,57	6,55	1
04/04/2020 11:40:00	8,28	6,82	5,71	4,98	4,31	3,73	3,17	2,72	2,38	2,09	1,84	1,60	1,36	5,81	1
04/04/2020 11:45:00	7,71	6,45	5,41	4,78	4,12	3,65	3,08	2,64	2,33	2,05	1,84	1,62	1,41	5,85	0
04/04/2020 11:50:00	7,84	6,18	5,08	4,41	3,92	3,34	2,87	2,49	2,20	1,95	1,75	1,55	1,35	5,93	0
04/04/2020 11:55:00	8,86	6,02	4,56	3,89	3,34	2,82	2,35	2,02	1,79	1,59	1,43	1,25	1,08	5,75	1
04/04/2020 12:00:00	8,89	6,10	4,61	3,83	3,27	2,78	2,38	2,08	1,87	1,70	1,59	1,48	1,37	5,51	1
04/04/2020 12:05:00	7,93	6,03	4,95	4,37	3,84	3,30	2,87	2,52	2,24	1,98	1,77	1,56	1,34	5,66	1
04/04/2020 12:10:00	8,03	5,84	4,70	4,12	3,62	3,14	2,66	2,30	2,05	1,81	1,62	1,42	1,21	5,00	1
04/04/2020 12:15:00	9,53	6,18	4,51	3,69	3,21	2,82	2,42	2,17	2,01	1,90	1,86	1,79	1,73	5,86	1
04/04/2020 12:20:00	9,72	6,20	4,50	3,69	3,19	2,62	2,22	1,95	1,76	1,60	1,49	1,37	1,24	5,99	1
04/04/2020 12:25:00	8,63	6,23	4,67	3,80	3,19	2,66	2,20	1,86	1,63	1,46	1,37	1,28	1,19	5,50	1
04/04/2020 12:30:00	9,98	5,68	4,03	3,42	2,99	2,65	2,36	2,19	2,08	1,98	1,91	1,80	1,69	5,63	1
04/04/2020 12:35:00	8,90	6,22	4,70	3,90	3,38	2,87	2,40	2,07	1,85	1,67	1,56	1,44	1,31	6,01	1
04/04/2020 12:40:00	8,39	6,55	5,39	4,73	4,04	3,49	2,92	2,49	2,17	1,87	1,63	1,38	1,13	5,93	1
04/04/2020 12:45:00	9,86	6,23	4,59	3,81	3,26	2,83	2,39	2,10	1,92	1,76	1,65	1,51	1,38	5,99	1
04/04/2020 12:50:00	10,64	6,23	4,46	3,52	3,02	2,62	2,22	1,98	1,83	1,70	1,63	1,53	1,42	6,39	1
04/04/2020 12:55:00	8,61	6,15	4,88	4,22	3,61	3,06	2,59	2,23	1,95	1,70	1,49	1,27	1,05	5,88	1
04/04/2020 13:00:00	8,34	6,17	4,89	4,19	3,65	3,04	2,51	2,12	1,83	1,58	1,37	1,15	0,93	5,31	1
04/04/2020 13:05:00	9,05	6,14	4,76	4,20	3,72	3,10	2,60	2,25	1,99	1,74	1,51	1,25	0,99	5,75	1
04/04/2020 13:10:00	8,04	6,27	5,00	4,37	3,80	3,30	2,76	2,37	2,10	1,87	1,69	1,51	1,33	5,56	1
04/04/2020 13:15:00	8,06	6,27	4,96	4,25	3,66	3,13	2,69	2,33	2,07	1,85	1,70	1,55	1,40	5,35	1
04/04/2020 13:20:00	8,42	6,52	4,97	4,16	3,52	3,02	2,40	1,97	1,71	1,51	1,39	1,26	1,13	6,25	1
04/04/2020 13:25:00	7,83	6,37	5,17	4,50	3,96	3,39	2,76	2,30	2,00	1,74	1,54	1,33	1,11	5,55	1
04/04/2020 13:30:00	7,82	6,56	5,36	4,76	3,95	3,34	2,59	2,04	1,68	1,34	1,05	0,76	0,47	5,68	1
04/04/2020 13:35:00	7,84	6,63	5,48	4,63	3,90	3,30	2,71	2,24	1,89	1,60	1,38	1,18	0,97	5,85	1
04/04/2020 13:40:00	9,16	6,37	4,65	3,84	3,17	2,72	2,25	1,92	1,71	1,57	1,50	1,42	1,35	6,01	1
04/04/2020 13:45:00	10,05	6,16	4,40	3,68	3,20	2,73	2,39	2,17	2,03	1,90	1,83	1,72	1,61	5,83	1
04/04/2020 13:50:00	10,12	6,37	4,59	3,75	3,22	2,76	2,42	2,20	2,05	1,94	1,89	1,83	1,76	6,05	1
04/04/2020 13:55:00	9,83	5,97	4,36	3,78	3,47	3,28	2,99	2,83	2,76	2,70	2,69	2,65	2,60	5,98	1
04/04/2020 14:00:00	10,76	6,35	4,54	3,82	3,42	3,05	2,73	2,54	2,44	2,35	2,30	2,21	2,12	6,23	1
04/04/2020 14:05:00	10,83	6,59	4,56	3,62	3,06	2,66	2,36	2,18	2,07	2,01	2,02	2,01	2,00	6,88	1
04/04/2020 14:10:00	10,46	6,75	5,06	4,36	3,95	3,60	3,25	3,03	2,91	2,81	2,76	2,68	2,59	6,56	1
04/04/2020 14:15:00	10,73	7,07	5,40	4,59	3,90	3,34	2,83	2,48	2,24	2,00	1,81	1,59	1,37	7,67	1
04/04/2020 14:20:00	8,30	6,94	5,59	4,64	3,87	3,23	2,51	1,98	1,62	1,32	1,10	0,89	0,68	6,89	1
04/04/2020 14:25:00	6,50	5,49	4,62	4,21	3,72	3,26	2,61	2,13	1,83	1,55	1,31	1,05	0,80	4,61	0
04/04/2020 14:30:00	5,51	5,05	4,36	3,91	3,46	2,96	2,49	2,09	1,77	1,50	1,28	1,07	0,86	3,91	0
04/04/2020 14:35:00	4,25	4,64	4,53	4,26	3,97	3,36	2,70	2,17	1,76	1,37	0,98	0,61	0,23	3,46	0
04/04/2020 14:40:00	3,01	3,62	3,60	3,40	3,16	2,88	2,49	2,13	1,81	1,54	1,32	1,10	0,89	2,53	0
04/04/2020 14:45:00	3,09	3,96	4,12	3,98	3,63	3,29	2,87	2,47	2,09	1,75	1,44	1,14	0,84	2,53	0
04/04/2020 14:50:00	3,03	3,92	3,98	3,85	3,56	3,15	2,67	2,24	1,87	1,53	1,23	0,93	0,63	2,54	0
04/04/2020 14:55:00	3,31	4,12	4,01	3,75	3,37	3,01	2,52	2,09	1,72	1,41	1,16	0,92	0,68	2,81	0
04/04/2020 15:00:00	3,53	4,34	4,21	3,94	3,56	3,11	2,68	2,26	1,89	1,56	1,28	1,02	0,76	3,20	0
04/04/2020 15:05:00	3,82	4,39	4,27	4,04	3,71	3,24	2,86	2,49	2,12	1,79	1,50	1,23	0,95	3,46	0
04/04/2020 15:10:00	3,64	4,32	4,19	3,92	3,48	2,96	2,47	2,01	1,60	1,24	0,91	0,60	0,29	3,51	0
04/04/2020 15:15:00	3,99	4,34	4,06	3,75	3,34	2,84	2,33	1,89	1,51	1,18	0,89	0,61	0,33	3,73	0
04/04/2020 15:20:00	5,63	4,39	3,67	3,18	2,80	2,43	1,99	1,65	1,38	1,15	0,97	0,80	0,62	4,08	0
04/04/2020 15:25:00	7,92	4,63	3,22	2,64	2,28	1,95	1,62	1,41	1,27	1,16	1,10	1,02	0,94	5,10	1
04/04/2020 15:30:00	7,84	5,18	3,82	3,19	2,70	2,27	1,86	1,57	1,37	1,20	1,09	0,96	0,83	5,75	1
04/04/2020 15:35:00	7,69	5,15	3,86	3,22	2,80	2,37	1,89	1,56	1,35	1,18	1,05	0,91	0,77	5,64	1
04/04/2020 15:40:00	7,73	5,52	4,30	3,67	3,25	2,72	2,30	1,98	1,75	1,54	1,39	1,23	1,07	5,70	1
04/04/2020 15:45:00	7,70	5,87	4,72	4,13	3,49	2,93	2,38	1,97	1,66	1,38	1,15	0,91	0,67	6,08	1
04/04/2020 15:50:00	8,35	5,91	4,55	3,92	3,35	2,83	2,39	2,06	1,82	1,61	1,46	1,29	1,13	6,48	1
04/04/2020 15:55:00	8,51	5,94	4,60	3,97	3,65	3,14	2,76	2,49	2,29	2,13	2,01	1,88	1,75	6,55	1
04/04/2020 16:00:00	8,02	6,26	5,19	4,53	3,98	3,46	2,97	2,59	2,29	2,03	1,82	1,60	1,39	6,64	1
04/04/2020 16:05:00	8,17	6,51	5,36	4,69	4,16	3,54	3,06	2,68	2,38	2,12	1,91	1,69	1,47	6,50	1
04/04/2020 16:10:00	7,57	6,69	5,82	5,25	4,77	4,19	3,50	2,98	2,62	2,29	2,00	1,70	1,40	7,10	0
04/04/2020 16:15:00	8,31	6,62	5,57	4,99	4,44	3,87	3,34	2,93	2,61	2,32	2,06	1,79	1,53	6,92	0
04/04/2020 16:20:00	6,91	6,90	6,30	5,73	5,01	4,29	3,62	3,05	2,59	2,17	1,77	1,39	1,01	6,63	0
04/04/2020 16:25:00	7,54	6,79	5,97	5,39	4,77	4,15	3,51	2,99	2,61	2,25	1,93	1,62	1,30	6,89	0
04/04/2020 16:30:00	8,70	6,74	5,60	5,00	4,53	3,92	3,43	3,05	2,76	2,49	2,25	1,99	1,74	6,96	1
04/04/2020 16:35:00	9,34	6,98	5,61	4,93	4,38	3,92	3,37	2,99	2,74	2,52	2,34	2,15	1,96	7,39	1
04/04/2020 16:40:00	8,70	6,97	5,89	5,28	4,82	4,23	3,68	3,26	2,96	2,67	2,41	2,14	1,86	7,30	1
04/04/2020 16:45:00	8,67	7,05	6,01	5,43	4,91	4,35	3,80	3,38	3,07	2,78	2,52	2,25	1,98	7,72	0
04/04/2020 16:50:00	6,88	7,44	6,90	6,35	5,78	5,02	4,31	3,71	3,25	2,83	2,44	2,06	1,69	7,16	0
04/04/2020 16:55:00	8,01	7,37	6,60	6,02	5,46	4,83	4,24	3,75	3,37	3,01	2,69	2,37	2,05	7,40	0
04/04/2020 17:00:00	8,16	7,53	6,71	6,18	5,54	4,87	4,28	3,79	3,40	3,04	2,70	2,37	2,04	7,72	0
04/04/2020 17:05:00	7,87	7,57	6,77	6,15	5,52	4,82	4,16	3,61	3,19	2,81	2,46	2,12	1,79	7,80	0
04/04/2020 17:10:00	7,76	7,60	6,87	6,24	5,64	4,97	4,26	3,69	3,26	2,87	2,52	2,17	1,83	7,73	0
04/04/2020 17:15:00	7,78	7,54	6,77	6,30	5,63	4,99	4,30	3,75	3,34	2,95	2,59	2,24	1,89	7,75	0
04/04/2020 17:20:00	7,24	7,74	7,21	6,71	6,11	5,30	4,56	3,94	3,46	3,01	2,58	2,15	1,73	7,55	0
04/04/2020 17:25:00	7,33	7,74	7,19	6,58	5,96	5,07	4,34	3,72	3,22	2,76	2,31	1,88	1,45	7,74	0
04/04/2020 17:30:00	7,17	7,62	7,02	6,51	5,78	4,98	4,30	3,71	3,23	2,78	2,36	1,96	1,56	7,81	0
04/04/2020 17:35:00	7,16	7,64	7,09	6,51	5,86	5,13	4,33	3,69	3,21	2,76	2,34	1,94	1,54	7,46	0
04/04/2020 17:40:00	6,82	7,76	7,27	6,75	6,09	5,29	4,51	3,87	3,37	2,90	2,47	2,06	1,64	7,48	0
04/04/2020 17:45:00	7,00	7,70	7,20	6,59	5,91	5,12	4,43	3,84	3,34	2,89	2,48	2,09	1,70	7,80	0
04/04/2020 17:50:00	7,12	8,07	7,65	7,11	6,52	5,72	4,93	4,28	3,77	3,30	2,85	2,42	1,98	7,73	0
04/04/2020 17:55:00	6,69	7,90	7,52	7,04	6,39	5,59	4,80	4,13	3,62	3,13	2,67	2,23	1,79	7,22	0
04/04/2020 18:00:00	6,59	8,04	7,68	7,12	6,29	5,45	4,61	3,89	3,32	2,78	2,28	1,81	1,34	7,32	0
04/04/2020 18:05:00	6,21	8,22	8,06	7,69	7,02	6,19	5,35	4,63	4,06	3,52	3,00	2,51	2,01	7,30	0
04/04/2020 18:10:00	6,24	8,13	8,05	7,58	6,86	6,07	5,31	4,63	4,06	3,52	3,01	2,53	2,06	7,22	0
04/04/2020 18:15:00	6,20	8,24	8,07	7,65	6,96	6,10	5,23	4,50	3,92	3,37	2,85	2,35	1,85	7,22	0
04/04/2020 18:20:00	6,76	8,49	8,30	7,80	7,08	6,28	5,46	4,76	4,19	3,66	3,15	2,66	2,18	7,33	0
04/04/2020 18:25:00	6,55	8,53	8,41	7,91	7,22	6,33	5,54	4,84	4,25	3,70	3,18	2,68	2,18	7,46	0
04/04/2020 18:30:00	6,71	8,37	8,17	7,70	7,04	6,28	5,51	4,85	4,31	3,80	3,33	2,87	2,42	7,14	0
04/04/2020 18:35:00	6,79	8,39	8,20	7,73	7,02	6,17	5,50	4,87	4,31	3,79	3,29	2,83	2,36	7,26	0
04/04/2020 18:40:00	6,82	8,29	8,05	7,58	6,90	6,18	5,35	4,65	4,11	3,61	3,12	2,66	2,20	7,24	0
04/04/2020 18:45:00	6,50	8,10	7,90	7,45	6,79	5,95	5,16	4,47	3,91	3,39	2,88	2,40	1,92	6,86	0
04/04/2020 18:50:00	5,98	7,86	7,78	7,30	6,63	5,85	5,00	4,28	3,71	3,18	2,66	2,18	1,69	6,53	0
04/04/2020 18:55:00	5,57	7,80	7,84	7,41	6,68	5,78	4,95	4,21	3,59	2,99	2,41	1,87	1,32	6,24	0
04/04/2020 19:00:00	5,69	7,92	7,91	7,54	6,83	5,99	5,18	4,46	3,87	3,30	2,75	2,24	1,72	6,25	0
04/04/2020 19:05:00	5,44	7,79	7,81	7,39	6,68	5,82	5,03	4,32	3,71	3,14	2,60	2,10	1,59	5,95	0
04/04/2020 19:10:00	5,43	7,66	7,66	7,21	6,60	5,81	4,98	4,27	3,69	3,16	2,65	2,17	1,69	5,81	0
04/04/2020 19:15:00	4,84	7,67	7,81	7,41	6,61	5,69	4,85	4,08	3,42	2,80	2,21	1,65	1,10	5,75	0
04/04/2020 19:20:00	4,97	7,51	7,57	7,14	6,46	5,51	4,72	3,99	3,36	2,78	2,21	1,69	1,16	5,48	0
04/04/2020 19:25:00	5,37	7,65	7,70	7,31	6,66	5,78	4,97	4,24	3,64	3,07	2,51	1,98	1,46	5,48	0
04/04/2020 19:30:00	5,10	7,95	8,16	7,77	7,16	6,29	5,46	4,71	4,08	3,49	2,91	2,37	1,84	5,45	0
04/04/2020 19:35:00	5,02	8,36	8,56	8,15	7,43	6,53	5,66	4,88	4,23	3,62	3,05	2,51	1,98	5,43	0
04/04/2020 19:40:00	5,07	8,29	8,45	8,05	7,35	6,46	5,61	4,84	4,20	3,61	3,05	2,53	2,01	5,32	0
04/04/2020 19:45:00	4,94	8,20	8,47	8,12	7,40	6,55	5,67	4,88	4,22	3,61	3,01	2,45	1,89	5,20	0
04/04/2020 19:50:00	4,97	8,37	8,58	8,19	7,50	6,62	5,74	4,95	4,30	3,70	3,13	2,61	2,08	5,25	0
04/04/2020 19:55:00	5,24	8,11	8,38	8,06	7,41	6,58	5,77	5,03	4,41	3,81	3,23	2,68	2,13	5,03	0
04/04/2020 20:00:00	4,19	8,42	8,81	8,45	7,75	6,80	5,80	4,92	4,22	3,56	2,93	2,35	1,77	4,97	0
04/04/2020 20:05:00	4,49	8,50	8,85	8,51	7,76	6,81	5,90	5,07	4,37	3,71	3,09	2,51	1,93	4,96	0
04/04/2020 20:10:00	4,60	8,31	8,78	8,39	7,71	6,84	5,96	5,15	4,46	3,81	3,17	2,59	2,00	4,80	0
04/04/2020 20:15:00	5,23	8,17	8,55	8,18	7,54	6,69	5,81	5,02	4,36	3,73	3,10	2,50	1,91	4,85	0
04/04/2020 20:20:00	4,19	8,33	8,79	8,40	7,72	6,83	5,88	5,03	4,33	3,68	3,05	2,47	1,90	4,71	0
04/04/2020 20:25:00	5,10	8,02	8,23	7,90	7,22	6,42	5,60	4,87	4,25	3,67	3,11	2,59	2,06	4,50	0
04/04/2020 20:30:00	5,00	8,05	8,30	7,97	7,29	6,39	5,51	4,73	4,08	3,46	2,86	2,29	1,72	4,75	0
04/04/2020 20:35:00	4,91	7,89	8,11	7,77	7,17	6,32	5,52	4,78	4,16	3,58	3,02	2,50	1,98	4,61	0
04/04/2020 20:40:00	4,32	8,06	8,31	7,95	7,30	6,41	5,52	4,72	4,06	3,47	2,90	2,39	1,87	4,29	0
04/04/2020 20:45:00	4,48	7,91	8,26	7,91	7,18	6,33	5,50	4,73	4,06	3,44	2,84	2,29	1,74	4,44	0
04/04/2020 20:50:00	4,22	7,56	7,83	7,47	6,81	5,97	5,12	4,36	3,73	3,14	2,59	2,07	1,56	4,38	0
04/04/2020 20:55:00	4,18	7,50	7,78	7,44	6,84	5,92	5,09	4,32	3,68	3,07	2,49	1,95	1,41	4,31	0
04/04/2020 21:00:00	3,96	7,50	7,86	7,54	6,79	5,90	5,01	4,19	3,51	2,86	2,24	1,67	1,09	4,14	0
04/04/2020 21:05:00	4,06	7,30	7,67	7,37	6,73	5,93	5,08	4,30	3,66	3,05	2,46	1,91	1,37	4,20	0
04/04/2020 21:10:00	3,53	7,41	7,88	7,56	6,89	5,95	5,02	4,19	3,49	2,83	2,20	1,61	1,02	4,26	0
04/04/2020 21:15:00	3,85	7,24	7,59	7,28	6,63	5,72	4,91	4,15	3,50	2,89	2,30	1,76	1,21	4,12	0
04/04/2020 21:20:00	3,65	7,30	7,66	7,31	6,65	5,76	4,88	4,09	3,42	2,80	2,22	1,67	1,13	3,91	0
04/04/2020 21:25:00	3,55	7,60	8,08	7,76	7,06	6,19	5,25	4,40	3,71	3,06	2,44	1,86	1,29	4,00	0
04/04/2020 21:30:00	3,63	7,56	8,01	7,70	7,05	6,16	5,26	4,45	3,76	3,12	2,51	1,95	1,38	3,93	0
04/04/2020 21:35:00	4,05	7,37	7,80	7,49	6,88	5,99	5,17	4,41	3,75	3,13	2,52	1,95	1,38	3,96	0
04/04/2020 21:40:00	3,93	7,51	7,94	7,64	7,05	6,18	5,34	4,57	3,91	3,29	2,69	2,14	1,58	3,76	0
04/04/2020 21:45:00	3,85	7,51	7,91	7,63	7,04	6,20	5,35	4,58	3,93	3,33	2,75	2,22	1,68	3,54	0
04/04/2020 21:50:00	3,66	7,45	7,93	7,73	7,10	6,25	5,41	4,64	3,98	3,35	2,75	2,18	1,62	3,68	0
04/04/2020 21:55:00	4,10	7,36	7,72	7,43	6,83	6,01	5,21	4,47	3,84	3,26	2,69	2,17	1,64	3,55	0
04/04/2020 22:00:00	3,70	7,45	7,87	7,64	7,00	6,16	5,33	4,56	3,90	3,29	2,70	2,16	1,61	3,70	0
04/04/2020 22:05:00	3,88	7,38	7,80	7,50	6,87	6,02	5,23	4,48	3,83	3,23	2,64	2,11	1,57	3,76	0
04/04/2020 22:10:00	3,92	7,40	7,78	7,48	6,87	6,02	5,21	4,46	3,82	3,22	2,65	2,12	1,58	3,60	0
04/04/2020 22:15:00	4,17	7,27	7,62	7,39	6,78	5,95	5,15	4,41	3,79	3,20	2,62	2,08	1,54	3,67	0
04/04/2020 22:20:00	3,85	7,30	7,69	7,44	6,79	5,96	5,18	4,45	3,80	3,20	2,62	2,08	1,54	3,53	0
04/04/2020 22:25:00	3,80	7,26	7,65	7,40	6,84	6,01	5,15	4,38	3,74	3,14	2,56	2,02	1,48	3,43	0
04/04/2020 22:30:00	3,84	7,26	7,63	7,26	6,72	5,85	5,00	4,22	3,58	2,98	2,41	1,88	1,35	3,52	0
04/04/2020 22:35:00	3,40	7,24	7,76	7,53	6,88	6,05	5,14	4,33	3,65	3,02	2,40	1,83	1,25	3,41	0
04/04/2020 22:40:00	3,14	7,23	7,79	7,46	6,89	6,03	5,14	4,33	3,65	3,02	2,41	1,85	1,30	3,30	0
04/04/2020 22:45:00	2,99	7,23	7,83	7,55	6,93	5,98	5,13	4,32	3,61	2,94	2,29	1,70	1,10	3,01	0
04/04/2020 22:50:00	3,38	7,12	7,60	7,35	6,70	5,84	5,02	4,24	3,57	2,94	2,34	1,78	1,22	3,17	0
04/04/2020 22:55:00	2,93	6,96	7,45	7,19	6,58	5,71	4,81	4,00	3,32	2,69	2,09	1,54	0,98	3,06	0
04/04/2020 23:00:00	2,83	6,88	7,42	7,15	6,52	5,71	4,84	4,04	3,37	2,74	2,15	1,61	1,07	3,03	0
04/04/2020 23:05:00	2,71	6,93	7,48	7,22	6,51	5,63	4,73	3,91	3,20	2,54	1,92	1,34	0,77	2,95	0
04/04/2020 23:10:00	2,97	6,68	7,14	6,87	6,24	5,48	4,65	3,88	3,24	2,64	2,09	1,57	1,06	2,94	0
04/04/2020 23:15:00	2,93	6,83	7,32	7,08	6,45	5,57	4,71	3,92	3,24	2,61	1,99	1,43	0,87	2,90	0
04/04/2020 23:20:00	2,91	6,67	7,10	6,94	6,32	5,59	4,76	4,00	3,37	2,79	2,25	1,74	1,24	2,78	0
04/04/2020 23:25:00	3,36	6,60	6,96	6,69	6,11	5,33	4,58	3,88	3,26	2,70	2,16	1,67	1,18	2,80	0
04/04/2020 23:30:00	2,81	6,34	6,69	6,36	5,74	4,92	4,14	3,41	2,77	2,18	1,65	1,15	0,66	2,76	0
04/04/2020 23:35:00	3,03	6,20	6,55	6,20	5,57	4,87	4,12	3,41	2,79	2,24	1,72	1,26	0,79	2,96	0
04/04/2020 23:40:00	2,95	6,19	6,58	6,25	5,55	4,73	3,96	3,23	2,57	1,97	1,40	0,88	0,36	2,76	0
04/04/2020 23:45:00	2,97	6,16	6,46	6,12	5,51	4,71	3,94	3,22	2,60	2,04	1,52	1,04	0,57	2,75	0
04/04/2020 23:50:00	3,19	5,92	6,15	5,85	5,30	4,60	3,87	3,21	2,64	2,13	1,66	1,23	0,80	2,70	0
04/04/2020 23:55:00	3,14	5,87	6,06	5,78	5,23	4,49	3,76	3,10	2,53	2,01	1,54	1,10	0,66	2,71	0
