FileFormat:0002.2 file with temperature of atmosphere
200
local	GMT or Local
0	GMT-Local=[hours]
0	Height[m]
0	0	0	Longitude                [grd]               [min]               [sec]
0	0	0	Latitude                [grd]               [min]               [sec]
N	NS
59,40	Freq[GHz]
0,00	dTemostat[K]
0,150	MessErr[K]
0,248	//[grad/step]
version 14.0.20110218
MTP5H033F5940K-33.00D180214+A1.1
Commentary:
enter comment
End Of Commentary

SYSTEM\summer.dat
data time	0	50	100	150	200	250	300	350	400	450	500	550	600	OutsideTemperature	Quality
19/03/2020 00:00:00	8,12	9,48	9,41	9,06	8,62	8,02	7,47	6,96	6,50	6,07	5,65	5,24	4,84	8,05	0
19/03/2020 00:05:00	7,77	9,19	9,23	8,90	8,47	7,98	7,47	6,98	6,53	6,12	5,72	5,34	4,96	7,98	0
19/03/2020 00:10:00	7,58	9,05	9,11	8,80	8,38	7,93	7,39	6,90	6,45	6,04	5,65	5,27	4,89	7,78	0
19/03/2020 00:15:00	7,72	8,91	8,96	8,66	8,35	7,90	7,49	7,07	6,67	6,30	5,95	5,61	5,27	7,69	0
19/03/2020 00:20:00	7,59	8,88	9,00	8,76	8,37	7,94	7,51	7,08	6,66	6,26	5,89	5,52	5,15	7,62	0
19/03/2020 00:25:00	7,51	8,83	8,95	8,70	8,33	7,89	7,43	6,99	6,56	6,17	5,78	5,41	5,03	7,58	0
19/03/2020 00:30:00	7,45	8,73	8,83	8,60	8,24	7,80	7,38	6,96	6,54	6,16	5,79	5,43	5,07	7,47	0
19/03/2020 00:35:00	7,42	8,85	8,99	8,73	8,33	7,84	7,34	6,85	6,41	5,98	5,57	5,17	4,77	7,37	0
19/03/2020 00:40:00	7,48	8,99	9,06	8,75	8,33	7,75	7,15	6,61	6,14	5,68	5,24	4,80	4,37	7,44	0
19/03/2020 00:45:00	7,52	8,88	8,88	8,56	8,10	7,66	7,17	6,71	6,27	5,88	5,52	5,17	4,82	7,53	0
19/03/2020 00:50:00	7,47	8,72	8,70	8,40	8,04	7,58	7,14	6,71	6,30	5,92	5,57	5,24	4,90	7,48	0
19/03/2020 00:55:00	7,30	8,49	8,54	8,33	7,91	7,56	7,12	6,70	6,30	5,93	5,59	5,26	4,92	7,29	0
19/03/2020 01:00:00	7,29	8,55	8,70	8,43	8,04	7,66	7,25	6,83	6,42	6,03	5,67	5,32	4,98	7,24	0
19/03/2020 01:05:00	7,22	8,59	8,72	8,49	8,14	7,71	7,34	6,95	6,54	6,16	5,81	5,48	5,14	7,31	0
19/03/2020 01:10:00	7,30	8,78	8,89	8,63	8,23	7,80	7,28	6,79	6,35	5,94	5,55	5,18	4,80	7,27	0
19/03/2020 01:15:00	7,37	8,83	8,83	8,56	8,14	7,70	7,21	6,74	6,32	5,93	5,57	5,22	4,87	7,36	0
19/03/2020 01:20:00	7,44	8,96	9,03	8,72	8,38	7,85	7,32	6,82	6,38	5,96	5,56	5,17	4,78	7,33	0
19/03/2020 01:25:00	7,45	8,99	9,09	8,89	8,46	8,01	7,54	7,08	6,64	6,23	5,84	5,46	5,07	7,42	0
19/03/2020 01:30:00	7,50	9,00	8,98	8,69	8,28	7,81	7,29	6,81	6,38	5,99	5,62	5,27	4,91	7,48	0
19/03/2020 01:35:00	7,42	8,93	8,99	8,72	8,27	7,80	7,33	6,86	6,42	6,01	5,62	5,25	4,89	7,51	0
19/03/2020 01:40:00	7,47	8,99	9,03	8,74	8,26	7,77	7,27	6,79	6,34	5,92	5,53	5,15	4,77	7,47	0
19/03/2020 01:45:00	7,53	9,03	9,12	8,85	8,43	7,96	7,46	6,98	6,54	6,12	5,73	5,34	4,96	7,48	0
19/03/2020 01:50:00	7,53	9,13	9,20	8,98	8,58	8,13	7,64	7,17	6,74	6,34	5,96	5,59	5,22	7,46	0
19/03/2020 01:55:00	7,50	8,99	9,04	8,82	8,47	8,01	7,50	7,02	6,60	6,20	5,82	5,44	5,07	7,45	0
19/03/2020 02:00:00	7,47	8,94	8,99	8,69	8,32	7,80	7,27	6,77	6,32	5,90	5,50	5,11	4,72	7,48	0
19/03/2020 02:05:00	7,64	8,90	8,93	8,64	8,24	7,76	7,28	6,82	6,39	5,99	5,60	5,23	4,86	7,52	0
19/03/2020 02:10:00	7,56	8,97	9,00	8,75	8,38	7,87	7,35	6,87	6,43	6,02	5,62	5,23	4,85	7,62	0
19/03/2020 02:15:00	7,57	9,04	9,01	8,74	8,31	7,86	7,36	6,89	6,47	6,08	5,72	5,38	5,03	7,60	0
19/03/2020 02:20:00	7,58	9,08	9,09	8,83	8,38	7,91	7,41	6,94	6,50	6,10	5,72	5,35	4,98	7,62	0
19/03/2020 02:25:00	7,58	9,13	9,18	8,91	8,47	7,99	7,45	6,95	6,51	6,09	5,70	5,31	4,93	7,61	0
19/03/2020 02:30:00	7,66	9,01	9,03	8,75	8,36	7,99	7,50	7,05	6,64	6,27	5,92	5,59	5,25	7,65	0
19/03/2020 02:35:00	7,74	9,00	8,98	8,72	8,34	7,87	7,38	6,92	6,50	6,11	5,74	5,37	5,01	7,68	0
19/03/2020 02:40:00	7,69	9,07	9,06	8,71	8,30	7,82	7,29	6,80	6,37	5,97	5,59	5,23	4,86	7,74	0
19/03/2020 02:45:00	7,73	9,06	9,09	8,81	8,35	7,88	7,44	7,00	6,57	6,17	5,79	5,42	5,06	7,72	0
19/03/2020 02:50:00	7,72	9,13	9,20	8,87	8,44	7,98	7,43	6,93	6,48	6,06	5,66	5,27	4,88	7,78	0
19/03/2020 02:55:00	7,73	9,09	9,11	8,76	8,31	7,85	7,27	6,75	6,30	5,89	5,49	5,11	4,72	7,79	0
19/03/2020 03:00:00	7,77	9,07	9,08	8,77	8,30	7,84	7,37	6,92	6,48	6,08	5,70	5,34	4,98	7,86	0
19/03/2020 03:05:00	7,72	9,26	9,31	8,98	8,46	7,93	7,34	6,80	6,32	5,87	5,43	5,00	4,58	7,83	0
19/03/2020 03:10:00	7,87	9,27	9,30	8,97	8,51	8,00	7,49	7,00	6,55	6,13	5,72	5,33	4,94	7,87	0
19/03/2020 03:15:00	7,75	9,31	9,31	9,00	8,47	7,98	7,39	6,86	6,39	5,95	5,54	5,14	4,74	7,86	0
19/03/2020 03:20:00	7,84	9,24	9,25	8,92	8,43	7,91	7,41	6,93	6,47	6,05	5,64	5,26	4,87	7,81	0
19/03/2020 03:25:00	8,01	9,29	9,26	8,90	8,48	7,97	7,44	6,94	6,50	6,09	5,70	5,32	4,94	7,92	0
19/03/2020 03:30:00	7,83	9,23	9,28	8,97	8,54	8,06	7,59	7,12	6,69	6,28	5,89	5,52	5,15	7,90	0
19/03/2020 03:35:00	7,76	9,32	9,40	9,09	8,68	8,18	7,63	7,12	6,66	6,23	5,82	5,42	5,02	7,87	0
19/03/2020 03:40:00	7,83	9,34	9,40	9,08	8,66	8,16	7,62	7,11	6,66	6,23	5,82	5,43	5,04	7,75	0
19/03/2020 03:45:00	7,77	9,33	9,38	9,09	8,66	8,14	7,54	7,00	6,54	6,10	5,67	5,25	4,83	7,67	0
19/03/2020 03:50:00	7,86	9,35	9,41	9,13	8,68	8,14	7,57	7,05	6,58	6,13	5,70	5,27	4,85	7,78	0
19/03/2020 03:55:00	7,83	9,36	9,41	9,12	8,65	8,14	7,61	7,10	6,64	6,21	5,80	5,40	5,00	7,90	0
19/03/2020 04:00:00	7,88	9,21	9,22	8,91	8,55	8,01	7,49	7,00	6,56	6,14	5,74	5,35	4,95	7,78	0
19/03/2020 04:05:00	7,93	9,20	9,20	8,84	8,40	7,88	7,39	6,92	6,47	6,06	5,66	5,29	4,91	7,80	0
19/03/2020 04:10:00	7,84	9,28	9,29	9,00	8,59	8,05	7,51	7,01	6,55	6,13	5,72	5,32	4,92	7,77	0
19/03/2020 04:15:00	7,96	9,23	9,19	8,88	8,49	7,98	7,48	7,01	6,58	6,19	5,81	5,44	5,08	7,87	0
19/03/2020 04:20:00	7,83	9,20	9,23	8,93	8,51	8,02	7,46	6,95	6,50	6,07	5,66	5,26	4,86	7,87	0
19/03/2020 04:25:00	8,01	9,19	9,24	8,99	8,55	8,13	7,59	7,10	6,67	6,25	5,84	5,44	5,05	7,87	0
19/03/2020 04:30:00	7,89	9,24	9,23	8,95	8,55	7,99	7,52	7,06	6,61	6,20	5,81	5,42	5,04	7,94	0
19/03/2020 04:35:00	8,02	9,26	9,24	8,93	8,47	7,99	7,46	6,96	6,52	6,11	5,71	5,32	4,93	7,91	0
19/03/2020 04:40:00	7,95	9,25	9,23	8,92	8,44	7,98	7,45	6,96	6,52	6,11	5,72	5,34	4,96	7,93	0
19/03/2020 04:45:00	7,94	9,24	9,23	8,93	8,53	8,04	7,52	7,04	6,61	6,20	5,81	5,43	5,05	7,95	0
19/03/2020 04:50:00	7,96	9,21	9,26	8,93	8,54	8,03	7,60	7,15	6,72	6,31	5,93	5,56	5,18	7,87	0
19/03/2020 04:55:00	7,94	9,21	9,23	8,95	8,56	8,05	7,62	7,18	6,76	6,36	5,98	5,61	5,24	7,93	0
19/03/2020 05:00:00	7,97	9,19	9,21	8,89	8,49	7,99	7,49	7,02	6,58	6,17	5,78	5,39	5,01	7,93	0
19/03/2020 05:05:00	7,95	9,19	9,20	8,93	8,53	8,04	7,58	7,13	6,70	6,31	5,92	5,55	5,18	7,92	0
19/03/2020 05:10:00	7,87	9,13	9,14	8,83	8,42	8,00	7,53	7,07	6,65	6,27	5,91	5,56	5,21	7,92	0
19/03/2020 05:15:00	7,84	9,01	8,94	8,64	8,29	7,92	7,51	7,10	6,72	6,39	6,09	5,80	5,51	7,88	0
19/03/2020 05:20:00	7,77	8,93	8,93	8,65	8,34	7,93	7,52	7,11	6,72	6,36	6,03	5,71	5,39	7,82	0
19/03/2020 05:25:00	7,79	9,02	9,01	8,77	8,41	7,97	7,53	7,10	6,70	6,32	5,97	5,63	5,29	7,81	0
19/03/2020 05:30:00	7,85	9,03	9,05	8,80	8,42	7,87	7,44	7,00	6,57	6,16	5,76	5,37	4,98	7,84	0
19/03/2020 05:35:00	7,88	9,11	9,09	8,76	8,33	7,90	7,35	6,86	6,43	6,03	5,65	5,28	4,92	7,90	0
19/03/2020 05:40:00	7,86	9,12	9,14	8,89	8,43	7,99	7,46	6,97	6,54	6,13	5,73	5,33	4,94	7,93	0
19/03/2020 05:45:00	7,91	9,11	9,06	8,74	8,32	7,88	7,33	6,83	6,40	6,01	5,64	5,28	4,91	7,91	0
19/03/2020 05:50:00	7,92	9,08	9,12	8,76	8,32	7,83	7,27	6,76	6,31	5,88	5,46	5,06	4,66	7,88	0
19/03/2020 05:55:00	7,93	9,06	9,06	8,79	8,37	7,80	7,28	6,79	6,35	5,92	5,49	5,07	4,66	7,86	0
19/03/2020 06:00:00	7,90	9,07	9,06	8,77	8,37	7,93	7,44	6,98	6,57	6,18	5,81	5,44	5,08	7,90	0
19/03/2020 06:05:00	7,90	9,08	9,12	8,81	8,36	7,91	7,35	6,85	6,41	5,99	5,58	5,18	4,78	7,92	0
19/03/2020 06:10:00	7,94	9,21	9,22	8,96	8,60	8,04	7,51	7,02	6,58	6,16	5,74	5,33	4,92	7,94	0
19/03/2020 06:15:00	8,05	9,34	9,37	9,06	8,61	8,07	7,53	7,03	6,57	6,14	5,71	5,30	4,88	8,05	0
19/03/2020 06:20:00	8,09	9,40	9,38	9,04	8,60	8,18	7,68	7,21	6,79	6,40	6,04	5,69	5,34	8,17	0
19/03/2020 06:25:00	8,19	9,43	9,51	9,20	8,74	8,22	7,61	7,06	6,59	6,13	5,67	5,23	4,78	8,23	0
19/03/2020 06:30:00	8,34	9,53	9,55	9,24	8,78	8,22	7,68	7,17	6,70	6,26	5,81	5,38	4,95	8,30	0
19/03/2020 06:35:00	8,16	9,48	9,50	9,22	8,82	8,22	7,62	7,07	6,61	6,15	5,70	5,25	4,80	8,30	0
19/03/2020 06:40:00	8,39	9,62	9,62	9,28	8,78	8,21	7,65	7,13	6,66	6,21	5,76	5,33	4,90	8,36	0
19/03/2020 06:45:00	8,44	9,66	9,68	9,33	8,79	8,27	7,66	7,12	6,64	6,18	5,73	5,29	4,85	8,35	0
19/03/2020 06:50:00	8,32	9,57	9,60	9,30	8,76	8,20	7,66	7,14	6,67	6,21	5,75	5,31	4,87	8,44	0
19/03/2020 06:55:00	8,42	9,74	9,75	9,41	8,97	8,42	7,85	7,33	6,86	6,42	5,99	5,56	5,14	8,41	0
19/03/2020 07:00:00	8,49	9,69	9,67	9,30	8,81	8,29	7,64	7,08	6,61	6,16	5,72	5,28	4,85	8,47	0
19/03/2020 07:05:00	8,39	9,70	9,73	9,41	8,95	8,41	7,80	7,26	6,79	6,34	5,90	5,46	5,02	8,46	0
19/03/2020 07:10:00	8,49	9,74	9,68	9,31	8,83	8,22	7,60	7,04	6,56	6,10	5,65	5,20	4,76	8,50	0
19/03/2020 07:15:00	8,56	9,85	9,82	9,45	9,01	8,42	7,80	7,24	6,77	6,31	5,86	5,43	4,99	8,50	0
19/03/2020 07:20:00	8,45	9,74	9,70	9,31	8,84	8,22	7,63	7,08	6,60	6,14	5,69	5,25	4,81	8,52	0
19/03/2020 07:25:00	8,48	9,66	9,64	9,32	8,82	8,25	7,60	7,03	6,56	6,09	5,62	5,16	4,71	8,50	0
19/03/2020 07:30:00	8,53	9,72	9,64	9,31	8,81	8,24	7,66	7,14	6,67	6,23	5,80	5,37	4,95	8,43	0
19/03/2020 07:35:00	8,40	9,72	9,69	9,32	8,84	8,23	7,62	7,06	6,58	6,12	5,66	5,22	4,77	8,45	0
19/03/2020 07:40:00	8,47	9,70	9,67	9,29	8,75	8,18	7,59	7,05	6,57	6,11	5,66	5,23	4,80	8,40	0
19/03/2020 07:45:00	8,54	9,62	9,55	9,19	8,76	8,20	7,61	7,08	6,62	6,18	5,75	5,32	4,90	8,50	0
19/03/2020 07:50:00	8,56	9,64	9,56	9,14	8,66	8,14	7,55	7,02	6,56	6,13	5,72	5,31	4,91	8,52	0
19/03/2020 07:55:00	8,46	9,66	9,57	9,25	8,73	8,09	7,53	7,00	6,53	6,07	5,61	5,17	4,73	8,52	0
19/03/2020 08:00:00	8,63	9,65	9,60	9,21	8,74	8,13	7,54	7,01	6,53	6,08	5,62	5,17	4,72	8,57	0
19/03/2020 08:05:00	8,63	9,60	9,47	9,11	8,62	8,06	7,49	6,97	6,52	6,09	5,67	5,26	4,84	8,59	0
19/03/2020 08:10:00	8,67	9,63	9,53	9,14	8,67	8,04	7,48	6,96	6,50	6,05	5,61	5,18	4,74	8,57	0
19/03/2020 08:15:00	8,62	9,68	9,56	9,15	8,66	8,03	7,49	6,98	6,51	6,07	5,65	5,23	4,82	8,67	0
19/03/2020 08:20:00	8,74	9,61	9,48	9,14	8,62	8,01	7,40	6,86	6,40	5,94	5,48	5,03	4,58	8,72	0
19/03/2020 08:25:00	8,75	9,67	9,52	9,20	8,66	8,04	7,41	6,86	6,38	5,92	5,45	4,99	4,53	8,77	0
19/03/2020 08:30:00	8,82	9,72	9,56	9,23	8,71	8,04	7,50	6,99	6,52	6,06	5,60	5,16	4,71	8,81	0
19/03/2020 08:35:00	8,89	9,71	9,55	9,18	8,68	8,06	7,47	6,94	6,48	6,03	5,58	5,13	4,69	8,91	0
19/03/2020 08:40:00	8,98	9,69	9,47	9,12	8,61	8,04	7,47	6,95	6,51	6,09	5,67	5,25	4,83	8,92	0
19/03/2020 08:45:00	9,02	9,71	9,51	9,11	8,58	7,99	7,37	6,83	6,37	5,93	5,48	5,05	4,61	9,00	0
19/03/2020 08:50:00	9,04	9,78	9,58	9,18	8,66	8,07	7,45	6,90	6,45	6,01	5,57	5,14	4,71	9,08	0
19/03/2020 08:55:00	9,11	9,84	9,63	9,27	8,79	8,13	7,54	7,02	6,57	6,12	5,67	5,22	4,78	9,18	0
19/03/2020 09:00:00	9,26	9,91	9,68	9,25	8,75	8,13	7,50	6,95	6,49	6,04	5,59	5,15	4,71	9,30	0
19/03/2020 09:05:00	9,32	9,96	9,70	9,31	8,78	8,14	7,53	6,99	6,53	6,08	5,63	5,19	4,74	9,26	0
19/03/2020 09:10:00	9,40	9,91	9,59	9,16	8,57	7,99	7,36	6,81	6,36	5,92	5,49	5,07	4,64	9,33	0
19/03/2020 09:15:00	9,35	9,90	9,64	9,19	8,63	7,98	7,34	6,78	6,31	5,85	5,39	4,94	4,49	9,34	0
19/03/2020 09:20:00	9,35	9,94	9,65	9,21	8,70	8,09	7,43	6,87	6,41	5,97	5,53	5,10	4,66	9,35	0
19/03/2020 09:25:00	9,57	10,01	9,66	9,18	8,61	7,93	7,32	6,78	6,31	5,87	5,43	5,00	4,56	9,48	0
19/03/2020 09:30:00	9,51	9,87	9,52	9,06	8,56	7,94	7,27	6,71	6,27	5,83	5,39	4,95	4,52	9,53	0
19/03/2020 09:35:00	9,46	10,10	9,82	9,33	8,79	8,13	7,53	6,99	6,52	6,08	5,64	5,21	4,79	9,50	0
19/03/2020 09:40:00	9,48	10,22	9,98	9,57	9,05	8,39	7,74	7,18	6,71	6,24	5,78	5,32	4,86	9,48	0
19/03/2020 09:45:00	9,48	10,13	9,88	9,40	8,83	8,20	7,57	7,01	6,54	6,09	5,64	5,20	4,76	9,47	0
19/03/2020 09:50:00	9,39	10,07	9,76	9,30	8,76	8,09	7,44	6,87	6,40	5,95	5,50	5,06	4,62	9,46	0
19/03/2020 09:55:00	9,45	9,91	9,56	9,10	8,51	7,89	7,26	6,71	6,26	5,82	5,39	4,97	4,55	9,40	0
19/03/2020 10:00:00	9,87	9,50	8,89	8,33	7,77	7,12	6,63	6,18	5,79	5,41	5,06	4,71	4,36	9,41	0
19/03/2020 10:05:00	10,15	9,62	8,92	8,38	7,81	7,25	6,73	6,28	5,91	5,55	5,22	4,89	4,55	9,58	0
19/03/2020 10:10:00	10,12	9,71	9,02	8,50	7,96	7,31	6,78	6,32	5,93	5,57	5,21	4,86	4,51	9,64	0
19/03/2020 10:15:00	10,54	9,73	9,02	8,43	7,92	7,40	6,82	6,35	5,99	5,64	5,30	4,97	4,63	9,65	0
19/03/2020 10:20:00	10,93	9,76	8,89	8,32	7,80	7,27	6,76	6,34	6,01	5,70	5,40	5,09	4,78	9,99	0
19/03/2020 10:25:00	10,86	9,85	9,03	8,51	7,92	7,36	6,82	6,38	6,02	5,67	5,33	4,99	4,64	10,07	0
19/03/2020 10:30:00	9,69	9,96	9,56	9,16	8,62	7,94	7,31	6,78	6,33	5,88	5,43	4,98	4,53	9,63	0
19/03/2020 10:35:00	9,56	10,23	9,97	9,51	8,90	8,33	7,71	7,16	6,69	6,25	5,82	5,39	4,97	9,69	0
19/03/2020 10:40:00	9,16	9,93	9,69	9,34	8,84	8,35	7,90	7,47	7,07	6,69	6,34	6,00	5,66	9,40	0
19/03/2020 10:45:00	8,61	9,58	9,61	9,37	8,96	8,44	7,92	7,44	7,00	6,57	6,14	5,70	5,27	9,14	0
19/03/2020 10:50:00	8,35	8,82	8,65	8,31	7,87	7,27	6,84	6,42	6,00	5,60	5,21	4,83	4,45	8,91	0
19/03/2020 10:55:00	8,14	8,45	8,27	7,98	7,59	7,09	6,56	6,09	5,69	5,31	4,92	4,54	4,15	7,68	0
19/03/2020 11:00:00	8,35	8,50	8,16	7,81	7,38	6,89	6,37	5,92	5,54	5,18	4,83	4,49	4,14	7,64	0
19/03/2020 11:05:00	8,32	8,67	8,13	7,66	7,14	6,56	6,02	5,55	5,16	4,81	4,50	4,19	3,88	7,82	0
19/03/2020 11:10:00	10,76	8,47	7,31	6,69	6,16	5,73	5,38	5,09	4,85	4,63	4,45	4,25	4,05	8,10	1
19/03/2020 11:15:00	10,19	8,60	7,58	7,04	6,55	6,08	5,71	5,40	5,13	4,89	4,68	4,46	4,24	8,20	0
19/03/2020 11:20:00	9,86	8,82	7,98	7,40	6,82	6,27	5,73	5,30	4,94	4,61	4,31	4,00	3,69	8,32	0
19/03/2020 11:25:00	9,75	8,90	8,11	7,59	7,03	6,51	5,95	5,50	5,15	4,82	4,51	4,19	3,88	8,39	0
19/03/2020 11:30:00	10,22	9,18	8,24	7,65	7,02	6,41	5,86	5,42	5,06	4,72	4,41	4,10	3,78	8,55	0
19/03/2020 11:35:00	10,24	9,29	8,43	7,78	7,22	6,64	6,11	5,67	5,32	5,00	4,70	4,40	4,10	8,90	0
19/03/2020 11:40:00	10,63	9,15	8,28	7,72	7,23	6,70	6,14	5,70	5,36	5,03	4,70	4,35	4,01	8,87	0
19/03/2020 11:45:00	11,57	9,20	8,00	7,39	6,88	6,45	6,00	5,65	5,40	5,16	4,94	4,70	4,45	9,10	1
19/03/2020 11:50:00	11,34	9,42	8,31	7,69	7,14	6,57	6,05	5,65	5,34	5,04	4,75	4,44	4,14	9,27	1
19/03/2020 11:55:00	10,24	9,53	8,75	8,13	7,55	6,79	6,26	5,79	5,39	5,00	4,63	4,26	3,89	9,23	0
19/03/2020 12:00:00	11,00	9,50	8,58	7,90	7,23	6,72	6,15	5,70	5,36	5,02	4,71	4,39	4,07	9,23	0
19/03/2020 12:05:00	10,78	9,61	8,69	8,07	7,44	6,78	6,21	5,75	5,37	5,00	4,65	4,30	3,94	9,10	0
19/03/2020 12:10:00	11,64	9,53	8,35	7,66	7,08	6,56	6,09	5,72	5,43	5,16	4,91	4,65	4,38	9,39	1
19/03/2020 12:15:00	11,23	9,72	8,59	7,89	7,35	6,72	6,18	5,75	5,42	5,12	4,83	4,54	4,26	9,50	1
19/03/2020 12:20:00	11,40	9,36	8,32	7,76	7,20	6,70	6,22	5,85	5,55	5,26	4,97	4,67	4,36	9,38	1
19/03/2020 12:25:00	11,48	9,54	8,53	7,87	7,37	6,84	6,37	5,99	5,68	5,38	5,10	4,80	4,50	9,45	1
19/03/2020 12:30:00	12,70	9,88	8,56	7,84	7,27	6,72	6,18	5,78	5,49	5,20	4,90	4,58	4,27	10,08	1
19/03/2020 12:35:00	11,21	9,86	8,65	8,04	7,48	6,90	6,40	6,01	5,71	5,44	5,20	4,95	4,70	9,59	0
19/03/2020 12:40:00	10,63	10,09	9,33	8,72	8,10	7,50	6,88	6,38	5,98	5,60	5,24	4,88	4,52	9,76	0
19/03/2020 12:45:00	10,84	10,08	9,35	8,81	8,18	7,58	6,97	6,47	6,07	5,68	5,28	4,88	4,48	10,15	0
19/03/2020 12:50:00	10,43	10,03	9,34	8,76	8,22	7,55	6,88	6,33	5,92	5,51	5,11	4,70	4,30	9,71	0
19/03/2020 12:55:00	11,15	9,82	9,01	8,49	7,99	7,44	6,86	6,40	6,05	5,69	5,32	4,94	4,56	9,45	0
19/03/2020 13:00:00	11,28	10,00	9,16	8,61	8,03	7,47	6,89	6,42	6,05	5,69	5,31	4,93	4,56	9,92	0
19/03/2020 13:05:00	10,79	10,20	9,44	8,83	8,29	7,62	7,02	6,53	6,13	5,74	5,37	4,99	4,61	9,91	0
19/03/2020 13:10:00	11,00	10,19	9,40	8,81	8,29	7,55	6,89	6,36	5,95	5,54	5,12	4,69	4,26	10,15	0
19/03/2020 13:15:00	10,45	10,08	9,40	8,80	8,20	7,53	6,93	6,42	6,00	5,60	5,22	4,83	4,45	9,54	0
19/03/2020 13:20:00	10,25	10,25	9,63	9,11	8,54	7,86	7,19	6,64	6,21	5,79	5,37	4,96	4,54	9,74	0
19/03/2020 13:25:00	9,79	10,26	9,78	9,25	8,67	7,93	7,20	6,59	6,11	5,64	5,17	4,72	4,26	9,57	0
19/03/2020 13:30:00	10,05	10,42	9,81	9,16	8,43	7,68	6,95	6,34	5,86	5,40	4,96	4,53	4,10	9,67	0
19/03/2020 13:35:00	10,19	10,62	9,71	9,02	8,29	7,56	6,82	6,22	5,77	5,38	5,02	4,68	4,34	9,88	0
19/03/2020 13:40:00	9,92	10,43	9,65	9,01	8,35	7,62	6,93	6,36	5,91	5,51	5,15	4,80	4,46	9,81	0
19/03/2020 13:45:00	10,06	10,33	9,57	9,01	8,40	7,71	6,92	6,31	5,86	5,44	5,04	4,64	4,24	9,82	0
19/03/2020 13:50:00	10,93	10,15	9,27	8,59	7,97	7,31	6,66	6,15	5,75	5,38	5,01	4,65	4,29	9,89	0
19/03/2020 13:55:00	9,96	10,16	9,52	8,95	8,30	7,64	6,96	6,39	5,95	5,53	5,14	4,75	4,36	9,65	0
19/03/2020 14:00:00	10,71	9,77	8,66	7,96	7,38	6,76	6,16	5,68	5,33	5,02	4,74	4,46	4,19	9,81	0
19/03/2020 14:05:00	9,94	9,87	9,06	8,51	7,81	7,13	6,50	5,97	5,55	5,15	4,79	4,42	4,06	9,82	0
19/03/2020 14:10:00	11,05	9,72	8,63	7,99	7,36	6,79	6,25	5,82	5,48	5,17	4,89	4,61	4,32	9,90	0
19/03/2020 14:15:00	11,52	10,00	8,85	8,16	7,58	6,99	6,43	5,99	5,67	5,36	5,08	4,78	4,49	10,22	1
19/03/2020 14:20:00	11,30	10,13	9,12	8,48	7,73	7,02	6,43	5,94	5,54	5,15	4,78	4,40	4,03	9,96	0
19/03/2020 14:25:00	10,14	9,95	9,18	8,52	7,90	7,23	6,60	6,08	5,66	5,27	4,91	4,56	4,21	10,06	0
19/03/2020 14:30:00	9,63	10,04	9,52	8,93	8,24	7,50	6,81	6,22	5,74	5,28	4,83	4,40	3,97	9,58	0
19/03/2020 14:35:00	11,07	9,91	8,95	8,34	7,70	7,13	6,53	6,06	5,70	5,35	5,02	4,69	4,35	9,85	0
19/03/2020 14:40:00	11,35	10,16	9,04	8,42	7,74	7,07	6,47	5,99	5,63	5,28	4,95	4,62	4,28	9,94	0
19/03/2020 14:45:00	11,36	9,94	8,85	8,26	7,78	7,20	6,69	6,29	5,99	5,70	5,43	5,15	4,86	9,96	0
19/03/2020 14:50:00	10,55	10,05	9,38	8,81	8,11	7,46	6,81	6,27	5,84	5,42	4,99	4,57	4,15	9,78	0
19/03/2020 14:55:00	10,02	10,21	9,56	8,94	8,22	7,56	6,89	6,32	5,87	5,45	5,06	4,67	4,29	9,80	0
19/03/2020 15:00:00	10,98	10,13	9,35	8,77	8,22	7,61	7,00	6,51	6,13	5,76	5,39	5,01	4,64	10,36	0
19/03/2020 15:05:00	10,75	10,25	9,49	9,02	8,43	7,80	7,15	6,63	6,22	5,83	5,43	5,02	4,62	10,54	0
19/03/2020 15:10:00	10,86	10,29	9,53	8,94	8,24	7,55	6,92	6,39	5,97	5,55	5,15	4,74	4,33	10,15	0
19/03/2020 15:15:00	11,34	10,12	9,29	8,75	8,27	7,70	7,12	6,66	6,31	5,96	5,61	5,24	4,87	10,30	0
19/03/2020 15:20:00	11,52	10,44	9,45	8,89	8,25	7,65	6,99	6,48	6,10	5,74	5,37	4,99	4,62	10,38	0
19/03/2020 15:25:00	10,16	10,61	9,91	9,21	8,44	7,65	6,94	6,33	5,84	5,39	4,96	4,56	4,15	10,15	0
19/03/2020 15:30:00	11,00	10,31	9,41	8,80	8,10	7,42	6,75	6,21	5,79	5,39	5,00	4,60	4,21	10,25	0
19/03/2020 15:35:00	9,87	10,24	9,74	9,15	8,43	7,70	6,95	6,32	5,82	5,34	4,86	4,40	3,94	10,02	0
19/03/2020 15:40:00	10,29	10,20	9,51	8,87	8,30	7,54	6,88	6,32	5,88	5,45	5,04	4,64	4,23	9,96	0
19/03/2020 15:45:00	10,32	10,22	9,45	8,82	8,18	7,50	6,81	6,25	5,82	5,42	5,03	4,65	4,27	9,96	0
19/03/2020 15:50:00	10,76	10,15	9,35	8,74	8,12	7,39	6,76	6,24	5,81	5,40	4,99	4,59	4,18	10,13	0
19/03/2020 15:55:00	9,73	10,07	9,49	8,96	8,37	7,66	6,99	6,43	5,97	5,54	5,12	4,71	4,30	9,85	0
19/03/2020 16:00:00	9,47	10,06	9,59	9,08	8,42	7,73	7,01	6,41	5,93	5,47	5,02	4,58	4,15	9,82	0
19/03/2020 16:05:00	9,42	10,37	9,95	9,51	8,91	8,16	7,46	6,86	6,38	5,91	5,45	5,00	4,55	9,68	0
19/03/2020 16:10:00	10,24	10,33	9,73	9,22	8,56	7,85	7,26	6,73	6,28	5,86	5,44	5,03	4,61	9,73	0
19/03/2020 16:15:00	9,39	10,43	10,04	9,49	8,84	8,06	7,33	6,70	6,19	5,71	5,23	4,78	4,32	9,67	0
19/03/2020 16:20:00	9,51	10,32	9,88	9,36	8,71	8,01	7,33	6,75	6,27	5,82	5,38	4,96	4,54	9,64	0
19/03/2020 16:25:00	9,41	10,34	9,93	9,40	8,80	8,06	7,38	6,79	6,30	5,84	5,40	4,96	4,53	9,68	0
19/03/2020 16:30:00	10,28	10,35	9,69	9,16	8,55	7,92	7,21	6,64	6,21	5,80	5,39	4,99	4,59	9,81	0
19/03/2020 16:35:00	10,11	10,40	9,69	9,08	8,45	7,71	7,06	6,51	6,07	5,65	5,27	4,89	4,52	9,83	0
19/03/2020 16:40:00	9,68	10,41	9,97	9,43	8,70	7,85	7,15	6,53	6,00	5,49	4,99	4,50	4,02	9,68	0
19/03/2020 16:45:00	9,92	10,44	9,85	9,31	8,57	7,85	7,12	6,51	6,02	5,56	5,11	4,68	4,24	9,70	0
19/03/2020 16:50:00	10,03	10,36	9,77	9,22	8,63	7,93	7,25	6,69	6,23	5,81	5,39	4,98	4,58	9,84	0
19/03/2020 16:55:00	10,22	10,40	9,74	9,19	8,61	7,98	7,29	6,74	6,31	5,92	5,53	5,16	4,78	9,98	0
19/03/2020 17:00:00	9,03	10,40	10,16	9,69	9,02	8,21	7,47	6,81	6,27	5,74	5,22	4,71	4,20	9,72	0
19/03/2020 17:05:00	8,77	10,35	10,20	9,77	9,13	8,36	7,60	6,94	6,39	5,86	5,34	4,83	4,32	9,47	0
19/03/2020 17:10:00	9,17	10,60	10,46	10,03	9,42	8,60	7,89	7,25	6,70	6,17	5,63	5,10	4,58	9,47	0
19/03/2020 17:15:00	9,08	10,66	10,56	10,06	9,40	8,60	7,84	7,16	6,60	6,05	5,50	4,97	4,44	9,51	0
19/03/2020 17:20:00	9,79	10,66	10,36	9,86	9,26	8,54	7,83	7,23	6,73	6,25	5,77	5,30	4,83	9,59	0
19/03/2020 17:25:00	9,30	10,70	10,53	10,05	9,42	8,66	7,89	7,22	6,68	6,15	5,62	5,11	4,59	9,48	0
19/03/2020 17:30:00	9,41	10,95	10,79	10,33	9,68	8,92	8,13	7,46	6,91	6,37	5,84	5,32	4,80	9,36	0
19/03/2020 17:35:00	9,07	10,88	10,81	10,40	9,82	9,03	8,26	7,59	7,03	6,49	5,94	5,41	4,88	9,29	0
19/03/2020 17:40:00	9,13	11,05	10,94	10,53	9,86	9,14	8,34	7,65	7,10	6,56	6,03	5,52	5,00	9,35	0
19/03/2020 17:45:00	8,90	11,09	11,08	10,68	9,98	9,23	8,42	7,71	7,12	6,56	6,00	5,46	4,92	9,25	0
19/03/2020 17:50:00	9,20	11,18	11,20	10,84	10,16	9,38	8,64	7,97	7,39	6,83	6,25	5,70	5,14	9,10	0
19/03/2020 17:55:00	9,02	11,01	10,99	10,59	9,93	9,09	8,35	7,67	7,09	6,53	5,96	5,41	4,86	9,13	0
19/03/2020 18:00:00	8,93	10,93	10,91	10,50	9,81	9,13	8,32	7,62	7,06	6,51	5,97	5,45	4,93	9,00	0
19/03/2020 18:05:00	8,60	11,01	11,07	10,68	10,03	9,23	8,42	7,70	7,10	6,52	5,93	5,37	4,82	9,17	0
19/03/2020 18:10:00	8,85	11,28	11,45	11,02	10,34	9,50	8,74	8,04	7,42	6,83	6,22	5,64	5,06	9,02	0
19/03/2020 18:15:00	9,07	11,51	11,74	11,36	10,73	9,94	9,12	8,38	7,76	7,15	6,51	5,90	5,29	9,09	0
19/03/2020 18:20:00	8,93	11,61	11,82	11,43	10,81	10,00	9,14	8,38	7,76	7,15	6,53	5,93	5,33	8,97	0
19/03/2020 18:25:00	8,72	11,45	11,70	11,38	10,71	9,84	9,03	8,29	7,65	7,02	6,37	5,75	5,12	8,91	0
19/03/2020 18:30:00	8,71	11,38	11,60	11,27	10,62	9,79	9,00	8,28	7,66	7,05	6,43	5,83	5,24	8,92	0
19/03/2020 18:35:00	8,56	11,36	11,62	11,28	10,63	9,85	9,01	8,26	7,63	7,01	6,38	5,78	5,18	8,72	0
19/03/2020 18:40:00	8,52	11,25	11,52	11,16	10,55	9,74	8,93	8,19	7,56	6,95	6,32	5,72	5,12	8,88	0
19/03/2020 18:45:00	8,34	11,23	11,53	11,21	10,61	9,77	8,93	8,17	7,54	6,92	6,28	5,66	5,04	8,60	0
19/03/2020 18:50:00	8,39	11,12	11,37	11,06	10,46	9,62	8,88	8,18	7,57	6,98	6,37	5,79	5,21	8,70	0
19/03/2020 18:55:00	8,39	11,07	11,32	11,01	10,41	9,72	8,88	8,15	7,55	6,97	6,38	5,81	5,25	8,49	0
19/03/2020 19:00:00	8,35	11,01	11,29	10,91	10,33	9,54	8,79	8,10	7,49	6,90	6,30	5,73	5,17	8,53	0
19/03/2020 19:05:00	7,36	11,26	11,72	11,32	10,66	9,76	8,86	8,04	7,34	6,68	6,01	5,38	4,76	8,35	0
19/03/2020 19:10:00	8,09	10,95	11,25	10,93	10,31	9,56	8,78	8,07	7,46	6,87	6,28	5,71	5,14	8,47	0
19/03/2020 19:15:00	8,05	11,29	11,66	11,42	10,78	10,00	9,15	8,39	7,75	7,13	6,49	5,88	5,27	8,39	0
19/03/2020 19:20:00	8,03	11,28	11,66	11,35	10,72	9,93	9,11	8,37	7,72	7,10	6,47	5,87	5,26	8,23	0
19/03/2020 19:25:00	7,71	11,24	11,67	11,36	10,68	9,85	9,02	8,26	7,60	6,96	6,31	5,70	5,09	8,26	0
19/03/2020 19:30:00	7,41	11,21	11,73	11,39	10,74	9,92	9,07	8,28	7,60	6,94	6,28	5,65	5,03	8,37	0
19/03/2020 19:35:00	7,38	11,16	11,68	11,42	10,78	9,91	9,05	8,25	7,56	6,89	6,21	5,57	4,92	8,17	0
19/03/2020 19:40:00	7,57	11,08	11,51	11,27	10,66	9,85	9,07	8,34	7,69	7,07	6,44	5,84	5,24	7,87	0
19/03/2020 19:45:00	7,09	11,17	11,71	11,47	10,81	9,95	9,10	8,31	7,62	6,95	6,27	5,64	5,01	7,97	0
19/03/2020 19:50:00	7,24	11,09	11,64	11,31	10,76	9,84	8,99	8,21	7,53	6,87	6,21	5,58	4,95	7,89	0
19/03/2020 19:55:00	7,62	10,99	11,47	11,27	10,65	9,81	8,96	8,18	7,52	6,86	6,17	5,52	4,86	7,93	0
19/03/2020 20:00:00	7,43	10,93	11,40	11,13	10,55	9,76	8,93	8,18	7,53	6,91	6,28	5,68	5,08	8,03	0
19/03/2020 20:05:00	7,34	10,91	11,45	11,22	10,51	9,75	8,91	8,13	7,46	6,80	6,12	5,49	4,85	7,87	0
19/03/2020 20:10:00	6,76	11,40	12,03	11,75	11,06	10,18	9,27	8,43	7,70	7,00	6,30	5,65	5,00	7,82	0
19/03/2020 20:15:00	7,31	11,17	11,75	11,47	10,84	10,01	9,15	8,35	7,66	6,99	6,31	5,66	5,02	7,50	0
19/03/2020 20:20:00	7,29	11,50	12,04	11,76	11,13	10,25	9,42	8,63	7,94	7,28	6,63	6,01	5,39	7,58	0
19/03/2020 20:25:00	7,54	11,38	11,92	11,67	11,04	10,22	9,39	8,61	7,94	7,29	6,63	6,00	5,38	7,50	0
19/03/2020 20:30:00	7,35	11,39	11,93	11,67	11,05	10,28	9,42	8,64	7,96	7,32	6,67	6,06	5,45	7,25	0
19/03/2020 20:35:00	6,57	11,49	12,19	11,94	11,29	10,34	9,45	8,60	7,85	7,14	6,43	5,76	5,10	7,25	0
19/03/2020 20:40:00	6,83	11,33	12,07	11,88	11,28	10,40	9,51	8,68	7,97	7,27	6,55	5,87	5,19	7,26	0
19/03/2020 20:45:00	7,46	11,11	11,67	11,48	10,88	10,10	9,28	8,53	7,87	7,24	6,58	5,95	5,33	7,15	0
19/03/2020 20:50:00	7,01	11,20	11,88	11,71	11,07	10,26	9,42	8,62	7,92	7,24	6,54	5,88	5,22	7,35	0
19/03/2020 20:55:00	7,04	11,10	11,74	11,54	10,94	10,15	9,31	8,53	7,85	7,19	6,52	5,89	5,26	7,20	0
19/03/2020 21:00:00	6,49	11,25	11,99	11,81	11,10	10,23	9,39	8,58	7,85	7,15	6,44	5,78	5,12	7,01	0
19/03/2020 21:05:00	6,61	11,08	11,76	11,56	10,93	10,12	9,31	8,53	7,83	7,17	6,51	5,89	5,27	6,97	0
19/03/2020 21:10:00	6,52	11,08	11,74	11,54	10,93	10,12	9,26	8,46	7,77	7,11	6,45	5,84	5,22	6,95	0
19/03/2020 21:15:00	6,23	11,45	12,28	12,14	11,45	10,57	9,69	8,85	8,10	7,38	6,65	5,97	5,29	6,94	0
19/03/2020 21:20:00	7,12	11,11	11,76	11,59	11,05	10,29	9,47	8,71	8,05	7,41	6,75	6,13	5,50	6,58	0
19/03/2020 21:25:00	6,24	11,22	12,02	11,85	11,29	10,36	9,51	8,69	7,96	7,26	6,56	5,89	5,23	6,39	0
19/03/2020 21:30:00	6,47	11,08	11,73	11,54	10,91	10,14	9,31	8,53	7,85	7,21	6,57	5,98	5,38	6,41	0
19/03/2020 21:35:00	6,80	11,04	11,61	11,36	10,76	9,98	9,16	8,39	7,73	7,10	6,47	5,89	5,31	6,24	0
19/03/2020 21:40:00	6,44	10,55	11,19	10,99	10,45	9,66	8,90	8,16	7,50	6,87	6,25	5,66	5,07	6,37	0
19/03/2020 21:45:00	6,29	10,64	11,22	10,97	10,32	9,54	8,72	7,95	7,27	6,63	6,00	5,42	4,84	6,20	0
19/03/2020 21:50:00	6,27	10,50	11,07	10,82	10,29	9,53	8,77	8,04	7,40	6,80	6,22	5,68	5,14	6,40	0
19/03/2020 21:55:00	5,96	10,52	11,17	11,00	10,41	9,67	8,86	8,10	7,43	6,80	6,18	5,61	5,03	6,51	0
19/03/2020 22:00:00	6,09	10,47	11,05	10,83	10,23	9,39	8,59	7,82	7,15	6,52	5,90	5,32	4,74	6,26	0
19/03/2020 22:05:00	6,44	10,28	10,84	10,63	10,01	9,25	8,48	7,74	7,08	6,46	5,83	5,25	4,66	6,02	0
19/03/2020 22:10:00	5,77	10,43	11,02	10,79	10,21	9,35	8,53	7,76	7,08	6,44	5,83	5,25	4,68	5,99	0
19/03/2020 22:15:00	5,91	10,31	10,95	10,75	10,28	9,46	8,61	7,83	7,16	6,53	5,89	5,30	4,71	6,07	0
19/03/2020 22:20:00	6,15	10,15	10,72	10,58	9,99	9,25	8,53	7,83	7,18	6,57	5,96	5,39	4,82	6,10	0
19/03/2020 22:25:00	6,33	9,99	10,50	10,30	9,75	9,00	8,29	7,59	6,96	6,37	5,78	5,23	4,68	5,80	0
19/03/2020 22:30:00	5,94	9,62	10,17	10,07	9,46	8,73	7,99	7,28	6,65	6,04	5,43	4,85	4,28	5,76	0
19/03/2020 22:35:00	6,09	9,28	9,71	9,54	9,07	8,38	7,67	7,02	6,44	5,89	5,34	4,82	4,30	5,84	0
19/03/2020 22:40:00	5,59	9,49	9,96	9,75	9,20	8,41	7,71	7,03	6,40	5,82	5,27	4,75	4,23	5,62	0
19/03/2020 22:45:00	5,64	9,37	9,84	9,63	9,16	8,47	7,71	7,01	6,41	5,86	5,32	4,82	4,32	5,66	0
19/03/2020 22:50:00	5,67	9,28	9,76	9,57	9,06	8,34	7,60	6,91	6,30	5,72	5,16	4,63	4,10	5,51	0
19/03/2020 22:55:00	5,40	9,25	9,76	9,66	9,04	8,31	7,62	6,94	6,32	5,74	5,17	4,64	4,10	5,50	0
19/03/2020 23:00:00	5,89	9,04	9,44	9,29	8,83	8,24	7,50	6,84	6,28	5,76	5,25	4,76	4,28	5,30	0
19/03/2020 23:05:00	5,68	9,10	9,51	9,34	8,91	8,24	7,53	6,87	6,30	5,76	5,24	4,76	4,27	5,38	0
19/03/2020 23:10:00	5,46	9,11	9,63	9,51	8,99	8,27	7,54	6,85	6,23	5,65	5,08	4,53	3,98	5,27	0
19/03/2020 23:15:00	5,45	9,05	9,53	9,33	8,84	8,06	7,37	6,69	6,08	5,51	4,94	4,42	3,89	5,18	0
19/03/2020 23:20:00	5,54	8,91	9,36	9,20	8,75	8,04	7,37	6,73	6,15	5,62	5,09	4,59	4,10	5,15	0
19/03/2020 23:25:00	4,84	8,97	9,48	9,34	8,76	8,04	7,32	6,62	6,00	5,43	4,88	4,38	3,87	5,16	0
19/03/2020 23:30:00	5,11	8,86	9,42	9,22	8,72	7,98	7,26	6,57	5,95	5,37	4,80	4,27	3,74	4,86	0
19/03/2020 23:35:00	4,99	8,89	9,38	9,17	8,73	8,00	7,29	6,61	6,01	5,45	4,93	4,44	3,95	5,06	0
19/03/2020 23:40:00	5,22	8,75	9,26	9,09	8,64	7,95	7,25	6,59	6,00	5,45	4,91	4,41	3,90	4,63	0
19/03/2020 23:45:00	4,65	8,81	9,43	9,34	8,79	8,11	7,36	6,65	6,02	5,43	4,86	4,33	3,79	4,36	0
19/03/2020 23:50:00	4,06	8,74	9,47	9,35	8,81	8,00	7,23	6,48	5,80	5,16	4,54	3,96	3,38	4,23	0
19/03/2020 23:55:00	4,15	8,64	9,40	9,31	8,80	8,03	7,24	6,49	5,83	5,20	4,58	4,00	3,42	4,35	0
