FileFormat:0002.2 file with temperature of atmosphere
200
local	GMT or Local
0	GMT-Local=[hours]
0	Height[m]
0	0	0	Longitude                [grd]               [min]               [sec]
0	0	0	Latitude                [grd]               [min]               [sec]
N	NS
59,40	Freq[GHz]
0,00	dTemostat[K]
0,150	MessErr[K]
0,248	//[grad/step]
version 14.0.20110218
MTP5H033F5940K-33.00D180214+A1.1
Commentary:
enter comment
End Of Commentary

SYSTEM\summer.dat
data time	0	50	100	150	200	250	300	350	400	450	500	550	600	OutsideTemperature	Quality
29/06/2020 00:00:00	18,82	19,39	19,19	18,82	18,38	17,94	17,48	17,06	16,67	16,27	15,81	15,34	14,86	18,82	0
29/06/2020 00:05:00	18,80	19,29	19,14	18,70	18,23	17,82	17,37	16,95	16,56	16,16	15,72	15,26	14,81	18,64	0
29/06/2020 00:10:00	18,43	19,03	18,87	18,48	18,10	17,69	17,25	16,85	16,47	16,09	15,66	15,21	14,77	18,59	0
29/06/2020 00:15:00	18,56	18,91	18,68	18,31	17,94	17,52	17,10	16,71	16,35	15,97	15,54	15,10	14,65	18,41	0
29/06/2020 00:20:00	18,36	18,78	18,56	18,17	17,75	17,32	16,89	16,49	16,12	15,73	15,30	14,86	14,42	18,21	0
29/06/2020 00:25:00	18,25	18,77	18,54	18,17	17,72	17,31	16,91	16,53	16,16	15,80	15,39	14,97	14,55	18,11	0
29/06/2020 00:30:00	17,95	18,58	18,41	18,04	17,63	17,17	16,70	16,28	15,88	15,47	15,02	14,55	14,07	18,06	0
29/06/2020 00:35:00	17,78	18,47	18,30	17,95	17,52	17,05	16,64	16,24	15,86	15,47	15,05	14,61	14,17	17,89	0
29/06/2020 00:40:00	17,76	18,30	18,06	17,63	17,26	16,89	16,47	16,09	15,74	15,39	15,01	14,62	14,23	17,70	0
29/06/2020 00:45:00	17,65	18,10	17,97	17,71	17,45	17,08	16,70	16,35	16,01	15,64	15,23	14,80	14,36	17,47	0
29/06/2020 00:50:00	17,34	17,93	17,89	17,60	17,29	16,93	16,57	16,22	15,87	15,50	15,10	14,68	14,25	17,44	0
29/06/2020 00:55:00	17,50	17,90	17,68	17,33	17,00	16,66	16,30	15,95	15,62	15,28	14,92	14,54	14,15	17,21	0
29/06/2020 01:00:00	17,17	17,60	17,46	17,14	16,80	16,42	16,08	15,75	15,41	15,06	14,68	14,29	13,89	17,16	0
29/06/2020 01:05:00	16,85	17,43	17,26	16,93	16,62	16,24	15,87	15,52	15,17	14,83	14,47	14,08	13,70	16,97	0
29/06/2020 01:10:00	16,95	17,43	17,22	16,86	16,51	16,14	15,76	15,39	15,05	14,70	14,33	13,94	13,55	16,84	0
29/06/2020 01:15:00	16,83	17,22	17,03	16,74	16,45	16,13	15,76	15,42	15,09	14,76	14,39	14,00	13,61	16,76	0
29/06/2020 01:20:00	16,82	17,27	17,05	16,68	16,33	15,96	15,58	15,22	14,88	14,54	14,18	13,80	13,42	16,72	0
29/06/2020 01:25:00	16,90	17,13	16,89	16,55	16,24	15,90	15,54	15,21	14,89	14,56	14,21	13,84	13,47	16,70	0
29/06/2020 01:30:00	16,76	17,29	17,09	16,77	16,41	16,02	15,64	15,28	14,93	14,59	14,21	13,81	13,42	16,83	0
29/06/2020 01:35:00	16,83	17,19	16,98	16,65	16,27	15,95	15,60	15,26	14,93	14,60	14,24	13,87	13,50	16,71	0
29/06/2020 01:40:00	16,78	17,23	16,95	16,58	16,22	15,87	15,50	15,15	14,81	14,49	14,14	13,78	13,42	16,65	0
29/06/2020 01:45:00	16,58	17,16	17,01	16,76	16,41	16,02	15,63	15,26	14,90	14,53	14,12	13,69	13,27	16,71	0
29/06/2020 01:50:00	16,71	17,07	16,89	16,59	16,26	15,91	15,54	15,19	14,85	14,50	14,12	13,72	13,32	16,60	0
29/06/2020 01:55:00	16,57	17,13	16,98	16,68	16,32	15,96	15,58	15,22	14,87	14,52	14,14	13,74	13,34	16,61	0
29/06/2020 02:00:00	16,51	17,12	17,02	16,66	16,31	15,95	15,57	15,21	14,86	14,51	14,13	13,74	13,35	16,69	0
29/06/2020 02:05:00	16,75	17,28	17,18	16,84	16,51	16,09	15,71	15,34	14,98	14,61	14,20	13,79	13,37	16,61	0
29/06/2020 02:10:00	16,70	17,15	16,94	16,59	16,21	15,80	15,39	15,00	14,64	14,27	13,87	13,45	13,04	16,64	0
29/06/2020 02:15:00	16,57	16,91	16,67	16,33	15,92	15,54	15,16	14,80	14,45	14,10	13,72	13,33	12,94	16,55	0
29/06/2020 02:20:00	16,39	16,95	16,76	16,44	16,04	15,64	15,22	14,83	14,46	14,09	13,69	13,27	12,85	16,51	0
29/06/2020 02:25:00	16,45	16,89	16,78	16,42	16,03	15,62	15,22	14,84	14,47	14,09	13,68	13,26	12,83	16,67	0
29/06/2020 02:30:00	16,18	16,89	16,75	16,38	16,01	15,62	15,22	14,83	14,46	14,09	13,71	13,31	12,91	16,59	0
29/06/2020 02:35:00	16,05	17,21	17,17	16,85	16,47	16,02	15,60	15,18	14,78	14,39	13,97	13,54	13,12	16,57	0
29/06/2020 02:40:00	16,32	16,95	16,91	16,62	16,24	15,89	15,52	15,16	14,80	14,44	14,05	13,64	13,23	16,35	0
29/06/2020 02:45:00	16,10	16,84	16,83	16,61	16,32	15,98	15,64	15,30	14,95	14,60	14,21	13,80	13,40	16,24	0
29/06/2020 02:50:00	16,00	16,94	16,92	16,64	16,28	15,90	15,51	15,13	14,76	14,39	13,99	13,57	13,16	16,15	0
29/06/2020 02:55:00	15,97	16,74	16,77	16,52	16,21	15,86	15,47	15,09	14,73	14,35	13,94	13,51	13,08	16,07	0
29/06/2020 03:00:00	16,07	16,71	16,74	16,49	16,20	15,83	15,45	15,09	14,72	14,35	13,92	13,48	13,04	15,98	0
29/06/2020 03:05:00	15,90	16,60	16,50	16,16	15,81	15,43	15,04	14,67	14,31	13,95	13,57	13,18	12,79	15,88	0
29/06/2020 03:10:00	15,77	16,49	16,41	16,09	15,76	15,39	14,98	14,59	14,23	13,86	13,46	13,06	12,65	15,79	0
29/06/2020 03:15:00	15,72	16,61	16,56	16,23	15,82	15,44	15,00	14,59	14,20	13,81	13,40	12,98	12,55	15,78	0
29/06/2020 03:20:00	15,79	16,22	16,05	15,71	15,34	14,94	14,52	14,13	13,76	13,39	12,99	12,58	12,17	15,72	0
29/06/2020 03:25:00	15,76	16,26	16,13	15,80	15,40	15,01	14,62	14,25	13,88	13,51	13,12	12,71	12,31	15,76	0
29/06/2020 03:30:00	15,64	16,26	16,20	15,91	15,53	15,19	14,79	14,42	14,05	13,69	13,29	12,87	12,46	15,77	0
29/06/2020 03:35:00	15,71	16,20	16,07	15,74	15,39	14,99	14,61	14,24	13,88	13,52	13,13	12,72	12,32	15,49	0
29/06/2020 03:40:00	15,51	15,96	15,85	15,51	15,18	14,84	14,45	14,09	13,73	13,38	13,00	12,61	12,22	15,44	0
29/06/2020 03:45:00	15,24	15,88	15,84	15,54	15,22	14,89	14,50	14,12	13,77	13,41	13,02	12,62	12,22	15,30	0
29/06/2020 03:50:00	15,22	15,76	15,68	15,37	15,01	14,65	14,28	13,92	13,56	13,20	12,81	12,42	12,02	15,29	0
29/06/2020 03:55:00	15,36	15,82	15,68	15,37	15,04	14,69	14,31	13,94	13,60	13,25	12,88	12,49	12,10	15,19	0
29/06/2020 04:00:00	15,25	15,95	15,87	15,53	15,16	14,78	14,37	13,98	13,61	13,24	12,84	12,44	12,04	15,17	0
29/06/2020 04:05:00	15,17	15,86	15,74	15,39	15,05	14,69	14,29	13,91	13,55	13,20	12,83	12,45	12,07	15,11	0
29/06/2020 04:10:00	15,20	15,77	15,65	15,37	15,09	14,77	14,35	13,97	13,62	13,27	12,89	12,49	12,09	15,07	0
29/06/2020 04:15:00	15,18	15,71	15,56	15,25	14,94	14,62	14,25	13,90	13,56	13,23	12,88	12,51	12,15	15,09	0
29/06/2020 04:20:00	15,40	15,67	15,39	15,08	14,73	14,41	14,06	13,73	13,41	13,10	12,77	12,42	12,07	14,99	0
29/06/2020 04:25:00	15,05	15,32	15,00	14,67	14,36	14,00	13,68	13,37	13,06	12,76	12,46	12,14	11,82	14,92	0
29/06/2020 04:30:00	14,88	15,18	14,87	14,60	14,32	13,97	13,67	13,36	13,06	12,77	12,46	12,14	11,82	15,03	0
29/06/2020 04:35:00	14,85	15,14	14,89	14,57	14,28	13,95	13,59	13,25	12,94	12,63	12,31	11,97	11,63	14,65	0
29/06/2020 04:40:00	14,82	15,19	14,90	14,58	14,26	13,95	13,60	13,28	12,97	12,67	12,37	12,06	11,74	14,86	0
29/06/2020 04:45:00	14,74	14,96	14,71	14,38	14,09	13,77	13,42	13,09	12,78	12,47	12,16	11,82	11,48	14,77	0
29/06/2020 04:50:00	14,76	14,87	14,51	14,16	13,86	13,56	13,24	12,94	12,64	12,37	12,09	11,79	11,50	14,53	0
29/06/2020 04:55:00	14,62	14,80	14,51	14,16	13,87	13,58	13,23	12,91	12,60	12,31	12,02	11,70	11,39	14,47	0
29/06/2020 05:00:00	14,50	14,77	14,49	14,12	13,81	13,50	13,17	12,85	12,55	12,26	11,97	11,67	11,36	14,45	0
29/06/2020 05:05:00	14,36	14,73	14,52	14,18	13,84	13,49	13,11	12,75	12,41	12,08	11,73	11,37	11,02	14,47	0
29/06/2020 05:10:00	14,16	14,65	14,43	14,07	13,75	13,45	13,08	12,73	12,41	12,11	11,80	11,49	11,17	14,25	0
29/06/2020 05:15:00	14,22	14,67	14,43	14,08	13,70	13,38	13,00	12,64	12,31	11,99	11,67	11,34	11,01	14,39	0
29/06/2020 05:20:00	14,41	14,55	14,26	13,90	13,57	13,28	12,95	12,63	12,33	12,04	11,74	11,44	11,13	14,32	0
29/06/2020 05:25:00	14,49	14,47	14,14	13,75	13,45	13,19	12,91	12,63	12,34	12,08	11,83	11,56	11,29	14,34	0
29/06/2020 05:30:00	14,43	14,46	14,10	13,77	13,49	13,23	12,98	12,73	12,46	12,22	11,98	11,72	11,47	14,35	0
29/06/2020 05:35:00	14,27	14,31	14,07	13,76	13,52	13,29	13,01	12,75	12,47	12,21	11,94	11,66	11,38	14,31	0
29/06/2020 05:40:00	14,49	14,36	13,95	13,60	13,33	13,10	12,82	12,55	12,29	12,04	11,81	11,55	11,29	14,32	0
29/06/2020 05:45:00	14,51	14,39	13,98	13,63	13,33	13,08	12,80	12,53	12,26	12,01	11,77	11,51	11,24	14,14	0
29/06/2020 05:50:00	14,21	14,25	13,93	13,67	13,43	13,17	12,90	12,63	12,36	12,10	11,84	11,56	11,28	13,94	0
29/06/2020 05:55:00	14,03	14,06	13,70	13,32	13,00	12,69	12,39	12,10	11,81	11,54	11,27	11,00	10,72	14,15	0
29/06/2020 06:00:00	14,35	14,11	13,52	13,18	12,94	12,73	12,49	12,26	12,03	11,84	11,67	11,47	11,28	14,22	0
29/06/2020 06:05:00	14,85	14,46	13,87	13,48	13,09	12,80	12,50	12,21	11,94	11,69	11,45	11,19	10,93	14,61	0
29/06/2020 06:10:00	14,68	14,40	13,71	13,26	12,90	12,57	12,23	11,93	11,66	11,41	11,19	10,94	10,70	14,70	0
29/06/2020 06:15:00	14,41	14,23	13,70	13,22	12,80	12,52	12,24	11,97	11,69	11,45	11,24	11,02	10,80	14,43	0
29/06/2020 06:20:00	14,29	14,01	13,38	12,95	12,60	12,37	12,05	11,76	11,51	11,29	11,09	10,88	10,67	14,16	0
29/06/2020 06:25:00	14,38	14,04	13,21	12,64	12,24	11,97	11,73	11,49	11,27	11,10	11,00	10,88	10,77	14,20	0
29/06/2020 06:30:00	14,43	13,94	13,27	12,83	12,46	12,15	11,85	11,58	11,32	11,08	10,86	10,63	10,40	14,29	0
29/06/2020 06:35:00	14,48	13,93	13,24	12,82	12,40	12,06	11,81	11,57	11,31	11,08	10,88	10,66	10,44	14,17	0
29/06/2020 06:40:00	14,85	14,26	13,52	13,10	12,68	12,27	11,86	11,51	11,21	10,92	10,62	10,30	9,98	14,20	0
29/06/2020 06:45:00	14,71	14,19	13,45	12,97	12,54	12,18	11,89	11,61	11,35	11,11	10,90	10,67	10,44	14,14	0
29/06/2020 06:50:00	14,70	14,10	13,38	12,86	12,39	12,04	11,75	11,47	11,19	10,95	10,74	10,51	10,28	14,29	0
29/06/2020 06:55:00	14,55	14,14	13,49	13,01	12,60	12,24	11,93	11,64	11,36	11,11	10,88	10,64	10,39	14,34	0
29/06/2020 07:00:00	15,16	14,28	13,49	12,99	12,64	12,28	11,96	11,67	11,42	11,18	10,95	10,70	10,45	14,46	0
29/06/2020 07:05:00	14,84	14,21	13,51	13,07	12,68	12,33	11,98	11,68	11,40	11,15	10,90	10,63	10,36	14,39	0
29/06/2020 07:10:00	15,02	14,30	13,57	12,97	12,55	12,22	11,85	11,53	11,26	11,01	10,78	10,54	10,30	14,66	0
29/06/2020 07:15:00	15,30	14,36	13,56	13,06	12,57	12,20	11,87	11,58	11,31	11,06	10,82	10,56	10,30	15,12	0
29/06/2020 07:20:00	15,23	14,57	13,88	13,40	12,99	12,57	12,13	11,76	11,45	11,15	10,83	10,50	10,16	15,35	0
29/06/2020 07:25:00	15,05	14,66	13,97	13,39	12,88	12,42	12,05	11,70	11,38	11,09	10,82	10,54	10,25	14,97	0
29/06/2020 07:30:00	15,43	14,88	14,10	13,59	13,15	12,70	12,34	12,02	11,72	11,45	11,19	10,91	10,63	15,46	0
29/06/2020 07:35:00	15,41	14,96	14,22	13,70	13,26	12,81	12,43	12,09	11,79	11,52	11,25	10,96	10,68	15,25	0
29/06/2020 07:40:00	15,69	15,04	14,14	13,57	13,08	12,63	12,23	11,89	11,60	11,33	11,08	10,81	10,54	15,44	0
29/06/2020 07:45:00	15,50	15,00	14,09	13,54	13,11	12,65	12,21	11,85	11,55	11,28	11,03	10,75	10,48	15,07	0
29/06/2020 07:50:00	15,26	14,80	14,27	13,74	13,28	12,84	12,47	12,12	11,79	11,48	11,17	10,84	10,51	15,20	0
29/06/2020 07:55:00	15,92	14,94	14,19	13,65	13,22	12,85	12,49	12,18	11,91	11,65	11,39	11,10	10,82	15,24	0
29/06/2020 08:00:00	16,13	15,34	14,41	13,88	13,33	12,84	12,42	12,05	11,75	11,45	11,15	10,84	10,52	15,47	0
29/06/2020 08:05:00	16,22	15,22	14,25	13,60	13,07	12,63	12,19	11,83	11,53	11,25	10,98	10,69	10,41	15,94	0
29/06/2020 08:10:00	16,23	15,09	14,26	13,60	13,06	12,62	12,22	11,87	11,56	11,26	10,97	10,67	10,36	15,82	0
29/06/2020 08:15:00	16,10	14,99	14,12	13,66	13,19	12,75	12,38	12,07	11,78	11,50	11,21	10,89	10,57	15,74	0
29/06/2020 08:20:00	16,03	15,15	14,29	13,71	13,25	12,78	12,35	11,99	11,69	11,39	11,10	10,79	10,48	15,52	0
29/06/2020 08:25:00	16,24	15,33	14,55	13,92	13,37	12,92	12,49	12,13	11,81	11,50	11,19	10,87	10,55	16,03	0
29/06/2020 08:30:00	16,65	15,15	14,31	13,79	13,38	13,00	12,65	12,35	12,08	11,81	11,52	11,20	10,89	16,32	0
29/06/2020 08:35:00	16,77	15,51	14,65	14,15	13,72	13,19	12,70	12,31	11,99	11,64	11,25	10,84	10,42	16,50	0
29/06/2020 08:40:00	16,89	15,34	14,43	13,85	13,44	13,03	12,59	12,24	11,96	11,67	11,35	11,00	10,65	16,91	0
29/06/2020 08:45:00	16,69	15,52	14,58	13,97	13,49	13,01	12,61	12,27	11,97	11,69	11,40	11,09	10,78	16,54	0
29/06/2020 08:50:00	17,06	15,53	14,65	14,05	13,55	13,12	12,69	12,33	12,03	11,72	11,39	11,03	10,67	16,71	0
29/06/2020 08:55:00	17,23	15,82	14,81	14,31	13,87	13,37	12,87	12,48	12,18	11,85	11,48	11,08	10,68	17,05	0
29/06/2020 09:00:00	16,58	15,66	14,75	14,22	13,66	13,20	12,77	12,41	12,10	11,80	11,49	11,16	10,83	16,24	0
29/06/2020 09:05:00	17,12	15,79	14,72	13,96	13,41	12,99	12,59	12,26	11,99	11,74	11,52	11,27	11,03	16,57	0
29/06/2020 09:10:00	17,00	15,98	15,16	14,66	14,13	13,53	13,02	12,60	12,24	11,86	11,43	10,98	10,54	16,40	0
29/06/2020 09:15:00	17,07	16,41	15,38	14,67	14,00	13,31	12,76	12,30	11,92	11,55	11,18	10,80	10,42	16,93	0
29/06/2020 09:20:00	16,92	16,11	15,18	14,45	13,87	13,37	12,91	12,52	12,19	11,89	11,60	11,30	11,00	16,75	0
29/06/2020 09:25:00	17,13	16,23	15,24	14,63	14,15	13,48	12,91	12,46	12,10	11,73	11,33	10,91	10,49	17,00	0
29/06/2020 09:30:00	17,88	16,07	14,94	14,32	13,81	13,34	12,89	12,55	12,27	11,97	11,66	11,31	10,97	17,34	0
29/06/2020 09:35:00	17,95	16,18	15,03	14,46	13,92	13,39	12,95	12,60	12,30	11,99	11,64	11,27	10,90	17,71	1
29/06/2020 09:40:00	17,71	16,36	15,16	14,58	14,11	13,62	13,16	12,80	12,52	12,24	11,95	11,63	11,31	16,91	0
29/06/2020 09:45:00	17,86	16,40	15,20	14,64	14,14	13,65	13,25	12,92	12,65	12,39	12,11	11,80	11,50	17,12	0
29/06/2020 09:50:00	18,25	16,67	15,17	14,49	13,95	13,47	13,07	12,76	12,52	12,31	12,12	11,90	11,68	17,30	1
29/06/2020 09:55:00	17,75	16,96	15,88	15,26	14,51	13,70	13,09	12,58	12,16	11,72	11,26	10,78	10,30	17,04	0
29/06/2020 10:00:00	17,86	16,75	15,54	14,94	14,39	13,81	13,33	12,95	12,64	12,33	12,02	11,68	11,35	17,07	0
29/06/2020 10:05:00	18,07	16,68	15,42	14,69	14,05	13,54	13,10	12,74	12,45	12,18	11,91	11,63	11,35	17,67	0
29/06/2020 10:10:00	18,34	16,83	15,47	14,83	14,21	13,65	13,19	12,83	12,54	12,25	11,96	11,64	11,32	18,14	1
29/06/2020 10:15:00	18,37	17,14	15,78	14,94	14,20	13,56	13,02	12,59	12,25	11,93	11,62	11,29	10,97	17,80	1
29/06/2020 10:20:00	18,74	17,06	15,58	14,87	14,32	13,83	13,39	13,06	12,81	12,58	12,35	12,10	11,84	17,72	1
29/06/2020 10:25:00	19,41	16,85	15,21	14,42	13,85	13,40	13,04	12,78	12,58	12,40	12,23	12,02	11,82	17,89	1
29/06/2020 10:30:00	17,86	16,96	16,22	15,65	15,11	14,66	14,15	13,73	13,38	13,01	12,61	12,19	11,76	18,86	0
29/06/2020 10:35:00	16,76	16,85	16,51	16,01	15,42	14,82	14,29	13,81	13,38	12,94	12,46	11,96	11,47	17,11	0
29/06/2020 10:40:00	19,03	17,57	16,12	15,40	14,78	14,17	13,63	13,22	12,90	12,60	12,28	11,93	11,59	18,07	1
29/06/2020 10:45:00	18,84	17,33	15,66	14,88	14,21	13,65	13,18	12,81	12,54	12,30	12,09	11,85	11,61	17,74	1
29/06/2020 10:50:00	18,65	17,70	16,22	15,34	14,55	13,81	13,23	12,77	12,41	12,09	11,79	11,48	11,17	18,63	1
29/06/2020 10:55:00	18,25	17,29	15,90	15,10	14,47	13,95	13,49	13,13	12,85	12,62	12,42	12,20	11,99	17,86	0
29/06/2020 11:00:00	17,84	17,08	16,05	15,44	14,87	14,21	13,68	13,24	12,88	12,52	12,14	11,74	11,33	18,66	0
29/06/2020 11:05:00	17,48	17,07	16,21	15,55	14,90	14,24	13,67	13,18	12,79	12,39	11,98	11,55	11,13	17,57	0
29/06/2020 11:10:00	19,05	17,22	15,54	14,86	14,35	13,91	13,52	13,23	13,02	12,84	12,68	12,49	12,29	17,58	1
29/06/2020 11:15:00	17,79	17,51	16,69	16,04	15,32	14,56	13,91	13,36	12,91	12,45	11,96	11,45	10,95	18,07	0
29/06/2020 11:20:00	19,68	17,23	15,40	14,62	14,02	13,57	13,23	12,99	12,81	12,66	12,55	12,39	12,24	18,50	1
29/06/2020 11:25:00	18,15	17,50	16,36	15,68	15,09	14,53	13,97	13,52	13,18	12,85	12,51	12,15	11,80	18,10	0
29/06/2020 11:30:00	17,37	17,14	16,64	16,07	15,45	14,79	14,16	13,63	13,18	12,70	12,16	11,61	11,06	18,26	0
29/06/2020 11:35:00	18,68	17,32	15,77	15,03	14,40	13,85	13,35	12,98	12,70	12,45	12,21	11,95	11,69	17,87	1
29/06/2020 11:40:00	18,36	16,95	16,08	15,49	15,00	14,48	13,98	13,58	13,25	12,90	12,50	12,07	11,64	18,35	0
29/06/2020 11:45:00	18,19	17,33	16,25	15,66	15,01	14,38	13,85	13,41	13,05	12,69	12,30	11,89	11,49	17,89	0
29/06/2020 11:50:00	18,95	17,29	16,03	15,52	14,99	14,50	14,07	13,74	13,47	13,19	12,88	12,53	12,19	18,38	0
29/06/2020 11:55:00	20,25	17,73	15,92	15,11	14,43	13,82	13,37	13,04	12,79	12,55	12,30	12,03	11,75	19,37	1
29/06/2020 12:00:00	17,57	17,33	16,85	16,47	15,98	15,34	14,68	14,13	13,69	13,20	12,61	12,00	11,39	17,84	0
29/06/2020 12:05:00	17,50	17,11	16,44	15,79	15,26	14,68	14,10	13,62	13,23	12,83	12,40	11,96	11,52	17,90	0
29/06/2020 12:10:00	18,96	17,30	16,00	15,42	14,91	14,42	13,95	13,59	13,31	13,02	12,70	12,35	12,00	18,08	1
29/06/2020 12:15:00	19,43	17,53	16,12	15,43	14,92	14,42	13,93	13,57	13,30	13,02	12,72	12,38	12,04	18,47	1
29/06/2020 12:20:00	19,64	17,67	15,94	15,17	14,65	14,19	13,83	13,57	13,38	13,22	13,09	12,92	12,76	18,81	1
29/06/2020 12:25:00	19,44	18,02	16,59	15,79	15,12	14,52	14,04	13,65	13,35	13,07	12,80	12,51	12,21	18,61	1
29/06/2020 12:30:00	19,21	17,87	16,71	16,11	15,55	14,90	14,35	13,91	13,57	13,20	12,79	12,35	11,90	18,58	0
29/06/2020 12:35:00	19,70	17,92	16,39	15,59	15,08	14,64	14,22	13,90	13,68	13,48	13,29	13,08	12,86	18,11	1
29/06/2020 12:40:00	18,92	17,48	16,61	16,03	15,43	14,83	14,32	13,90	13,53	13,13	12,68	12,20	11,72	18,92	0
29/06/2020 12:45:00	17,55	17,53	16,93	16,27	15,67	15,09	14,51	14,02	13,61	13,19	12,76	12,32	11,88	18,27	0
29/06/2020 12:50:00	19,40	17,68	16,86	16,26	15,67	15,13	14,57	14,13	13,75	13,33	12,83	12,30	11,77	18,82	0
29/06/2020 12:55:00	19,09	17,28	16,43	15,76	15,32	14,92	14,50	14,16	13,88	13,57	13,22	12,85	12,47	18,95	0
29/06/2020 13:00:00	19,53	17,49	16,74	16,00	15,44	14,91	14,45	14,06	13,72	13,34	12,90	12,44	11,98	19,57	1
29/06/2020 13:05:00	19,05	17,28	16,73	16,27	15,84	15,39	14,99	14,65	14,33	13,95	13,49	13,01	12,52	18,95	0
29/06/2020 13:10:00	18,99	17,59	16,79	16,18	15,68	15,18	14,77	14,42	14,11	13,77	13,41	13,01	12,62	18,32	0
29/06/2020 13:15:00	17,91	17,81	17,18	16,57	15,97	15,33	14,75	14,25	13,83	13,40	12,93	12,46	11,98	19,10	0
29/06/2020 13:20:00	17,70	17,93	17,36	16,78	16,10	15,39	14,81	14,29	13,84	13,39	12,90	12,41	11,91	18,76	0
29/06/2020 13:25:00	18,50	18,45	17,08	16,26	15,58	14,93	14,36	13,90	13,56	13,26	13,01	12,75	12,49	19,20	0
29/06/2020 13:30:00	18,60	18,10	16,86	16,18	15,51	14,85	14,27	13,80	13,44	13,10	12,76	12,40	12,04	18,85	0
29/06/2020 13:35:00	19,07	17,72	16,47	15,82	15,27	14,77	14,30	13,93	13,64	13,36	13,06	12,73	12,41	18,79	0
29/06/2020 13:40:00	19,74	17,94	16,38	15,61	15,00	14,47	14,01	13,66	13,40	13,15	12,91	12,63	12,36	19,14	1
29/06/2020 13:45:00	19,34	17,81	16,73	16,13	15,64	15,17	14,67	14,29	13,99	13,66	13,30	12,89	12,49	18,81	0
29/06/2020 13:50:00	19,51	17,97	16,60	16,00	15,36	14,82	14,36	14,00	13,72	13,43	13,12	12,79	12,45	18,64	1
29/06/2020 13:55:00	19,73	18,18	16,91	16,04	15,38	14,83	14,35	13,96	13,65	13,36	13,07	12,76	12,45	19,61	1
29/06/2020 14:00:00	19,79	18,21	16,81	16,00	15,33	14,89	14,43	14,07	13,80	13,54	13,30	13,03	12,76	19,07	1
29/06/2020 14:05:00	19,73	18,17	16,99	16,29	15,75	15,19	14,71	14,32	14,01	13,69	13,34	12,96	12,59	19,31	1
29/06/2020 14:10:00	20,20	18,77	17,30	16,53	15,79	15,13	14,59	14,15	13,82	13,48	13,13	12,76	12,39	19,92	1
29/06/2020 14:15:00	20,09	18,86	17,32	16,63	15,98	15,31	14,70	14,24	13,89	13,53	13,15	12,74	12,32	19,71	1
29/06/2020 14:20:00	18,16	17,88	17,23	16,66	16,15	15,60	15,08	14,65	14,27	13,89	13,47	13,04	12,61	18,67	0
29/06/2020 14:25:00	19,79	18,35	16,98	16,32	15,72	15,13	14,64	14,26	13,96	13,65	13,33	12,98	12,63	19,64	1
29/06/2020 14:30:00	20,23	18,27	16,63	15,99	15,44	14,96	14,61	14,34	14,12	13,92	13,73	13,50	13,27	19,10	1
29/06/2020 14:35:00	20,84	18,73	17,33	16,72	16,15	15,46	14,89	14,45	14,11	13,73	13,28	12,78	12,29	20,76	1
29/06/2020 14:40:00	20,64	18,82	17,31	16,44	15,72	15,15	14,63	14,23	13,92	13,62	13,32	12,99	12,66	20,21	1
29/06/2020 14:45:00	19,38	18,62	17,62	16,97	16,35	15,68	15,13	14,67	14,29	13,90	13,48	13,04	12,60	19,87	0
29/06/2020 14:50:00	20,08	18,47	17,08	16,42	15,84	15,31	14,86	14,51	14,23	13,95	13,65	13,33	13,00	20,15	1
29/06/2020 14:55:00	20,31	18,74	17,28	16,54	15,94	15,39	14,92	14,55	14,27	13,99	13,71	13,40	13,09	20,04	1
29/06/2020 15:00:00	19,90	18,70	17,44	16,73	16,19	15,57	14,99	14,55	14,21	13,86	13,48	13,07	12,66	19,19	0
29/06/2020 15:05:00	20,37	18,22	17,04	16,36	15,87	15,37	14,95	14,62	14,35	14,05	13,71	13,34	12,97	20,07	1
29/06/2020 15:10:00	17,81	18,09	17,80	17,37	16,90	16,32	15,76	15,27	14,84	14,39	13,87	13,33	12,80	19,71	0
29/06/2020 15:15:00	20,25	18,98	17,39	16,54	15,77	15,15	14,66	14,27	13,96	13,69	13,44	13,17	12,90	19,66	1
29/06/2020 15:20:00	19,86	18,68	17,57	17,04	16,47	15,93	15,47	15,09	14,77	14,43	14,06	13,66	13,26	19,69	0
29/06/2020 15:25:00	19,58	18,80	17,69	17,00	16,43	15,87	15,30	14,85	14,50	14,15	13,77	13,37	12,97	19,21	0
29/06/2020 15:30:00	20,10	18,77	17,41	16,74	16,09	15,50	15,06	14,70	14,41	14,12	13,83	13,52	13,20	20,65	1
29/06/2020 15:35:00	19,94	18,44	17,31	16,67	16,16	15,65	15,19	14,83	14,53	14,22	13,88	13,51	13,13	20,44	0
29/06/2020 15:40:00	19,75	18,74	17,43	16,80	16,18	15,67	15,25	14,91	14,62	14,35	14,08	13,80	13,51	19,64	0
29/06/2020 15:45:00	20,21	19,03	17,77	16,86	16,11	15,44	14,89	14,43	14,07	13,71	13,35	12,98	12,62	19,99	1
29/06/2020 15:50:00	19,85	18,56	17,42	16,84	16,26	15,73	15,29	14,93	14,62	14,30	13,96	13,59	13,22	19,77	0
29/06/2020 15:55:00	20,33	18,55	17,33	16,68	16,22	15,76	15,36	15,04	14,78	14,51	14,21	13,87	13,54	20,18	0
29/06/2020 16:00:00	19,05	19,06	18,20	17,59	16,92	16,19	15,57	15,05	14,62	14,18	13,72	13,24	12,76	19,97	0
29/06/2020 16:05:00	20,28	19,17	17,80	17,11	16,52	16,00	15,55	15,19	14,91	14,64	14,38	14,09	13,80	20,57	0
29/06/2020 16:10:00	20,07	18,93	17,81	17,06	16,41	15,83	15,30	14,87	14,52	14,17	13,80	13,41	13,01	20,49	0
29/06/2020 16:15:00	20,22	19,02	17,69	17,05	16,45	15,90	15,42	15,05	14,75	14,45	14,13	13,79	13,45	20,06	0
29/06/2020 16:20:00	20,24	18,83	17,72	17,16	16,66	16,24	15,79	15,44	15,15	14,84	14,49	14,10	13,71	20,14	0
29/06/2020 16:25:00	20,55	19,25	17,99	17,43	16,95	16,32	15,74	15,29	14,95	14,57	14,14	13,66	13,19	20,62	0
29/06/2020 16:30:00	19,97	18,99	17,92	17,29	16,64	16,04	15,50	15,06	14,70	14,32	13,90	13,47	13,03	19,89	0
29/06/2020 16:35:00	19,83	18,80	17,86	17,23	16,63	16,08	15,56	15,14	14,78	14,41	14,00	13,57	13,14	20,73	0
29/06/2020 16:40:00	20,48	18,83	17,63	17,02	16,51	16,00	15,59	15,26	14,98	14,69	14,38	14,02	13,67	20,99	0
29/06/2020 16:45:00	20,42	19,13	17,88	17,26	16,65	16,08	15,58	15,17	14,85	14,51	14,14	13,73	13,33	20,34	0
29/06/2020 16:50:00	20,24	19,20	18,01	17,25	16,55	15,96	15,38	14,92	14,56	14,20	13,82	13,41	13,01	19,84	0
29/06/2020 16:55:00	20,66	18,99	17,80	17,04	16,32	15,70	15,19	14,78	14,43	14,07	13,68	13,26	12,85	20,17	1
29/06/2020 17:00:00	19,92	18,91	17,75	17,01	16,45	15,90	15,39	14,98	14,65	14,33	13,99	13,64	13,28	19,57	0
29/06/2020 17:05:00	19,57	18,77	17,89	17,32	16,72	16,16	15,61	15,17	14,80	14,40	13,96	13,50	13,03	19,56	0
29/06/2020 17:10:00	19,87	18,79	17,97	17,44	16,90	16,33	15,84	15,43	15,08	14,69	14,25	13,78	13,31	19,56	0
29/06/2020 17:15:00	19,86	18,91	17,92	17,32	16,77	16,21	15,71	15,30	14,96	14,60	14,21	13,79	13,37	20,45	0
29/06/2020 17:20:00	19,80	18,92	18,07	17,50	16,94	16,37	15,91	15,51	15,17	14,81	14,41	13,98	13,56	20,17	0
29/06/2020 17:25:00	20,16	19,11	17,95	17,31	16,69	16,15	15,69	15,31	14,99	14,67	14,34	13,98	13,62	20,71	0
29/06/2020 17:30:00	19,86	18,56	17,70	17,15	16,70	16,22	15,76	15,39	15,08	14,73	14,34	13,90	13,47	20,06	0
29/06/2020 17:35:00	18,76	18,92	18,40	17,91	17,42	16,80	16,13	15,58	15,14	14,66	14,11	13,53	12,96	19,89	0
29/06/2020 17:40:00	19,25	18,44	17,89	17,35	16,88	16,39	15,89	15,47	15,10	14,70	14,24	13,75	13,26	19,61	0
29/06/2020 17:45:00	19,47	18,83	18,13	17,63	17,14	16,60	16,08	15,64	15,27	14,87	14,41	13,92	13,43	20,27	0
29/06/2020 17:50:00	18,42	18,85	18,55	18,13	17,55	16,86	16,25	15,71	15,24	14,73	14,15	13,55	12,95	20,14	0
29/06/2020 17:55:00	18,45	18,62	18,22	17,82	17,31	16,72	16,16	15,67	15,24	14,78	14,26	13,71	13,16	19,66	0
29/06/2020 18:00:00	18,41	18,73	18,40	17,84	17,21	16,63	16,08	15,59	15,15	14,69	14,20	13,69	13,19	19,77	0
29/06/2020 18:05:00	17,89	18,62	18,42	18,05	17,53	16,93	16,34	15,83	15,37	14,89	14,34	13,77	13,20	19,87	0
29/06/2020 18:10:00	19,37	18,65	17,85	17,28	16,85	16,35	15,84	15,42	15,08	14,72	14,31	13,88	13,45	19,89	0
29/06/2020 18:15:00	19,49	18,84	18,04	17,41	16,76	16,19	15,66	15,21	14,83	14,44	14,01	13,56	13,12	20,30	0
29/06/2020 18:20:00	19,13	18,85	18,15	17,59	17,00	16,43	15,85	15,36	14,96	14,54	14,06	13,57	13,08	19,62	0
29/06/2020 18:25:00	19,30	18,80	18,07	17,41	16,76	16,22	15,68	15,22	14,84	14,45	14,03	13,59	13,16	19,81	0
29/06/2020 18:30:00	19,10	18,55	17,84	17,30	16,70	16,10	15,59	15,15	14,76	14,36	13,90	13,43	12,96	19,53	0
29/06/2020 18:35:00	19,07	18,70	17,94	17,32	16,75	16,17	15,64	15,19	14,81	14,42	14,00	13,57	13,13	19,62	0
29/06/2020 18:40:00	18,69	18,38	18,03	17,62	17,17	16,64	16,06	15,58	15,16	14,69	14,14	13,55	12,97	19,82	0
29/06/2020 18:45:00	19,01	18,67	18,05	17,53	16,99	16,36	15,80	15,32	14,91	14,47	13,98	13,47	12,95	20,00	0
29/06/2020 18:50:00	18,89	18,64	17,90	17,44	16,98	16,43	15,91	15,47	15,11	14,73	14,30	13,85	13,40	20,13	0
29/06/2020 18:55:00	18,86	18,61	17,98	17,50	16,98	16,36	15,75	15,24	14,82	14,36	13,84	13,29	12,74	20,31	0
29/06/2020 19:00:00	18,09	18,59	18,33	17,85	17,22	16,51	15,87	15,30	14,80	14,27	13,67	13,05	12,44	19,76	0
29/06/2020 19:05:00	18,34	18,32	17,91	17,44	16,99	16,49	15,95	15,49	15,10	14,67	14,19	13,69	13,19	19,46	0
29/06/2020 19:10:00	18,73	18,42	17,68	17,17	16,63	16,07	15,56	15,12	14,74	14,35	13,92	13,47	13,03	19,74	0
29/06/2020 19:15:00	18,56	18,26	17,71	17,23	16,71	16,13	15,62	15,18	14,78	14,36	13,89	13,39	12,90	20,03	0
29/06/2020 19:20:00	17,02	18,22	18,31	17,96	17,47	16,84	16,21	15,65	15,14	14,60	13,99	13,36	12,74	19,53	0
29/06/2020 19:25:00	18,09	18,33	18,02	17,64	17,09	16,48	15,90	15,39	14,93	14,44	13,88	13,30	12,71	19,39	0
29/06/2020 19:30:00	18,03	18,40	18,08	17,64	17,15	16,53	15,93	15,40	14,95	14,47	13,92	13,36	12,79	19,87	0
29/06/2020 19:35:00	18,09	18,27	17,94	17,58	17,07	16,47	15,87	15,35	14,90	14,40	13,82	13,22	12,62	19,38	0
29/06/2020 19:40:00	17,79	18,09	17,87	17,45	16,95	16,30	15,72	15,20	14,74	14,24	13,67	13,08	12,50	18,84	0
29/06/2020 19:45:00	17,75	18,01	17,71	17,25	16,77	16,19	15,60	15,09	14,65	14,17	13,64	13,08	12,53	18,83	0
29/06/2020 19:50:00	17,56	17,93	17,75	17,29	16,76	16,16	15,57	15,04	14,58	14,08	13,52	12,94	12,37	18,48	0
29/06/2020 19:55:00	17,27	17,78	17,78	17,42	16,92	16,37	15,81	15,30	14,83	14,33	13,74	13,15	12,55	18,64	0
29/06/2020 20:00:00	17,41	17,68	17,67	17,28	16,83	16,30	15,76	15,27	14,82	14,33	13,76	13,18	12,59	18,84	0
29/06/2020 20:05:00	17,03	17,74	17,79	17,38	16,84	16,29	15,71	15,18	14,70	14,19	13,61	13,02	12,43	18,71	0
29/06/2020 20:10:00	16,61	17,72	17,83	17,49	17,00	16,37	15,79	15,26	14,76	14,23	13,63	13,02	12,41	18,41	0
29/06/2020 20:15:00	16,92	18,00	18,06	17,69	17,22	16,63	16,02	15,47	14,98	14,46	13,87	13,27	12,67	18,32	0
29/06/2020 20:20:00	17,09	18,22	18,27	17,95	17,49	16,91	16,32	15,78	15,30	14,79	14,20	13,60	13,01	18,39	0
29/06/2020 20:25:00	16,58	18,16	18,30	17,96	17,47	16,86	16,27	15,72	15,22	14,70	14,12	13,53	12,95	18,35	0
29/06/2020 20:30:00	16,39	18,16	18,30	17,95	17,41	16,81	16,18	15,59	15,08	14,55	13,96	13,37	12,78	18,16	0
29/06/2020 20:35:00	16,38	17,98	18,16	17,85	17,37	16,79	16,20	15,66	15,16	14,65	14,07	13,49	12,90	17,92	0
29/06/2020 20:40:00	17,16	18,11	18,21	17,85	17,40	16,86	16,32	15,82	15,35	14,86	14,29	13,72	13,15	17,82	0
29/06/2020 20:45:00	17,38	18,40	18,46	18,06	17,58	17,03	16,43	15,90	15,42	14,91	14,33	13,75	13,16	17,73	0
29/06/2020 20:50:00	17,58	18,48	18,56	18,23	17,80	17,24	16,66	16,14	15,67	15,16	14,57	13,96	13,36	17,55	0
29/06/2020 20:55:00	17,38	18,65	18,79	18,44	17,98	17,46	16,90	16,38	15,90	15,40	14,84	14,27	13,69	17,56	0
29/06/2020 21:00:00	17,57	18,55	18,58	18,28	17,84	17,31	16,78	16,29	15,84	15,35	14,80	14,23	13,66	17,41	0
29/06/2020 21:05:00	17,46	18,41	18,44	18,09	17,63	17,10	16,57	16,09	15,64	15,16	14,62	14,07	13,52	17,33	0
29/06/2020 21:10:00	17,22	18,69	18,90	18,61	18,19	17,60	17,01	16,47	15,97	15,44	14,84	14,22	13,60	17,34	0
29/06/2020 21:15:00	17,49	18,54	18,67	18,39	17,93	17,42	16,89	16,39	15,93	15,44	14,87	14,28	13,70	17,16	0
29/06/2020 21:20:00	16,91	18,09	18,37	18,08	17,65	17,12	16,57	16,06	15,57	15,05	14,46	13,85	13,24	17,17	0
29/06/2020 21:25:00	17,30	18,25	18,41	18,19	17,82	17,35	16,82	16,34	15,90	15,41	14,84	14,25	13,66	16,91	0
29/06/2020 21:30:00	16,64	18,29	18,46	18,15	17,68	17,13	16,58	16,05	15,57	15,07	14,51	13,95	13,39	16,89	0
29/06/2020 21:35:00	17,02	18,49	18,69	18,38	17,93	17,38	16,82	16,29	15,81	15,29	14,71	14,12	13,53	16,84	0
29/06/2020 21:40:00	16,97	18,29	18,54	18,30	17,90	17,38	16,85	16,36	15,89	15,39	14,81	14,22	13,63	16,80	0
29/06/2020 21:45:00	17,05	18,31	18,39	18,11	17,66	17,11	16,57	16,07	15,60	15,11	14,55	13,99	13,42	16,57	0
29/06/2020 21:50:00	16,52	18,14	18,33	18,06	17,65	17,12	16,57	16,05	15,58	15,09	14,53	13,97	13,40	16,41	0
29/06/2020 21:55:00	16,30	17,82	18,09	17,84	17,41	16,86	16,34	15,83	15,35	14,84	14,27	13,69	13,10	16,27	0
29/06/2020 22:00:00	16,05	17,78	18,05	17,75	17,36	16,84	16,28	15,76	15,28	14,78	14,23	13,67	13,12	16,24	0
29/06/2020 22:05:00	16,00	17,50	17,60	17,30	16,87	16,36	15,82	15,32	14,86	14,38	13,86	13,33	12,80	16,04	0
29/06/2020 22:10:00	16,21	17,22	17,36	17,14	16,73	16,26	15,81	15,37	14,95	14,50	13,98	13,46	12,94	15,81	0
29/06/2020 22:15:00	16,05	17,18	17,24	16,94	16,52	16,05	15,55	15,09	14,66	14,21	13,72	13,21	12,71	15,78	0
29/06/2020 22:20:00	15,77	17,07	17,17	17,00	16,60	16,13	15,64	15,18	14,75	14,30	13,79	13,27	12,75	15,62	0
29/06/2020 22:25:00	15,42	16,69	16,86	16,62	16,28	15,78	15,34	14,90	14,48	14,03	13,54	13,04	12,54	15,52	0
29/06/2020 22:30:00	15,19	16,67	16,92	16,64	16,26	15,78	15,28	14,79	14,34	13,87	13,35	12,82	12,30	15,55	0
29/06/2020 22:35:00	15,44	16,81	17,14	16,95	16,57	16,06	15,57	15,10	14,63	14,14	13,58	13,01	12,43	15,45	0
29/06/2020 22:40:00	15,37	16,85	16,96	16,68	16,28	15,77	15,25	14,77	14,32	13,87	13,37	12,86	12,36	15,48	0
29/06/2020 22:45:00	15,18	16,57	16,92	16,75	16,37	15,89	15,38	14,89	14,42	13,92	13,35	12,77	12,19	15,31	0
29/06/2020 22:50:00	15,05	16,77	17,08	16,88	16,53	16,01	15,50	15,01	14,54	14,06	13,51	12,96	12,41	15,30	0
29/06/2020 22:55:00	15,13	16,58	16,96	16,74	16,33	15,87	15,38	14,90	14,44	13,95	13,41	12,85	12,30	15,24	0
29/06/2020 23:00:00	14,85	16,83	17,27	17,06	16,67	16,15	15,58	15,04	14,54	14,01	13,41	12,82	12,22	15,19	0
29/06/2020 23:05:00	15,13	16,86	17,22	17,00	16,58	16,10	15,62	15,14	14,67	14,18	13,65	13,11	12,56	15,05	0
29/06/2020 23:10:00	14,86	16,71	17,06	16,83	16,49	15,99	15,48	14,98	14,52	14,04	13,51	12,98	12,44	14,97	0
29/06/2020 23:15:00	14,84	16,73	17,05	16,80	16,38	15,87	15,37	14,87	14,39	13,91	13,39	12,86	12,34	14,89	0
29/06/2020 23:20:00	14,72	16,33	16,69	16,49	16,12	15,67	15,12	14,62	14,15	13,66	13,10	12,54	11,98	14,94	0
29/06/2020 23:25:00	14,81	16,59	16,88	16,68	16,30	15,82	15,29	14,79	14,33	13,85	13,32	12,79	12,26	14,77	0
29/06/2020 23:30:00	14,77	16,61	16,91	16,70	16,33	15,85	15,33	14,83	14,36	13,88	13,35	12,82	12,29	14,80	0
29/06/2020 23:35:00	14,61	16,50	16,97	16,77	16,38	15,88	15,36	14,86	14,37	13,85	13,28	12,71	12,14	14,65	0
29/06/2020 23:40:00	14,56	16,62	16,92	16,70	16,29	15,82	15,29	14,78	14,31	13,84	13,33	12,82	12,30	14,71	0
29/06/2020 23:45:00	14,70	16,46	16,75	16,47	16,06	15,54	15,00	14,48	14,00	13,51	12,97	12,44	11,90	14,70	0
29/06/2020 23:50:00	14,37	16,39	16,80	16,59	16,19	15,70	15,17	14,66	14,17	13,68	13,13	12,58	12,03	14,55	0
29/06/2020 23:55:00	14,73	16,24	16,56	16,34	16,00	15,53	15,05	14,58	14,12	13,65	13,13	12,59	12,06	14,36	0
