FileFormat:0002.2 file with temperature of atmosphere
200
local	GMT or Local
0	GMT-Local=[hours]
0	Height[m]
0	0	0	Longitude                [grd]               [min]               [sec]
0	0	0	Latitude                [grd]               [min]               [sec]
N	NS
59,40	Freq[GHz]
0,00	dTemostat[K]
0,150	MessErr[K]
0,248	//[grad/step]
version 14.0.20110218
MTP5H033F5940K-33.00D180214+A1.1
Commentary:
enter comment
End Of Commentary

SYSTEM\alaska.dat
data time	0	50	100	150	200	250	300	350	400	450	500	550	600	OutsideTemperature	Quality
01/04/2020 00:00:00	-3,02	-2,83	-2,89	-3,12	-3,57	-4,40	-5,22	-5,83	-6,10	-6,29	-6,46	-6,59	-6,71	-3,01	0
01/04/2020 00:05:00	-2,93	-2,89	-2,88	-2,99	-3,39	-4,21	-5,11	-5,79	-6,12	-6,34	-6,55	-6,72	-6,89	-2,94	0
01/04/2020 00:10:00	-2,99	-2,87	-2,84	-2,98	-3,43	-4,26	-5,17	-5,86	-6,20	-6,43	-6,64	-6,80	-6,95	-2,93	0
01/04/2020 00:15:00	-3,03	-2,96	-2,94	-2,99	-3,48	-4,27	-5,13	-5,81	-6,16	-6,40	-6,62	-6,78	-6,95	-3,19	0
01/04/2020 00:20:00	-3,12	-2,95	-2,83	-2,96	-3,42	-4,22	-5,11	-5,80	-6,16	-6,41	-6,62	-6,78	-6,94	-3,02	0
01/04/2020 00:25:00	-3,15	-3,02	-3,00	-3,19	-3,61	-4,42	-5,28	-5,92	-6,21	-6,40	-6,58	-6,70	-6,82	-3,14	0
01/04/2020 00:30:00	-3,15	-3,04	-3,07	-3,30	-3,75	-4,60	-5,48	-6,13	-6,43	-6,63	-6,81	-6,95	-7,08	-3,18	0
01/04/2020 00:35:00	-3,19	-3,13	-3,19	-3,33	-3,81	-4,61	-5,44	-6,06	-6,36	-6,56	-6,75	-6,88	-7,01	-3,27	0
01/04/2020 00:40:00	-3,19	-3,17	-3,18	-3,41	-3,85	-4,61	-5,34	-5,91	-6,19	-6,38	-6,55	-6,67	-6,78	-3,26	0
01/04/2020 00:45:00	-3,34	-3,14	-3,15	-3,39	-3,81	-4,60	-5,41	-6,02	-6,30	-6,49	-6,67	-6,81	-6,95	-3,48	0
01/04/2020 00:50:00	-3,38	-3,28	-3,18	-3,27	-3,67	-4,47	-5,28	-5,93	-6,27	-6,51	-6,71	-6,86	-7,01	-3,33	0
01/04/2020 00:55:00	-3,44	-3,43	-3,35	-3,34	-3,76	-4,48	-5,26	-5,89	-6,22	-6,46	-6,67	-6,83	-6,98	-3,44	0
01/04/2020 01:00:00	-3,45	-3,48	-3,48	-3,53	-3,82	-4,53	-5,24	-5,80	-6,07	-6,27	-6,47	-6,65	-6,82	-3,61	0
01/04/2020 01:05:00	-3,71	-3,46	-3,50	-3,67	-4,02	-4,78	-5,55	-6,11	-6,33	-6,48	-6,63	-6,75	-6,87	-3,55	0
01/04/2020 01:10:00	-3,71	-3,59	-3,57	-3,70	-4,09	-4,81	-5,54	-6,09	-6,34	-6,52	-6,67	-6,77	-6,87	-3,72	0
01/04/2020 01:15:00	-3,69	-3,64	-3,67	-3,89	-4,27	-5,02	-5,78	-6,32	-6,54	-6,69	-6,81	-6,89	-6,96	-3,81	0
01/04/2020 01:20:00	-3,81	-3,68	-3,68	-3,84	-4,23	-4,94	-5,59	-6,09	-6,33	-6,48	-6,62	-6,71	-6,80	-3,86	0
01/04/2020 01:25:00	-3,82	-3,73	-3,73	-3,80	-4,21	-4,90	-5,60	-6,14	-6,40	-6,59	-6,75	-6,88	-7,00	-3,88	0
01/04/2020 01:30:00	-3,89	-3,93	-3,86	-3,92	-4,23	-4,94	-5,73	-6,35	-6,63	-6,83	-7,02	-7,16	-7,31	-3,96	0
01/04/2020 01:35:00	-4,04	-4,02	-3,96	-3,97	-4,20	-4,87	-5,63	-6,22	-6,48	-6,68	-6,88	-7,05	-7,23	-3,91	0
01/04/2020 01:40:00	-4,09	-4,03	-4,04	-4,07	-4,41	-5,04	-5,69	-6,18	-6,40	-6,54	-6,68	-6,78	-6,88	-3,99	0
01/04/2020 01:45:00	-4,06	-4,05	-3,98	-4,11	-4,36	-5,06	-5,81	-6,37	-6,61	-6,77	-6,92	-7,03	-7,15	-4,07	0
01/04/2020 01:50:00	-4,12	-4,19	-4,16	-4,11	-4,36	-5,01	-5,74	-6,31	-6,57	-6,75	-6,94	-7,11	-7,27	-4,18	0
01/04/2020 01:55:00	-4,14	-4,10	-4,18	-4,31	-4,71	-5,30	-5,90	-6,35	-6,53	-6,65	-6,77	-6,84	-6,92	-4,17	0
01/04/2020 02:00:00	-4,11	-4,18	-4,17	-4,36	-4,66	-5,30	-5,98	-6,48	-6,68	-6,81	-6,93	-7,02	-7,10	-4,26	0
01/04/2020 02:05:00	-4,16	-4,17	-4,29	-4,35	-4,67	-5,23	-5,82	-6,24	-6,39	-6,49	-6,60	-6,69	-6,78	-4,26	0
01/04/2020 02:10:00	-4,18	-4,09	-4,19	-4,38	-4,76	-5,40	-6,03	-6,47	-6,64	-6,75	-6,86	-6,93	-6,99	-4,30	0
01/04/2020 02:15:00	-4,25	-4,31	-4,27	-4,31	-4,55	-5,15	-5,82	-6,32	-6,52	-6,66	-6,80	-6,91	-7,01	-4,14	0
01/04/2020 02:20:00	-4,28	-4,30	-4,27	-4,28	-4,62	-5,20	-5,82	-6,32	-6,55	-6,71	-6,86	-6,98	-7,09	-4,58	0
01/04/2020 02:25:00	-4,51	-4,57	-4,46	-4,46	-4,65	-5,25	-5,94	-6,48	-6,71	-6,89	-7,06	-7,22	-7,37	-4,43	0
01/04/2020 02:30:00	-4,58	-4,59	-4,48	-4,43	-4,74	-5,40	-6,16	-6,78	-7,08	-7,29	-7,49	-7,65	-7,82	-4,34	0
01/04/2020 02:35:00	-4,58	-4,56	-4,41	-4,42	-4,72	-5,35	-6,08	-6,65	-6,91	-7,09	-7,25	-7,37	-7,48	-4,42	0
01/04/2020 02:40:00	-4,35	-4,34	-4,29	-4,30	-4,64	-5,29	-5,97	-6,51	-6,76	-6,92	-7,07	-7,18	-7,28	-4,39	0
01/04/2020 02:45:00	-4,29	-4,39	-4,45	-4,44	-4,57	-5,14	-5,79	-6,26	-6,43	-6,56	-6,71	-6,87	-7,02	-4,58	0
01/04/2020 02:50:00	-4,55	-4,70	-4,71	-4,72	-4,85	-5,30	-5,83	-6,20	-6,32	-6,41	-6,51	-6,60	-6,69	-4,56	0
01/04/2020 02:55:00	-4,64	-4,60	-4,72	-4,97	-5,28	-5,83	-6,29	-6,61	-6,70	-6,75	-6,80	-6,82	-6,84	-4,61	0
01/04/2020 03:00:00	-4,58	-4,73	-4,79	-4,90	-5,03	-5,48	-6,00	-6,35	-6,43	-6,49	-6,57	-6,64	-6,71	-4,63	0
01/04/2020 03:05:00	-4,57	-4,77	-4,74	-4,72	-4,89	-5,37	-5,91	-6,33	-6,50	-6,62	-6,76	-6,86	-6,97	-4,63	0
01/04/2020 03:10:00	-4,63	-4,66	-4,78	-4,93	-5,24	-5,79	-6,36	-6,75	-6,89	-6,97	-7,06	-7,12	-7,19	-4,61	0
01/04/2020 03:15:00	-4,64	-4,83	-4,92	-4,95	-5,11	-5,59	-6,14	-6,53	-6,65	-6,74	-6,85	-6,95	-7,04	-4,63	0
01/04/2020 03:20:00	-4,69	-4,83	-4,88	-4,95	-5,09	-5,59	-6,11	-6,49	-6,62	-6,71	-6,82	-6,91	-7,00	-4,54	0
01/04/2020 03:25:00	-4,64	-4,86	-4,92	-4,94	-5,13	-5,65	-6,20	-6,65	-6,83	-6,97	-7,13	-7,28	-7,43	-4,68	0
01/04/2020 03:30:00	-4,63	-4,90	-4,91	-4,81	-4,96	-5,49	-6,06	-6,55	-6,78	-6,96	-7,15	-7,35	-7,54	-4,59	0
01/04/2020 03:35:00	-4,68	-4,83	-4,91	-4,98	-5,14	-5,64	-6,18	-6,57	-6,69	-6,78	-6,89	-6,99	-7,09	-4,67	0
01/04/2020 03:40:00	-4,74	-4,94	-4,92	-4,90	-5,11	-5,60	-6,14	-6,58	-6,78	-6,93	-7,08	-7,21	-7,34	-4,76	0
01/04/2020 03:45:00	-4,72	-5,00	-5,16	-5,18	-5,37	-5,80	-6,25	-6,58	-6,68	-6,75	-6,86	-6,96	-7,05	-4,77	0
01/04/2020 03:50:00	-4,87	-5,08	-5,17	-5,31	-5,49	-5,90	-6,39	-6,71	-6,77	-6,79	-6,84	-6,87	-6,89	-4,84	0
01/04/2020 03:55:00	-4,86	-5,19	-5,31	-5,49	-5,70	-6,19	-6,66	-6,98	-7,05	-7,08	-7,12	-7,11	-7,11	-4,97	0
01/04/2020 04:00:00	-4,95	-5,15	-5,30	-5,45	-5,71	-6,18	-6,65	-6,97	-7,06	-7,12	-7,19	-7,23	-7,27	-5,08	0
01/04/2020 04:05:00	-4,96	-5,22	-5,32	-5,46	-5,70	-6,24	-6,84	-7,26	-7,38	-7,44	-7,51	-7,56	-7,60	-5,03	0
01/04/2020 04:10:00	-5,08	-5,34	-5,48	-5,47	-5,67	-6,07	-6,48	-6,78	-6,88	-6,94	-7,03	-7,11	-7,19	-5,17	0
01/04/2020 04:15:00	-5,06	-5,39	-5,28	-5,17	-5,26	-5,79	-6,39	-6,89	-7,12	-7,28	-7,45	-7,60	-7,75	-5,34	0
01/04/2020 04:20:00	-5,25	-5,77	-5,80	-5,67	-5,74	-6,24	-6,81	-7,28	-7,49	-7,63	-7,81	-7,98	-8,15	-5,38	0
01/04/2020 04:25:00	-5,46	-5,74	-5,76	-5,79	-5,95	-6,36	-6,82	-7,18	-7,30	-7,38	-7,48	-7,56	-7,64	-5,34	0
01/04/2020 04:30:00	-5,43	-5,81	-5,89	-5,90	-6,07	-6,48	-6,90	-7,24	-7,36	-7,43	-7,53	-7,60	-7,67	-5,54	0
01/04/2020 04:35:00	-5,52	-5,98	-5,96	-5,69	-5,67	-6,03	-6,47	-6,87	-7,05	-7,20	-7,38	-7,58	-7,78	-5,62	0
01/04/2020 04:40:00	-5,54	-5,87	-5,97	-5,87	-5,89	-6,22	-6,61	-6,90	-6,97	-7,03	-7,13	-7,25	-7,37	-5,53	0
01/04/2020 04:45:00	-5,56	-5,98	-6,04	-5,98	-6,01	-6,35	-6,76	-7,07	-7,16	-7,21	-7,31	-7,41	-7,50	-5,71	0
01/04/2020 04:50:00	-5,63	-6,11	-6,12	-6,00	-6,02	-6,31	-6,70	-7,02	-7,12	-7,19	-7,30	-7,40	-7,50	-5,93	0
01/04/2020 04:55:00	-5,82	-6,40	-6,50	-6,24	-6,20	-6,50	-6,86	-7,17	-7,27	-7,35	-7,48	-7,63	-7,78	-5,94	0
01/04/2020 05:00:00	-5,98	-6,36	-6,46	-6,45	-6,49	-6,77	-7,08	-7,29	-7,31	-7,31	-7,35	-7,39	-7,42	-6,05	0
01/04/2020 05:05:00	-6,10	-6,48	-6,69	-6,67	-6,78	-7,02	-7,25	-7,38	-7,35	-7,30	-7,30	-7,28	-7,26	-6,09	0
01/04/2020 05:10:00	-6,03	-6,61	-6,69	-6,57	-6,59	-6,87	-7,19	-7,46	-7,54	-7,58	-7,67	-7,75	-7,83	-6,04	0
01/04/2020 05:15:00	-6,06	-6,63	-6,69	-6,46	-6,46	-6,75	-7,11	-7,41	-7,51	-7,58	-7,69	-7,80	-7,91	-6,09	0
01/04/2020 05:20:00	-6,11	-6,74	-6,76	-6,50	-6,48	-6,76	-7,18	-7,54	-7,68	-7,77	-7,92	-8,06	-8,21	-6,14	0
01/04/2020 05:25:00	-6,13	-6,62	-6,70	-6,55	-6,49	-6,75	-7,06	-7,27	-7,28	-7,27	-7,32	-7,36	-7,40	-6,09	0
01/04/2020 05:30:00	-6,16	-6,68	-6,70	-6,52	-6,50	-6,84	-7,23	-7,57	-7,68	-7,76	-7,87	-7,99	-8,11	-6,06	0
01/04/2020 05:35:00	-6,09	-6,67	-6,77	-6,54	-6,50	-6,78	-7,14	-7,44	-7,53	-7,59	-7,71	-7,84	-7,97	-6,01	0
01/04/2020 05:40:00	-5,94	-6,55	-6,55	-6,23	-6,16	-6,43	-6,79	-7,12	-7,25	-7,35	-7,50	-7,65	-7,81	-5,95	0
01/04/2020 05:45:00	-6,03	-6,71	-6,63	-6,18	-6,03	-6,27	-6,65	-7,04	-7,22	-7,37	-7,58	-7,82	-8,05	-6,08	0
01/04/2020 05:50:00	-6,09	-6,67	-6,77	-6,47	-6,38	-6,64	-6,98	-7,27	-7,35	-7,41	-7,54	-7,69	-7,84	-6,06	0
01/04/2020 05:55:00	-6,14	-6,83	-6,79	-6,46	-6,34	-6,55	-6,83	-7,13	-7,25	-7,35	-7,49	-7,65	-7,81	-6,11	0
01/04/2020 06:00:00	-6,12	-6,74	-6,60	-6,09	-5,82	-6,04	-6,43	-6,81	-6,96	-7,10	-7,30	-7,54	-7,78	-6,09	0
01/04/2020 06:05:00	-6,14	-6,84	-6,77	-6,40	-6,23	-6,34	-6,54	-6,76	-6,84	-6,90	-7,02	-7,14	-7,27	-6,23	0
01/04/2020 06:10:00	-6,25	-6,83	-6,92	-6,59	-6,41	-6,58	-6,84	-7,04	-7,06	-7,08	-7,18	-7,30	-7,42	-6,26	0
01/04/2020 06:15:00	-6,32	-6,95	-6,95	-6,68	-6,55	-6,75	-7,05	-7,30	-7,37	-7,42	-7,52	-7,64	-7,76	-6,35	0
01/04/2020 06:20:00	-6,34	-6,97	-7,14	-6,91	-6,82	-6,91	-7,03	-7,11	-7,07	-7,04	-7,08	-7,13	-7,18	-6,33	0
01/04/2020 06:25:00	-6,36	-6,97	-7,14	-7,12	-7,14	-7,33	-7,55	-7,70	-7,69	-7,66	-7,68	-7,70	-7,72	-6,32	0
01/04/2020 06:30:00	-6,35	-6,95	-7,06	-6,83	-6,70	-6,87	-7,11	-7,29	-7,29	-7,30	-7,37	-7,46	-7,56	-6,30	0
01/04/2020 06:35:00	-6,39	-6,73	-6,90	-6,88	-6,97	-7,23	-7,52	-7,70	-7,68	-7,65	-7,66	-7,66	-7,66	-6,19	0
01/04/2020 06:40:00	-6,22	-6,72	-7,07	-7,16	-7,20	-7,37	-7,49	-7,53	-7,42	-7,35	-7,33	-7,33	-7,33	-5,99	0
01/04/2020 06:45:00	-6,13	-6,77	-7,06	-7,10	-7,10	-7,22	-7,37	-7,43	-7,34	-7,28	-7,28	-7,30	-7,31	-5,99	0
01/04/2020 06:50:00	-6,15	-6,66	-6,89	-6,99	-6,98	-7,12	-7,29	-7,37	-7,28	-7,22	-7,21	-7,22	-7,23	-6,02	0
01/04/2020 06:55:00	-6,01	-6,60	-6,94	-7,05	-7,12	-7,31	-7,49	-7,58	-7,51	-7,45	-7,44	-7,45	-7,46	-5,89	0
01/04/2020 07:00:00	-5,81	-6,36	-6,73	-6,94	-7,05	-7,17	-7,27	-7,26	-7,13	-7,03	-6,99	-6,94	-6,90	-5,86	0
01/04/2020 07:05:00	-5,71	-6,19	-6,57	-6,64	-6,78	-7,02	-7,29	-7,45	-7,42	-7,41	-7,46	-7,53	-7,61	-5,69	0
01/04/2020 07:10:00	-5,62	-6,10	-6,53	-6,69	-6,83	-6,96	-7,02	-7,00	-6,87	-6,78	-6,75	-6,73	-6,71	-5,39	0
01/04/2020 07:15:00	-5,48	-6,03	-6,52	-6,61	-6,69	-6,81	-6,92	-6,93	-6,79	-6,72	-6,72	-6,76	-6,80	-5,17	0
01/04/2020 07:20:00	-5,14	-5,73	-6,27	-6,59	-6,66	-6,75	-6,79	-6,69	-6,46	-6,30	-6,21	-6,15	-6,08	-5,13	0
01/04/2020 07:25:00	-5,08	-5,51	-6,14	-6,46	-6,70	-6,92	-7,08	-7,08	-6,92	-6,81	-6,77	-6,75	-6,74	-5,01	0
01/04/2020 07:30:00	-4,95	-5,44	-6,01	-6,35	-6,54	-6,74	-6,96	-7,00	-6,84	-6,74	-6,70	-6,69	-6,67	-4,97	0
01/04/2020 07:35:00	-4,92	-5,30	-5,98	-6,40	-6,68	-6,94	-7,09	-7,08	-6,91	-6,79	-6,75	-6,72	-6,69	-4,78	0
01/04/2020 07:40:00	-4,73	-5,12	-5,80	-6,35	-6,77	-7,08	-7,24	-7,24	-7,09	-6,98	-6,90	-6,82	-6,74	-4,73	0
01/04/2020 07:45:00	-4,59	-4,93	-5,70	-6,30	-6,76	-7,10	-7,33	-7,35	-7,18	-7,06	-6,99	-6,93	-6,86	-4,53	0
01/04/2020 07:50:00	-4,49	-4,89	-5,58	-6,14	-6,47	-6,84	-7,15	-7,25	-7,12	-7,04	-7,01	-7,01	-7,01	-4,29	0
01/04/2020 07:55:00	-4,34	-4,68	-5,48	-6,18	-6,64	-7,03	-7,28	-7,30	-7,12	-6,99	-6,90	-6,82	-6,74	-4,23	0
01/04/2020 08:00:00	-4,22	-4,50	-5,26	-5,99	-6,53	-7,00	-7,35	-7,45	-7,32	-7,22	-7,16	-7,08	-7,01	-3,91	0
01/04/2020 08:05:00	-4,16	-4,45	-5,29	-5,99	-6,59	-7,04	-7,33	-7,38	-7,24	-7,12	-7,04	-6,94	-6,85	-4,03	0
01/04/2020 08:10:00	-4,08	-4,34	-5,05	-5,72	-6,23	-6,69	-7,08	-7,23	-7,14	-7,06	-7,03	-6,99	-6,95	-3,83	0
01/04/2020 08:15:00	-3,91	-4,20	-4,92	-5,63	-6,25	-6,71	-7,06	-7,19	-7,12	-7,07	-7,04	-7,00	-6,95	-3,61	0
01/04/2020 08:20:00	-3,75	-4,02	-4,88	-5,70	-6,30	-6,78	-7,18	-7,29	-7,15	-7,05	-6,99	-6,93	-6,88	-3,43	0
01/04/2020 08:25:00	-3,68	-3,83	-4,56	-5,38	-6,03	-6,61	-7,05	-7,24	-7,18	-7,13	-7,10	-7,04	-6,99	-3,09	0
01/04/2020 08:30:00	-3,48	-3,72	-4,63	-5,43	-6,02	-6,49	-6,77	-6,80	-6,64	-6,53	-6,47	-6,41	-6,35	-3,15	0
01/04/2020 08:35:00	-3,29	-3,42	-4,27	-5,19	-5,97	-6,58	-7,05	-7,22	-7,14	-7,06	-7,00	-6,92	-6,83	-2,53	0
01/04/2020 08:40:00	-3,13	-3,26	-4,04	-4,77	-5,47	-6,15	-6,72	-7,03	-7,05	-7,08	-7,12	-7,17	-7,21	-2,74	0
01/04/2020 08:45:00	-2,92	-3,03	-3,88	-4,83	-5,65	-6,35	-6,91	-7,18	-7,18	-7,17	-7,17	-7,16	-7,15	-2,34	0
01/04/2020 08:50:00	-2,82	-2,85	-3,64	-4,54	-5,36	-6,14	-6,76	-7,09	-7,13	-7,15	-7,19	-7,19	-7,20	-2,12	0
01/04/2020 08:55:00	-2,65	-2,66	-3,52	-4,39	-5,27	-5,99	-6,57	-6,86	-6,88	-6,89	-6,91	-6,90	-6,90	-1,81	0
01/04/2020 09:00:00	-2,36	-2,43	-3,16	-4,02	-4,79	-5,57	-6,24	-6,62	-6,69	-6,73	-6,79	-6,83	-6,86	-1,99	0
01/04/2020 09:05:00	-2,26	-2,29	-3,11	-3,96	-4,81	-5,55	-6,08	-6,35	-6,37	-6,38	-6,39	-6,37	-6,36	-1,84	0
01/04/2020 09:10:00	-2,11	-2,19	-2,90	-3,76	-4,60	-5,40	-6,09	-6,51	-6,61	-6,68	-6,75	-6,78	-6,82	-1,64	0
01/04/2020 09:15:00	-2,02	-1,98	-2,82	-3,75	-4,65	-5,49	-6,25	-6,67	-6,73	-6,77	-6,82	-6,84	-6,87	-1,77	0
01/04/2020 09:20:00	-2,01	-2,07	-2,91	-3,83	-4,65	-5,44	-6,11	-6,47	-6,52	-6,56	-6,62	-6,65	-6,69	-1,75	0
01/04/2020 09:25:00	-1,85	-1,90	-2,77	-3,72	-4,58	-5,39	-6,05	-6,40	-6,45	-6,49	-6,54	-6,56	-6,59	-1,63	0
01/04/2020 09:30:00	-1,73	-1,80	-2,65	-3,53	-4,39	-5,16	-5,83	-6,19	-6,25	-6,30	-6,36	-6,40	-6,45	-1,47	0
01/04/2020 09:35:00	-1,60	-1,83	-2,80	-3,71	-4,53	-5,27	-5,79	-6,05	-6,06	-6,08	-6,13	-6,17	-6,21	-1,32	0
01/04/2020 09:40:00	-1,61	-1,70	-2,56	-3,49	-4,32	-5,14	-5,81	-6,17	-6,24	-6,29	-6,36	-6,41	-6,47	-1,25	0
01/04/2020 09:45:00	-1,52	-1,61	-2,55	-3,51	-4,34	-5,06	-5,70	-6,01	-6,01	-6,03	-6,06	-6,10	-6,13	-1,37	0
01/04/2020 09:50:00	-1,20	-1,30	-2,39	-3,53	-4,50	-5,31	-5,92	-6,20	-6,19	-6,19	-6,20	-6,20	-6,19	-0,73	0
01/04/2020 09:55:00	-1,28	-1,36	-2,36	-3,37	-4,29	-5,05	-5,70	-6,03	-6,04	-6,07	-6,11	-6,15	-6,19	-0,98	0
01/04/2020 10:00:00	-1,31	-1,41	-2,26	-3,20	-4,08	-4,87	-5,53	-5,90	-5,97	-6,03	-6,10	-6,15	-6,19	-1,10	0
01/04/2020 10:05:00	-1,20	-1,26	-2,06	-2,93	-3,85	-4,66	-5,41	-5,85	-5,98	-6,09	-6,20	-6,28	-6,37	-0,78	0
01/04/2020 10:10:00	-0,99	-1,07	-2,07	-3,04	-3,95	-4,75	-5,38	-5,71	-5,75	-5,81	-5,88	-5,94	-6,01	-0,51	0
01/04/2020 10:15:00	-0,79	-0,71	-1,65	-2,73	-3,72	-4,64	-5,40	-5,82	-5,92	-6,01	-6,10	-6,17	-6,24	-0,10	0
01/04/2020 10:20:00	-0,68	-0,66	-1,67	-2,82	-3,85	-4,73	-5,41	-5,75	-5,80	-5,84	-5,89	-5,91	-5,93	0,03	0
01/04/2020 10:25:00	-0,69	-0,55	-1,58	-2,76	-3,80	-4,60	-5,20	-5,45	-5,44	-5,45	-5,46	-5,45	-5,44	-0,09	0
01/04/2020 10:30:00	-0,55	-0,55	-1,58	-2,76	-3,78	-4,61	-5,31	-5,64	-5,66	-5,68	-5,71	-5,72	-5,73	-0,17	0
01/04/2020 10:35:00	-0,58	-0,69	-1,62	-2,57	-3,48	-4,30	-4,99	-5,36	-5,43	-5,50	-5,57	-5,63	-5,69	-0,22	0
01/04/2020 10:40:00	-0,65	-0,56	-1,43	-2,34	-3,29	-4,17	-4,86	-5,26	-5,36	-5,46	-5,57	-5,65	-5,74	-0,23	0
01/04/2020 10:45:00	-0,39	-0,33	-1,31	-2,47	-3,38	-4,23	-4,87	-5,17	-5,20	-5,23	-5,28	-5,32	-5,35	0,10	0
01/04/2020 10:50:00	-0,40	-0,29	-1,29	-2,33	-3,27	-4,16	-4,91	-5,29	-5,35	-5,42	-5,51	-5,59	-5,66	-0,04	0
01/04/2020 10:55:00	-0,37	-0,17	-1,08	-2,13	-3,14	-4,08	-4,83	-5,25	-5,35	-5,44	-5,53	-5,59	-5,66	0,05	0
01/04/2020 11:00:00	-0,23	-0,15	-1,13	-2,24	-3,14	-3,97	-4,64	-4,96	-4,98	-5,02	-5,07	-5,11	-5,15	0,11	0
01/04/2020 11:05:00	-0,04	-0,18	-1,35	-2,43	-3,32	-4,02	-4,53	-4,73	-4,68	-4,69	-4,73	-4,78	-4,83	0,77	0
01/04/2020 11:10:00	0,02	0,26	-0,60	-1,57	-2,61	-3,56	-4,40	-4,89	-5,04	-5,18	-5,31	-5,42	-5,54	0,53	0
01/04/2020 11:15:00	0,25	0,54	-0,60	-1,88	-3,06	-3,92	-4,46	-4,66	-4,63	-4,62	-4,60	-4,56	-4,51	1,14	0
01/04/2020 11:20:00	0,41	0,60	-0,59	-1,86	-2,91	-3,75	-4,41	-4,68	-4,65	-4,67	-4,71	-4,74	-4,77	1,11	0
01/04/2020 11:25:00	0,36	0,49	-0,56	-1,77	-2,77	-3,64	-4,33	-4,65	-4,67	-4,72	-4,77	-4,80	-4,84	1,58	0
01/04/2020 11:30:00	0,23	0,67	-0,12	-1,13	-2,06	-3,00	-3,85	-4,32	-4,44	-4,56	-4,68	-4,79	-4,90	0,83	0
01/04/2020 11:35:00	0,40	0,87	-0,24	-1,53	-2,68	-3,66	-4,37	-4,67	-4,67	-4,68	-4,69	-4,68	-4,66	1,22	0
01/04/2020 11:40:00	0,43	0,88	0,09	-0,99	-2,05	-3,09	-4,03	-4,59	-4,78	-4,95	-5,11	-5,24	-5,37	0,93	0
01/04/2020 11:45:00	0,68	0,98	-0,06	-1,24	-2,34	-3,32	-4,12	-4,54	-4,63	-4,72	-4,82	-4,90	-4,98	1,57	0
01/04/2020 11:50:00	0,68	0,92	-0,15	-1,40	-2,45	-3,28	-3,90	-4,16	-4,15	-4,18	-4,21	-4,22	-4,24	1,68	0
01/04/2020 11:55:00	0,75	1,09	-0,07	-1,36	-2,50	-3,37	-4,01	-4,25	-4,22	-4,24	-4,26	-4,26	-4,26	1,54	0
01/04/2020 12:00:00	0,81	1,46	0,52	-0,90	-2,13	-3,32	-4,26	-4,75	-4,86	-4,95	-5,01	-5,02	-5,02	1,73	1
01/04/2020 12:05:00	1,02	1,52	0,67	-0,48	-1,66	-2,72	-3,59	-4,10	-4,28	-4,44	-4,58	-4,69	-4,79	2,06	0
01/04/2020 12:10:00	0,84	1,33	0,63	-0,51	-1,68	-2,80	-3,78	-4,38	-4,62	-4,80	-4,93	-5,01	-5,08	1,79	0
01/04/2020 12:15:00	0,83	1,48	0,62	-0,50	-1,54	-2,44	-3,23	-3,63	-3,71	-3,81	-3,91	-4,00	-4,08	1,69	0
01/04/2020 12:20:00	0,92	1,19	0,23	-0,94	-1,87	-2,78	-3,46	-3,80	-3,86	-3,94	-4,03	-4,11	-4,19	2,35	0
01/04/2020 12:25:00	1,01	1,38	0,24	-1,11	-2,26	-3,14	-3,77	-4,01	-3,99	-4,00	-4,01	-4,00	-3,99	1,68	0
01/04/2020 12:30:00	1,02	1,40	0,49	-0,56	-1,69	-2,74	-3,61	-4,11	-4,29	-4,44	-4,59	-4,70	-4,82	1,75	0
01/04/2020 12:35:00	0,97	1,84	0,88	-0,60	-1,86	-2,99	-3,90	-4,33	-4,39	-4,46	-4,49	-4,48	-4,46	1,75	0
01/04/2020 12:40:00	0,85	1,43	0,70	-0,29	-1,33	-2,29	-3,10	-3,56	-3,70	-3,84	-3,96	-4,04	-4,12	1,69	0
01/04/2020 12:45:00	1,10	1,47	0,70	-0,23	-1,22	-2,16	-2,91	-3,36	-3,52	-3,68	-3,83	-3,96	-4,09	2,18	0
01/04/2020 12:50:00	1,30	1,55	0,86	0,10	-0,77	-1,75	-2,59	-3,16	-3,42	-3,66	-3,90	-4,13	-4,36	2,51	0
01/04/2020 12:55:00	1,11	1,84	1,09	0,07	-1,05	-2,14	-3,08	-3,63	-3,84	-4,03	-4,20	-4,34	-4,48	2,43	0
01/04/2020 13:00:00	1,17	1,75	1,24	0,42	-0,58	-1,68	-2,67	-3,33	-3,63	-3,88	-4,10	-4,27	-4,45	2,55	0
01/04/2020 13:05:00	1,07	1,68	1,12	0,26	-0,84	-1,90	-2,92	-3,56	-3,82	-4,04	-4,21	-4,34	-4,46	2,15	0
01/04/2020 13:10:00	0,89	1,66	1,18	0,36	-0,61	-1,77	-2,78	-3,46	-3,78	-4,04	-4,28	-4,48	-4,68	1,86	0
01/04/2020 13:15:00	0,91	1,55	0,95	0,07	-0,92	-1,93	-2,83	-3,37	-3,58	-3,77	-3,93	-4,05	-4,17	1,94	0
01/04/2020 13:20:00	0,82	1,48	1,02	0,22	-0,75	-1,81	-2,80	-3,44	-3,71	-3,93	-4,11	-4,25	-4,38	1,96	0
01/04/2020 13:25:00	0,96	1,61	1,14	0,38	-0,53	-1,63	-2,60	-3,27	-3,57	-3,84	-4,09	-4,30	-4,51	2,02	0
01/04/2020 13:30:00	0,98	1,65	1,15	0,38	-0,58	-1,58	-2,49	-3,06	-3,31	-3,53	-3,71	-3,86	-4,01	2,33	0
01/04/2020 13:35:00	1,24	1,85	1,15	0,16	-0,74	-1,70	-2,51	-2,97	-3,11	-3,27	-3,41	-3,54	-3,67	2,40	0
01/04/2020 13:40:00	1,27	1,84	1,07	-0,03	-1,16	-2,15	-3,05	-3,54	-3,69	-3,83	-3,93	-3,99	-4,05	2,30	0
01/04/2020 13:45:00	1,20	1,80	1,03	-0,07	-1,13	-2,21	-3,15	-3,70	-3,89	-4,07	-4,22	-4,33	-4,45	2,10	0
01/04/2020 13:50:00	1,51	1,71	0,69	-0,51	-1,61	-2,54	-3,27	-3,63	-3,71	-3,80	-3,87	-3,92	-3,98	2,42	0
01/04/2020 13:55:00	1,28	1,67	0,92	-0,04	-1,03	-1,97	-2,76	-3,21	-3,35	-3,49	-3,62	-3,71	-3,80	2,15	0
01/04/2020 14:00:00	1,29	1,81	1,05	-0,08	-1,15	-2,13	-2,91	-3,32	-3,44	-3,55	-3,63	-3,66	-3,68	2,23	0
01/04/2020 14:05:00	1,84	2,23	1,18	-0,04	-1,22	-2,16	-2,90	-3,26	-3,33	-3,43	-3,52	-3,58	-3,64	2,80	0
01/04/2020 14:10:00	1,92	2,33	1,25	0,00	-1,06	-1,86	-2,46	-2,67	-2,64	-2,67	-2,71	-2,73	-2,75	3,05	0
01/04/2020 14:15:00	1,60	2,09	1,37	0,41	-0,75	-1,92	-2,95	-3,66	-3,99	-4,27	-4,52	-4,74	-4,96	2,76	0
01/04/2020 14:20:00	1,69	1,95	1,20	0,19	-0,96	-2,01	-3,00	-3,64	-3,91	-4,14	-4,33	-4,48	-4,63	2,56	0
01/04/2020 14:25:00	1,25	1,71	0,62	-0,70	-1,77	-2,63	-3,27	-3,49	-3,43	-3,42	-3,40	-3,37	-3,33	1,99	0
01/04/2020 14:30:00	1,38	1,78	0,98	-0,10	-1,12	-2,15	-3,02	-3,52	-3,68	-3,83	-3,95	-4,05	-4,14	2,25	0
01/04/2020 14:35:00	1,44	1,57	0,54	-0,42	-1,41	-2,22	-2,85	-3,16	-3,23	-3,33	-3,45	-3,56	-3,68	2,39	0
01/04/2020 14:40:00	0,97	1,45	1,00	0,32	-0,53	-1,58	-2,59	-3,29	-3,62	-3,91	-4,18	-4,42	-4,67	1,63	0
01/04/2020 14:45:00	1,14	1,77	1,18	0,18	-0,88	-1,98	-2,94	-3,53	-3,77	-3,96	-4,11	-4,20	-4,29	1,95	0
01/04/2020 14:50:00	1,39	1,54	0,92	0,20	-0,59	-1,55	-2,46	-3,06	-3,30	-3,54	-3,76	-3,96	-4,17	2,10	0
01/04/2020 14:55:00	1,85	1,82	0,96	0,07	-0,85	-1,70	-2,46	-2,88	-3,01	-3,14	-3,26	-3,35	-3,45	2,45	0
01/04/2020 15:00:00	1,72	1,98	1,22	0,20	-0,73	-1,65	-2,49	-2,97	-3,12	-3,26	-3,39	-3,49	-3,58	2,91	0
01/04/2020 15:05:00	1,29	1,59	1,04	0,20	-0,74	-1,72	-2,62	-3,18	-3,41	-3,61	-3,76	-3,86	-3,97	2,22	0
01/04/2020 15:10:00	1,40	1,77	1,21	0,46	-0,44	-1,35	-2,22	-2,78	-3,00	-3,21	-3,40	-3,55	-3,70	2,19	0
01/04/2020 15:15:00	1,63	1,94	1,14	0,16	-0,78	-1,69	-2,44	-2,84	-2,95	-3,07	-3,17	-3,24	-3,31	2,25	0
01/04/2020 15:20:00	1,32	1,93	1,45	0,58	-0,31	-1,32	-2,27	-2,86	-3,10	-3,30	-3,47	-3,60	-3,72	2,01	0
01/04/2020 15:25:00	1,45	1,91	1,58	0,88	0,02	-1,00	-2,03	-2,75	-3,10	-3,39	-3,64	-3,84	-4,03	2,15	0
01/04/2020 15:30:00	1,99	2,12	1,52	0,85	-0,01	-0,94	-1,87	-2,49	-2,78	-3,04	-3,28	-3,51	-3,73	2,64	0
01/04/2020 15:35:00	1,82	2,05	1,44	0,70	-0,14	-1,03	-1,88	-2,42	-2,65	-2,87	-3,08	-3,27	-3,47	2,73	0
01/04/2020 15:40:00	1,65	1,97	1,40	0,62	-0,26	-1,20	-2,04	-2,58	-2,80	-3,00	-3,18	-3,32	-3,45	2,28	0
01/04/2020 15:45:00	2,04	2,25	1,50	0,60	-0,31	-1,18	-1,96	-2,40	-2,53	-2,68	-2,81	-2,90	-3,00	2,52	0
01/04/2020 15:50:00	1,87	2,12	1,56	0,82	-0,06	-0,98	-1,79	-2,33	-2,58	-2,82	-3,03	-3,21	-3,38	2,63	0
01/04/2020 15:55:00	2,03	2,20	1,52	0,59	-0,33	-1,33	-2,19	-2,74	-2,97	-3,18	-3,36	-3,50	-3,63	2,73	0
01/04/2020 16:00:00	2,02	2,14	1,47	0,58	-0,38	-1,43	-2,34	-2,91	-3,15	-3,35	-3,51	-3,62	-3,74	2,63	0
01/04/2020 16:05:00	1,58	2,07	1,60	0,81	-0,04	-1,02	-1,97	-2,57	-2,82	-3,03	-3,22	-3,37	-3,52	2,51	0
01/04/2020 16:10:00	1,79	2,18	1,54	0,59	-0,38	-1,42	-2,31	-2,85	-3,07	-3,26	-3,41	-3,50	-3,60	2,40	0
01/04/2020 16:15:00	1,62	1,96	1,39	0,59	-0,29	-1,22	-2,07	-2,59	-2,81	-3,01	-3,19	-3,32	-3,46	2,10	0
01/04/2020 16:20:00	1,75	1,94	1,37	0,57	-0,22	-1,19	-2,10	-2,68	-2,92	-3,14	-3,34	-3,51	-3,68	2,53	0
01/04/2020 16:25:00	1,59	1,96	1,44	0,76	-0,16	-1,12	-2,03	-2,64	-2,91	-3,16	-3,38	-3,56	-3,74	2,29	0
01/04/2020 16:30:00	1,80	1,91	1,32	0,56	-0,30	-1,23	-2,14	-2,74	-3,00	-3,24	-3,44	-3,62	-3,80	2,24	0
01/04/2020 16:35:00	1,34	1,76	1,23	0,39	-0,55	-1,61	-2,56	-3,17	-3,44	-3,66	-3,85	-3,98	-4,12	1,93	0
01/04/2020 16:40:00	1,14	1,58	1,18	0,41	-0,43	-1,49	-2,42	-3,05	-3,35	-3,60	-3,80	-3,95	-4,11	1,69	0
01/04/2020 16:45:00	1,20	1,43	1,01	0,32	-0,48	-1,44	-2,39	-3,04	-3,33	-3,58	-3,79	-3,96	-4,13	1,92	0
01/04/2020 16:50:00	1,11	1,40	1,01	0,37	-0,46	-1,39	-2,40	-3,08	-3,38	-3,63	-3,85	-4,02	-4,20	1,73	0
01/04/2020 16:55:00	1,11	1,47	1,10	0,41	-0,47	-1,41	-2,36	-3,00	-3,28	-3,52	-3,71	-3,84	-3,98	1,66	0
01/04/2020 17:00:00	0,90	1,33	0,92	0,20	-0,63	-1,63	-2,52	-3,10	-3,37	-3,59	-3,78	-3,92	-4,06	1,50	0
01/04/2020 17:05:00	0,66	1,06	0,61	-0,06	-0,81	-1,70	-2,51	-3,03	-3,23	-3,42	-3,58	-3,70	-3,83	1,17	0
01/04/2020 17:10:00	0,97	1,41	1,15	0,52	-0,23	-1,21	-2,15	-2,79	-3,09	-3,33	-3,54	-3,68	-3,83	1,21	0
01/04/2020 17:15:00	1,04	1,62	1,43	0,88	0,14	-0,88	-1,85	-2,56	-2,92	-3,22	-3,48	-3,70	-3,91	1,35	0
01/04/2020 17:20:00	1,17	1,75	1,58	1,03	0,33	-0,74	-1,77	-2,51	-2,88	-3,20	-3,47	-3,69	-3,91	1,61	0
01/04/2020 17:25:00	1,55	2,14	1,89	1,30	0,53	-0,47	-1,38	-2,01	-2,32	-2,59	-2,82	-2,99	-3,17	1,74	0
01/04/2020 17:30:00	1,89	2,52	2,42	1,92	1,17	0,19	-0,86	-1,59	-1,96	-2,27	-2,53	-2,74	-2,94	1,93	0
01/04/2020 17:35:00	1,94	2,66	2,47	1,92	1,05	-0,02	-1,05	-1,78	-2,17	-2,49	-2,76	-2,98	-3,19	2,03	0
01/04/2020 17:40:00	1,96	2,56	2,32	1,71	0,95	-0,06	-1,05	-1,73	-2,06	-2,35	-2,60	-2,80	-3,01	1,97	0
01/04/2020 17:45:00	1,96	2,57	2,41	1,85	1,04	-0,07	-1,12	-1,88	-2,29	-2,63	-2,91	-3,13	-3,35	1,94	0
01/04/2020 17:50:00	1,74	2,38	2,21	1,64	0,89	-0,21	-1,23	-1,97	-2,35	-2,68	-2,96	-3,18	-3,41	1,75	0
01/04/2020 17:55:00	1,56	1,99	1,66	1,04	0,30	-0,57	-1,49	-2,09	-2,36	-2,60	-2,82	-2,99	-3,17	1,47	0
01/04/2020 18:00:00	1,47	1,90	1,60	1,03	0,25	-0,72	-1,64	-2,27	-2,58	-2,85	-3,07	-3,25	-3,42	1,23	0
01/04/2020 18:05:00	1,45	1,75	1,41	0,80	0,06	-0,84	-1,68	-2,25	-2,53	-2,77	-2,98	-3,15	-3,32	1,14	0
01/04/2020 18:10:00	1,46	1,72	1,27	0,60	-0,19	-1,06	-1,85	-2,35	-2,56	-2,75	-2,91	-3,02	-3,13	1,11	0
01/04/2020 18:15:00	1,36	1,66	1,40	0,88	0,10	-0,88	-1,85	-2,54	-2,90	-3,19	-3,44	-3,63	-3,82	0,96	0
01/04/2020 18:20:00	0,92	1,27	0,95	0,39	-0,37	-1,31	-2,12	-2,69	-2,97	-3,20	-3,40	-3,54	-3,69	0,83	0
01/04/2020 18:25:00	0,81	1,09	0,82	0,29	-0,46	-1,30	-2,11	-2,67	-2,94	-3,18	-3,37	-3,52	-3,67	0,78	0
01/04/2020 18:30:00	0,68	1,05	0,81	0,25	-0,48	-1,34	-2,17	-2,73	-3,00	-3,22	-3,40	-3,53	-3,65	0,65	0
01/04/2020 18:35:00	0,61	1,00	0,79	0,33	-0,37	-1,24	-2,06	-2,63	-2,90	-3,13	-3,32	-3,45	-3,58	0,64	0
01/04/2020 18:40:00	0,63	1,20	1,02	0,44	-0,33	-1,30	-2,17	-2,76	-3,06	-3,29	-3,47	-3,58	-3,68	0,67	0
01/04/2020 18:45:00	0,77	1,25	1,08	0,62	-0,15	-1,07	-2,02	-2,69	-3,02	-3,29	-3,52	-3,69	-3,86	0,76	0
01/04/2020 18:50:00	0,94	1,44	1,28	0,86	0,12	-0,84	-1,72	-2,36	-2,70	-2,99	-3,22	-3,40	-3,59	0,86	0
01/04/2020 18:55:00	0,90	1,56	1,46	0,99	0,25	-0,76	-1,70	-2,39	-2,76	-3,06	-3,32	-3,52	-3,72	0,98	0
01/04/2020 19:00:00	1,00	1,68	1,61	1,13	0,33	-0,65	-1,65	-2,35	-2,72	-3,01	-3,24	-3,41	-3,57	1,04	0
01/04/2020 19:05:00	1,07	1,67	1,54	1,07	0,32	-0,67	-1,64	-2,33	-2,69	-2,99	-3,25	-3,45	-3,65	1,08	0
01/04/2020 19:10:00	1,11	1,86	1,72	1,13	0,39	-0,63	-1,54	-2,17	-2,47	-2,73	-2,94	-3,08	-3,22	1,14	0
01/04/2020 19:15:00	1,11	1,72	1,60	1,07	0,31	-0,71	-1,71	-2,41	-2,76	-3,04	-3,27	-3,42	-3,58	1,05	0
01/04/2020 19:20:00	1,09	1,67	1,49	1,02	0,27	-0,77	-1,73	-2,42	-2,79	-3,09	-3,35	-3,56	-3,76	1,03	0
01/04/2020 19:25:00	0,94	1,48	1,32	0,76	-0,04	-1,03	-1,95	-2,60	-2,93	-3,20	-3,41	-3,55	-3,69	0,96	0
01/04/2020 19:30:00	0,85	1,35	1,15	0,60	-0,11	-1,10	-1,98	-2,59	-2,89	-3,14	-3,34	-3,48	-3,62	0,75	0
01/04/2020 19:35:00	0,71	1,08	0,90	0,37	-0,31	-1,27	-2,13	-2,75	-3,06	-3,32	-3,53	-3,69	-3,84	0,71	0
01/04/2020 19:40:00	0,52	0,87	0,65	0,16	-0,58	-1,47	-2,28	-2,84	-3,12	-3,34	-3,51	-3,62	-3,73	0,56	0
01/04/2020 19:45:00	0,48	0,87	0,65	0,17	-0,48	-1,38	-2,26	-2,86	-3,14	-3,38	-3,58	-3,73	-3,89	0,37	0
01/04/2020 19:50:00	0,39	0,69	0,43	-0,05	-0,71	-1,56	-2,36	-2,90	-3,14	-3,34	-3,50	-3,62	-3,73	0,39	0
01/04/2020 19:55:00	0,30	0,52	0,23	-0,23	-0,84	-1,55	-2,18	-2,58	-2,74	-2,88	-3,00	-3,06	-3,13	0,26	0
01/04/2020 20:00:00	0,12	0,46	0,23	-0,22	-0,85	-1,58	-2,24	-2,66	-2,84	-2,99	-3,10	-3,16	-3,21	0,18	0
01/04/2020 20:05:00	0,22	0,53	0,38	0,01	-0,54	-1,28	-1,90	-2,33	-2,55	-2,74	-2,90	-3,00	-3,11	0,21	0
01/04/2020 20:10:00	0,21	0,56	0,31	-0,19	-0,76	-1,46	-2,07	-2,44	-2,57	-2,69	-2,79	-2,83	-2,88	0,26	0
01/04/2020 20:15:00	0,36	0,61	0,45	0,03	-0,52	-1,22	-1,85	-2,28	-2,48	-2,65	-2,80	-2,90	-2,99	0,36	0
01/04/2020 20:20:00	0,44	0,74	0,57	0,10	-0,47	-1,20	-1,87	-2,31	-2,51	-2,68	-2,82	-2,90	-2,98	0,41	0
01/04/2020 20:25:00	0,40	0,77	0,64	0,22	-0,38	-1,16	-1,87	-2,36	-2,60	-2,81	-2,97	-3,08	-3,19	0,46	0
01/04/2020 20:30:00	0,49	0,88	0,69	0,22	-0,43	-1,24	-1,94	-2,42	-2,64	-2,82	-2,97	-3,05	-3,13	0,52	0
01/04/2020 20:35:00	0,53	0,86	0,69	0,20	-0,44	-1,24	-1,94	-2,42	-2,65	-2,84	-2,99	-3,07	-3,15	0,48	0
01/04/2020 20:40:00	0,49	0,92	0,71	0,23	-0,46	-1,28	-2,02	-2,53	-2,76	-2,96	-3,13	-3,23	-3,34	0,49	0
01/04/2020 20:45:00	0,56	0,93	0,79	0,26	-0,38	-1,26	-2,04	-2,58	-2,84	-3,05	-3,21	-3,30	-3,39	0,55	0
01/04/2020 20:50:00	0,50	0,86	0,70	0,19	-0,45	-1,30	-2,02	-2,52	-2,78	-3,00	-3,17	-3,27	-3,37	0,46	0
01/04/2020 20:55:00	0,58	0,93	0,75	0,26	-0,39	-1,21	-2,04	-2,59	-2,83	-3,03	-3,19	-3,28	-3,38	0,56	0
01/04/2020 21:00:00	0,52	1,02	0,82	0,29	-0,43	-1,31	-2,12	-2,64	-2,88	-3,07	-3,21	-3,29	-3,37	0,57	0
01/04/2020 21:05:00	0,60	1,01	0,81	0,32	-0,32	-1,18	-1,99	-2,55	-2,81	-3,03	-3,22	-3,36	-3,50	0,59	0
01/04/2020 21:10:00	0,60	1,01	0,90	0,42	-0,28	-1,20	-2,12	-2,77	-3,09	-3,34	-3,54	-3,67	-3,81	0,59	0
01/04/2020 21:15:00	0,64	1,07	0,87	0,44	-0,26	-1,16	-1,97	-2,55	-2,83	-3,08	-3,28	-3,42	-3,57	0,60	0
01/04/2020 21:20:00	0,66	1,11	0,98	0,47	-0,23	-1,19	-2,09	-2,74	-3,06	-3,32	-3,52	-3,67	-3,81	0,64	0
01/04/2020 21:25:00	0,63	1,06	0,93	0,47	-0,29	-1,20	-2,15	-2,82	-3,15	-3,42	-3,63	-3,78	-3,94	0,59	0
01/04/2020 21:30:00	0,58	1,08	0,86	0,25	-0,50	-1,38	-2,16	-2,67	-2,90	-3,09	-3,23	-3,30	-3,37	0,59	0
01/04/2020 21:35:00	0,54	1,05	0,92	0,41	-0,31	-1,27	-2,15	-2,78	-3,11	-3,37	-3,58	-3,72	-3,86	0,58	0
01/04/2020 21:40:00	0,61	0,99	0,80	0,33	-0,36	-1,24	-2,11	-2,72	-3,01	-3,25	-3,45	-3,60	-3,75	0,60	0
01/04/2020 21:45:00	0,55	0,96	0,79	0,29	-0,39	-1,30	-2,09	-2,65	-2,94	-3,17	-3,36	-3,48	-3,60	0,51	0
01/04/2020 21:50:00	0,58	0,98	0,80	0,31	-0,39	-1,30	-2,15	-2,74	-3,03	-3,25	-3,43	-3,55	-3,66	0,47	0
01/04/2020 21:55:00	0,57	1,03	0,85	0,32	-0,40	-1,36	-2,24	-2,86	-3,17	-3,41	-3,61	-3,74	-3,88	0,55	0
01/04/2020 22:00:00	0,54	1,08	0,91	0,33	-0,39	-1,33	-2,18	-2,75	-3,03	-3,25	-3,42	-3,53	-3,64	0,56	0
01/04/2020 22:05:00	0,60	1,03	0,85	0,35	-0,35	-1,26	-2,15	-2,76	-3,04	-3,28	-3,46	-3,59	-3,71	0,61	0
01/04/2020 22:10:00	0,58	0,98	0,86	0,39	-0,29	-1,26	-2,21	-2,88	-3,21	-3,47	-3,68	-3,82	-3,96	0,61	0
01/04/2020 22:15:00	0,60	1,00	0,86	0,36	-0,29	-1,22	-2,10	-2,72	-3,03	-3,29	-3,49	-3,64	-3,79	0,56	0
01/04/2020 22:20:00	0,59	1,10	0,92	0,35	-0,38	-1,32	-2,19	-2,80	-3,09	-3,33	-3,52	-3,65	-3,78	0,60	0
01/04/2020 22:25:00	0,59	1,06	0,90	0,33	-0,40	-1,44	-2,33	-2,95	-3,27	-3,51	-3,69	-3,79	-3,90	0,61	0
01/04/2020 22:30:00	0,56	1,00	0,85	0,35	-0,38	-1,30	-2,19	-2,82	-3,14	-3,39	-3,60	-3,74	-3,88	0,60	0
01/04/2020 22:35:00	0,53	1,04	0,91	0,38	-0,37	-1,35	-2,30	-2,97	-3,29	-3,55	-3,75	-3,88	-4,01	0,54	0
01/04/2020 22:40:00	0,62	1,07	0,92	0,37	-0,38	-1,34	-2,23	-2,86	-3,17	-3,42	-3,61	-3,74	-3,86	0,63	0
01/04/2020 22:45:00	0,55	1,02	0,87	0,40	-0,29	-1,20	-2,09	-2,72	-3,03	-3,29	-3,51	-3,68	-3,85	0,58	0
01/04/2020 22:50:00	0,54	0,97	0,79	0,36	-0,41	-1,35	-2,20	-2,82	-3,14	-3,39	-3,59	-3,73	-3,87	0,53	0
01/04/2020 22:55:00	0,58	0,95	0,82	0,36	-0,31	-1,27	-2,22	-2,89	-3,22	-3,49	-3,71	-3,87	-4,03	0,62	0
01/04/2020 23:00:00	0,64	1,05	0,84	0,36	-0,35	-1,32	-2,21	-2,83	-3,14	-3,40	-3,61	-3,76	-3,92	0,62	0
01/04/2020 23:05:00	0,60	1,00	0,85	0,36	-0,32	-1,28	-2,16	-2,80	-3,13	-3,40	-3,62	-3,78	-3,94	0,61	0
01/04/2020 23:10:00	0,64	1,11	1,00	0,48	-0,24	-1,17	-2,12	-2,78	-3,10	-3,36	-3,57	-3,71	-3,85	0,64	0
01/04/2020 23:15:00	0,60	1,02	0,84	0,30	-0,39	-1,26	-2,06	-2,60	-2,85	-3,06	-3,22	-3,32	-3,42	0,58	0
01/04/2020 23:20:00	0,52	1,08	0,86	0,30	-0,47	-1,37	-2,15	-2,66	-2,90	-3,09	-3,23	-3,31	-3,38	0,57	0
01/04/2020 23:25:00	0,61	1,04	0,94	0,42	-0,29	-1,21	-2,12	-2,76	-3,09	-3,34	-3,55	-3,68	-3,82	0,60	0
01/04/2020 23:30:00	0,61	1,10	0,89	0,36	-0,35	-1,26	-2,08	-2,63	-2,89	-3,11	-3,28	-3,40	-3,51	0,61	0
01/04/2020 23:35:00	0,72	1,15	1,04	0,64	-0,08	-1,08	-2,02	-2,73	-3,11	-3,41	-3,67	-3,86	-4,06	0,70	0
01/04/2020 23:40:00	0,64	1,23	1,07	0,50	-0,29	-1,22	-2,14	-2,75	-3,04	-3,26	-3,44	-3,54	-3,64	0,66	0
01/04/2020 23:45:00	0,63	1,13	1,01	0,59	-0,19	-1,12	-2,08	-2,76	-3,10	-3,37	-3,59	-3,75	-3,90	0,68	0
01/04/2020 23:50:00	0,69	1,13	1,03	0,53	-0,14	-1,11	-2,05	-2,72	-3,06	-3,33	-3,55	-3,71	-3,87	0,67	0
01/04/2020 23:55:00	0,69	1,16	1,06	0,52	-0,20	-1,13	-2,02	-2,65	-2,97	-3,23	-3,43	-3,56	-3,69	0,66	0
