FileFormat:0002.2 file with temperature of atmosphere
200
local	GMT or Local
0	GMT-Local=[hours]
0	Height[m]
0	0	0	Longitude                [grd]               [min]               [sec]
0	0	0	Latitude                [grd]               [min]               [sec]
N	NS
59,40	Freq[GHz]
0,00	dTemostat[K]
0,150	MessErr[K]
0,248	//[grad/step]
version 14.0.20110218
MTP5H033F5940K-33.00D180214+A1.1
Commentary:
enter comment
End Of Commentary

SYSTEM\summer.dat
data time	0	50	100	150	200	250	300	350	400	450	500	550	600	OutsideTemperature	Quality
17/05/2020 00:00:00	9,88	12,02	12,33	12,22	11,93	11,50	11,04	10,59	10,15	9,73	9,30	8,88	8,45	9,92	0
17/05/2020 00:05:00	9,81	11,95	12,35	12,26	12,01	11,56	11,12	10,67	10,23	9,79	9,34	8,90	8,45	9,92	0
17/05/2020 00:10:00	10,00	11,90	12,20	12,12	11,83	11,45	10,91	10,42	9,98	9,55	9,09	8,63	8,18	9,93	0
17/05/2020 00:15:00	9,94	11,74	12,08	12,05	11,73	11,27	10,73	10,23	9,77	9,30	8,79	8,28	7,77	10,02	0
17/05/2020 00:20:00	10,05	11,79	11,95	11,82	11,44	11,00	10,46	9,97	9,53	9,10	8,66	8,21	7,77	10,07	0
17/05/2020 00:25:00	9,91	11,60	11,87	11,78	11,39	10,86	10,28	9,74	9,26	8,77	8,24	7,71	7,18	10,09	0
17/05/2020 00:30:00	10,01	11,91	12,14	11,89	11,40	10,85	10,23	9,67	9,16	8,66	8,14	7,63	7,12	10,10	0
17/05/2020 00:35:00	9,56	11,72	12,14	11,93	11,48	10,90	10,26	9,66	9,12	8,57	8,00	7,43	6,87	9,93	0
17/05/2020 00:40:00	9,66	11,72	11,92	11,68	11,15	10,54	9,90	9,31	8,78	8,26	7,72	7,20	6,68	9,75	0
17/05/2020 00:45:00	9,36	11,60	11,82	11,53	11,00	10,36	9,73	9,14	8,60	8,08	7,55	7,04	6,53	9,68	0
17/05/2020 00:50:00	9,69	11,46	11,55	11,21	10,73	10,12	9,48	8,90	8,40	7,91	7,41	6,93	6,45	9,46	0
17/05/2020 00:55:00	9,53	11,37	11,57	11,29	10,84	10,27	9,68	9,12	8,63	8,14	7,65	7,17	6,68	9,47	0
17/05/2020 01:00:00	9,45	11,25	11,43	11,21	10,81	10,26	9,71	9,19	8,72	8,25	7,78	7,31	6,84	9,38	0
17/05/2020 01:05:00	9,31	11,22	11,39	11,18	10,74	10,23	9,68	9,17	8,69	8,24	7,78	7,34	6,89	9,25	0
17/05/2020 01:10:00	9,30	11,10	11,36	11,09	10,63	10,07	9,54	9,02	8,52	8,04	7,55	7,07	6,60	9,17	0
17/05/2020 01:15:00	9,28	10,92	11,00	10,71	10,26	9,69	9,12	8,59	8,11	7,65	7,19	6,74	6,29	9,10	0
17/05/2020 01:20:00	8,87	11,06	11,24	11,00	10,54	9,94	9,32	8,75	8,25	7,77	7,29	6,82	6,35	9,10	0
17/05/2020 01:25:00	9,08	10,69	10,88	10,61	10,20	9,62	9,05	8,52	8,04	7,56	7,07	6,59	6,11	9,13	0
17/05/2020 01:30:00	9,17	10,70	10,78	10,45	9,98	9,43	8,84	8,30	7,82	7,36	6,90	6,45	6,00	8,98	0
17/05/2020 01:35:00	8,93	10,38	10,41	10,17	9,66	9,04	8,50	7,99	7,50	7,03	6,56	6,10	5,63	8,91	0
17/05/2020 01:40:00	8,93	10,23	10,25	9,92	9,43	8,96	8,35	7,82	7,35	6,91	6,48	6,05	5,63	8,93	0
17/05/2020 01:45:00	8,87	10,21	10,21	9,83	9,37	8,76	8,22	7,71	7,23	6,79	6,35	5,92	5,49	8,93	0
17/05/2020 01:50:00	8,82	10,13	10,20	9,88	9,42	8,86	8,30	7,78	7,31	6,85	6,39	5,94	5,49	8,84	0
17/05/2020 01:55:00	8,76	10,06	10,13	9,86	9,41	8,85	8,31	7,80	7,33	6,88	6,43	5,98	5,53	8,70	0
17/05/2020 02:00:00	8,87	10,17	10,09	9,77	9,30	8,72	8,14	7,61	7,15	6,71	6,27	5,85	5,42	8,74	0
17/05/2020 02:05:00	8,69	10,01	10,01	9,67	9,17	8,60	8,03	7,51	7,03	6,58	6,13	5,70	5,26	8,70	0
17/05/2020 02:10:00	8,70	9,93	9,93	9,60	9,11	8,57	8,01	7,50	7,04	6,59	6,16	5,73	5,30	8,75	0
17/05/2020 02:15:00	8,75	9,88	9,85	9,58	9,16	8,62	8,08	7,59	7,15	6,72	6,29	5,87	5,45	8,65	0
17/05/2020 02:20:00	8,54	9,91	9,90	9,56	9,17	8,59	8,00	7,47	7,01	6,58	6,14	5,72	5,30	8,57	0
17/05/2020 02:25:00	8,62	9,87	9,88	9,54	9,10	8,59	7,97	7,42	6,96	6,52	6,07	5,64	5,21	8,61	0
17/05/2020 02:30:00	8,44	9,97	10,00	9,68	9,19	8,58	7,97	7,41	6,92	6,45	5,98	5,52	5,06	8,45	0
17/05/2020 02:35:00	8,40	9,94	10,05	9,78	9,27	8,77	8,10	7,51	7,03	6,55	6,08	5,61	5,14	8,50	0
17/05/2020 02:40:00	8,62	10,14	10,17	9,84	9,35	8,80	8,21	7,67	7,19	6,74	6,30	5,87	5,45	8,42	0
17/05/2020 02:45:00	8,40	9,92	10,00	9,72	9,27	8,67	8,11	7,58	7,10	6,64	6,17	5,72	5,27	8,32	0
17/05/2020 02:50:00	8,28	9,92	9,95	9,64	9,12	8,56	7,95	7,39	6,90	6,44	5,99	5,55	5,11	8,30	0
17/05/2020 02:55:00	8,20	9,80	9,91	9,57	9,12	8,65	7,99	7,41	6,94	6,48	6,04	5,60	5,17	8,22	0
17/05/2020 03:00:00	8,39	9,96	10,12	9,84	9,34	8,77	8,17	7,62	7,12	6,64	6,14	5,66	5,18	8,12	0
17/05/2020 03:05:00	8,09	9,98	10,12	9,88	9,40	8,84	8,16	7,56	7,06	6,57	6,08	5,60	5,13	8,07	0
17/05/2020 03:10:00	8,25	9,82	9,90	9,67	9,22	8,65	8,09	7,56	7,09	6,64	6,18	5,74	5,29	8,07	0
17/05/2020 03:15:00	8,00	9,96	10,10	9,85	9,45	8,90	8,32	7,79	7,32	6,87	6,43	6,00	5,58	7,98	0
17/05/2020 03:20:00	7,73	9,91	10,04	9,75	9,34	8,71	8,10	7,53	7,03	6,57	6,11	5,67	5,23	8,06	0
17/05/2020 03:25:00	8,15	9,55	9,57	9,24	8,76	8,24	7,69	7,18	6,72	6,29	5,87	5,47	5,07	8,04	0
17/05/2020 03:30:00	8,24	9,44	9,40	9,07	8,65	8,14	7,59	7,08	6,64	6,22	5,82	5,42	5,02	8,05	0
17/05/2020 03:35:00	7,97	9,31	9,30	8,96	8,43	7,92	7,28	6,71	6,23	5,78	5,34	4,91	4,49	8,07	0
17/05/2020 03:40:00	7,81	9,57	9,72	9,45	8,99	8,37	7,73	7,15	6,64	6,15	5,65	5,17	4,69	7,98	0
17/05/2020 03:45:00	8,00	9,25	9,27	8,94	8,48	7,90	7,30	6,75	6,28	5,83	5,37	4,93	4,49	7,93	0
17/05/2020 03:50:00	7,86	9,17	9,20	8,87	8,43	7,89	7,33	6,81	6,35	5,92	5,49	5,08	4,67	7,88	0
17/05/2020 03:55:00	7,84	9,14	9,17	8,85	8,43	7,80	7,24	6,72	6,24	5,79	5,34	4,90	4,46	7,76	0
17/05/2020 04:00:00	7,62	9,15	9,24	8,93	8,47	7,91	7,36	6,84	6,36	5,91	5,47	5,04	4,62	7,75	0
17/05/2020 04:05:00	7,64	9,24	9,33	9,02	8,59	7,98	7,41	6,87	6,38	5,92	5,46	5,02	4,58	7,67	0
17/05/2020 04:10:00	7,41	9,18	9,41	9,13	8,66	8,07	7,48	6,92	6,42	5,93	5,44	4,97	4,50	7,63	0
17/05/2020 04:15:00	7,76	9,46	9,55	9,31	8,79	8,28	7,64	7,06	6,58	6,12	5,66	5,21	4,77	7,60	0
17/05/2020 04:20:00	7,50	9,28	9,38	9,10	8,64	8,02	7,41	6,85	6,36	5,88	5,42	4,96	4,51	7,58	0
17/05/2020 04:25:00	7,63	9,33	9,40	9,10	8,57	7,96	7,42	6,89	6,39	5,93	5,47	5,04	4,60	7,56	0
17/05/2020 04:30:00	7,70	9,22	9,31	9,06	8,64	8,08	7,51	6,98	6,50	6,05	5,60	5,16	4,73	7,57	0
17/05/2020 04:35:00	7,51	8,99	9,16	8,91	8,56	7,98	7,47	6,98	6,52	6,07	5,63	5,19	4,76	7,50	0
17/05/2020 04:40:00	7,36	9,33	9,50	9,22	8,84	8,26	7,73	7,21	6,74	6,29	5,86	5,44	5,02	7,44	0
17/05/2020 04:45:00	7,27	9,40	9,53	9,26	8,73	8,16	7,62	7,08	6,58	6,12	5,68	5,26	4,84	7,38	0
17/05/2020 04:50:00	7,45	9,05	9,10	8,77	8,32	7,75	7,20	6,68	6,21	5,77	5,35	4,94	4,53	7,48	0
17/05/2020 04:55:00	7,52	9,06	9,11	8,77	8,26	7,76	7,16	6,62	6,15	5,71	5,28	4,88	4,47	7,38	0
17/05/2020 05:00:00	7,31	8,65	8,74	8,37	7,97	7,35	6,80	6,28	5,80	5,35	4,90	4,47	4,04	7,35	0
17/05/2020 05:05:00	7,25	8,63	8,65	8,30	7,94	7,37	6,82	6,32	5,86	5,44	5,04	4,65	4,26	7,28	0
17/05/2020 05:10:00	7,33	8,55	8,52	8,24	7,80	7,23	6,71	6,21	5,76	5,33	4,92	4,52	4,11	7,18	0
17/05/2020 05:15:00	7,17	8,43	8,31	7,93	7,52	6,92	6,36	5,85	5,41	5,00	4,61	4,24	3,87	7,20	0
17/05/2020 05:20:00	7,06	8,44	8,40	8,10	7,70	7,20	6,66	6,16	5,73	5,33	4,95	4,59	4,23	7,20	0
17/05/2020 05:25:00	7,12	8,51	8,43	8,12	7,62	7,11	6,56	6,06	5,61	5,20	4,82	4,46	4,10	7,25	0
17/05/2020 05:30:00	7,23	8,55	8,40	8,06	7,62	7,20	6,65	6,16	5,75	5,38	5,06	4,75	4,43	7,23	0
17/05/2020 05:35:00	7,38	8,42	8,24	7,95	7,55	7,06	6,53	6,06	5,66	5,28	4,94	4,60	4,26	7,39	0
17/05/2020 05:40:00	7,37	8,47	8,28	7,99	7,65	7,15	6,66	6,21	5,82	5,46	5,13	4,82	4,50	7,47	0
17/05/2020 05:45:00	7,40	8,51	8,35	8,03	7,56	7,01	6,53	6,06	5,63	5,23	4,86	4,50	4,14	7,53	0
17/05/2020 05:50:00	7,55	8,60	8,37	8,03	7,51	6,92	6,38	5,88	5,43	5,02	4,64	4,26	3,89	7,53	0
17/05/2020 05:55:00	7,53	8,57	8,23	7,83	7,40	6,85	6,38	5,93	5,53	5,18	4,87	4,57	4,28	7,60	0
17/05/2020 06:00:00	7,62	8,66	8,27	7,89	7,45	6,92	6,38	5,90	5,50	5,15	4,84	4,54	4,23	7,52	0
17/05/2020 06:05:00	7,82	8,75	8,23	7,79	7,24	6,76	6,31	5,88	5,50	5,18	4,93	4,69	4,45	7,77	0
17/05/2020 06:10:00	7,95	8,97	8,54	8,11	7,67	7,16	6,60	6,11	5,71	5,36	5,06	4,76	4,47	7,89	0
17/05/2020 06:15:00	8,01	9,03	8,57	8,15	7,61	7,07	6,52	6,03	5,62	5,26	4,94	4,64	4,34	7,92	0
17/05/2020 06:20:00	8,18	8,98	8,46	8,03	7,57	7,03	6,51	6,05	5,66	5,33	5,04	4,76	4,48	8,03	0
17/05/2020 06:25:00	8,19	9,06	8,53	8,09	7,56	7,01	6,49	6,02	5,62	5,27	4,97	4,69	4,40	8,40	0
17/05/2020 06:30:00	8,30	9,16	8,64	8,18	7,70	7,16	6,68	6,23	5,85	5,52	5,24	4,98	4,72	8,47	0
17/05/2020 06:35:00	8,43	9,30	8,67	8,16	7,53	6,93	6,30	5,77	5,35	4,97	4,65	4,34	4,04	8,36	0
17/05/2020 06:40:00	8,53	9,21	8,67	8,20	7,69	7,11	6,57	6,10	5,71	5,36	5,05	4,76	4,46	8,57	0
17/05/2020 06:45:00	8,71	9,26	8,68	8,14	7,54	6,97	6,45	5,99	5,58	5,24	4,94	4,66	4,38	8,75	0
17/05/2020 06:50:00	8,80	9,19	8,65	8,18	7,58	7,01	6,42	5,92	5,52	5,15	4,81	4,48	4,14	8,43	0
17/05/2020 06:55:00	9,03	9,30	8,63	8,11	7,43	6,79	6,23	5,74	5,33	4,96	4,63	4,30	3,98	8,63	0
17/05/2020 07:00:00	9,12	9,34	8,63	8,07	7,43	6,83	6,27	5,79	5,40	5,05	4,75	4,46	4,17	8,63	0
17/05/2020 07:05:00	9,37	9,51	8,78	8,19	7,58	6,91	6,31	5,81	5,40	5,04	4,71	4,40	4,08	8,95	0
17/05/2020 07:10:00	9,75	9,16	8,41	7,85	7,31	6,73	6,23	5,80	5,45	5,13	4,84	4,55	4,25	8,94	0
17/05/2020 07:15:00	10,64	9,25	8,18	7,59	7,08	6,61	6,21	5,88	5,61	5,38	5,19	5,00	4,80	8,97	0
17/05/2020 07:20:00	11,26	9,32	8,18	7,49	6,90	6,42	6,03	5,71	5,44	5,20	5,00	4,80	4,59	9,28	1
17/05/2020 07:25:00	10,10	9,50	8,83	8,31	7,88	7,40	6,87	6,44	6,11	5,79	5,50	5,20	4,91	9,47	0
17/05/2020 07:30:00	9,69	9,46	8,89	8,37	7,80	7,29	6,79	6,35	5,98	5,64	5,32	5,01	4,70	9,02	0
17/05/2020 07:35:00	9,68	9,51	8,96	8,46	7,90	7,34	6,81	6,34	5,95	5,59	5,25	4,91	4,57	9,00	0
17/05/2020 07:40:00	9,72	9,41	8,96	8,52	8,04	7,47	6,93	6,47	6,08	5,70	5,32	4,94	4,55	9,17	0
17/05/2020 07:45:00	9,74	9,51	8,90	8,37	7,81	7,36	6,85	6,42	6,06	5,74	5,45	5,17	4,88	9,06	0
17/05/2020 07:50:00	9,89	9,53	8,97	8,49	7,98	7,42	6,90	6,46	6,09	5,73	5,38	5,04	4,69	9,10	0
17/05/2020 07:55:00	10,04	9,50	8,90	8,46	7,97	7,49	6,99	6,56	6,22	5,88	5,57	5,24	4,91	9,06	0
17/05/2020 08:00:00	10,17	9,51	8,85	8,34	7,82	7,33	6,85	6,44	6,10	5,78	5,48	5,17	4,87	9,22	0
17/05/2020 08:05:00	9,95	9,51	8,90	8,43	7,97	7,45	6,95	6,52	6,17	5,83	5,51	5,19	4,87	9,12	0
17/05/2020 08:10:00	10,08	9,62	9,00	8,47	7,93	7,40	6,86	6,40	6,03	5,68	5,34	5,00	4,67	9,23	0
17/05/2020 08:15:00	10,87	9,66	8,78	8,23	7,69	7,21	6,79	6,44	6,14	5,87	5,62	5,36	5,11	9,42	0
17/05/2020 08:20:00	10,91	9,83	9,01	8,42	7,86	7,35	6,84	6,42	6,09	5,77	5,47	5,16	4,85	9,63	0
17/05/2020 08:25:00	10,71	9,85	9,12	8,62	8,05	7,51	7,01	6,58	6,23	5,88	5,55	5,21	4,87	9,58	0
17/05/2020 08:30:00	10,87	9,76	8,84	8,26	7,69	7,13	6,64	6,24	5,91	5,60	5,32	5,02	4,73	10,03	0
17/05/2020 08:35:00	10,59	10,02	9,17	8,57	7,97	7,36	6,80	6,33	5,96	5,62	5,31	4,99	4,67	9,71	0
17/05/2020 08:40:00	11,51	9,89	8,87	8,27	7,77	7,25	6,74	6,35	6,05	5,75	5,48	5,18	4,89	9,68	0
17/05/2020 08:45:00	10,69	9,98	9,29	8,69	8,15	7,52	6,97	6,51	6,13	5,76	5,40	5,04	4,68	9,83	0
17/05/2020 08:50:00	11,25	10,15	9,03	8,34	7,71	7,12	6,56	6,12	5,78	5,48	5,22	4,95	4,67	9,67	0
17/05/2020 08:55:00	11,09	9,90	8,97	8,39	7,84	7,36	6,93	6,57	6,26	5,99	5,75	5,50	5,25	9,83	0
17/05/2020 09:00:00	11,42	10,10	8,86	8,17	7,53	6,96	6,53	6,17	5,88	5,63	5,44	5,24	5,04	9,82	0
17/05/2020 09:05:00	10,91	10,06	9,25	8,67	8,06	7,52	6,99	6,55	6,19	5,85	5,53	5,21	4,89	9,90	0
17/05/2020 09:10:00	11,90	10,04	8,98	8,39	7,91	7,38	6,99	6,67	6,40	6,14	5,89	5,63	5,37	10,24	0
17/05/2020 09:15:00	11,05	10,09	9,28	8,71	8,13	7,57	7,02	6,58	6,22	5,87	5,54	5,20	4,86	10,01	0
17/05/2020 09:20:00	11,35	10,14	9,23	8,63	8,07	7,52	7,01	6,60	6,27	5,95	5,65	5,34	5,04	9,94	0
17/05/2020 09:25:00	11,64	10,22	9,35	8,76	8,25	7,72	7,18	6,76	6,42	6,09	5,76	5,42	5,08	10,47	0
17/05/2020 09:30:00	11,68	10,27	9,36	8,74	8,17	7,58	7,12	6,72	6,39	6,06	5,75	5,43	5,11	10,35	0
17/05/2020 09:35:00	11,02	10,41	9,76	9,21	8,63	8,06	7,49	7,01	6,62	6,24	5,87	5,49	5,11	10,16	0
17/05/2020 09:40:00	10,89	10,60	9,98	9,45	8,94	8,37	7,79	7,31	6,93	6,56	6,20	5,84	5,48	10,30	0
17/05/2020 09:45:00	11,80	10,70	9,87	9,30	8,76	8,17	7,58	7,12	6,76	6,40	6,04	5,67	5,29	10,65	0
17/05/2020 09:50:00	11,46	10,76	9,95	9,32	8,70	8,10	7,51	7,03	6,65	6,28	5,93	5,58	5,22	10,84	0
17/05/2020 09:55:00	11,04	10,66	9,94	9,30	8,66	8,04	7,51	7,04	6,65	6,28	5,94	5,60	5,26	10,49	0
17/05/2020 10:00:00	11,99	10,65	9,67	9,06	8,49	7,85	7,35	6,94	6,59	6,26	5,94	5,61	5,28	11,01	0
17/05/2020 10:05:00	11,71	10,75	10,01	9,40	8,86	8,26	7,73	7,29	6,92	6,56	6,21	5,85	5,49	10,68	0
17/05/2020 10:10:00	12,90	10,64	9,49	8,84	8,38	7,91	7,45	7,11	6,85	6,59	6,34	6,07	5,79	11,21	1
17/05/2020 10:15:00	11,84	10,86	9,98	9,42	8,85	8,33	7,84	7,43	7,10	6,79	6,49	6,19	5,88	10,79	0
17/05/2020 10:20:00	12,55	10,81	10,00	9,54	9,07	8,44	7,98	7,59	7,26	6,91	6,53	6,12	5,72	11,33	0
17/05/2020 10:25:00	12,23	11,30	10,46	9,80	9,21	8,65	8,05	7,57	7,20	6,84	6,49	6,14	5,79	11,44	0
17/05/2020 10:30:00	11,27	10,98	10,26	9,68	9,14	8,52	7,90	7,39	7,00	6,62	6,25	5,88	5,51	11,14	0
17/05/2020 10:35:00	11,07	10,94	10,41	9,88	9,28	8,66	8,04	7,53	7,10	6,68	6,27	5,85	5,44	10,60	0
17/05/2020 10:40:00	10,91	10,77	10,36	9,89	9,38	8,77	8,14	7,62	7,20	6,77	6,33	5,89	5,44	10,67	0
17/05/2020 10:45:00	11,06	10,89	10,40	9,96	9,43	8,82	8,17	7,63	7,21	6,79	6,35	5,90	5,46	10,73	0
17/05/2020 10:50:00	10,68	10,67	10,18	9,70	9,17	8,47	7,87	7,34	6,91	6,48	6,04	5,60	5,16	10,75	0
17/05/2020 10:55:00	10,94	10,90	10,05	9,46	8,88	8,23	7,66	7,18	6,79	6,44	6,13	5,81	5,50	10,99	0
17/05/2020 11:00:00	13,62	11,04	9,52	8,75	8,20	7,69	7,18	6,82	6,57	6,34	6,13	5,89	5,65	11,65	1
17/05/2020 11:05:00	12,32	11,02	10,14	9,57	8,95	8,24	7,72	7,28	6,90	6,52	6,13	5,73	5,33	12,29	0
17/05/2020 11:10:00	11,24	10,93	10,41	9,92	9,37	8,77	8,07	7,52	7,09	6,65	6,19	5,73	5,27	11,37	0
17/05/2020 11:15:00	11,31	11,03	10,41	9,87	9,20	8,52	7,89	7,36	6,92	6,49	6,05	5,62	5,18	11,23	0
17/05/2020 11:20:00	13,32	11,04	9,85	9,23	8,65	8,12	7,61	7,23	6,94	6,65	6,35	6,02	5,70	11,96	1
17/05/2020 11:25:00	13,90	11,05	9,84	9,20	8,65	8,23	7,81	7,50	7,25	6,99	6,73	6,44	6,15	12,30	1
17/05/2020 11:30:00	14,30	11,33	10,03	9,27	8,82	8,35	7,94	7,64	7,40	7,17	6,93	6,67	6,41	12,74	1
17/05/2020 11:35:00	15,13	11,79	9,88	9,07	8,52	8,10	7,67	7,39	7,22	7,07	6,95	6,79	6,64	13,28	1
17/05/2020 11:40:00	13,01	11,94	10,82	10,08	9,47	8,86	8,29	7,83	7,49	7,18	6,90	6,60	6,31	12,65	0
17/05/2020 11:45:00	13,82	11,78	10,51	9,93	9,45	8,92	8,37	7,97	7,69	7,41	7,11	6,79	6,47	12,75	1
17/05/2020 11:50:00	14,12	12,02	10,47	9,63	8,93	8,29	7,74	7,33	7,03	6,76	6,52	6,26	6,00	12,45	1
17/05/2020 11:55:00	14,27	11,70	10,54	9,87	9,35	8,82	8,32	7,94	7,64	7,33	7,00	6,64	6,28	12,75	1
17/05/2020 12:00:00	13,88	12,12	10,66	9,85	9,18	8,57	7,99	7,56	7,25	6,97	6,72	6,46	6,19	13,09	1
17/05/2020 12:05:00	13,86	11,96	10,96	10,35	9,77	9,16	8,59	8,14	7,80	7,43	7,04	6,63	6,21	13,10	1
17/05/2020 12:10:00	11,94	11,91	11,30	10,74	10,17	9,52	8,89	8,36	7,94	7,53	7,11	6,70	6,28	12,15	0
17/05/2020 12:15:00	11,86	12,19	11,70	11,20	10,62	9,97	9,39	8,87	8,44	8,02	7,60	7,18	6,76	12,12	0
17/05/2020 12:20:00	12,07	11,93	11,35	10,89	10,31	9,67	9,04	8,51	8,09	7,67	7,23	6,79	6,34	12,19	0
17/05/2020 12:25:00	13,92	12,00	10,58	9,87	9,27	8,71	8,16	7,76	7,48	7,22	6,98	6,72	6,45	12,34	1
17/05/2020 12:30:00	12,43	12,34	11,78	11,26	10,66	9,92	8,99	8,28	7,78	7,24	6,66	6,07	5,47	12,25	0
17/05/2020 12:35:00	13,17	11,53	10,35	9,72	9,22	8,77	8,29	7,92	7,65	7,41	7,18	6,93	6,69	11,72	0
17/05/2020 12:40:00	12,09	11,72	11,12	10,60	10,05	9,42	8,79	8,28	7,87	7,46	7,03	6,60	6,16	11,52	0
17/05/2020 12:45:00	11,89	11,59	11,02	10,51	9,95	9,32	8,75	8,26	7,86	7,45	7,04	6,63	6,22	11,49	0
17/05/2020 12:50:00	12,37	11,68	11,05	10,59	10,04	9,45	8,92	8,47	8,09	7,70	7,29	6,88	6,47	11,78	0
17/05/2020 12:55:00	12,86	11,85	11,22	10,76	10,28	9,76	9,22	8,79	8,43	8,06	7,66	7,25	6,83	12,33	0
17/05/2020 13:00:00	13,16	12,31	11,49	11,01	10,47	9,94	9,39	8,96	8,61	8,25	7,89	7,52	7,14	12,66	0
17/05/2020 13:05:00	12,95	12,36	11,62	11,06	10,49	9,97	9,41	8,94	8,57	8,21	7,85	7,49	7,12	12,72	0
17/05/2020 13:10:00	13,38	12,56	11,64	11,03	10,42	9,85	9,33	8,90	8,55	8,22	7,90	7,58	7,25	13,17	0
17/05/2020 13:15:00	13,17	12,85	11,97	11,37	10,72	9,98	9,36	8,84	8,42	8,02	7,61	7,20	6,79	13,04	0
17/05/2020 13:20:00	12,90	12,85	12,26	11,77	11,07	10,38	9,62	9,00	8,53	8,04	7,52	6,99	6,46	12,97	0
17/05/2020 13:25:00	12,87	12,60	11,97	11,38	10,76	10,07	9,41	8,85	8,41	7,97	7,51	7,05	6,59	12,88	0
17/05/2020 13:30:00	12,62	12,67	12,03	11,48	10,86	10,13	9,52	8,99	8,56	8,13	7,69	7,26	6,82	12,85	0
17/05/2020 13:35:00	16,11	12,85	11,11	10,41	9,93	9,46	9,04	8,76	8,57	8,39	8,21	7,98	7,76	13,55	1
17/05/2020 13:40:00	15,34	12,89	11,67	10,97	10,31	9,72	9,28	8,92	8,62	8,31	7,98	7,64	7,30	14,12	1
17/05/2020 13:45:00	14,72	13,22	12,10	11,43	10,88	10,40	9,88	9,48	9,17	8,88	8,60	8,30	7,99	13,77	0
17/05/2020 13:50:00	15,69	13,46	11,81	10,86	10,16	9,65	9,21	8,88	8,64	8,44	8,30	8,15	7,99	14,35	1
17/05/2020 13:55:00	14,46	13,19	12,17	11,40	10,76	10,12	9,54	9,07	8,70	8,34	7,99	7,63	7,26	14,07	0
17/05/2020 14:00:00	14,19	12,97	12,07	11,45	10,97	10,42	9,92	9,51	9,18	8,85	8,52	8,17	7,82	13,47	0
17/05/2020 14:05:00	13,80	13,13	12,34	11,75	11,16	10,55	10,01	9,55	9,17	8,80	8,43	8,04	7,66	13,59	0
17/05/2020 14:10:00	13,03	13,13	12,56	12,04	11,43	10,75	10,15	9,63	9,19	8,76	8,32	7,88	7,43	13,29	0
17/05/2020 14:15:00	12,78	13,06	12,56	12,04	11,43	10,79	10,15	9,60	9,16	8,72	8,27	7,82	7,36	13,35	0
17/05/2020 14:20:00	13,44	13,09	12,52	11,93	11,34	10,67	10,01	9,46	9,02	8,56	8,08	7,60	7,11	13,30	0
17/05/2020 14:25:00	13,09	13,13	12,54	11,92	11,23	10,54	9,88	9,32	8,86	8,41	7,95	7,49	7,04	13,18	0
17/05/2020 14:30:00	13,13	13,06	12,48	11,95	11,45	10,85	10,27	9,78	9,38	8,98	8,57	8,16	7,75	13,20	0
17/05/2020 14:35:00	13,56	13,14	12,40	11,83	11,25	10,66	10,08	9,61	9,22	8,84	8,46	8,07	7,68	13,68	0
17/05/2020 14:40:00	13,17	13,03	12,37	11,83	11,26	10,65	10,09	9,61	9,21	8,82	8,43	8,03	7,63	13,50	0
17/05/2020 14:45:00	13,89	13,29	12,44	11,80	11,17	10,47	9,90	9,42	9,02	8,63	8,24	7,84	7,45	13,60	0
17/05/2020 14:50:00	13,50	13,32	12,62	12,08	11,49	10,81	10,19	9,67	9,25	8,83	8,39	7,95	7,51	13,64	0
17/05/2020 14:55:00	14,05	13,92	12,81	12,13	11,49	10,79	10,10	9,55	9,14	8,76	8,40	8,03	7,66	14,13	0
17/05/2020 15:00:00	15,56	13,68	12,33	11,66	11,00	10,37	9,85	9,45	9,13	8,81	8,49	8,14	7,80	14,28	1
17/05/2020 15:05:00	13,83	13,49	12,79	12,26	11,69	11,01	10,37	9,84	9,42	9,00	8,55	8,09	7,63	13,86	0
17/05/2020 15:10:00	14,28	13,50	12,71	12,06	11,44	10,81	10,26	9,80	9,41	9,02	8,63	8,23	7,83	14,06	0
17/05/2020 15:15:00	13,89	13,58	12,81	12,21	11,56	10,86	10,27	9,77	9,35	8,94	8,52	8,10	7,68	14,17	0
17/05/2020 15:20:00	13,33	13,40	12,83	12,30	11,76	11,14	10,53	10,02	9,60	9,18	8,76	8,33	7,90	13,72	0
17/05/2020 15:25:00	13,30	13,31	12,82	12,38	11,85	11,18	10,56	10,03	9,59	9,15	8,66	8,17	7,68	13,85	0
17/05/2020 15:30:00	13,13	13,47	13,03	12,51	11,93	11,29	10,65	10,10	9,65	9,20	8,74	8,27	7,80	13,77	0
17/05/2020 15:35:00	12,80	13,52	13,27	12,81	12,19	11,46	10,77	10,17	9,66	9,15	8,59	8,05	7,50	13,68	0
17/05/2020 15:40:00	9,94	10,11	10,39	10,39	10,23	10,14	9,85	9,56	9,27	8,96	8,62	8,27	7,91	11,09	0
17/05/2020 15:45:00	10,60	10,74	11,10	11,06	10,85	10,49	10,09	9,71	9,33	8,91	8,43	7,92	7,42	10,74	0
17/05/2020 15:50:00	11,54	11,27	11,25	11,05	10,80	10,44	10,00	9,61	9,27	8,89	8,47	8,03	7,59	11,12	0
17/05/2020 15:55:00	11,72	11,52	11,36	11,15	10,86	10,43	9,97	9,57	9,22	8,84	8,42	7,98	7,55	11,40	0
17/05/2020 16:00:00	11,76	11,74	11,53	11,28	10,93	10,40	9,93	9,51	9,13	8,74	8,30	7,85	7,41	11,68	0
17/05/2020 16:05:00	11,08	11,76	11,84	11,67	11,27	10,82	10,34	9,90	9,49	9,06	8,60	8,13	7,66	11,78	0
17/05/2020 16:10:00	10,52	11,16	11,35	11,18	10,88	10,47	10,08	9,68	9,29	8,89	8,46	8,02	7,59	11,49	0
17/05/2020 16:15:00	9,66	10,16	10,43	10,39	10,13	9,86	9,65	9,38	9,05	8,71	8,35	7,99	7,62	10,97	0
17/05/2020 16:20:00	9,45	9,95	10,20	10,09	9,95	9,72	9,37	9,03	8,70	8,37	8,02	7,65	7,29	10,46	0
17/05/2020 16:25:00	9,79	10,16	10,38	10,30	10,04	9,79	9,44	9,09	8,74	8,38	8,00	7,61	7,22	10,30	0
17/05/2020 16:30:00	12,19	10,81	10,02	9,66	9,34	9,01	8,72	8,48	8,26	8,05	7,85	7,63	7,40	10,80	0
17/05/2020 16:35:00	12,93	11,02	10,28	9,80	9,42	9,03	8,63	8,32	8,04	7,76	7,45	7,12	6,80	11,57	0
17/05/2020 16:40:00	13,38	11,42	10,31	9,76	9,30	8,88	8,53	8,24	8,00	7,77	7,56	7,32	7,08	11,77	0
17/05/2020 16:45:00	11,52	11,44	11,09	10,68	10,24	9,72	9,22	8,78	8,40	8,01	7,61	7,21	6,81	11,57	0
17/05/2020 16:50:00	11,39	11,49	11,14	10,80	10,34	9,81	9,28	8,82	8,42	8,03	7,62	7,20	6,78	11,43	0
17/05/2020 16:55:00	12,61	11,60	10,92	10,49	10,04	9,60	9,17	8,81	8,49	8,18	7,86	7,52	7,19	11,78	0
17/05/2020 17:00:00	13,94	12,03	10,72	10,07	9,52	9,06	8,70	8,41	8,17	7,96	7,78	7,59	7,39	12,25	1
17/05/2020 17:05:00	12,55	11,91	11,38	10,93	10,51	10,08	9,57	9,16	8,82	8,48	8,12	7,75	7,38	12,42	0
17/05/2020 17:10:00	13,21	12,25	11,45	10,91	10,40	9,84	9,37	8,96	8,62	8,29	7,95	7,60	7,25	12,90	0
17/05/2020 17:15:00	12,21	12,31	11,97	11,53	10,96	10,35	9,77	9,27	8,83	8,38	7,92	7,46	6,99	12,70	0
17/05/2020 17:20:00	12,05	12,36	12,14	11,78	11,27	10,70	10,08	9,55	9,11	8,65	8,16	7,66	7,16	12,76	0
17/05/2020 17:25:00	12,00	12,80	12,67	12,33	11,85	11,20	10,58	10,04	9,56	9,08	8,56	8,04	7,52	12,52	0
17/05/2020 17:30:00	11,89	12,79	12,69	12,27	11,74	11,13	10,49	9,92	9,44	8,95	8,44	7,93	7,43	12,54	0
17/05/2020 17:35:00	11,55	12,32	12,10	11,73	11,26	10,64	10,07	9,55	9,11	8,66	8,21	7,75	7,29	12,29	0
17/05/2020 17:40:00	11,09	11,86	11,45	10,74	9,90	9,04	8,28	7,61	7,04	6,50	5,97	5,46	4,95	11,64	0
17/05/2020 17:45:00	9,67	9,75	9,56	9,28	9,02	8,81	8,68	8,48	8,22	8,00	7,82	7,64	7,45	9,62	0
17/05/2020 17:50:00	9,61	9,79	10,03	9,97	9,86	9,72	9,39	9,09	8,79	8,48	8,15	7,80	7,45	9,18	0
17/05/2020 17:55:00	9,81	9,85	9,86	9,80	9,72	9,58	9,35	9,11	8,86	8,62	8,37	8,10	7,83	9,02	0
17/05/2020 18:00:00	11,96	10,05	9,36	9,17	9,12	9,10	8,95	8,85	8,74	8,64	8,55	8,41	8,27	9,95	0
17/05/2020 18:05:00	11,48	10,30	9,94	9,77	9,58	9,45	9,17	8,93	8,72	8,49	8,25	7,98	7,70	10,26	0
17/05/2020 18:10:00	10,55	10,57	10,50	10,34	10,15	9,80	9,45	9,13	8,81	8,49	8,15	7,79	7,43	10,27	0
17/05/2020 18:15:00	10,53	10,58	10,53	10,33	10,07	9,83	9,46	9,12	8,80	8,48	8,16	7,81	7,47	10,16	0
17/05/2020 18:20:00	10,44	10,70	10,62	10,38	10,22	10,00	9,55	9,17	8,86	8,56	8,25	7,93	7,61	9,93	0
17/05/2020 18:25:00	10,33	10,79	10,83	10,66	10,36	9,90	9,43	9,00	8,61	8,21	7,77	7,33	6,88	9,95	0
17/05/2020 18:30:00	10,02	10,60	10,59	10,36	10,00	9,53	9,06	8,62	8,22	7,81	7,39	6,96	6,53	10,01	0
17/05/2020 18:35:00	9,94	10,37	10,46	10,17	9,89	9,48	8,95	8,49	8,09	7,69	7,26	6,82	6,39	10,10	0
17/05/2020 18:40:00	10,06	10,56	10,49	10,08	9,58	9,06	8,61	8,17	7,74	7,33	6,92	6,52	6,12	10,03	0
17/05/2020 18:45:00	9,54	10,11	10,11	9,87	9,57	9,13	8,68	8,27	7,88	7,50	7,11	6,72	6,32	9,67	0
17/05/2020 18:50:00	9,43	10,09	10,02	9,76	9,47	9,16	8,81	8,46	8,13	7,82	7,52	7,23	6,94	9,50	0
17/05/2020 18:55:00	9,42	10,22	10,28	9,99	9,71	9,57	9,26	8,93	8,62	8,34	8,09	7,84	7,59	9,45	0
17/05/2020 19:00:00	9,34	10,41	10,57	10,40	10,19	9,87	9,41	8,99	8,62	8,25	7,88	7,50	7,13	9,57	0
17/05/2020 19:05:00	9,65	10,67	10,66	10,47	10,12	9,64	9,15	8,70	8,29	7,89	7,48	7,06	6,65	10,06	0
17/05/2020 19:10:00	9,99	10,74	10,57	10,24	9,75	9,23	8,70	8,23	7,80	7,38	6,97	6,56	6,15	10,31	0
17/05/2020 19:15:00	9,87	10,73	10,51	9,95	9,38	8,69	8,07	7,51	7,03	6,56	6,11	5,67	5,23	10,14	0
17/05/2020 19:20:00	10,02	10,52	10,16	9,63	9,00	8,36	7,74	7,20	6,74	6,30	5,86	5,44	5,03	10,06	0
17/05/2020 19:25:00	9,81	10,29	9,99	9,57	9,10	8,55	7,92	7,39	6,96	6,55	6,13	5,71	5,30	9,79	0
17/05/2020 19:30:00	9,65	10,22	9,99	9,56	9,13	8,58	8,06	7,58	7,17	6,77	6,38	6,00	5,62	9,54	0
17/05/2020 19:35:00	9,72	10,23	9,95	9,52	9,05	8,53	8,00	7,53	7,12	6,74	6,37	6,00	5,63	9,55	0
17/05/2020 19:40:00	9,65	10,21	9,95	9,54	9,10	8,55	8,03	7,57	7,16	6,77	6,39	6,02	5,64	9,52	0
17/05/2020 19:45:00	9,60	10,19	9,99	9,65	9,18	8,73	8,38	8,02	7,64	7,29	6,96	6,65	6,33	9,58	0
17/05/2020 19:50:00	9,63	10,29	10,15	9,82	9,33	8,79	8,36	7,94	7,52	7,12	6,72	6,33	5,94	9,42	0
17/05/2020 19:55:00	9,54	10,34	10,26	9,93	9,49	8,99	8,50	8,04	7,62	7,21	6,81	6,41	6,02	9,60	0
17/05/2020 20:00:00	9,71	10,69	10,63	10,30	9,90	9,39	8,94	8,50	8,08	7,69	7,30	6,91	6,53	9,69	0
17/05/2020 20:05:00	9,71	10,70	10,68	10,39	9,99	9,54	9,03	8,56	8,15	7,75	7,35	6,95	6,56	9,75	0
17/05/2020 20:10:00	9,94	11,04	11,06	10,75	10,36	9,85	9,29	8,78	8,34	7,90	7,46	7,02	6,58	9,80	0
17/05/2020 20:15:00	9,88	11,01	11,08	10,81	10,38	9,82	9,28	8,77	8,31	7,85	7,37	6,90	6,43	9,89	0
17/05/2020 20:20:00	9,32	11,38	11,66	11,38	10,94	10,37	9,77	9,20	8,69	8,19	7,68	7,19	6,70	9,83	0
17/05/2020 20:25:00	9,79	11,61	11,90	11,66	11,26	10,73	10,11	9,55	9,05	8,55	8,04	7,53	7,01	9,75	0
17/05/2020 20:30:00	9,43	11,88	12,34	12,18	11,76	11,25	10,60	10,01	9,48	8,96	8,41	7,87	7,34	9,66	0
17/05/2020 20:35:00	9,39	11,74	12,29	12,19	11,84	11,32	10,72	10,14	9,63	9,11	8,55	8,00	7,45	9,52	0
17/05/2020 20:40:00	9,56	12,14	12,62	12,53	12,08	11,49	10,81	10,18	9,63	9,06	8,46	7,87	7,27	9,53	0
17/05/2020 20:45:00	9,64	12,08	12,62	12,44	12,06	11,49	10,85	10,24	9,70	9,15	8,57	8,00	7,43	9,48	0
17/05/2020 20:50:00	9,41	12,03	12,61	12,49	12,09	11,54	10,89	10,28	9,73	9,18	8,60	8,02	7,45	9,37	0
17/05/2020 20:55:00	9,01	12,06	12,78	12,66	12,22	11,65	10,94	10,29	9,70	9,11	8,48	7,86	7,25	9,28	0
17/05/2020 21:00:00	8,90	12,32	13,25	13,15	12,71	12,07	11,39	10,73	10,10	9,46	8,78	8,11	7,45	9,20	0
17/05/2020 21:05:00	8,71	12,33	13,23	13,15	12,69	12,07	11,43	10,78	10,16	9,54	8,89	8,26	7,62	8,89	0
17/05/2020 21:10:00	8,40	12,11	13,20	13,25	12,82	12,27	11,61	10,96	10,34	9,70	9,02	8,35	7,68	8,62	0
17/05/2020 21:15:00	8,27	11,96	13,15	13,14	12,81	12,25	11,59	10,93	10,31	9,67	8,98	8,30	7,62	8,34	0
17/05/2020 21:20:00	8,03	11,93	13,16	13,22	12,91	12,36	11,69	11,04	10,41	9,77	9,07	8,38	7,70	7,97	0
17/05/2020 21:25:00	7,90	11,67	13,02	13,11	12,77	12,21	11,61	10,99	10,35	9,69	8,96	8,26	7,55	7,87	0
17/05/2020 21:30:00	7,83	11,66	13,03	13,13	12,87	12,37	11,72	11,08	10,46	9,81	9,09	8,40	7,70	7,55	0
17/05/2020 21:35:00	7,69	11,56	13,01	13,15	12,90	12,41	11,77	11,12	10,50	9,84	9,11	8,39	7,67	7,33	0
17/05/2020 21:40:00	7,56	11,46	13,01	13,26	12,98	12,55	11,90	11,25	10,63	9,96	9,20	8,46	7,72	7,11	0
17/05/2020 21:45:00	7,15	11,21	12,84	13,03	12,87	12,30	11,68	11,03	10,39	9,70	8,92	8,16	7,40	6,87	0
17/05/2020 21:50:00	6,85	10,82	12,42	12,58	12,35	11,89	11,26	10,61	9,97	9,31	8,56	7,83	7,11	6,69	0
17/05/2020 21:55:00	6,66	10,70	12,30	12,47	12,15	11,69	11,11	10,47	9,83	9,15	8,41	7,69	6,97	6,62	0
17/05/2020 22:00:00	6,56	10,59	12,17	12,36	12,12	11,68	11,06	10,41	9,79	9,13	8,40	7,69	6,98	6,46	0
17/05/2020 22:05:00	6,49	10,68	12,25	12,43	12,16	11,65	11,06	10,42	9,77	9,10	8,36	7,65	6,93	6,50	0
17/05/2020 22:10:00	6,44	10,68	12,29	12,43	12,26	11,71	11,10	10,45	9,80	9,13	8,38	7,66	6,93	6,40	0
17/05/2020 22:15:00	6,35	10,46	12,04	12,25	12,06	11,57	11,01	10,39	9,77	9,12	8,39	7,69	6,99	6,28	0
17/05/2020 22:20:00	6,38	10,54	11,98	12,11	11,74	11,22	10,58	9,91	9,26	8,58	7,85	7,14	6,43	6,24	0
17/05/2020 22:25:00	6,85	10,41	11,51	11,64	11,41	10,95	10,34	9,73	9,17	8,60	7,99	7,39	6,79	6,68	0
17/05/2020 22:30:00	7,37	10,62	11,35	11,34	11,05	10,59	10,06	9,52	9,00	8,50	7,99	7,50	7,01	6,96	0
17/05/2020 22:35:00	7,44	10,65	11,32	11,28	11,01	10,50	9,90	9,32	8,80	8,29	7,77	7,26	6,75	7,48	0
17/05/2020 22:40:00	7,60	10,37	11,22	11,29	11,10	10,71	10,18	9,66	9,17	8,68	8,15	7,62	7,10	7,72	0
17/05/2020 22:45:00	7,13	10,50	11,51	11,67	11,40	10,92	10,36	9,80	9,24	8,68	8,08	7,49	6,90	7,38	0
17/05/2020 22:50:00	6,80	10,50	11,75	11,93	11,68	11,16	10,58	9,99	9,39	8,78	8,11	7,46	6,80	7,18	0
17/05/2020 22:55:00	6,86	10,76	12,11	12,27	12,12	11,62	11,08	10,51	9,92	9,32	8,67	8,03	7,39	7,12	0
17/05/2020 23:00:00	6,82	10,79	12,15	12,35	12,17	11,76	11,21	10,63	10,06	9,47	8,83	8,20	7,57	6,90	0
17/05/2020 23:05:00	7,10	10,72	12,00	12,27	12,17	11,81	11,25	10,69	10,15	9,60	8,98	8,37	7,75	6,83	0
17/05/2020 23:10:00	6,84	10,33	11,61	11,85	11,77	11,45	11,01	10,53	10,02	9,50	8,94	8,38	7,82	6,78	0
17/05/2020 23:15:00	6,68	10,36	11,65	11,93	11,78	11,39	10,84	10,29	9,74	9,18	8,55	7,93	7,32	6,69	0
17/05/2020 23:20:00	6,75	10,52	11,53	11,62	11,28	10,75	10,16	9,56	8,97	8,39	7,77	7,18	6,58	6,71	0
17/05/2020 23:25:00	7,20	10,63	11,35	11,38	11,06	10,61	10,02	9,44	8,92	8,41	7,89	7,39	6,89	7,16	0
17/05/2020 23:30:00	7,43	10,34	11,17	11,28	11,03	10,69	10,14	9,62	9,13	8,64	8,12	7,61	7,10	7,52	0
17/05/2020 23:35:00	7,49	10,72	11,40	11,48	11,31	10,80	10,27	9,74	9,24	8,76	8,25	7,75	7,25	8,16	0
17/05/2020 23:40:00	8,76	10,65	10,96	10,97	10,75	10,40	9,93	9,49	9,09	8,69	8,28	7,87	7,45	8,69	0
17/05/2020 23:45:00	8,73	10,69	11,11	11,12	10,84	10,43	10,05	9,64	9,22	8,79	8,36	7,92	7,48	9,09	0
17/05/2020 23:50:00	8,76	10,73	11,12	11,16	10,94	10,62	10,22	9,81	9,41	9,02	8,62	8,21	7,81	9,32	0
17/05/2020 23:55:00	8,81	10,92	11,31	11,27	11,08	10,62	10,13	9,66	9,22	8,79	8,33	7,88	7,42	9,44	0
