FileFormat:0002.2 file with temperature of atmosphere
200
local	GMT or Local
0	GMT-Local=[hours]
0	Height[m]
0	0	0	Longitude                [grd]               [min]               [sec]
0	0	0	Latitude                [grd]               [min]               [sec]
N	NS
59,40	Freq[GHz]
0,00	dTemostat[K]
0,150	MessErr[K]
0,248	//[grad/step]
version 14.0.20110218
MTP5H033F5940K-33.00D180214+A1.1
Commentary:
enter comment
End Of Commentary

SYSTEM\summer.dat
data time	0	50	100	150	200	250	300	350	400	450	500	550	600	OutsideTemperature	Quality
23/05/2020 00:00:00	3,93	3,96	3,73	3,43	3,01	2,61	2,22	1,84	1,49	1,18	0,92	0,67	0,41	3,99	0
23/05/2020 00:05:00	3,88	3,97	3,69	3,36	3,02	2,68	2,23	1,84	1,52	1,24	1,02	0,81	0,59	4,08	0
23/05/2020 00:10:00	3,82	3,91	3,68	3,31	2,96	2,56	2,18	1,82	1,48	1,19	0,96	0,73	0,51	3,83	0
23/05/2020 00:15:00	3,88	3,95	3,70	3,36	2,90	2,53	2,12	1,73	1,38	1,07	0,82	0,58	0,34	3,96	0
23/05/2020 00:20:00	3,85	3,83	3,59	3,27	2,94	2,63	2,32	2,00	1,69	1,43	1,23	1,04	0,85	3,86	0
23/05/2020 00:25:00	3,88	3,91	3,67	3,33	3,04	2,64	2,24	1,87	1,54	1,25	1,02	0,79	0,56	3,91	0
23/05/2020 00:30:00	3,85	3,90	3,67	3,34	3,00	2,70	2,35	2,02	1,71	1,44	1,24	1,04	0,85	3,85	0
23/05/2020 00:35:00	3,77	3,79	3,59	3,21	2,91	2,54	2,13	1,76	1,43	1,14	0,90	0,67	0,45	3,83	0
23/05/2020 00:40:00	3,79	3,84	3,58	3,25	2,87	2,55	2,16	1,79	1,47	1,19	0,98	0,78	0,57	4,00	0
23/05/2020 00:45:00	3,76	3,79	3,56	3,25	2,94	2,62	2,27	1,93	1,62	1,35	1,15	0,95	0,75	3,96	0
23/05/2020 00:50:00	3,84	3,81	3,54	3,23	2,91	2,58	2,24	1,91	1,60	1,33	1,13	0,93	0,73	3,96	0
23/05/2020 00:55:00	3,91	3,84	3,62	3,29	2,98	2,63	2,34	2,04	1,72	1,46	1,25	1,05	0,84	3,86	0
23/05/2020 01:00:00	3,94	3,91	3,69	3,37	3,07	2,69	2,32	1,96	1,63	1,35	1,11	0,88	0,65	3,92	0
23/05/2020 01:05:00	3,89	3,85	3,63	3,36	3,02	2,73	2,38	2,05	1,74	1,48	1,27	1,06	0,86	3,85	0
23/05/2020 01:10:00	3,88	3,85	3,60	3,33	3,05	2,69	2,37	2,06	1,75	1,49	1,28	1,08	0,88	3,86	0
23/05/2020 01:15:00	3,84	3,85	3,62	3,32	3,00	2,69	2,33	1,98	1,67	1,40	1,19	0,99	0,78	3,81	0
23/05/2020 01:20:00	3,87	3,83	3,67	3,36	3,07	2,71	2,38	2,05	1,73	1,44	1,20	0,97	0,74	3,84	0
23/05/2020 01:25:00	3,91	3,90	3,68	3,43	3,12	2,82	2,43	2,07	1,76	1,49	1,28	1,06	0,85	3,91	0
23/05/2020 01:30:00	3,85	3,92	3,68	3,35	2,98	2,60	2,27	1,94	1,60	1,31	1,08	0,87	0,65	3,86	0
23/05/2020 01:35:00	3,86	3,84	3,66	3,42	3,14	2,77	2,41	2,06	1,74	1,46	1,22	0,98	0,74	3,97	0
23/05/2020 01:40:00	3,90	3,97	3,75	3,42	3,07	2,66	2,30	1,95	1,61	1,31	1,06	0,83	0,60	3,95	0
23/05/2020 01:45:00	3,96	3,95	3,76	3,49	3,18	2,82	2,41	2,05	1,72	1,43	1,18	0,94	0,70	4,08	0
23/05/2020 01:50:00	3,92	3,95	3,70	3,31	3,08	2,73	2,36	2,01	1,70	1,44	1,25	1,06	0,87	3,91	0
23/05/2020 01:55:00	3,96	3,93	3,77	3,41	3,14	2,79	2,49	2,17	1,85	1,58	1,36	1,14	0,93	3,95	0
23/05/2020 02:00:00	3,95	3,94	3,68	3,34	2,99	2,67	2,33	1,99	1,68	1,41	1,21	1,02	0,82	3,84	0
23/05/2020 02:05:00	3,86	3,84	3,62	3,28	2,93	2,58	2,24	1,91	1,58	1,30	1,07	0,86	0,64	3,83	0
23/05/2020 02:10:00	3,81	3,78	3,52	3,16	2,81	2,47	2,16	1,84	1,51	1,24	1,03	0,84	0,64	3,61	0
23/05/2020 02:15:00	3,77	3,78	3,55	3,23	2,90	2,55	2,25	1,94	1,62	1,35	1,14	0,93	0,73	3,81	0
23/05/2020 02:20:00	3,72	3,76	3,58	3,26	2,87	2,60	2,23	1,89	1,56	1,28	1,06	0,85	0,64	3,73	0
23/05/2020 02:25:00	3,74	3,76	3,56	3,28	2,92	2,57	2,21	1,87	1,53	1,24	1,00	0,77	0,54	3,85	0
23/05/2020 02:30:00	3,71	3,69	3,47	3,17	2,90	2,52	2,16	1,82	1,50	1,22	1,00	0,78	0,56	3,61	0
23/05/2020 02:35:00	3,67	3,65	3,42	3,10	2,74	2,35	1,96	1,60	1,26	0,96	0,72	0,49	0,25	3,65	0
23/05/2020 02:40:00	3,71	3,62	3,44	3,11	2,83	2,42	2,10	1,77	1,44	1,15	0,90	0,67	0,44	3,69	0
23/05/2020 02:45:00	3,66	3,60	3,34	3,06	2,70	2,41	2,06	1,73	1,42	1,16	0,96	0,76	0,56	3,65	0
23/05/2020 02:50:00	3,69	3,67	3,47	3,09	2,75	2,38	2,00	1,64	1,31	1,02	0,79	0,56	0,34	3,67	0
23/05/2020 02:55:00	3,71	3,63	3,41	3,09	2,78	2,40	2,03	1,67	1,34	1,06	0,82	0,59	0,37	3,77	0
23/05/2020 03:00:00	3,68	3,73	3,50	3,16	2,83	2,44	1,98	1,58	1,24	0,94	0,69	0,45	0,21	3,68	0
23/05/2020 03:05:00	3,77	3,81	3,53	3,19	2,87	2,45	2,10	1,76	1,43	1,15	0,92	0,70	0,49	3,80	0
23/05/2020 03:10:00	3,80	3,73	3,43	3,14	2,87	2,51	2,18	1,86	1,56	1,30	1,10	0,91	0,71	3,76	0
23/05/2020 03:15:00	3,85	3,78	3,50	3,19	2,89	2,52	2,15	1,81	1,49	1,22	1,00	0,79	0,58	3,73	0
23/05/2020 03:20:00	3,83	3,78	3,53	3,21	2,86	2,45	2,03	1,65	1,31	1,01	0,76	0,51	0,27	3,65	0
23/05/2020 03:25:00	3,79	3,77	3,50	3,16	2,80	2,42	2,04	1,68	1,35	1,07	0,85	0,64	0,42	3,68	0
23/05/2020 03:30:00	3,72	3,69	3,40	2,99	2,66	2,22	1,86	1,50	1,16	0,87	0,64	0,43	0,21	3,76	0
23/05/2020 03:35:00	3,70	3,70	3,46	3,12	2,72	2,30	1,87	1,48	1,12	0,81	0,55	0,30	0,04	3,82	0
23/05/2020 03:40:00	3,73	3,66	3,38	3,03	2,62	2,19	1,80	1,42	1,07	0,76	0,51	0,26	0,01	3,73	0
23/05/2020 03:45:00	3,87	3,83	3,59	3,26	2,86	2,51	2,13	1,77	1,44	1,15	0,91	0,69	0,47	3,89	0
23/05/2020 03:50:00	3,90	3,90	3,67	3,32	2,96	2,56	2,12	1,73	1,38	1,08	0,82	0,58	0,33	3,85	0
23/05/2020 03:55:00	3,97	3,90	3,67	3,36	2,99	2,60	2,20	1,83	1,49	1,19	0,94	0,69	0,44	3,78	0
23/05/2020 04:00:00	3,95	3,96	3,74	3,38	3,08	2,74	2,39	2,05	1,73	1,46	1,24	1,04	0,83	3,74	0
23/05/2020 04:05:00	3,91	3,85	3,64	3,28	2,98	2,60	2,24	1,89	1,56	1,27	1,03	0,80	0,57	3,85	0
23/05/2020 04:10:00	3,86	3,86	3,57	3,23	2,89	2,52	2,12	1,75	1,42	1,14	0,92	0,71	0,49	3,81	0
23/05/2020 04:15:00	3,79	3,81	3,59	3,28	2,87	2,52	2,14	1,78	1,44	1,15	0,91	0,68	0,46	3,87	0
23/05/2020 04:20:00	3,80	3,78	3,53	3,19	2,95	2,58	2,23	1,90	1,59	1,32	1,12	0,92	0,72	3,77	0
23/05/2020 04:25:00	3,85	3,74	3,51	3,18	2,96	2,64	2,33	2,03	1,73	1,49	1,30	1,12	0,94	3,83	0
23/05/2020 04:30:00	3,86	3,78	3,57	3,28	2,90	2,62	2,28	1,95	1,64	1,37	1,15	0,95	0,74	3,94	0
23/05/2020 04:35:00	3,82	3,74	3,58	3,23	3,01	2,64	2,30	1,97	1,65	1,37	1,14	0,92	0,70	3,72	0
23/05/2020 04:40:00	3,82	3,74	3,53	3,28	2,92	2,61	2,36	2,08	1,77	1,50	1,29	1,09	0,88	3,85	0
23/05/2020 04:45:00	3,87	3,74	3,52	3,23	3,03	2,68	2,38	2,08	1,79	1,54	1,34	1,14	0,94	3,91	0
23/05/2020 04:50:00	3,94	3,80	3,56	3,35	3,05	2,79	2,43	2,11	1,82	1,57	1,36	1,17	0,97	3,93	0
23/05/2020 04:55:00	3,92	3,89	3,67	3,34	3,07	2,78	2,43	2,10	1,79	1,54	1,34	1,14	0,95	3,95	0
23/05/2020 05:00:00	3,93	3,89	3,68	3,44	3,13	2,76	2,42	2,09	1,77	1,49	1,26	1,03	0,80	3,96	0
23/05/2020 05:05:00	3,98	3,87	3,63	3,29	3,00	2,66	2,36	2,05	1,74	1,48	1,27	1,07	0,88	4,03	0
23/05/2020 05:10:00	3,95	3,91	3,67	3,40	3,09	2,78	2,42	2,08	1,77	1,51	1,29	1,09	0,88	3,90	0
23/05/2020 05:15:00	3,92	3,87	3,61	3,32	2,96	2,67	2,34	2,02	1,71	1,45	1,25	1,06	0,86	3,95	0
23/05/2020 05:20:00	3,94	3,87	3,63	3,32	3,01	2,63	2,30	1,97	1,65	1,37	1,14	0,92	0,71	3,89	0
23/05/2020 05:25:00	3,93	3,88	3,62	3,33	2,97	2,60	2,25	1,91	1,58	1,30	1,07	0,85	0,62	3,78	0
23/05/2020 05:30:00	3,91	3,88	3,64	3,35	2,98	2,64	2,24	1,87	1,54	1,25	1,02	0,79	0,56	3,97	0
23/05/2020 05:35:00	3,86	3,94	3,75	3,43	3,09	2,75	2,40	2,06	1,73	1,45	1,22	1,00	0,78	3,91	0
23/05/2020 05:40:00	3,96	3,87	3,66	3,36	3,00	2,70	2,36	2,03	1,71	1,44	1,21	1,00	0,78	4,14	0
23/05/2020 05:45:00	3,86	3,78	3,56	3,32	3,04	2,71	2,43	2,13	1,83	1,57	1,37	1,16	0,96	3,83	0
23/05/2020 05:50:00	3,83	3,76	3,56	3,29	2,96	2,66	2,39	2,10	1,79	1,53	1,32	1,13	0,93	3,84	0
23/05/2020 05:55:00	3,91	3,83	3,61	3,29	2,98	2,61	2,26	1,93	1,60	1,32	1,09	0,87	0,65	4,03	0
23/05/2020 06:00:00	3,80	3,78	3,58	3,24	2,87	2,53	2,20	1,86	1,53	1,25	1,02	0,80	0,58	3,83	0
23/05/2020 06:05:00	3,85	3,80	3,58	3,28	2,93	2,58	2,23	1,89	1,56	1,28	1,05	0,83	0,61	3,90	0
23/05/2020 06:10:00	3,88	3,92	3,73	3,39	3,08	2,72	2,38	2,04	1,72	1,43	1,20	0,98	0,76	3,98	0
23/05/2020 06:15:00	3,97	3,92	3,72	3,36	3,07	2,70	2,37	2,04	1,71	1,42	1,19	0,97	0,75	4,02	0
23/05/2020 06:20:00	4,06	4,00	3,74	3,45	3,12	2,82	2,45	2,11	1,80	1,54	1,33	1,13	0,93	4,13	0
23/05/2020 06:25:00	4,11	3,93	3,68	3,39	3,14	2,84	2,55	2,25	1,96	1,72	1,53	1,34	1,15	3,93	0
23/05/2020 06:30:00	4,06	3,95	3,69	3,36	3,11	2,82	2,47	2,15	1,86	1,61	1,43	1,24	1,06	3,88	0
23/05/2020 06:35:00	4,16	3,96	3,76	3,53	3,22	2,86	2,49	2,15	1,83	1,54	1,29	1,05	0,80	4,06	0
23/05/2020 06:40:00	4,14	3,97	3,71	3,36	3,06	2,78	2,45	2,14	1,84	1,59	1,40	1,22	1,04	4,03	0
23/05/2020 06:45:00	4,29	3,98	3,72	3,38	3,10	2,80	2,48	2,17	1,87	1,62	1,42	1,22	1,02	4,03	0
23/05/2020 06:50:00	3,97	3,72	3,44	3,17	2,86	2,61	2,31	2,02	1,74	1,50	1,32	1,14	0,97	3,96	0
23/05/2020 06:55:00	4,04	3,75	3,49	3,16	2,85	2,53	2,19	1,86	1,56	1,29	1,09	0,88	0,68	4,01	0
23/05/2020 07:00:00	4,16	3,81	3,56	3,27	3,03	2,71	2,36	2,03	1,74	1,49	1,28	1,07	0,87	4,33	0
23/05/2020 07:05:00	4,31	3,88	3,58	3,29	3,01	2,69	2,43	2,15	1,87	1,63	1,43	1,24	1,06	4,58	0
23/05/2020 07:10:00	4,28	3,88	3,58	3,24	2,97	2,68	2,37	2,08	1,80	1,56	1,38	1,20	1,02	4,21	0
23/05/2020 07:15:00	4,48	3,91	3,53	3,26	2,95	2,66	2,44	2,20	1,93	1,71	1,55	1,38	1,22	4,76	0
23/05/2020 07:20:00	4,40	3,88	3,52	3,26	3,01	2,74	2,53	2,30	2,05	1,84	1,69	1,54	1,39	4,26	0
23/05/2020 07:25:00	4,55	3,91	3,49	3,21	2,98	2,79	2,56	2,34	2,11	1,93	1,82	1,71	1,59	4,31	0
23/05/2020 07:30:00	4,56	3,97	3,59	3,25	3,05	2,79	2,52	2,26	2,01	1,80	1,66	1,51	1,36	4,25	0
23/05/2020 07:35:00	4,58	4,14	3,77	3,42	3,13	2,83	2,52	2,23	1,95	1,72	1,54	1,37	1,20	4,36	0
23/05/2020 07:40:00	4,59	3,93	3,53	3,18	2,92	2,69	2,48	2,26	2,02	1,82	1,69	1,57	1,44	4,51	0
23/05/2020 07:45:00	4,52	3,86	3,46	3,12	2,90	2,60	2,29	2,01	1,75	1,53	1,37	1,21	1,04	4,18	0
23/05/2020 07:50:00	4,60	3,98	3,62	3,38	3,15	2,88	2,56	2,27	2,01	1,79	1,61	1,43	1,24	4,51	0
23/05/2020 07:55:00	4,39	3,91	3,57	3,24	3,05	2,78	2,47	2,18	1,92	1,71	1,55	1,39	1,23	4,19	0
23/05/2020 08:00:00	4,28	3,91	3,57	3,22	2,90	2,67	2,41	2,14	1,87	1,65	1,50	1,36	1,22	4,11	0
23/05/2020 08:05:00	4,43	3,96	3,64	3,33	3,04	2,76	2,46	2,17	1,89	1,65	1,47	1,29	1,10	4,45	0
23/05/2020 08:10:00	4,57	3,93	3,47	3,08	2,79	2,49	2,25	2,00	1,74	1,53	1,39	1,26	1,12	4,30	0
23/05/2020 08:15:00	4,54	3,85	3,44	2,99	2,71	2,42	2,12	1,83	1,56	1,34	1,18	1,02	0,86	4,16	0
23/05/2020 08:20:00	4,71	3,93	3,46	3,07	2,76	2,48	2,20	1,93	1,67	1,46	1,31	1,17	1,02	4,43	0
23/05/2020 08:25:00	5,06	3,89	3,18	2,75	2,48	2,25	1,95	1,70	1,49	1,34	1,26	1,17	1,09	4,42	0
23/05/2020 08:30:00	5,32	3,90	3,19	2,79	2,43	2,14	1,81	1,54	1,31	1,12	0,98	0,84	0,70	4,34	0
23/05/2020 08:35:00	5,67	4,04	3,19	2,69	2,26	1,92	1,56	1,27	1,03	0,83	0,70	0,56	0,42	4,66	0
23/05/2020 08:40:00	5,99	4,16	3,16	2,56	2,11	1,78	1,44	1,16	0,94	0,77	0,67	0,57	0,48	4,89	0
23/05/2020 08:45:00	5,81	4,07	3,21	2,67	2,25	1,85	1,47	1,17	0,92	0,71	0,56	0,40	0,24	5,00	0
23/05/2020 08:50:00	6,05	4,27	3,33	2,82	2,42	2,02	1,63	1,33	1,09	0,88	0,74	0,58	0,43	4,90	0
23/05/2020 08:55:00	6,11	4,48	3,36	2,79	2,34	1,91	1,56	1,27	1,04	0,86	0,77	0,67	0,57	5,23	0
23/05/2020 09:00:00	6,12	4,48	3,44	2,88	2,44	2,04	1,68	1,39	1,15	0,97	0,87	0,75	0,64	5,45	0
23/05/2020 09:05:00	6,21	4,56	3,54	2,97	2,57	2,19	1,77	1,46	1,22	1,04	0,93	0,81	0,69	5,30	0
23/05/2020 09:10:00	6,14	4,56	3,64	3,15	2,75	2,34	1,93	1,61	1,36	1,15	1,01	0,85	0,69	5,36	0
23/05/2020 09:15:00	6,16	4,68	3,90	3,33	2,95	2,44	2,04	1,70	1,41	1,16	0,96	0,76	0,55	5,45	0
23/05/2020 09:20:00	5,82	4,75	4,00	3,53	3,12	2,62	2,18	1,81	1,51	1,25	1,04	0,83	0,62	5,37	0
23/05/2020 09:25:00	5,76	4,86	4,17	3,65	3,12	2,61	2,13	1,73	1,40	1,10	0,86	0,62	0,39	5,43	0
23/05/2020 09:30:00	5,85	4,88	4,10	3,57	3,05	2,57	2,08	1,68	1,37	1,10	0,88	0,68	0,47	5,61	0
23/05/2020 09:35:00	5,58	4,79	4,09	3,60	3,13	2,67	2,23	1,86	1,55	1,28	1,07	0,87	0,67	5,30	0
23/05/2020 09:40:00	5,63	4,88	4,14	3,62	3,13	2,59	2,18	1,81	1,49	1,21	1,00	0,79	0,58	5,51	0
23/05/2020 09:45:00	5,57	4,86	4,19	3,75	3,27	2,77	2,27	1,86	1,53	1,24	0,99	0,76	0,52	5,16	0
23/05/2020 09:50:00	5,61	4,92	4,31	3,77	3,31	2,78	2,31	1,91	1,57	1,26	1,01	0,77	0,53	5,40	0
23/05/2020 09:55:00	5,76	4,90	4,27	3,73	3,27	2,83	2,43	2,07	1,76	1,49	1,29	1,08	0,88	5,30	0
23/05/2020 10:00:00	6,20	4,97	4,14	3,60	3,17	2,69	2,25	1,90	1,61	1,36	1,17	0,98	0,79	5,77	0
23/05/2020 10:05:00	6,68	5,10	4,06	3,46	3,03	2,55	2,12	1,77	1,52	1,30	1,15	1,00	0,84	5,56	0
23/05/2020 10:10:00	6,73	5,15	4,17	3,69	3,16	2,70	2,28	1,95	1,67	1,44	1,26	1,07	0,88	5,93	0
23/05/2020 10:15:00	6,75	5,26	4,27	3,72	3,31	2,83	2,39	2,04	1,78	1,56	1,40	1,22	1,05	5,89	0
23/05/2020 10:20:00	6,69	5,27	4,27	3,75	3,29	2,81	2,40	2,06	1,80	1,58	1,42	1,25	1,08	6,00	0
23/05/2020 10:25:00	6,73	5,41	4,46	3,89	3,35	2,88	2,40	2,01	1,72	1,47	1,28	1,09	0,90	6,01	0
23/05/2020 10:30:00	7,28	5,48	4,34	3,78	3,29	2,88	2,43	2,09	1,85	1,65	1,51	1,37	1,22	6,07	0
23/05/2020 10:35:00	6,52	5,34	4,59	4,06	3,58	3,11	2,64	2,26	1,95	1,67	1,45	1,22	0,99	5,87	0
23/05/2020 10:40:00	6,66	5,60	4,65	4,04	3,50	3,02	2,52	2,11	1,81	1,56	1,38	1,19	1,01	5,88	0
23/05/2020 10:45:00	8,35	5,28	3,95	3,31	2,93	2,54	2,24	2,02	1,84	1,70	1,60	1,49	1,38	6,19	1
23/05/2020 10:50:00	7,03	5,70	4,74	4,14	3,55	3,02	2,58	2,21	1,90	1,63	1,43	1,22	1,01	6,20	0
23/05/2020 10:55:00	6,75	5,63	4,84	4,25	3,81	3,35	2,87	2,49	2,19	1,92	1,72	1,51	1,30	6,38	0
23/05/2020 11:00:00	7,11	5,74	4,83	4,26	3,75	3,26	2,83	2,47	2,18	1,93	1,73	1,53	1,33	6,43	0
23/05/2020 11:05:00	7,36	5,97	4,95	4,28	3,77	3,26	2,77	2,37	2,08	1,83	1,65	1,46	1,28	6,55	0
23/05/2020 11:10:00	7,38	5,99	5,12	4,58	3,94	3,42	2,91	2,50	2,17	1,86	1,60	1,33	1,06	6,78	0
23/05/2020 11:15:00	7,81	6,08	5,05	4,54	4,00	3,40	2,95	2,58	2,28	2,00	1,76	1,50	1,25	6,98	0
23/05/2020 11:20:00	7,95	6,14	4,99	4,36	3,88	3,36	2,93	2,59	2,33	2,10	1,93	1,76	1,58	7,20	1
23/05/2020 11:25:00	7,90	6,06	4,97	4,38	3,89	3,40	3,00	2,68	2,42	2,20	2,03	1,85	1,68	7,15	0
23/05/2020 11:30:00	7,67	6,23	5,20	4,59	4,01	3,43	2,93	2,53	2,22	1,95	1,72	1,49	1,27	7,06	0
23/05/2020 11:35:00	7,15	6,01	5,12	4,60	4,07	3,56	3,11	2,73	2,42	2,15	1,93	1,71	1,49	6,86	0
23/05/2020 11:40:00	6,83	6,08	5,34	4,81	4,27	3,70	3,18	2,75	2,39	2,07	1,80	1,53	1,26	6,92	0
23/05/2020 11:45:00	6,71	6,00	5,36	4,91	4,37	3,84	3,31	2,88	2,52	2,20	1,91	1,61	1,32	6,59	0
23/05/2020 11:50:00	6,61	6,10	5,49	4,94	4,38	3,80	3,26	2,79	2,41	2,07	1,76	1,46	1,16	6,59	0
23/05/2020 11:55:00	6,82	6,04	5,31	4,82	4,33	3,78	3,29	2,88	2,55	2,25	1,99	1,73	1,47	6,84	0
23/05/2020 12:00:00	6,93	6,04	5,27	4,78	4,31	3,84	3,40	3,03	2,72	2,46	2,24	2,03	1,81	6,72	0
23/05/2020 12:05:00	7,36	6,05	5,11	4,61	4,17	3,75	3,34	3,01	2,74	2,52	2,36	2,19	2,02	6,81	0
23/05/2020 12:10:00	8,45	6,08	4,94	4,37	3,96	3,60	3,25	2,98	2,78	2,61	2,48	2,34	2,20	7,16	1
23/05/2020 12:15:00	9,66	6,34	4,74	4,01	3,58	3,25	2,98	2,79	2,67	2,58	2,57	2,53	2,49	7,54	1
23/05/2020 12:20:00	9,18	6,71	5,15	4,51	4,05	3,65	3,26	2,99	2,82	2,69	2,63	2,56	2,48	8,07	1
23/05/2020 12:25:00	9,66	6,70	5,27	4,66	4,27	3,80	3,40	3,13	2,94	2,77	2,63	2,47	2,30	8,63	1
23/05/2020 12:30:00	9,48	6,83	5,52	4,89	4,42	4,01	3,60	3,31	3,10	2,91	2,77	2,60	2,44	8,35	1
23/05/2020 12:35:00	10,84	6,82	5,11	4,41	3,94	3,65	3,33	3,14	3,03	2,94	2,90	2,83	2,75	9,67	1
23/05/2020 12:40:00	12,34	6,49	4,59	3,93	3,71	3,52	3,37	3,35	3,36	3,35	3,36	3,32	3,27	9,03	1
23/05/2020 12:45:00	10,33	7,16	5,84	5,24	4,74	4,35	3,92	3,62	3,41	3,21	3,03	2,82	2,60	9,53	1
23/05/2020 12:50:00	8,71	7,36	6,46	5,90	5,36	4,86	4,35	3,94	3,62	3,33	3,07	2,80	2,53	9,03	0
23/05/2020 12:55:00	8,16	7,38	6,64	6,14	5,56	4,95	4,37	3,90	3,52	3,16	2,83	2,49	2,15	8,65	0
23/05/2020 13:00:00	7,79	7,41	6,79	6,27	5,68	5,03	4,44	3,95	3,54	3,15	2,79	2,44	2,08	8,57	0
23/05/2020 13:05:00	7,16	6,97	6,56	6,13	5,64	5,08	4,52	4,05	3,65	3,27	2,92	2,57	2,22	7,74	0
23/05/2020 13:10:00	6,85	6,72	6,45	6,02	5,66	5,19	4,79	4,40	4,05	3,72	3,43	3,14	2,85	7,62	0
23/05/2020 13:15:00	6,70	6,62	6,32	5,98	5,58	5,13	4,76	4,40	4,05	3,73	3,44	3,16	2,87	7,53	0
23/05/2020 13:20:00	6,56	6,43	6,23	5,92	5,59	5,20	4,78	4,40	4,06	3,74	3,45	3,15	2,86	7,27	0
23/05/2020 13:25:00	6,58	6,36	6,16	5,88	5,55	5,26	4,94	4,63	4,32	4,04	3,79	3,54	3,29	7,02	0
23/05/2020 13:30:00	6,69	6,29	5,96	5,56	5,26	4,85	4,48	4,14	3,82	3,53	3,28	3,02	2,76	7,32	0
23/05/2020 13:35:00	7,06	6,40	5,96	5,55	5,18	4,76	4,34	3,98	3,66	3,36	3,10	2,83	2,56	7,27	0
23/05/2020 13:40:00	7,49	6,57	5,85	5,38	4,93	4,47	4,00	3,61	3,30	3,02	2,78	2,53	2,29	7,29	0
23/05/2020 13:45:00	7,80	6,41	5,62	5,10	4,72	4,24	3,81	3,47	3,19	2,93	2,71	2,47	2,24	7,55	0
23/05/2020 13:50:00	8,42	6,67	5,66	5,01	4,52	4,06	3,67	3,35	3,08	2,85	2,68	2,50	2,32	7,79	0
23/05/2020 13:55:00	9,07	6,84	5,38	4,66	4,15	3,76	3,41	3,14	2,95	2,82	2,78	2,72	2,66	8,03	1
23/05/2020 14:00:00	9,73	6,79	5,44	4,85	4,43	4,08	3,77	3,55	3,39	3,25	3,15	3,03	2,91	7,91	1
23/05/2020 14:05:00	9,69	7,18	5,83	5,17	4,63	4,27	3,89	3,61	3,41	3,24	3,13	3,00	2,88	8,83	1
23/05/2020 14:10:00	9,37	7,06	5,91	5,31	4,90	4,48	4,09	3,81	3,59	3,40	3,25	3,08	2,91	8,93	1
23/05/2020 14:15:00	8,81	7,24	6,38	5,88	5,32	4,83	4,30	3,89	3,57	3,26	2,97	2,67	2,37	9,01	0
23/05/2020 14:20:00	7,37	6,92	6,31	5,80	5,36	4,78	4,22	3,76	3,40	3,07	2,76	2,46	2,16	7,93	0
23/05/2020 14:25:00	7,18	6,78	6,15	5,66	5,23	4,64	4,17	3,76	3,41	3,09	2,81	2,54	2,26	8,22	0
23/05/2020 14:30:00	7,02	6,79	6,33	5,83	5,24	4,74	4,10	3,57	3,17	2,79	2,44	2,10	1,76	7,75	0
23/05/2020 14:35:00	7,04	6,65	6,13	5,64	5,14	4,60	4,10	3,66	3,29	2,95	2,65	2,35	2,05	7,75	0
23/05/2020 14:40:00	7,10	6,61	6,04	5,58	5,04	4,53	4,06	3,64	3,29	2,96	2,68	2,40	2,11	7,42	0
23/05/2020 14:45:00	7,21	6,58	6,02	5,53	5,03	4,50	4,05	3,65	3,30	2,98	2,69	2,40	2,12	7,35	0
23/05/2020 14:50:00	7,40	6,62	5,98	5,53	5,09	4,58	4,16	3,79	3,47	3,18	2,92	2,67	2,41	7,42	0
23/05/2020 14:55:00	8,11	6,68	5,74	5,23	4,84	4,37	3,98	3,67	3,41	3,19	3,01	2,83	2,64	7,82	0
23/05/2020 15:00:00	8,49	6,91	5,80	5,20	4,69	4,19	3,80	3,49	3,23	3,01	2,85	2,68	2,51	8,15	0
23/05/2020 15:05:00	8,61	6,93	5,88	5,37	4,98	4,47	4,10	3,81	3,56	3,34	3,16	2,97	2,77	8,27	0
23/05/2020 15:10:00	9,24	7,27	5,98	5,37	4,85	4,35	3,92	3,60	3,36	3,15	3,00	2,83	2,66	8,47	1
23/05/2020 15:15:00	9,36	7,33	6,21	5,64	5,13	4,62	4,23	3,91	3,65	3,41	3,21	3,00	2,78	8,91	1
23/05/2020 15:20:00	9,22	7,46	6,39	5,79	5,18	4,77	4,27	3,89	3,60	3,35	3,14	2,91	2,69	9,03	0
23/05/2020 15:25:00	9,02	7,56	6,60	6,00	5,50	4,95	4,47	4,08	3,77	3,49	3,24	2,98	2,73	9,03	0
23/05/2020 15:30:00	8,29	7,43	6,65	6,06	5,54	5,04	4,46	4,01	3,66	3,35	3,07	2,79	2,51	8,85	0
23/05/2020 15:35:00	7,64	7,37	6,81	6,27	5,75	5,23	4,63	4,14	3,76	3,41	3,09	2,78	2,46	8,12	0
23/05/2020 15:40:00	7,92	7,39	6,78	6,26	5,67	5,02	4,43	3,93	3,53	3,14	2,78	2,41	2,05	8,33	0
23/05/2020 15:45:00	7,85	7,20	6,55	5,98	5,43	4,89	4,39	3,96	3,60	3,27	2,98	2,70	2,41	8,19	0
23/05/2020 15:50:00	8,39	7,03	6,06	5,53	5,12	4,65	4,26	3,94	3,67	3,45	3,27	3,09	2,91	8,34	0
23/05/2020 15:55:00	8,36	7,14	6,17	5,59	5,02	4,59	4,15	3,80	3,52	3,28	3,10	2,92	2,73	8,19	0
23/05/2020 16:00:00	8,42	7,34	6,41	5,79	5,24	4,75	4,20	3,77	3,45	3,17	2,94	2,70	2,47	8,03	0
23/05/2020 16:05:00	8,35	7,26	6,53	5,99	5,47	4,98	4,45	4,03	3,69	3,38	3,09	2,80	2,51	8,30	0
23/05/2020 16:10:00	8,58	7,34	6,38	5,87	5,46	4,97	4,47	4,09	3,81	3,56	3,35	3,13	2,91	8,48	0
23/05/2020 16:15:00	8,73	7,42	6,42	5,93	5,43	4,98	4,49	4,11	3,83	3,58	3,37	3,14	2,92	8,71	0
23/05/2020 16:20:00	8,88	7,41	6,42	5,84	5,35	4,88	4,43	4,06	3,78	3,53	3,33	3,11	2,90	8,68	0
23/05/2020 16:25:00	8,58	7,47	6,62	6,01	5,44	4,92	4,49	4,11	3,79	3,50	3,25	3,01	2,76	8,87	0
23/05/2020 16:30:00	8,45	7,49	6,58	5,98	5,49	4,94	4,44	4,03	3,71	3,43	3,20	2,96	2,72	8,63	0
23/05/2020 16:35:00	8,43	7,49	6,66	6,08	5,57	5,01	4,54	4,14	3,81	3,51	3,26	3,00	2,74	8,73	0
23/05/2020 16:40:00	8,69	7,51	6,59	6,05	5,50	5,00	4,51	4,12	3,80	3,52	3,28	3,03	2,79	8,83	0
23/05/2020 16:45:00	8,46	7,55	6,78	6,24	5,73	5,26	4,72	4,29	3,96	3,66	3,39	3,13	2,86	8,72	0
23/05/2020 16:50:00	8,34	7,54	6,83	6,31	5,79	5,18	4,73	4,34	3,98	3,65	3,36	3,06	2,76	8,69	0
23/05/2020 16:55:00	8,54	7,53	6,78	6,23	5,81	5,28	4,76	4,35	4,02	3,72	3,44	3,16	2,87	8,97	0
23/05/2020 17:00:00	8,59	7,76	7,08	6,46	5,88	5,30	4,75	4,28	3,91	3,56	3,23	2,91	2,59	8,85	0
23/05/2020 17:05:00	9,05	7,63	6,66	6,16	5,63	5,18	4,78	4,45	4,17	3,93	3,73	3,52	3,30	9,37	0
23/05/2020 17:10:00	8,87	7,83	6,88	6,27	5,76	5,18	4,70	4,30	3,98	3,69	3,45	3,21	2,97	9,15	0
23/05/2020 17:15:00	8,59	7,62	6,86	6,36	5,87	5,35	4,86	4,46	4,13	3,82	3,55	3,26	2,98	9,07	0
23/05/2020 17:20:00	8,32	7,80	7,23	6,69	6,15	5,57	4,99	4,50	4,11	3,75	3,40	3,05	2,70	8,75	0
23/05/2020 17:25:00	8,37	7,83	7,15	6,67	6,13	5,41	4,87	4,41	4,01	3,63	3,27	2,90	2,54	9,15	0
23/05/2020 17:30:00	8,13	7,67	7,06	6,55	6,00	5,44	4,92	4,48	4,11	3,77	3,45	3,14	2,84	8,78	0
23/05/2020 17:35:00	7,91	7,53	7,00	6,54	6,06	5,51	5,02	4,60	4,24	3,90	3,58	3,27	2,96	8,74	0
23/05/2020 17:40:00	8,10	7,67	7,08	6,59	6,01	5,48	4,94	4,48	4,11	3,76	3,43	3,12	2,80	8,93	0
23/05/2020 17:45:00	8,24	7,65	7,05	6,59	6,10	5,53	5,05	4,63	4,27	3,94	3,62	3,31	3,00	8,73	0
23/05/2020 17:50:00	8,17	7,76	7,21	6,71	6,15	5,54	4,99	4,52	4,13	3,75	3,39	3,04	2,69	8,83	0
23/05/2020 17:55:00	8,03	7,63	7,16	6,69	6,22	5,69	5,21	4,78	4,41	4,07	3,75	3,43	3,11	8,75	0
23/05/2020 18:00:00	7,84	7,70	7,30	6,84	6,33	5,76	5,22	4,74	4,34	3,96	3,60	3,25	2,89	8,53	0
23/05/2020 18:05:00	7,76	7,61	7,17	6,74	6,27	5,77	5,22	4,76	4,39	4,04	3,71	3,39	3,07	8,63	0
23/05/2020 18:10:00	7,81	7,61	7,25	6,85	6,41	5,89	5,42	4,99	4,62	4,26	3,92	3,58	3,24	8,97	0
23/05/2020 18:15:00	7,75	7,63	7,32	6,92	6,40	5,89	5,40	4,95	4,56	4,18	3,82	3,46	3,10	8,93	0
23/05/2020 18:20:00	7,68	7,61	7,22	6,78	6,36	5,79	5,27	4,81	4,43	4,06	3,72	3,38	3,04	8,53	0
23/05/2020 18:25:00	7,67	7,52	7,17	6,83	6,41	5,88	5,29	4,81	4,42	4,05	3,68	3,30	2,93	8,64	0
23/05/2020 18:30:00	7,57	7,50	7,21	6,81	6,35	5,81	5,31	4,87	4,47	4,10	3,74	3,38	3,02	8,65	0
23/05/2020 18:35:00	7,63	7,46	7,15	6,76	6,26	5,81	5,31	4,87	4,49	4,13	3,78	3,44	3,10	8,72	0
23/05/2020 18:40:00	7,58	7,54	7,23	6,86	6,39	5,81	5,30	4,84	4,44	4,06	3,68	3,30	2,93	8,73	0
23/05/2020 18:45:00	7,59	7,61	7,25	6,88	6,35	5,79	5,28	4,82	4,42	4,03	3,66	3,30	2,94	8,54	0
23/05/2020 18:50:00	7,50	7,55	7,25	6,81	6,31	5,78	5,18	4,67	4,26	3,87	3,49	3,11	2,74	8,55	0
23/05/2020 18:55:00	7,37	7,47	7,12	6,68	6,24	5,69	5,14	4,67	4,27	3,90	3,56	3,21	2,87	8,34	0
23/05/2020 19:00:00	7,34	7,38	7,06	6,65	6,17	5,65	5,16	4,71	4,32	3,96	3,62	3,28	2,94	8,29	0
23/05/2020 19:05:00	7,23	7,34	7,02	6,58	6,11	5,59	5,01	4,52	4,12	3,75	3,39	3,05	2,70	8,30	0
23/05/2020 19:10:00	7,47	7,44	7,09	6,72	6,23	5,74	5,24	4,80	4,41	4,06	3,72	3,38	3,05	8,28	0
23/05/2020 19:15:00	7,31	7,44	7,09	6,63	6,13	5,56	5,02	4,54	4,13	3,75	3,39	3,04	2,69	7,94	0
23/05/2020 19:20:00	7,22	7,21	6,85	6,42	5,99	5,51	5,05	4,63	4,27	3,94	3,64	3,34	3,04	7,92	0
23/05/2020 19:25:00	7,08	7,12	6,75	6,40	6,11	5,72	5,14	4,68	4,35	4,04	3,75	3,46	3,17	7,65	0
23/05/2020 19:30:00	6,99	7,05	6,77	6,46	6,07	5,67	5,26	4,88	4,54	4,23	3,94	3,66	3,38	7,50	0
23/05/2020 19:35:00	6,87	6,98	6,75	6,41	6,13	5,73	5,37	5,02	4,70	4,40	4,14	3,87	3,61	7,46	0
23/05/2020 19:40:00	6,79	6,90	6,71	6,45	6,14	5,89	5,64	5,37	5,07	4,81	4,60	4,39	4,17	7,30	0
23/05/2020 19:45:00	6,80	6,83	6,72	6,52	6,25	5,90	5,53	5,19	4,86	4,56	4,26	3,96	3,66	7,17	0
23/05/2020 19:50:00	6,74	6,85	6,72	6,50	6,22	5,87	5,46	5,09	4,76	4,44	4,15	3,85	3,55	7,35	0
23/05/2020 19:55:00	6,69	6,76	6,61	6,38	6,09	5,73	5,33	4,97	4,63	4,32	4,04	3,74	3,45	7,08	0
23/05/2020 20:00:00	6,68	6,76	6,59	6,28	6,01	5,64	5,28	4,93	4,61	4,31	4,04	3,76	3,49	7,22	0
23/05/2020 20:05:00	6,67	6,71	6,53	6,26	6,00	5,62	5,21	4,84	4,51	4,21	3,92	3,63	3,34	7,07	0
23/05/2020 20:10:00	6,68	6,78	6,62	6,34	6,03	5,63	5,16	4,75	4,40	4,06	3,74	3,42	3,10	7,02	0
23/05/2020 20:15:00	6,66	6,75	6,55	6,28	5,91	5,52	5,11	4,73	4,39	4,07	3,77	3,47	3,18	7,06	0
23/05/2020 20:20:00	6,65	6,80	6,64	6,33	5,91	5,45	5,03	4,64	4,26	3,91	3,58	3,25	2,92	7,18	0
23/05/2020 20:25:00	6,97	7,15	7,00	6,65	6,29	5,88	5,37	4,92	4,55	4,20	3,87	3,54	3,21	7,29	0
23/05/2020 20:30:00	7,32	7,36	7,21	6,90	6,60	6,10	5,64	5,23	4,85	4,49	4,14	3,79	3,43	7,24	0
23/05/2020 20:35:00	7,25	7,28	7,12	6,79	6,49	6,07	5,66	5,29	4,94	4,61	4,30	4,00	3,69	7,25	0
23/05/2020 20:40:00	7,24	7,35	7,22	6,90	6,54	6,11	5,74	5,37	5,01	4,67	4,35	4,04	3,72	7,11	0
23/05/2020 20:45:00	7,23	7,31	7,17	6,90	6,52	6,16	5,75	5,37	5,01	4,68	4,36	4,05	3,73	7,09	0
23/05/2020 20:50:00	7,14	7,33	7,20	6,88	6,58	6,16	5,73	5,33	4,98	4,64	4,32	4,01	3,69	7,11	0
23/05/2020 20:55:00	7,13	7,31	7,17	6,89	6,59	6,24	5,71	5,27	4,92	4,58	4,25	3,92	3,59	7,03	0
23/05/2020 21:00:00	7,05	7,31	7,18	6,95	6,61	6,17	5,80	5,43	5,07	4,73	4,41	4,08	3,76	7,11	0
23/05/2020 21:05:00	7,02	7,23	7,11	6,85	6,56	6,13	5,73	5,35	5,00	4,67	4,36	4,04	3,72	6,95	0
23/05/2020 21:10:00	7,01	7,23	7,15	6,82	6,50	6,11	5,65	5,24	4,87	4,52	4,19	3,86	3,53	6,96	0
23/05/2020 21:15:00	7,00	7,28	7,20	6,90	6,57	6,19	5,64	5,18	4,81	4,45	4,10	3,75	3,40	7,02	0
23/05/2020 21:20:00	6,91	7,40	7,38	7,13	6,70	6,25	5,77	5,33	4,92	4,54	4,16	3,78	3,41	7,05	0
23/05/2020 21:25:00	7,00	7,37	7,27	6,98	6,62	6,19	5,70	5,26	4,88	4,52	4,17	3,82	3,47	7,02	0
23/05/2020 21:30:00	6,87	7,33	7,30	7,04	6,65	6,16	5,67	5,23	4,82	4,43	4,04	3,66	3,27	6,87	0
23/05/2020 21:35:00	6,89	7,25	7,18	6,94	6,54	6,12	5,63	5,19	4,81	4,43	4,07	3,71	3,35	6,88	0
23/05/2020 21:40:00	6,92	7,31	7,29	7,00	6,68	6,25	5,75	5,30	4,92	4,54	4,18	3,81	3,45	6,83	0
23/05/2020 21:45:00	6,80	7,34	7,32	7,01	6,64	6,17	5,70	5,26	4,85	4,47	4,10	3,74	3,37	6,87	0
23/05/2020 21:50:00	6,81	7,29	7,27	6,99	6,66	6,21	5,68	5,21	4,82	4,44	4,06	3,69	3,32	6,78	0
23/05/2020 21:55:00	6,80	7,15	7,08	6,85	6,51	6,09	5,64	5,23	4,85	4,49	4,14	3,80	3,45	6,76	0
23/05/2020 22:00:00	6,79	7,15	7,09	6,85	6,47	5,99	5,49	5,03	4,63	4,24	3,85	3,47	3,08	6,71	0
23/05/2020 22:05:00	6,70	7,19	7,14	6,81	6,47	5,94	5,48	5,04	4,64	4,25	3,88	3,52	3,15	6,71	0
23/05/2020 22:10:00	6,68	7,10	7,01	6,76	6,37	5,91	5,47	5,06	4,67	4,30	3,95	3,60	3,25	6,71	0
23/05/2020 22:15:00	6,68	7,03	6,99	6,68	6,33	5,92	5,45	5,02	4,63	4,27	3,93	3,58	3,24	6,70	0
23/05/2020 22:20:00	6,66	7,12	7,05	6,80	6,41	5,97	5,51	5,09	4,70	4,33	3,98	3,64	3,29	6,70	0
23/05/2020 22:25:00	6,68	7,13	7,06	6,79	6,42	5,95	5,50	5,07	4,68	4,31	3,95	3,60	3,24	6,78	0
23/05/2020 22:30:00	6,77	7,09	7,02	6,81	6,41	5,98	5,50	5,07	4,68	4,31	3,94	3,58	3,21	6,73	0
23/05/2020 22:35:00	6,65	7,12	7,08	6,85	6,45	5,99	5,50	5,05	4,65	4,27	3,90	3,52	3,15	6,73	0
23/05/2020 22:40:00	6,66	7,12	7,07	6,80	6,50	6,03	5,52	5,07	4,68	4,31	3,95	3,58	3,22	6,73	0
23/05/2020 22:45:00	6,67	7,06	7,07	6,81	6,46	5,99	5,49	5,04	4,64	4,25	3,87	3,48	3,10	6,69	0
23/05/2020 22:50:00	6,67	7,19	7,18	6,92	6,59	6,08	5,62	5,18	4,78	4,39	4,01	3,63	3,26	6,68	0
23/05/2020 22:55:00	6,68	7,06	7,08	6,80	6,48	6,02	5,55	5,13	4,74	4,36	3,98	3,61	3,24	6,65	0
23/05/2020 23:00:00	6,67	7,07	7,00	6,77	6,49	6,04	5,65	5,27	4,90	4,56	4,24	3,91	3,58	6,58	0
23/05/2020 23:05:00	6,66	7,03	7,03	6,75	6,52	6,07	5,60	5,18	4,80	4,44	4,09	3,74	3,38	6,66	0
23/05/2020 23:10:00	6,57	7,08	7,11	6,88	6,63	6,15	5,74	5,35	4,97	4,61	4,25	3,89	3,53	6,66	0
23/05/2020 23:15:00	6,53	7,16	7,23	7,00	6,66	6,21	5,77	5,35	4,95	4,57	4,20	3,83	3,46	6,65	0
23/05/2020 23:20:00	6,42	7,14	7,25	7,00	6,71	6,19	5,76	5,34	4,93	4,53	4,14	3,76	3,38	6,48	0
23/05/2020 23:25:00	6,58	7,18	7,27	7,03	6,75	6,38	5,86	5,40	5,01	4,64	4,27	3,90	3,54	6,52	0
23/05/2020 23:30:00	6,44	7,07	7,02	6,79	6,53	6,11	5,62	5,19	4,82	4,47	4,14	3,81	3,48	6,49	0
23/05/2020 23:35:00	6,42	7,15	7,23	6,99	6,67	6,19	5,69	5,24	4,82	4,43	4,03	3,64	3,25	6,41	0
23/05/2020 23:40:00	6,34	7,16	7,27	7,07	6,76	6,27	5,74	5,26	4,84	4,43	4,02	3,61	3,21	6,41	0
23/05/2020 23:45:00	6,31	7,24	7,40	7,26	6,86	6,40	5,87	5,39	4,96	4,53	4,10	3,68	3,26	6,38	0
23/05/2020 23:50:00	6,31	7,16	7,33	7,17	6,85	6,40	5,92	5,46	5,05	4,65	4,24	3,84	3,44	6,33	0
23/05/2020 23:55:00	6,14	7,23	7,40	7,25	6,87	6,39	5,86	5,38	4,94	4,51	4,08	3,66	3,24	6,21	0
