FileFormat:0002.2 file with temperature of atmosphere
200
local	GMT or Local
0	GMT-Local=[hours]
0	Height[m]
0	0	0	Longitude                [grd]               [min]               [sec]
0	0	0	Latitude                [grd]               [min]               [sec]
N	NS
59,40	Freq[GHz]
0,00	dTemostat[K]
0,150	MessErr[K]
0,248	//[grad/step]
version 14.0.20110218
MTP5H033F5940K-33.00D180214+A1.1
Commentary:
enter comment
End Of Commentary

SYSTEM\summer.dat
data time	0	50	100	150	200	250	300	350	400	450	500	550	600	OutsideTemperature	Quality
15/04/2020 00:00:00	3,97	5,47	5,43	5,07	4,44	3,71	3,00	2,37	1,84	1,35	0,89	0,46	0,02	3,89	0
15/04/2020 00:05:00	4,13	5,52	5,41	5,00	4,39	3,72	3,00	2,38	1,87	1,41	0,98	0,58	0,18	3,88	0
15/04/2020 00:10:00	3,67	5,45	5,44	5,01	4,37	3,59	2,89	2,26	1,70	1,20	0,73	0,30	-0,13	3,79	0
15/04/2020 00:15:00	3,90	5,28	5,29	4,89	4,35	3,61	2,96	2,36	1,84	1,35	0,90	0,47	0,04	3,83	0
15/04/2020 00:20:00	3,80	5,46	5,42	5,02	4,42	3,69	2,96	2,32	1,79	1,30	0,85	0,44	0,02	3,83	0
15/04/2020 00:25:00	3,80	5,22	5,14	4,71	4,10	3,41	2,76	2,17	1,66	1,19	0,77	0,38	-0,01	3,85	0
15/04/2020 00:30:00	3,67	5,32	5,25	4,86	4,25	3,53	2,83	2,20	1,68	1,20	0,76	0,35	-0,06	3,77	0
15/04/2020 00:35:00	3,59	5,23	5,26	4,89	4,32	3,59	2,88	2,24	1,70	1,21	0,74	0,31	-0,12	3,66	0
15/04/2020 00:40:00	3,76	5,29	5,23	4,91	4,32	3,58	2,97	2,40	1,88	1,41	0,98	0,57	0,17	3,73	0
15/04/2020 00:45:00	3,73	5,27	5,19	4,82	4,25	3,55	2,92	2,33	1,83	1,38	0,97	0,59	0,20	3,65	0
15/04/2020 00:50:00	3,64	5,24	5,19	4,79	4,25	3,49	2,82	2,21	1,69	1,21	0,78	0,38	-0,03	3,57	0
15/04/2020 00:55:00	3,49	4,98	4,92	4,56	3,95	3,22	2,60	2,02	1,50	1,03	0,59	0,19	-0,21	3,55	0
15/04/2020 01:00:00	3,47	5,29	5,31	4,95	4,37	3,68	3,00	2,38	1,86	1,38	0,95	0,55	0,15	3,54	0
15/04/2020 01:05:00	3,56	5,10	5,13	4,71	4,14	3,47	2,76	2,14	1,62	1,14	0,71	0,30	-0,11	3,51	0
15/04/2020 01:10:00	3,24	5,16	5,21	4,81	4,26	3,52	2,82	2,19	1,66	1,17	0,73	0,32	-0,10	3,47	0
15/04/2020 01:15:00	3,42	5,32	5,41	5,08	4,51	3,83	3,15	2,54	2,01	1,53	1,09	0,67	0,25	3,44	0
15/04/2020 01:20:00	3,39	5,01	4,96	4,57	3,99	3,35	2,75	2,19	1,69	1,24	0,85	0,49	0,14	3,43	0
15/04/2020 01:25:00	3,34	4,91	4,89	4,55	4,01	3,33	2,74	2,18	1,68	1,23	0,83	0,45	0,07	3,42	0
15/04/2020 01:30:00	3,52	4,94	4,86	4,56	3,98	3,29	2,61	2,01	1,51	1,04	0,62	0,22	-0,19	3,36	0
15/04/2020 01:35:00	3,48	4,84	4,80	4,41	3,99	3,35	2,72	2,17	1,70	1,28	0,90	0,54	0,19	3,31	0
15/04/2020 01:40:00	3,43	4,75	4,71	4,33	3,90	3,16	2,54	1,98	1,49	1,04	0,62	0,23	-0,16	3,42	0
15/04/2020 01:45:00	3,36	4,92	4,86	4,52	3,97	3,31	2,67	2,08	1,58	1,14	0,73	0,36	-0,02	3,37	0
15/04/2020 01:50:00	3,31	4,60	4,49	4,08	3,53	2,91	2,28	1,72	1,24	0,81	0,44	0,09	-0,25	3,31	0
15/04/2020 01:55:00	3,33	4,55	4,45	4,03	3,57	2,97	2,38	1,84	1,38	0,98	0,62	0,30	-0,03	3,25	0
15/04/2020 02:00:00	3,14	4,54	4,47	4,10	3,58	2,94	2,37	1,84	1,36	0,94	0,57	0,22	-0,12	3,19	0
15/04/2020 02:05:00	3,26	4,68	4,59	4,24	3,73	3,15	2,54	1,99	1,53	1,11	0,76	0,42	0,09	3,21	0
15/04/2020 02:10:00	3,39	4,69	4,60	4,24	3,81	3,30	2,68	2,14	1,70	1,31	0,98	0,67	0,36	3,15	0
15/04/2020 02:15:00	3,12	4,80	4,75	4,42	3,97	3,35	2,68	2,10	1,63	1,21	0,85	0,50	0,16	3,22	0
15/04/2020 02:20:00	3,14	4,65	4,55	4,19	3,72	3,05	2,42	1,85	1,38	0,95	0,57	0,22	-0,13	3,15	0
15/04/2020 02:25:00	3,25	4,55	4,48	4,11	3,64	3,04	2,44	1,90	1,44	1,03	0,68	0,34	0,01	3,00	0
15/04/2020 02:30:00	3,04	4,40	4,32	3,97	3,43	2,89	2,34	1,83	1,38	0,98	0,65	0,34	0,02	3,04	0
15/04/2020 02:35:00	2,98	4,36	4,33	4,00	3,52	2,86	2,30	1,78	1,30	0,87	0,49	0,13	-0,22	3,15	0
15/04/2020 02:40:00	2,90	4,63	4,58	4,28	3,80	3,22	2,66	2,13	1,67	1,27	0,93	0,62	0,30	3,01	0
15/04/2020 02:45:00	2,91	4,19	4,07	3,83	3,35	2,85	2,33	1,84	1,42	1,05	0,74	0,45	0,16	2,97	0
15/04/2020 02:50:00	2,75	4,27	4,18	3,90	3,50	2,93	2,32	1,78	1,34	0,96	0,63	0,33	0,02	3,10	0
15/04/2020 02:55:00	2,83	4,20	4,06	3,74	3,31	2,73	2,22	1,73	1,30	0,93	0,62	0,34	0,05	2,88	0
15/04/2020 03:00:00	2,90	3,99	3,88	3,59	3,11	2,57	2,01	1,50	1,07	0,69	0,36	0,05	-0,26	2,90	0
15/04/2020 03:05:00	2,98	4,23	4,12	3,83	3,43	2,82	2,31	1,82	1,39	1,01	0,68	0,36	0,05	2,88	0
15/04/2020 03:10:00	2,95	4,00	3,95	3,65	3,27	2,74	2,15	1,63	1,21	0,82	0,49	0,17	-0,16	2,86	0
15/04/2020 03:15:00	2,68	4,03	3,94	3,60	3,18	2,65	2,17	1,70	1,27	0,91	0,61	0,33	0,06	2,81	0
15/04/2020 03:20:00	2,74	3,97	3,87	3,54	3,15	2,63	2,07	1,57	1,15	0,79	0,49	0,21	-0,07	2,66	0
15/04/2020 03:25:00	2,79	3,89	3,80	3,47	3,01	2,47	1,93	1,42	0,99	0,61	0,28	-0,02	-0,33	2,71	0
15/04/2020 03:30:00	2,48	3,88	3,79	3,54	3,07	2,53	1,96	1,45	1,02	0,64	0,32	0,03	-0,27	2,63	0
15/04/2020 03:35:00	2,56	3,90	3,81	3,50	3,09	2,55	2,04	1,55	1,13	0,76	0,45	0,17	-0,11	2,60	0
15/04/2020 03:40:00	2,60	3,91	3,82	3,48	3,06	2,48	1,92	1,41	0,97	0,58	0,26	-0,05	-0,35	2,66	0
15/04/2020 03:45:00	2,80	3,88	3,75	3,50	3,09	2,53	1,96	1,46	1,04	0,67	0,35	0,04	-0,27	2,66	0
15/04/2020 03:50:00	2,78	4,17	4,11	3,76	3,31	2,70	2,14	1,62	1,16	0,76	0,41	0,08	-0,24	2,59	0
15/04/2020 03:55:00	2,61	3,89	3,82	3,50	3,07	2,53	1,94	1,42	0,98	0,60	0,27	-0,03	-0,33	2,55	0
15/04/2020 04:00:00	2,54	3,87	3,77	3,48	3,14	2,64	1,99	1,45	1,04	0,68	0,38	0,10	-0,18	2,54	0
15/04/2020 04:05:00	2,32	3,83	3,79	3,45	3,00	2,39	1,78	1,23	0,77	0,36	0,01	-0,32	-0,64	2,46	0
15/04/2020 04:10:00	2,51	3,87	3,81	3,50	3,04	2,45	1,88	1,36	0,91	0,51	0,16	-0,16	-0,48	2,46	0
15/04/2020 04:15:00	2,54	3,79	3,74	3,38	2,98	2,28	1,74	1,23	0,76	0,34	-0,04	-0,39	-0,73	2,39	0
15/04/2020 04:20:00	2,48	4,05	3,89	3,57	3,08	2,51	2,00	1,51	1,07	0,70	0,40	0,13	-0,14	2,38	0
15/04/2020 04:25:00	2,49	3,99	4,01	3,68	3,23	2,64	2,06	1,52	1,06	0,65	0,29	-0,04	-0,37	2,48	0
15/04/2020 04:30:00	2,44	3,82	3,73	3,44	2,98	2,39	1,84	1,34	0,90	0,51	0,18	-0,13	-0,43	2,38	0
15/04/2020 04:35:00	2,52	3,76	3,69	3,41	2,93	2,37	1,80	1,28	0,84	0,45	0,11	-0,21	-0,52	2,34	0
15/04/2020 04:40:00	2,47	3,64	3,50	3,28	2,79	2,23	1,71	1,22	0,79	0,41	0,08	-0,22	-0,52	2,35	0
15/04/2020 04:45:00	2,30	3,57	3,45	3,14	2,67	2,14	1,61	1,12	0,68	0,31	0,01	-0,27	-0,55	2,32	0
15/04/2020 04:50:00	2,26	3,64	3,55	3,26	2,78	2,18	1,69	1,21	0,76	0,37	0,04	-0,26	-0,56	2,30	0
15/04/2020 04:55:00	2,39	3,70	3,65	3,35	2,89	2,34	1,76	1,24	0,79	0,40	0,07	-0,25	-0,56	2,22	0
15/04/2020 05:00:00	2,14	3,56	3,48	3,17	2,71	2,11	1,54	1,02	0,57	0,18	-0,16	-0,47	-0,78	2,18	0
15/04/2020 05:05:00	2,30	3,60	3,51	3,24	2,80	2,26	1,66	1,13	0,70	0,33	0,01	-0,29	-0,59	2,22	0
15/04/2020 05:10:00	2,34	3,59	3,53	3,20	2,76	2,21	1,63	1,11	0,67	0,29	-0,04	-0,35	-0,65	2,17	0
15/04/2020 05:15:00	2,30	3,48	3,37	3,10	2,58	2,01	1,40	0,86	0,42	0,02	-0,32	-0,64	-0,96	2,25	0
15/04/2020 05:20:00	2,18	3,46	3,34	3,07	2,61	2,03	1,44	0,91	0,47	0,09	-0,24	-0,55	-0,86	2,15	0
15/04/2020 05:25:00	2,24	3,50	3,39	3,07	2,54	1,96	1,39	0,87	0,41	0,02	-0,32	-0,64	-0,95	2,21	0
15/04/2020 05:30:00	2,19	3,55	3,40	3,18	2,75	2,19	1,53	0,97	0,55	0,17	-0,15	-0,44	-0,74	2,27	0
15/04/2020 05:35:00	2,42	3,52	3,42	3,10	2,61	2,06	1,49	0,98	0,54	0,16	-0,17	-0,48	-0,79	2,25	0
15/04/2020 05:40:00	2,21	3,57	3,49	3,03	2,57	1,95	1,36	0,82	0,35	-0,05	-0,38	-0,69	-1,00	2,23	0
15/04/2020 05:45:00	2,43	3,48	3,35	2,99	2,42	1,80	1,21	0,67	0,21	-0,21	-0,57	-0,91	-1,24	2,18	0
15/04/2020 05:50:00	2,17	3,50	3,42	2,99	2,47	1,84	1,24	0,68	0,21	-0,21	-0,57	-0,90	-1,22	2,35	0
15/04/2020 05:55:00	2,31	3,42	3,28	2,92	2,39	1,81	1,26	0,75	0,30	-0,09	-0,42	-0,73	-1,03	2,18	0
15/04/2020 06:00:00	2,21	3,68	3,60	3,24	2,74	2,09	1,47	0,91	0,43	0,01	-0,35	-0,68	-1,01	2,30	0
15/04/2020 06:05:00	2,27	3,74	3,64	3,32	2,78	2,10	1,48	0,92	0,43	0,00	-0,38	-0,73	-1,07	2,26	0
15/04/2020 06:10:00	2,19	3,49	3,39	3,04	2,51	1,83	1,29	0,77	0,29	-0,14	-0,51	-0,85	-1,19	2,24	0
15/04/2020 06:15:00	2,12	3,54	3,40	3,02	2,53	1,91	1,26	0,70	0,23	-0,17	-0,50	-0,81	-1,12	2,18	0
15/04/2020 06:20:00	2,19	3,72	3,67	3,32	2,75	2,08	1,49	0,93	0,44	0,00	-0,38	-0,73	-1,08	2,21	0
15/04/2020 06:25:00	2,31	3,50	3,35	2,93	2,42	1,75	1,15	0,61	0,14	-0,28	-0,64	-0,96	-1,29	2,16	0
15/04/2020 06:30:00	2,30	3,58	3,47	3,13	2,66	2,05	1,41	0,86	0,41	0,01	-0,33	-0,65	-0,97	2,24	0
15/04/2020 06:35:00	2,40	3,57	3,41	3,09	2,57	1,97	1,37	0,84	0,39	-0,01	-0,36	-0,67	-0,99	2,13	0
15/04/2020 06:40:00	2,07	3,40	3,25	2,94	2,39	1,76	1,21	0,69	0,23	-0,18	-0,52	-0,83	-1,14	2,13	0
15/04/2020 06:45:00	2,18	3,22	3,06	2,74	2,25	1,62	1,07	0,55	0,11	-0,28	-0,62	-0,93	-1,24	2,22	0
15/04/2020 06:50:00	2,14	3,20	3,04	2,62	2,12	1,54	0,97	0,45	0,01	-0,38	-0,69	-0,98	-1,27	2,18	0
15/04/2020 06:55:00	2,13	3,22	3,06	2,67	2,18	1,60	1,03	0,51	0,07	-0,31	-0,63	-0,92	-1,21	2,20	0
15/04/2020 07:00:00	2,24	3,13	2,93	2,56	2,05	1,48	0,91	0,40	-0,03	-0,40	-0,71	-1,00	-1,29	2,20	0
15/04/2020 07:05:00	2,22	2,98	2,76	2,37	1,90	1,30	0,72	0,21	-0,22	-0,59	-0,91	-1,20	-1,50	2,15	0
15/04/2020 07:10:00	2,15	2,92	2,66	2,25	1,74	1,13	0,51	-0,03	-0,47	-0,84	-1,16	-1,45	-1,74	2,15	0
15/04/2020 07:15:00	2,22	2,80	2,52	2,13	1,60	0,95	0,39	-0,11	-0,54	-0,93	-1,25	-1,56	-1,86	2,22	0
15/04/2020 07:20:00	2,14	2,78	2,47	2,03	1,49	0,86	0,21	-0,34	-0,77	-1,16	-1,47	-1,77	-2,06	2,13	0
15/04/2020 07:25:00	2,08	2,64	2,24	1,88	1,26	0,65	0,08	-0,42	-0,85	-1,22	-1,52	-1,79	-2,07	2,15	0
15/04/2020 07:30:00	2,15	2,50	2,12	1,63	1,12	0,52	-0,05	-0,55	-0,96	-1,31	-1,60	-1,86	-2,12	2,16	0
15/04/2020 07:35:00	2,12	2,33	1,88	1,48	1,00	0,43	-0,12	-0,60	-0,98	-1,30	-1,55	-1,79	-2,02	2,04	0
15/04/2020 07:40:00	2,08	2,28	1,78	1,36	0,85	0,26	-0,28	-0,74	-1,12	-1,44	-1,69	-1,92	-2,14	2,06	0
15/04/2020 07:45:00	2,06	2,17	1,71	1,26	0,75	0,15	-0,40	-0,88	-1,28	-1,61	-1,88	-2,13	-2,37	2,05	0
15/04/2020 07:50:00	2,03	2,12	1,64	1,11	0,66	0,07	-0,50	-0,98	-1,36	-1,68	-1,92	-2,15	-2,37	2,03	0
15/04/2020 07:55:00	2,03	1,91	1,44	0,96	0,40	-0,13	-0,59	-1,01	-1,39	-1,71	-1,95	-2,17	-2,39	1,94	0
15/04/2020 08:00:00	2,07	1,95	1,46	0,96	0,43	-0,11	-0,64	-1,10	-1,47	-1,79	-2,03	-2,24	-2,46	1,86	0
15/04/2020 08:05:00	2,11	1,94	1,39	0,89	0,41	-0,18	-0,71	-1,16	-1,53	-1,84	-2,08	-2,30	-2,51	1,95	0
15/04/2020 08:10:00	2,44	1,88	1,26	0,73	0,18	-0,36	-0,86	-1,30	-1,65	-1,95	-2,18	-2,38	-2,59	2,01	0
15/04/2020 08:15:00	2,56	1,95	1,26	0,75	0,26	-0,33	-0,84	-1,27	-1,62	-1,91	-2,13	-2,33	-2,53	2,08	0
15/04/2020 08:20:00	2,45	1,89	1,18	0,62	0,12	-0,46	-0,94	-1,36	-1,71	-1,99	-2,19	-2,37	-2,55	2,10	0
15/04/2020 08:25:00	2,25	1,92	1,32	0,82	0,31	-0,23	-0,75	-1,18	-1,54	-1,83	-2,04	-2,24	-2,43	1,83	0
15/04/2020 08:30:00	2,58	1,83	1,03	0,52	-0,03	-0,56	-1,04	-1,44	-1,77	-2,03	-2,20	-2,36	-2,52	1,85	0
15/04/2020 08:35:00	2,87	1,86	1,10	0,60	0,10	-0,46	-1,02	-1,46	-1,79	-2,07	-2,29	-2,49	-2,69	1,97	0
15/04/2020 08:40:00	3,00	1,93	1,06	0,55	-0,02	-0,54	-1,03	-1,44	-1,75	-2,00	-2,17	-2,34	-2,50	2,02	0
15/04/2020 08:45:00	3,19	2,02	1,11	0,43	-0,15	-0,69	-1,22	-1,64	-1,96	-2,22	-2,39	-2,55	-2,70	2,06	0
15/04/2020 08:50:00	3,24	1,88	1,04	0,37	-0,12	-0,60	-1,10	-1,49	-1,79	-2,03	-2,18	-2,33	-2,47	2,38	0
15/04/2020 08:55:00	3,92	1,88	0,80	0,21	-0,29	-0,75	-1,22	-1,57	-1,83	-2,03	-2,16	-2,28	-2,41	2,50	1
15/04/2020 09:00:00	4,08	1,97	0,83	0,16	-0,38	-0,90	-1,41	-1,79	-2,05	-2,27	-2,40	-2,54	-2,67	2,28	1
15/04/2020 09:05:00	4,19	2,04	0,81	0,17	-0,43	-0,98	-1,43	-1,77	-2,03	-2,24	-2,36	-2,49	-2,61	2,26	1
15/04/2020 09:10:00	4,69	2,04	0,69	0,07	-0,41	-0,92	-1,38	-1,70	-1,91	-2,08	-2,17	-2,27	-2,37	2,59	1
15/04/2020 09:15:00	4,51	2,12	0,91	0,22	-0,40	-0,84	-1,28	-1,62	-1,86	-2,05	-2,15	-2,26	-2,36	2,49	1
15/04/2020 09:20:00	4,09	2,01	0,85	0,22	-0,28	-0,77	-1,22	-1,56	-1,81	-2,00	-2,11	-2,22	-2,34	2,64	1
15/04/2020 09:25:00	4,34	2,12	0,91	0,27	-0,21	-0,76	-1,22	-1,56	-1,80	-2,00	-2,11	-2,23	-2,35	2,17	1
15/04/2020 09:30:00	4,52	2,14	0,91	0,26	-0,30	-0,87	-1,32	-1,67	-1,93	-2,15	-2,30	-2,44	-2,58	2,56	1
15/04/2020 09:35:00	4,57	2,10	0,85	0,16	-0,29	-0,75	-1,16	-1,47	-1,68	-1,85	-1,93	-2,01	-2,09	2,82	1
15/04/2020 09:40:00	4,53	2,37	1,07	0,36	-0,16	-0,73	-1,23	-1,60	-1,85	-2,05	-2,16	-2,27	-2,38	2,86	1
15/04/2020 09:45:00	4,52	2,27	1,00	0,42	-0,19	-0,69	-1,15	-1,49	-1,74	-1,93	-2,05	-2,17	-2,29	2,81	1
15/04/2020 09:50:00	4,51	2,25	1,03	0,47	0,05	-0,54	-1,00	-1,34	-1,58	-1,78	-1,92	-2,06	-2,20	2,65	1
15/04/2020 09:55:00	5,16	2,22	0,82	0,12	-0,44	-0,91	-1,35	-1,66	-1,88	-2,04	-2,14	-2,23	-2,33	2,51	1
15/04/2020 10:00:00	5,23	2,03	0,69	0,11	-0,37	-0,85	-1,18	-1,43	-1,63	-1,79	-1,90	-2,01	-2,13	2,91	1
15/04/2020 10:05:00	5,63	2,28	0,72	-0,04	-0,60	-1,01	-1,40	-1,67	-1,84	-1,97	-2,00	-2,04	-2,08	2,76	1
15/04/2020 10:10:00	5,56	2,44	0,91	0,04	-0,50	-0,95	-1,34	-1,63	-1,82	-1,95	-1,97	-2,01	-2,04	3,06	1
15/04/2020 10:15:00	4,43	2,72	1,44	0,78	0,13	-0,43	-0,93	-1,30	-1,57	-1,77	-1,88	-1,98	-2,08	3,11	1
15/04/2020 10:20:00	7,14	2,62	0,87	0,08	-0,41	-0,92	-1,27	-1,50	-1,64	-1,75	-1,81	-1,88	-1,96	3,51	1
15/04/2020 10:25:00	5,49	2,90	1,53	0,96	0,49	-0,02	-0,52	-0,87	-1,09	-1,27	-1,40	-1,53	-1,67	3,54	1
15/04/2020 10:30:00	5,67	3,04	1,56	0,82	0,33	-0,23	-0,66	-0,98	-1,19	-1,34	-1,41	-1,49	-1,57	3,53	1
15/04/2020 10:35:00	5,88	3,30	2,05	1,50	0,91	0,33	-0,11	-0,46	-0,72	-0,95	-1,14	-1,34	-1,54	4,21	1
15/04/2020 10:40:00	7,03	2,82	1,04	0,26	-0,24	-0,62	-0,83	-0,97	-1,06	-1,10	-1,05	-1,03	-1,01	3,78	1
15/04/2020 10:45:00	7,31	3,23	1,48	0,73	0,25	-0,30	-0,75	-1,04	-1,20	-1,34	-1,42	-1,53	-1,64	3,78	1
15/04/2020 10:50:00	6,03	3,14	1,78	1,12	0,64	0,08	-0,36	-0,68	-0,90	-1,10	-1,23	-1,37	-1,51	3,70	1
15/04/2020 10:55:00	9,21	2,86	0,88	0,13	-0,15	-0,34	-0,45	-0,45	-0,42	-0,39	-0,31	-0,27	-0,24	5,08	1
15/04/2020 11:00:00	5,64	3,73	2,54	1,74	0,94	0,31	-0,28	-0,74	-1,08	-1,38	-1,61	-1,82	-2,03	4,05	1
15/04/2020 11:05:00	5,60	3,35	2,13	1,56	0,99	0,46	-0,01	-0,36	-0,62	-0,84	-1,00	-1,16	-1,33	3,75	1
15/04/2020 11:10:00	5,32	3,76	2,69	2,07	1,38	0,70	0,02	-0,50	-0,85	-1,18	-1,45	-1,72	-1,99	3,81	1
15/04/2020 11:15:00	5,18	3,65	2,64	2,10	1,46	0,80	0,18	-0,29	-0,63	-0,94	-1,21	-1,47	-1,74	3,69	0
15/04/2020 11:20:00	5,21	3,59	2,54	1,85	1,31	0,59	0,05	-0,37	-0,71	-1,00	-1,23	-1,45	-1,67	3,54	1
15/04/2020 11:25:00	5,27	3,59	2,54	1,90	1,23	0,57	-0,06	-0,55	-0,90	-1,22	-1,48	-1,74	-1,99	3,66	1
15/04/2020 11:30:00	5,70	3,64	2,44	1,68	1,10	0,46	-0,11	-0,53	-0,84	-1,10	-1,30	-1,49	-1,68	3,93	1
15/04/2020 11:35:00	5,49	3,59	2,45	1,66	1,10	0,47	-0,08	-0,51	-0,82	-1,08	-1,27	-1,46	-1,65	3,65	1
15/04/2020 11:40:00	4,96	3,52	2,59	1,97	1,35	0,71	0,20	-0,22	-0,56	-0,86	-1,10	-1,34	-1,57	3,82	0
15/04/2020 11:45:00	5,26	3,48	2,42	1,77	1,27	0,68	0,10	-0,34	-0,63	-0,89	-1,08	-1,28	-1,48	4,17	1
15/04/2020 11:50:00	6,23	3,37	2,19	1,40	0,81	0,21	-0,27	-0,64	-0,92	-1,18	-1,38	-1,58	-1,78	3,86	1
15/04/2020 11:55:00	4,96	3,51	2,50	1,83	1,25	0,65	0,02	-0,46	-0,79	-1,07	-1,30	-1,51	-1,72	3,91	0
15/04/2020 12:00:00	4,95	3,45	2,45	1,79	1,20	0,55	-0,02	-0,46	-0,79	-1,08	-1,30	-1,52	-1,74	3,81	0
15/04/2020 12:05:00	5,83	3,44	2,29	1,65	0,96	0,49	-0,02	-0,41	-0,68	-0,92	-1,10	-1,28	-1,46	3,80	1
15/04/2020 12:10:00	5,85	3,44	2,22	1,63	1,11	0,55	0,10	-0,24	-0,49	-0,71	-0,87	-1,04	-1,20	3,91	1
15/04/2020 12:15:00	5,46	3,58	2,42	1,72	1,16	0,47	-0,01	-0,39	-0,69	-0,95	-1,13	-1,31	-1,50	4,00	1
15/04/2020 12:20:00	5,42	3,56	2,52	1,94	1,39	0,75	0,17	-0,28	-0,59	-0,87	-1,11	-1,36	-1,60	4,28	1
15/04/2020 12:25:00	5,20	3,70	2,74	1,98	1,25	0,61	0,01	-0,48	-0,84	-1,16	-1,42	-1,67	-1,91	4,05	1
15/04/2020 12:30:00	5,36	3,59	2,45	1,70	1,09	0,49	-0,09	-0,53	-0,84	-1,10	-1,29	-1,47	-1,64	4,12	1
15/04/2020 12:35:00	5,31	3,54	2,52	1,83	1,28	0,66	0,27	-0,07	-0,37	-0,62	-0,80	-0,97	-1,14	4,18	1
15/04/2020 12:40:00	5,43	3,73	2,62	1,97	1,28	0,67	0,08	-0,37	-0,70	-0,98	-1,20	-1,42	-1,64	4,18	1
15/04/2020 12:45:00	5,71	3,71	2,56	1,87	1,30	0,72	0,21	-0,19	-0,48	-0,72	-0,90	-1,08	-1,26	4,40	1
15/04/2020 12:50:00	6,25	3,86	2,55	1,72	1,11	0,59	0,06	-0,33	-0,60	-0,82	-0,96	-1,10	-1,23	4,58	1
15/04/2020 12:55:00	5,97	3,91	2,70	2,02	1,37	0,88	0,31	-0,11	-0,39	-0,63	-0,80	-0,97	-1,14	4,40	1
15/04/2020 13:00:00	5,32	3,90	2,88	2,24	1,71	1,12	0,57	0,15	-0,16	-0,42	-0,62	-0,81	-1,01	4,48	0
15/04/2020 13:05:00	5,45	3,88	2,86	2,25	1,64	1,04	0,44	-0,02	-0,35	-0,64	-0,88	-1,11	-1,34	4,61	1
15/04/2020 13:10:00	6,31	3,95	2,68	2,03	1,49	0,85	0,34	-0,04	-0,31	-0,55	-0,74	-0,93	-1,12	4,50	1
15/04/2020 13:15:00	5,59	3,98	3,00	2,30	1,64	1,00	0,40	-0,06	-0,41	-0,73	-0,99	-1,24	-1,49	4,55	1
15/04/2020 13:20:00	5,03	3,82	2,92	2,23	1,62	0,96	0,37	-0,11	-0,47	-0,79	-1,04	-1,29	-1,54	4,09	0
15/04/2020 13:25:00	5,12	3,44	2,29	1,55	0,76	0,04	-0,61	-1,12	-1,49	-1,82	-2,08	-2,33	-2,58	4,15	1
15/04/2020 13:30:00	5,25	3,14	2,04	1,44	0,93	0,38	-0,07	-0,42	-0,68	-0,90	-1,06	-1,22	-1,38	3,46	1
15/04/2020 13:35:00	7,48	3,51	1,75	1,01	0,28	-0,18	-0,62	-0,91	-1,08	-1,22	-1,29	-1,38	-1,47	3,98	1
15/04/2020 13:40:00	6,23	3,67	2,39	1,69	1,05	0,46	-0,10	-0,51	-0,79	-1,05	-1,25	-1,45	-1,65	4,48	1
15/04/2020 13:45:00	6,16	3,69	2,34	1,65	1,02	0,44	-0,09	-0,48	-0,75	-0,98	-1,15	-1,32	-1,49	4,71	1
15/04/2020 13:50:00	5,72	3,80	2,62	1,87	1,20	0,52	-0,04	-0,48	-0,80	-1,08	-1,30	-1,51	-1,72	4,45	1
15/04/2020 13:55:00	5,16	3,67	2,53	1,82	1,26	0,60	0,05	-0,38	-0,70	-0,96	-1,15	-1,33	-1,50	4,27	1
15/04/2020 14:00:00	5,31	3,32	2,15	1,54	1,03	0,46	-0,08	-0,47	-0,74	-0,97	-1,14	-1,31	-1,48	3,98	1
15/04/2020 14:05:00	7,82	3,41	1,64	0,84	0,30	-0,08	-0,50	-0,76	-0,89	-1,00	-1,05	-1,12	-1,19	4,72	1
15/04/2020 14:10:00	8,02	3,49	1,64	0,90	0,44	0,07	-0,32	-0,54	-0,65	-0,73	-0,75	-0,81	-0,86	5,01	1
15/04/2020 14:15:00	7,87	3,52	1,70	0,82	0,27	-0,11	-0,48	-0,71	-0,85	-0,94	-0,97	-1,01	-1,05	4,91	1
15/04/2020 14:20:00	6,12	3,77	2,41	1,77	1,20	0,65	0,13	-0,24	-0,49	-0,69	-0,82	-0,96	-1,11	4,33	1
15/04/2020 14:25:00	5,54	3,76	2,71	2,13	1,43	0,78	0,27	-0,15	-0,49	-0,79	-1,03	-1,28	-1,52	4,03	1
15/04/2020 14:30:00	5,65	3,82	2,54	1,83	1,20	0,49	0,02	-0,37	-0,68	-0,93	-1,11	-1,28	-1,45	4,18	1
15/04/2020 14:35:00	7,49	3,82	2,02	1,25	0,67	0,15	-0,26	-0,53	-0,69	-0,80	-0,84	-0,90	-0,96	4,16	1
15/04/2020 14:40:00	7,17	3,96	2,24	1,44	0,78	0,29	-0,09	-0,37	-0,55	-0,68	-0,73	-0,78	-0,83	4,34	1
15/04/2020 14:45:00	9,03	4,09	1,96	1,12	0,65	0,33	-0,06	-0,26	-0,32	-0,34	-0,30	-0,29	-0,28	5,68	1
15/04/2020 14:50:00	6,13	4,24	3,04	2,43	1,79	1,23	0,74	0,36	0,07	-0,17	-0,35	-0,53	-0,72	4,80	1
15/04/2020 14:55:00	8,81	4,16	2,15	1,37	0,81	0,41	0,12	-0,05	-0,13	-0,19	-0,17	-0,19	-0,20	5,51	1
15/04/2020 15:00:00	6,42	4,43	3,18	2,58	1,93	1,31	0,78	0,37	0,07	-0,19	-0,40	-0,61	-0,82	5,21	1
15/04/2020 15:05:00	5,54	4,57	3,62	3,08	2,49	1,73	1,08	0,57	0,20	-0,14	-0,43	-0,72	-1,01	4,70	0
15/04/2020 15:10:00	5,48	4,56	3,74	3,17	2,56	1,92	1,38	0,93	0,56	0,24	-0,02	-0,29	-0,55	4,78	0
15/04/2020 15:15:00	6,11	4,67	3,81	3,11	2,35	1,54	0,94	0,42	0,00	-0,40	-0,77	-1,13	-1,49	4,96	1
15/04/2020 15:20:00	6,06	4,49	3,41	2,77	2,18	1,51	0,88	0,39	0,06	-0,24	-0,50	-0,75	-1,00	4,91	1
15/04/2020 15:25:00	6,18	4,49	3,22	2,46	1,83	1,14	0,58	0,14	-0,17	-0,44	-0,63	-0,82	-1,01	4,94	1
15/04/2020 15:30:00	5,70	4,43	3,42	2,72	2,08	1,35	0,70	0,19	-0,19	-0,52	-0,80	-1,07	-1,34	4,72	1
15/04/2020 15:35:00	5,23	4,44	3,59	3,06	2,49	1,72	1,05	0,52	0,13	-0,23	-0,55	-0,86	-1,18	4,38	0
15/04/2020 15:40:00	4,93	4,44	3,63	2,93	2,20	1,44	0,77	0,22	-0,21	-0,59	-0,90	-1,20	-1,49	4,51	0
15/04/2020 15:45:00	3,77	3,51	2,92	2,46	2,02	1,50	0,87	0,37	0,03	-0,27	-0,51	-0,74	-0,97	3,76	0
15/04/2020 15:50:00	3,27	2,99	2,28	1,75	1,23	0,60	0,13	-0,29	-0,65	-0,95	-1,16	-1,36	-1,56	3,13	0
15/04/2020 15:55:00	2,29	2,65	2,34	2,14	1,68	1,23	0,76	0,34	-0,02	-0,33	-0,57	-0,80	-1,04	2,28	0
15/04/2020 16:00:00	3,26	3,07	2,59	2,22	1,88	1,37	0,95	0,58	0,26	-0,01	-0,22	-0,42	-0,62	2,53	0
15/04/2020 16:05:00	4,29	3,21	2,46	1,99	1,57	1,12	0,70	0,36	0,09	-0,14	-0,30	-0,47	-0,63	3,15	0
15/04/2020 16:10:00	5,96	3,23	2,05	1,45	1,06	0,73	0,38	0,13	-0,05	-0,19	-0,26	-0,35	-0,43	3,31	1
15/04/2020 16:15:00	6,25	3,32	2,02	1,45	0,99	0,58	0,21	-0,05	-0,24	-0,39	-0,48	-0,59	-0,70	4,06	1
15/04/2020 16:20:00	6,64	3,66	2,26	1,58	1,13	0,67	0,26	-0,02	-0,22	-0,37	-0,46	-0,56	-0,67	4,63	1
15/04/2020 16:25:00	4,30	4,01	3,35	2,76	2,13	1,49	0,84	0,31	-0,09	-0,44	-0,73	-1,00	-1,28	4,11	0
15/04/2020 16:30:00	6,78	4,02	2,76	2,07	1,52	0,98	0,51	0,15	-0,10	-0,33	-0,51	-0,69	-0,88	4,67	1
15/04/2020 16:35:00	6,70	4,40	3,14	2,43	1,87	1,29	0,83	0,48	0,21	-0,02	-0,18	-0,35	-0,52	5,19	1
15/04/2020 16:40:00	6,64	4,39	3,04	2,10	1,37	0,63	0,08	-0,36	-0,70	-0,98	-1,19	-1,39	-1,59	5,03	1
15/04/2020 16:45:00	5,70	4,03	2,96	2,26	1,63	0,95	0,36	-0,11	-0,46	-0,77	-1,02	-1,27	-1,52	4,45	1
15/04/2020 16:50:00	4,73	4,02	3,16	2,57	1,86	1,17	0,61	0,14	-0,25	-0,59	-0,86	-1,12	-1,37	4,21	0
15/04/2020 16:55:00	4,32	3,93	3,22	2,60	1,97	1,29	0,70	0,20	-0,20	-0,55	-0,83	-1,10	-1,36	4,20	0
15/04/2020 17:00:00	4,06	3,97	3,38	2,77	2,09	1,25	0,55	-0,05	-0,51	-0,94	-1,33	-1,69	-2,05	4,03	0
15/04/2020 17:05:00	3,71	3,89	3,34	2,61	1,76	0,91	0,18	-0,45	-0,97	-1,44	-1,84	-2,21	-2,59	3,56	0
15/04/2020 17:10:00	3,63	2,81	1,94	1,31	0,72	0,16	-0,35	-0,77	-1,11	-1,38	-1,56	-1,73	-1,90	3,11	0
15/04/2020 17:15:00	4,64	2,55	1,39	0,89	0,41	-0,03	-0,40	-0,69	-0,90	-1,07	-1,15	-1,25	-1,34	2,82	1
15/04/2020 17:20:00	4,92	2,47	1,21	0,69	0,24	-0,14	-0,52	-0,79	-0,97	-1,10	-1,15	-1,22	-1,29	3,30	1
15/04/2020 17:25:00	4,74	2,44	1,18	0,45	0,00	-0,53	-0,94	-1,25	-1,49	-1,66	-1,75	-1,84	-1,93	3,00	1
15/04/2020 17:30:00	4,38	2,53	1,43	0,83	0,34	-0,17	-0,61	-0,96	-1,21	-1,42	-1,54	-1,67	-1,80	2,60	0
15/04/2020 17:35:00	4,63	2,65	1,51	0,86	0,40	-0,09	-0,56	-0,91	-1,15	-1,34	-1,45	-1,56	-1,67	3,21	1
15/04/2020 17:40:00	4,38	2,89	1,77	1,04	0,42	-0,15	-0,68	-1,10	-1,40	-1,64	-1,79	-1,93	-2,07	3,26	1
15/04/2020 17:45:00	4,25	2,77	1,70	1,13	0,59	0,09	-0,35	-0,69	-0,96	-1,18	-1,30	-1,42	-1,54	3,39	0
15/04/2020 17:50:00	4,24	3,01	2,05	1,48	0,93	0,30	-0,20	-0,60	-0,92	-1,18	-1,37	-1,56	-1,75	3,41	0
15/04/2020 17:55:00	3,87	3,23	2,36	1,75	1,17	0,58	0,00	-0,47	-0,80	-1,08	-1,27	-1,46	-1,64	3,38	0
15/04/2020 18:00:00	3,49	3,32	2,47	1,85	1,21	0,46	-0,25	-0,82	-1,22	-1,57	-1,83	-2,08	-2,33	3,39	0
15/04/2020 18:05:00	2,81	3,19	2,62	2,06	1,38	0,63	0,01	-0,54	-0,99	-1,38	-1,69	-1,98	-2,27	3,01	0
15/04/2020 18:10:00	3,26	3,05	2,33	1,77	1,18	0,53	-0,08	-0,58	-0,97	-1,29	-1,53	-1,76	-1,99	3,00	0
15/04/2020 18:15:00	2,68	3,20	2,66	2,05	1,34	0,60	-0,08	-0,66	-1,13	-1,53	-1,85	-2,14	-2,44	2,88	0
15/04/2020 18:20:00	2,50	3,18	2,67	2,09	1,48	0,72	0,03	-0,55	-1,02	-1,41	-1,73	-2,03	-2,32	2,90	0
15/04/2020 18:25:00	2,36	3,12	2,75	2,25	1,58	0,84	0,10	-0,52	-1,00	-1,43	-1,80	-2,14	-2,48	2,71	0
15/04/2020 18:30:00	2,58	3,41	3,03	2,49	1,87	1,16	0,47	-0,11	-0,59	-0,99	-1,33	-1,64	-1,95	2,68	0
15/04/2020 18:35:00	2,59	3,60	3,27	2,75	2,15	1,42	0,71	0,10	-0,38	-0,80	-1,15	-1,48	-1,80	2,68	0
15/04/2020 18:40:00	2,61	3,58	3,32	2,87	2,27	1,54	0,88	0,29	-0,19	-0,62	-0,99	-1,34	-1,68	2,71	0
15/04/2020 18:45:00	2,72	3,82	3,54	3,05	2,43	1,66	0,95	0,33	-0,17	-0,61	-1,00	-1,36	-1,72	2,77	0
15/04/2020 18:50:00	2,62	3,96	3,71	3,23	2,56	1,79	1,05	0,41	-0,11	-0,57	-0,97	-1,33	-1,70	2,79	0
15/04/2020 18:55:00	2,72	3,75	3,49	3,02	2,39	1,63	0,93	0,32	-0,18	-0,63	-1,03	-1,39	-1,76	2,78	0
15/04/2020 19:00:00	2,83	3,99	3,73	3,30	2,66	1,89	1,19	0,57	0,07	-0,39	-0,79	-1,16	-1,54	2,88	0
15/04/2020 19:05:00	2,88	3,98	3,77	3,24	2,64	1,86	1,17	0,56	0,05	-0,41	-0,81	-1,19	-1,56	2,90	0
15/04/2020 19:10:00	2,97	3,94	3,63	3,19	2,58	1,79	1,09	0,49	-0,01	-0,45	-0,85	-1,22	-1,59	2,93	0
15/04/2020 19:15:00	2,87	3,86	3,60	3,17	2,55	1,83	1,17	0,58	0,10	-0,34	-0,72	-1,07	-1,43	2,96	0
15/04/2020 19:20:00	2,88	3,95	3,68	3,24	2,61	1,84	1,17	0,58	0,08	-0,37	-0,77	-1,13	-1,49	3,00	0
15/04/2020 19:25:00	2,98	4,10	3,85	3,43	2,76	2,01	1,32	0,72	0,21	-0,24	-0,65	-1,02	-1,40	3,00	0
15/04/2020 19:30:00	3,10	4,05	3,80	3,31	2,69	1,98	1,28	0,67	0,19	-0,25	-0,63	-0,99	-1,34	2,91	0
15/04/2020 19:35:00	3,08	3,76	3,44	2,97	2,37	1,68	1,02	0,45	-0,01	-0,43	-0,79	-1,12	-1,45	3,04	0
15/04/2020 19:40:00	3,15	3,80	3,47	2,98	2,35	1,66	0,99	0,40	-0,07	-0,49	-0,85	-1,19	-1,53	3,07	0
15/04/2020 19:45:00	3,19	3,61	3,23	2,70	2,09	1,38	0,72	0,16	-0,31	-0,72	-1,08	-1,41	-1,75	3,05	0
15/04/2020 19:50:00	3,06	3,48	3,19	2,70	2,14	1,48	0,84	0,28	-0,17	-0,57	-0,93	-1,26	-1,59	3,10	0
15/04/2020 19:55:00	2,95	3,55	3,16	2,66	2,11	1,42	0,77	0,21	-0,23	-0,63	-0,96	-1,26	-1,57	3,04	0
15/04/2020 20:00:00	2,96	3,43	3,10	2,57	1,97	1,25	0,62	0,06	-0,41	-0,83	-1,19	-1,53	-1,86	2,87	0
15/04/2020 20:05:00	2,97	3,32	2,90	2,44	1,85	1,22	0,58	0,03	-0,40	-0,78	-1,10	-1,39	-1,69	2,88	0
15/04/2020 20:10:00	2,83	2,98	2,54	2,05	1,53	0,90	0,32	-0,19	-0,60	-0,95	-1,25	-1,52	-1,79	2,82	0
15/04/2020 20:15:00	2,05	2,10	1,89	1,61	1,30	0,90	0,51	0,15	-0,18	-0,46	-0,68	-0,89	-1,10	2,18	0
15/04/2020 20:20:00	1,96	2,12	1,82	1,52	1,09	0,64	0,19	-0,22	-0,57	-0,88	-1,11	-1,33	-1,56	1,85	0
15/04/2020 20:25:00	1,82	1,80	1,48	1,20	0,80	0,40	-0,01	-0,39	-0,72	-0,99	-1,20	-1,40	-1,59	1,71	0
15/04/2020 20:30:00	1,68	1,72	1,44	1,12	0,86	0,47	0,05	-0,32	-0,63	-0,89	-1,07	-1,25	-1,42	1,67	0
15/04/2020 20:35:00	1,66	1,77	1,55	1,19	0,83	0,35	-0,13	-0,56	-0,92	-1,23	-1,48	-1,72	-1,95	1,66	0
15/04/2020 20:40:00	1,66	1,73	1,50	1,16	0,78	0,29	-0,15	-0,56	-0,92	-1,24	-1,49	-1,73	-1,97	1,63	0
15/04/2020 20:45:00	1,73	1,81	1,55	1,16	0,74	0,21	-0,25	-0,67	-1,05	-1,38	-1,65	-1,90	-2,15	1,71	0
15/04/2020 20:50:00	1,84	1,97	1,75	1,36	0,93	0,40	-0,16	-0,65	-1,04	-1,38	-1,67	-1,94	-2,21	1,78	0
15/04/2020 20:55:00	1,84	2,03	1,79	1,37	0,89	0,37	-0,17	-0,65	-1,05	-1,40	-1,69	-1,95	-2,22	1,83	0
15/04/2020 21:00:00	1,88	2,02	1,74	1,31	0,84	0,26	-0,24	-0,70	-1,10	-1,46	-1,75	-2,02	-2,29	1,88	0
15/04/2020 21:05:00	1,84	1,89	1,50	1,10	0,67	0,14	-0,38	-0,82	-1,19	-1,51	-1,75	-1,98	-2,20	1,82	0
15/04/2020 21:10:00	1,70	1,86	1,55	1,08	0,63	0,08	-0,46	-0,94	-1,33	-1,67	-1,93	-2,18	-2,42	1,76	0
15/04/2020 21:15:00	1,70	1,86	1,51	1,10	0,64	0,14	-0,35	-0,79	-1,16	-1,48	-1,72	-1,93	-2,15	1,67	0
15/04/2020 21:20:00	1,69	1,88	1,56	1,17	0,65	0,10	-0,45	-0,93	-1,33	-1,67	-1,95	-2,21	-2,47	1,66	0
15/04/2020 21:25:00	1,72	1,80	1,42	0,95	0,48	-0,02	-0,54	-0,99	-1,36	-1,68	-1,91	-2,13	-2,34	1,78	0
15/04/2020 21:30:00	1,81	1,85	1,50	1,11	0,62	0,10	-0,37	-0,79	-1,17	-1,50	-1,75	-1,99	-2,22	1,79	0
15/04/2020 21:35:00	1,83	1,84	1,47	1,04	0,65	0,14	-0,32	-0,73	-1,09	-1,39	-1,61	-1,82	-2,03	1,85	0
15/04/2020 21:40:00	1,79	1,75	1,38	0,98	0,59	0,14	-0,33	-0,74	-1,09	-1,37	-1,57	-1,77	-1,96	1,81	0
15/04/2020 21:45:00	1,90	1,75	1,41	1,11	0,67	0,30	-0,12	-0,49	-0,82	-1,09	-1,30	-1,49	-1,68	1,90	0
15/04/2020 21:50:00	1,73	1,63	1,36	0,95	0,67	0,34	-0,01	-0,34	-0,64	-0,88	-1,05	-1,20	-1,35	1,69	0
15/04/2020 21:55:00	1,65	1,67	1,42	1,09	0,71	0,28	-0,09	-0,44	-0,79	-1,08	-1,30	-1,51	-1,72	1,66	0
15/04/2020 22:00:00	1,69	1,60	1,31	0,93	0,68	0,29	-0,10	-0,45	-0,76	-1,01	-1,19	-1,36	-1,53	1,66	0
15/04/2020 22:05:00	1,73	1,68	1,36	1,02	0,61	0,24	-0,17	-0,55	-0,88	-1,16	-1,36	-1,54	-1,73	1,71	0
15/04/2020 22:10:00	1,67	1,69	1,41	1,05	0,66	0,23	-0,22	-0,63	-0,98	-1,27	-1,49	-1,70	-1,91	1,71	0
15/04/2020 22:15:00	1,80	1,83	1,52	1,19	0,77	0,33	-0,12	-0,52	-0,87	-1,17	-1,39	-1,61	-1,82	1,78	0
15/04/2020 22:20:00	1,78	1,53	1,20	0,89	0,53	0,24	-0,10	-0,42	-0,72	-0,95	-1,11	-1,26	-1,41	1,78	0
15/04/2020 22:25:00	1,47	1,47	1,30	1,05	0,81	0,54	0,30	0,03	-0,26	-0,49	-0,65	-0,79	-0,94	1,61	0
15/04/2020 22:30:00	1,01	1,24	1,12	0,94	0,72	0,43	0,10	-0,22	-0,51	-0,75	-0,92	-1,09	-1,25	1,25	0
15/04/2020 22:35:00	1,07	1,27	1,19	1,08	0,94	0,77	0,51	0,24	-0,01	-0,22	-0,34	-0,47	-0,60	1,06	0
15/04/2020 22:40:00	0,95	1,12	1,06	0,98	0,80	0,58	0,40	0,17	-0,10	-0,31	-0,46	-0,60	-0,74	0,95	0
15/04/2020 22:45:00	0,97	1,24	1,18	1,00	0,78	0,49	0,21	-0,08	-0,38	-0,62	-0,80	-0,97	-1,14	0,97	0
15/04/2020 22:50:00	1,06	1,36	1,19	1,00	0,73	0,43	0,10	-0,22	-0,53	-0,77	-0,94	-1,10	-1,26	1,06	0
15/04/2020 22:55:00	1,17	1,44	1,20	0,98	0,64	0,31	-0,04	-0,38	-0,70	-0,95	-1,13	-1,29	-1,45	1,13	0
15/04/2020 23:00:00	1,18	1,36	1,23	1,00	0,74	0,40	0,06	-0,27	-0,58	-0,84	-1,03	-1,22	-1,40	1,17	0
15/04/2020 23:05:00	1,24	1,54	1,34	1,11	0,76	0,32	-0,08	-0,46	-0,81	-1,10	-1,34	-1,55	-1,77	1,23	0
15/04/2020 23:10:00	1,31	1,68	1,51	1,20	0,78	0,29	-0,10	-0,49	-0,87	-1,20	-1,47	-1,71	-1,95	1,34	0
15/04/2020 23:15:00	1,42	1,68	1,49	1,21	0,85	0,42	0,02	-0,36	-0,71	-1,01	-1,24	-1,46	-1,68	1,46	0
15/04/2020 23:20:00	1,38	1,66	1,49	1,19	0,82	0,46	0,09	-0,28	-0,61	-0,90	-1,10	-1,30	-1,49	1,43	0
15/04/2020 23:25:00	1,49	1,62	1,37	1,13	0,83	0,43	0,04	-0,33	-0,65	-0,92	-1,12	-1,31	-1,50	1,43	0
15/04/2020 23:30:00	1,49	1,54	1,36	1,13	0,82	0,48	0,09	-0,27	-0,59	-0,85	-1,06	-1,25	-1,45	1,50	0
15/04/2020 23:35:00	1,51	1,60	1,34	1,07	0,71	0,34	0,00	-0,34	-0,67	-0,93	-1,13	-1,31	-1,49	1,51	0
15/04/2020 23:40:00	1,47	1,69	1,43	1,15	0,79	0,37	-0,05	-0,43	-0,77	-1,06	-1,27	-1,46	-1,66	1,48	0
15/04/2020 23:45:00	1,51	1,71	1,52	1,19	0,81	0,38	-0,06	-0,47	-0,82	-1,13	-1,37	-1,59	-1,81	1,58	0
15/04/2020 23:50:00	1,68	1,59	1,31	1,07	0,90	0,65	0,34	0,06	-0,20	-0,39	-0,51	-0,62	-0,74	1,70	0
15/04/2020 23:55:00	1,31	1,31	1,16	0,85	0,66	0,35	0,07	-0,23	-0,52	-0,75	-0,92	-1,08	-1,23	1,51	0
