FileFormat:0002.2 file with temperature of atmosphere
200
local	GMT or Local
0	GMT-Local=[hours]
0	Height[m]
0	0	0	Longitude                [grd]               [min]               [sec]
0	0	0	Latitude                [grd]               [min]               [sec]
N	NS
59,40	Freq[GHz]
0,00	dTemostat[K]
0,150	MessErr[K]
0,248	//[grad/step]
version 14.0.20110218
MTP5H033F5940K-33.00D180214+A1.1
Commentary:
enter comment
End Of Commentary

SYSTEM\summer.dat
data time	0	50	100	150	200	250	300	350	400	450	500	550	600	OutsideTemperature	Quality
16/10/2020 00:00:00	11,29	11,81	11,72	11,38	10,98	10,50	10,02	9,57	9,16	8,76	8,34	7,92	7,50	11,39	0
16/10/2020 00:05:00	11,27	11,82	11,74	11,41	10,99	10,51	9,99	9,53	9,11	8,70	8,26	7,82	7,39	11,39	0
16/10/2020 00:10:00	11,35	11,61	11,50	11,21	10,83	10,32	9,88	9,47	9,07	8,67	8,24	7,81	7,38	11,15	0
16/10/2020 00:15:00	11,21	11,63	11,53	11,23	10,78	10,33	9,84	9,39	8,98	8,58	8,15	7,73	7,30	11,16	0
16/10/2020 00:20:00	11,17	11,60	11,47	11,12	10,72	10,23	9,75	9,32	8,92	8,52	8,12	7,71	7,30	11,12	0
16/10/2020 00:25:00	11,07	11,39	11,27	10,88	10,46	9,98	9,51	9,07	8,67	8,27	7,86	7,45	7,05	11,12	0
16/10/2020 00:30:00	11,01	11,32	11,11	10,72	10,25	9,81	9,34	8,91	8,51	8,14	7,76	7,38	7,00	11,04	0
16/10/2020 00:35:00	10,98	11,19	11,06	10,69	10,23	9,78	9,30	8,87	8,47	8,07	7,66	7,25	6,84	11,06	0
16/10/2020 00:40:00	11,10	11,20	11,00	10,69	10,31	9,85	9,39	8,98	8,61	8,23	7,84	7,44	7,04	11,02	0
16/10/2020 00:45:00	10,98	11,21	11,00	10,70	10,30	9,86	9,39	8,98	8,60	8,23	7,85	7,46	7,07	11,01	0
16/10/2020 00:50:00	10,99	11,34	11,21	10,82	10,41	10,00	9,53	9,10	8,71	8,34	7,96	7,59	7,21	11,00	0
16/10/2020 00:55:00	10,96	11,21	10,99	10,63	10,24	9,76	9,34	8,94	8,56	8,20	7,83	7,46	7,09	10,95	0
16/10/2020 01:00:00	10,96	11,07	10,78	10,37	9,97	9,53	9,04	8,61	8,24	7,88	7,52	7,15	6,79	11,00	0
16/10/2020 01:05:00	10,86	11,05	10,76	10,39	9,97	9,51	9,02	8,59	8,22	7,85	7,48	7,11	6,74	10,90	0
16/10/2020 01:10:00	10,81	11,06	10,80	10,45	9,98	9,51	9,03	8,61	8,22	7,84	7,47	7,09	6,71	10,82	0
16/10/2020 01:15:00	10,54	10,82	10,61	10,24	9,76	9,26	8,72	8,24	7,83	7,42	6,99	6,57	6,15	10,58	0
16/10/2020 01:20:00	10,23	10,47	10,24	9,85	9,54	8,99	8,58	8,18	7,80	7,44	7,07	6,71	6,34	10,01	0
16/10/2020 01:25:00	9,84	10,06	9,90	9,54	9,16	8,78	8,34	7,95	7,58	7,24	6,90	6,56	6,21	9,91	0
16/10/2020 01:30:00	9,83	9,99	9,80	9,48	9,13	8,70	8,32	7,95	7,59	7,25	6,91	6,57	6,22	9,76	0
16/10/2020 01:35:00	9,71	9,85	9,62	9,35	9,03	8,63	8,24	7,87	7,53	7,21	6,89	6,56	6,23	9,64	0
16/10/2020 01:40:00	9,68	9,78	9,54	9,21	8,83	8,42	8,05	7,69	7,34	7,01	6,70	6,38	6,06	9,62	0
16/10/2020 01:45:00	9,54	9,56	9,35	9,05	8,74	8,39	7,97	7,60	7,27	6,94	6,63	6,30	5,98	9,63	0
16/10/2020 01:50:00	9,54	9,55	9,27	8,98	8,60	8,23	7,89	7,55	7,22	6,92	6,62	6,33	6,03	9,55	0
16/10/2020 01:55:00	9,41	9,56	9,26	8,96	8,64	8,28	7,90	7,55	7,23	6,93	6,65	6,37	6,08	9,48	0
16/10/2020 02:00:00	9,52	9,59	9,35	9,02	8,67	8,30	7,92	7,55	7,22	6,90	6,60	6,30	5,99	9,53	0
16/10/2020 02:05:00	9,49	9,51	9,25	8,89	8,52	8,11	7,76	7,41	7,07	6,75	6,45	6,14	5,84	9,48	0
16/10/2020 02:10:00	9,43	9,61	9,36	9,01	8,58	8,15	7,79	7,43	7,07	6,74	6,43	6,12	5,81	9,55	0
16/10/2020 02:15:00	9,49	9,61	9,35	9,02	8,61	8,20	7,76	7,36	7,00	6,66	6,33	5,99	5,66	9,52	0
16/10/2020 02:20:00	9,55	9,64	9,38	9,01	8,57	8,17	7,78	7,41	7,05	6,72	6,40	6,09	5,77	9,47	0
16/10/2020 02:25:00	9,44	9,55	9,26	8,87	8,53	8,11	7,70	7,32	6,97	6,65	6,35	6,04	5,74	9,43	0
16/10/2020 02:30:00	9,43	9,62	9,34	8,96	8,56	8,18	7,79	7,42	7,07	6,75	6,46	6,16	5,87	9,48	0
16/10/2020 02:35:00	9,57	9,65	9,36	9,03	8,67	8,18	7,80	7,44	7,08	6,74	6,41	6,08	5,75	9,48	0
16/10/2020 02:40:00	9,53	9,69	9,44	9,10	8,65	8,16	7,78	7,40	7,03	6,67	6,33	5,98	5,64	9,43	0
16/10/2020 02:45:00	9,52	9,59	9,30	8,91	8,55	8,09	7,73	7,38	7,03	6,70	6,40	6,09	5,78	9,52	0
16/10/2020 02:50:00	9,48	9,53	9,26	8,89	8,52	8,11	7,72	7,36	7,01	6,69	6,38	6,08	5,77	9,50	0
16/10/2020 02:55:00	9,39	9,43	9,17	8,81	8,42	8,01	7,61	7,23	6,88	6,55	6,23	5,91	5,58	9,41	0
16/10/2020 03:00:00	9,42	9,42	9,19	8,84	8,42	7,97	7,57	7,18	6,81	6,46	6,11	5,77	5,42	9,46	0
16/10/2020 03:05:00	9,49	9,49	9,20	8,80	8,42	8,00	7,58	7,20	6,84	6,51	6,20	5,88	5,56	9,48	0
16/10/2020 03:10:00	9,42	9,39	9,12	8,76	8,37	7,91	7,54	7,17	6,82	6,48	6,15	5,83	5,50	9,42	0
16/10/2020 03:15:00	9,41	9,48	9,17	8,76	8,33	7,87	7,48	7,11	6,75	6,41	6,10	5,79	5,48	9,43	0
16/10/2020 03:20:00	9,30	9,34	9,02	8,67	8,27	7,79	7,34	6,93	6,56	6,21	5,88	5,54	5,20	9,38	0
16/10/2020 03:25:00	9,41	9,41	9,04	8,62	8,21	7,76	7,34	6,96	6,60	6,28	5,98	5,67	5,37	9,38	0
16/10/2020 03:30:00	9,28	9,19	8,86	8,51	8,11	7,66	7,26	6,89	6,54	6,21	5,89	5,57	5,25	9,27	0
16/10/2020 03:35:00	9,14	8,94	8,62	8,31	8,03	7,73	7,39	7,07	6,78	6,51	6,26	6,00	5,75	9,13	0
16/10/2020 03:40:00	8,75	8,67	8,49	8,29	8,08	7,90	7,66	7,42	7,15	6,91	6,70	6,48	6,25	8,80	0
16/10/2020 03:45:00	8,51	8,64	8,51	8,31	8,08	7,89	7,64	7,37	7,10	6,85	6,63	6,40	6,17	8,60	0
16/10/2020 03:50:00	8,47	8,60	8,53	8,27	8,05	7,75	7,45	7,14	6,83	6,54	6,26	5,98	5,70	8,32	0
16/10/2020 03:55:00	8,27	8,45	8,45	8,25	7,97	7,65	7,34	7,02	6,68	6,36	6,05	5,73	5,41	8,33	0
16/10/2020 04:00:00	8,40	8,62	8,61	8,32	8,13	7,76	7,37	7,00	6,66	6,33	6,00	5,66	5,33	8,38	0
16/10/2020 04:05:00	8,40	8,61	8,53	8,33	8,10	7,75	7,46	7,16	6,84	6,54	6,25	5,95	5,65	8,45	0
16/10/2020 04:10:00	8,48	8,57	8,46	8,21	8,01	7,75	7,53	7,28	7,00	6,74	6,51	6,27	6,04	8,16	0
16/10/2020 04:15:00	8,10	8,23	8,13	7,94	7,72	7,45	7,16	6,87	6,57	6,29	6,02	5,75	5,48	8,08	0
16/10/2020 04:20:00	8,22	8,29	8,18	7,92	7,73	7,43	7,16	6,87	6,57	6,30	6,05	5,79	5,53	8,22	0
16/10/2020 04:25:00	8,11	8,25	8,16	7,94	7,69	7,44	7,16	6,87	6,57	6,29	6,03	5,77	5,50	8,17	0
16/10/2020 04:30:00	8,18	8,34	8,20	8,00	7,72	7,45	7,13	6,82	6,51	6,22	5,95	5,68	5,41	8,16	0
16/10/2020 04:35:00	8,23	8,34	8,13	7,84	7,48	7,26	6,96	6,66	6,35	6,09	5,85	5,62	5,39	7,98	0
16/10/2020 04:40:00	7,92	8,02	7,87	7,63	7,39	7,06	6,71	6,38	6,07	5,77	5,49	5,21	4,93	7,93	0
16/10/2020 04:45:00	7,90	7,93	7,80	7,52	7,22	6,93	6,62	6,31	5,99	5,70	5,43	5,16	4,89	7,91	0
16/10/2020 04:50:00	8,05	8,14	7,98	7,68	7,40	7,01	6,70	6,38	6,05	5,75	5,47	5,18	4,90	8,02	0
16/10/2020 04:55:00	8,18	8,17	8,01	7,73	7,49	7,10	6,77	6,44	6,12	5,81	5,52	5,22	4,93	8,13	0
16/10/2020 05:00:00	8,09	8,06	7,83	7,60	7,32	6,99	6,65	6,32	6,01	5,72	5,45	5,17	4,89	8,12	0
16/10/2020 05:05:00	8,07	7,98	7,74	7,46	7,15	6,84	6,48	6,15	5,83	5,55	5,28	5,01	4,73	7,97	0
16/10/2020 05:10:00	7,95	7,76	7,43	7,16	6,88	6,54	6,24	5,95	5,66	5,40	5,16	4,92	4,68	7,95	0
16/10/2020 05:15:00	7,85	7,57	7,27	6,99	6,77	6,49	6,24	5,99	5,72	5,49	5,29	5,07	4,86	7,82	0
16/10/2020 05:20:00	7,72	7,54	7,24	6,94	6,69	6,44	6,15	5,86	5,59	5,35	5,15	4,94	4,73	7,61	0
16/10/2020 05:25:00	7,65	7,42	7,15	6,86	6,60	6,35	6,11	5,86	5,58	5,35	5,15	4,94	4,73	7,43	0
16/10/2020 05:30:00	7,27	7,18	6,90	6,64	6,40	6,17	5,87	5,59	5,32	5,08	4,89	4,69	4,49	7,38	0
16/10/2020 05:35:00	7,31	7,09	6,89	6,69	6,44	6,22	5,93	5,64	5,37	5,12	4,89	4,65	4,41	7,41	0
16/10/2020 05:40:00	7,27	7,10	6,87	6,66	6,46	6,15	5,85	5,56	5,27	5,01	4,77	4,52	4,28	7,20	0
16/10/2020 05:45:00	7,24	7,02	6,81	6,55	6,39	6,17	5,89	5,63	5,37	5,13	4,93	4,73	4,52	7,14	0
16/10/2020 05:50:00	7,17	7,01	6,76	6,50	6,29	5,99	5,74	5,48	5,20	4,95	4,74	4,52	4,31	7,20	0
16/10/2020 05:55:00	7,16	7,02	6,73	6,45	6,22	5,90	5,64	5,37	5,09	4,84	4,63	4,42	4,21	7,22	0
16/10/2020 06:00:00	7,14	6,97	6,67	6,42	6,18	5,95	5,63	5,34	5,06	4,83	4,63	4,42	4,22	7,28	0
16/10/2020 06:05:00	7,24	6,99	6,69	6,43	6,18	5,90	5,59	5,30	5,02	4,77	4,55	4,33	4,10	7,23	0
16/10/2020 06:10:00	7,10	6,93	6,63	6,30	6,10	5,75	5,48	5,20	4,91	4,67	4,46	4,25	4,04	7,07	0
16/10/2020 06:15:00	7,24	6,97	6,67	6,43	6,19	5,92	5,59	5,29	5,01	4,76	4,53	4,30	4,07	7,20	0
16/10/2020 06:20:00	7,22	6,95	6,65	6,28	6,12	5,80	5,54	5,27	5,00	4,77	4,57	4,38	4,18	7,22	0
16/10/2020 06:25:00	7,19	6,91	6,64	6,41	6,14	5,94	5,61	5,31	5,03	4,79	4,57	4,35	4,12	7,20	0
16/10/2020 06:30:00	7,18	6,93	6,65	6,38	6,13	5,89	5,59	5,31	5,04	4,80	4,59	4,38	4,17	7,28	0
16/10/2020 06:35:00	7,12	6,92	6,65	6,38	6,11	5,80	5,46	5,14	4,84	4,57	4,33	4,09	3,85	7,22	0
16/10/2020 06:40:00	7,20	6,94	6,64	6,34	6,13	5,83	5,55	5,28	5,00	4,76	4,56	4,35	4,15	7,15	0
16/10/2020 06:45:00	7,12	6,97	6,69	6,44	6,18	5,91	5,59	5,30	5,01	4,76	4,54	4,31	4,09	7,13	0
16/10/2020 06:50:00	7,18	6,98	6,65	6,34	6,04	5,74	5,44	5,15	4,86	4,61	4,40	4,18	3,97	7,13	0
16/10/2020 06:55:00	7,20	6,99	6,69	6,41	6,11	5,86	5,58	5,31	5,03	4,78	4,58	4,37	4,17	7,23	0
16/10/2020 07:00:00	7,20	7,03	6,74	6,48	6,16	5,87	5,57	5,28	4,98	4,72	4,49	4,26	4,03	7,23	0
16/10/2020 07:05:00	7,15	6,96	6,68	6,40	6,11	5,83	5,48	5,17	4,87	4,60	4,37	4,13	3,89	7,13	0
16/10/2020 07:10:00	7,12	6,93	6,66	6,38	6,09	5,83	5,42	5,07	4,77	4,50	4,25	4,00	3,75	7,12	0
16/10/2020 07:15:00	7,04	6,80	6,54	6,24	5,93	5,59	5,25	4,93	4,62	4,34	4,08	3,82	3,56	7,10	0
16/10/2020 07:20:00	7,13	6,94	6,64	6,36	5,98	5,59	5,30	4,99	4,67	4,38	4,12	3,87	3,61	7,14	0
16/10/2020 07:25:00	7,19	6,88	6,58	6,22	5,92	5,64	5,28	4,95	4,65	4,38	4,15	3,92	3,68	7,19	0
16/10/2020 07:30:00	7,13	6,95	6,60	6,27	5,90	5,58	5,22	4,89	4,58	4,31	4,08	3,84	3,60	7,16	0
16/10/2020 07:35:00	7,12	6,83	6,50	6,18	5,92	5,61	5,29	4,99	4,71	4,45	4,24	4,02	3,80	6,98	0
16/10/2020 07:40:00	7,12	6,84	6,51	6,19	5,89	5,54	5,23	4,93	4,63	4,36	4,13	3,90	3,66	7,05	0
16/10/2020 07:45:00	7,20	6,89	6,54	6,29	5,92	5,58	5,28	4,98	4,67	4,40	4,16	3,92	3,67	7,16	0
16/10/2020 07:50:00	7,16	6,81	6,47	6,14	5,89	5,55	5,22	4,91	4,62	4,36	4,13	3,90	3,66	7,00	0
16/10/2020 07:55:00	7,14	6,80	6,42	6,13	5,84	5,45	5,14	4,85	4,55	4,29	4,05	3,82	3,58	7,03	0
16/10/2020 08:00:00	7,11	6,74	6,37	5,99	5,73	5,45	5,08	4,76	4,48	4,23	4,02	3,81	3,60	7,01	0
16/10/2020 08:05:00	6,92	6,60	6,23	5,96	5,61	5,28	4,96	4,66	4,36	4,10	3,88	3,65	3,42	6,96	0
16/10/2020 08:10:00	6,90	6,52	6,17	5,89	5,60	5,30	4,94	4,61	4,32	4,06	3,83	3,59	3,35	6,92	0
16/10/2020 08:15:00	6,92	6,58	6,24	5,94	5,64	5,32	4,99	4,67	4,38	4,12	3,89	3,66	3,42	6,97	0
16/10/2020 08:20:00	6,89	6,47	6,08	5,77	5,50	5,19	4,87	4,57	4,29	4,05	3,84	3,63	3,42	6,93	0
16/10/2020 08:25:00	6,71	6,31	5,93	5,64	5,35	5,05	4,79	4,52	4,24	4,01	3,81	3,61	3,41	6,53	0
16/10/2020 08:30:00	6,55	6,26	6,00	5,73	5,43	5,09	4,83	4,55	4,25	3,98	3,74	3,50	3,26	6,35	0
16/10/2020 08:35:00	6,35	6,03	5,65	5,38	5,15	4,87	4,60	4,33	4,07	3,85	3,67	3,49	3,31	6,34	0
16/10/2020 08:40:00	6,28	5,97	5,63	5,37	5,08	4,66	4,41	4,13	3,83	3,56	3,33	3,09	2,86	6,08	0
16/10/2020 08:45:00	6,16	5,84	5,50	5,22	5,04	4,80	4,52	4,26	4,01	3,80	3,63	3,46	3,30	6,05	0
16/10/2020 08:50:00	6,15	5,81	5,48	5,19	4,94	4,72	4,37	4,07	3,80	3,57	3,38	3,19	3,00	5,90	0
16/10/2020 08:55:00	6,12	5,79	5,47	5,25	5,01	4,70	4,45	4,19	3,92	3,68	3,48	3,28	3,07	5,90	0
16/10/2020 09:00:00	6,20	5,83	5,48	5,17	4,85	4,58	4,31	4,03	3,75	3,52	3,33	3,14	2,96	6,06	0
16/10/2020 09:05:00	6,07	5,72	5,37	5,08	4,81	4,51	4,26	4,00	3,73	3,49	3,31	3,12	2,94	5,94	0
16/10/2020 09:10:00	5,77	5,60	5,28	4,95	4,71	4,45	4,16	3,88	3,61	3,38	3,21	3,04	2,86	5,63	0
16/10/2020 09:15:00	5,80	5,29	4,99	4,77	4,58	4,38	4,17	3,95	3,71	3,52	3,36	3,20	3,04	5,48	0
16/10/2020 09:20:00	5,66	5,34	4,99	4,73	4,52	4,33	4,09	3,85	3,61	3,42	3,29	3,15	3,01	5,36	0
16/10/2020 09:25:00	5,60	5,23	4,96	4,73	4,49	4,33	4,10	3,86	3,62	3,42	3,26	3,10	2,94	5,13	0
16/10/2020 09:30:00	5,60	5,21	4,86	4,62	4,39	4,20	4,01	3,80	3,56	3,37	3,24	3,10	2,96	5,14	0
16/10/2020 09:35:00	5,58	5,16	4,85	4,63	4,43	4,22	4,04	3,83	3,59	3,39	3,25	3,10	2,95	5,03	0
16/10/2020 09:40:00	5,58	5,18	4,86	4,61	4,39	4,18	3,94	3,69	3,44	3,24	3,08	2,91	2,75	5,15	0
16/10/2020 09:45:00	5,49	5,13	4,84	4,61	4,41	4,23	3,97	3,71	3,47	3,27	3,12	2,96	2,81	5,13	0
16/10/2020 09:50:00	5,28	4,91	4,54	4,29	4,09	3,87	3,57	3,30	3,06	2,86	2,71	2,56	2,41	5,33	0
16/10/2020 09:55:00	5,21	4,89	4,54	4,29	4,04	3,79	3,54	3,29	3,04	2,82	2,67	2,51	2,35	5,21	0
16/10/2020 10:00:00	5,18	4,84	4,51	4,26	4,04	3,81	3,55	3,29	3,04	2,83	2,67	2,51	2,35	5,07	0
16/10/2020 10:05:00	5,20	4,85	4,49	4,18	3,96	3,65	3,40	3,14	2,88	2,65	2,49	2,32	2,15	5,18	0
16/10/2020 10:10:00	5,14	4,80	4,44	4,11	3,85	3,55	3,32	3,07	2,79	2,57	2,41	2,25	2,09	4,97	0
16/10/2020 10:15:00	5,14	4,73	4,41	4,11	3,86	3,59	3,29	3,01	2,74	2,51	2,33	2,15	1,97	5,23	0
16/10/2020 10:20:00	5,05	4,75	4,39	4,05	3,82	3,58	3,29	3,01	2,75	2,54	2,39	2,25	2,10	4,85	0
16/10/2020 10:25:00	4,95	4,59	4,25	3,95	3,67	3,37	3,12	2,85	2,58	2,34	2,17	1,99	1,82	4,98	0
16/10/2020 10:30:00	5,00	4,55	4,10	3,74	3,55	3,26	3,01	2,76	2,51	2,31	2,18	2,06	1,93	5,11	0
16/10/2020 10:35:00	4,87	4,55	4,23	3,92	3,66	3,30	3,02	2,74	2,45	2,20	2,01	1,81	1,62	4,91	0
16/10/2020 10:40:00	4,99	4,65	4,26	3,98	3,70	3,36	3,05	2,75	2,47	2,23	2,03	1,84	1,65	5,02	0
16/10/2020 10:45:00	4,92	4,61	4,26	3,96	3,67	3,32	3,03	2,74	2,45	2,20	2,00	1,81	1,61	4,87	0
16/10/2020 10:50:00	5,03	4,63	4,27	4,01	3,73	3,33	3,00	2,69	2,39	2,12	1,90	1,67	1,45	5,02	0
16/10/2020 10:55:00	4,96	4,55	4,13	3,78	3,51	3,28	3,00	2,73	2,47	2,27	2,13	1,99	1,85	4,93	0
16/10/2020 11:00:00	4,78	4,44	4,08	3,79	3,49	3,24	2,91	2,60	2,33	2,10	1,92	1,75	1,57	4,76	0
16/10/2020 11:05:00	4,78	4,48	4,18	3,90	3,63	3,30	2,96	2,65	2,36	2,10	1,89	1,69	1,48	4,95	0
16/10/2020 11:10:00	4,85	4,50	4,13	3,85	3,69	3,59	3,47	3,31	3,11	2,97	2,91	2,85	2,79	4,88	0
16/10/2020 11:15:00	4,95	4,59	4,27	3,95	3,74	3,69	3,55	3,38	3,17	3,02	2,95	2,89	2,82	4,93	0
16/10/2020 11:20:00	4,98	4,50	4,21	4,03	3,86	3,73	3,58	3,41	3,19	3,02	2,90	2,78	2,66	4,87	0
16/10/2020 11:25:00	4,89	4,59	4,22	3,89	3,72	3,59	3,43	3,24	3,02	2,87	2,79	2,71	2,64	4,80	0
16/10/2020 11:30:00	4,86	4,57	4,29	4,01	3,84	3,61	3,41	3,18	2,94	2,74	2,60	2,46	2,31	4,91	0
16/10/2020 11:35:00	4,92	4,50	4,19	3,91	3,76	3,57	3,37	3,16	2,93	2,75	2,63	2,51	2,39	4,85	0
16/10/2020 11:40:00	4,96	4,56	4,20	3,95	3,81	3,63	3,42	3,21	2,99	2,81	2,70	2,59	2,47	5,14	0
16/10/2020 11:45:00	4,88	4,60	4,25	4,01	3,81	3,66	3,48	3,27	3,05	2,88	2,77	2,67	2,57	4,85	0
16/10/2020 11:50:00	5,02	4,63	4,30	4,09	3,85	3,73	3,52	3,31	3,08	2,91	2,79	2,67	2,55	5,21	0
16/10/2020 11:55:00	4,98	4,59	4,24	3,96	3,75	3,55	3,38	3,18	2,94	2,75	2,63	2,51	2,39	5,04	0
16/10/2020 12:00:00	4,83	4,54	4,23	3,92	3,67	3,48	3,22	2,96	2,70	2,50	2,36	2,21	2,07	4,91	0
16/10/2020 12:05:00	4,78	4,48	4,26	4,00	3,80	3,54	3,25	2,98	2,70	2,47	2,27	2,08	1,89	4,85	0
16/10/2020 12:10:00	4,90	4,57	4,23	3,88	3,62	3,32	3,10	2,85	2,57	2,35	2,19	2,03	1,87	4,96	0
16/10/2020 12:15:00	4,81	4,52	4,20	3,93	3,63	3,32	3,09	2,83	2,54	2,31	2,12	1,94	1,76	4,82	0
16/10/2020 12:20:00	4,82	4,54	4,24	3,93	3,64	3,39	3,10	2,82	2,54	2,31	2,14	1,96	1,79	4,78	0
16/10/2020 12:25:00	4,88	4,58	4,27	3,99	3,61	3,33	3,07	2,79	2,49	2,25	2,05	1,86	1,67	5,05	0
16/10/2020 12:30:00	4,97	4,52	4,10	3,78	3,56	3,24	3,04	2,81	2,55	2,34	2,19	2,05	1,90	5,01	0
16/10/2020 12:35:00	5,02	4,63	4,25	4,01	3,72	3,47	3,22	2,97	2,70	2,49	2,33	2,16	2,00	5,23	0
16/10/2020 12:40:00	5,05	4,75	4,43	4,10	3,81	3,53	3,27	3,00	2,72	2,49	2,31	2,14	1,97	5,23	0
16/10/2020 12:45:00	5,05	4,69	4,38	4,08	3,82	3,57	3,36	3,12	2,86	2,64	2,48	2,32	2,16	4,94	0
16/10/2020 12:50:00	5,04	4,86	4,56	4,23	3,93	3,67	3,44	3,19	2,90	2,67	2,50	2,34	2,17	5,06	0
16/10/2020 12:55:00	5,05	4,83	4,53	4,21	3,93	3,68	3,47	3,23	2,96	2,74	2,58	2,43	2,28	5,11	0
16/10/2020 13:00:00	5,04	4,77	4,49	4,16	3,85	3,62	3,37	3,10	2,82	2,60	2,42	2,26	2,09	5,23	0
16/10/2020 13:05:00	5,00	4,76	4,41	4,13	3,85	3,58	3,34	3,09	2,82	2,60	2,44	2,28	2,12	5,11	0
16/10/2020 13:10:00	4,99	4,75	4,46	4,15	3,86	3,61	3,30	3,00	2,72	2,49	2,31	2,12	1,94	5,14	0
16/10/2020 13:15:00	5,10	4,74	4,37	4,11	3,83	3,58	3,31	3,04	2,77	2,56	2,39	2,23	2,06	5,32	0
16/10/2020 13:20:00	5,06	4,69	4,32	4,02	3,76	3,49	3,21	2,94	2,67	2,45	2,29	2,12	1,96	5,23	0
16/10/2020 13:25:00	5,09	4,69	4,39	4,10	3,78	3,51	3,27	3,01	2,73	2,49	2,30	2,11	1,93	5,21	0
16/10/2020 13:30:00	5,10	4,72	4,37	4,02	3,74	3,46	3,16	2,87	2,59	2,36	2,18	2,00	1,83	5,08	0
16/10/2020 13:35:00	5,04	4,75	4,38	4,07	3,70	3,37	3,09	2,80	2,50	2,25	2,06	1,86	1,67	5,01	0
16/10/2020 13:40:00	5,05	4,74	4,42	4,11	3,75	3,49	3,12	2,79	2,49	2,23	2,03	1,82	1,61	5,13	0
16/10/2020 13:45:00	5,11	4,72	4,38	4,07	3,72	3,39	3,08	2,77	2,48	2,22	2,00	1,79	1,58	5,23	0
16/10/2020 13:50:00	5,14	4,81	4,47	4,11	3,77	3,36	3,01	2,67	2,35	2,07	1,83	1,60	1,37	5,26	0
16/10/2020 13:55:00	5,09	4,82	4,46	4,14	3,78	3,36	3,06	2,76	2,44	2,16	1,92	1,70	1,47	5,32	0
16/10/2020 14:00:00	5,10	4,75	4,40	4,04	3,67	3,28	2,95	2,62	2,30	2,02	1,79	1,56	1,34	5,26	0
16/10/2020 14:05:00	5,08	4,75	4,38	4,01	3,65	3,28	2,91	2,57	2,25	1,98	1,75	1,53	1,31	5,21	0
16/10/2020 14:10:00	5,02	4,78	4,39	4,04	3,66	3,30	2,89	2,52	2,20	1,93	1,70	1,48	1,26	5,26	0
16/10/2020 14:15:00	5,01	4,75	4,35	3,94	3,58	3,20	2,85	2,51	2,20	1,93	1,72	1,52	1,32	5,21	0
16/10/2020 14:20:00	4,95	4,64	4,28	3,95	3,55	3,19	2,80	2,44	2,12	1,84	1,60	1,37	1,14	4,95	0
16/10/2020 14:25:00	4,93	4,59	4,19	3,83	3,49	3,08	2,72	2,38	2,06	1,79	1,57	1,36	1,14	5,04	0
16/10/2020 14:30:00	4,88	4,54	4,16	3,80	3,42	3,04	2,63	2,27	1,95	1,66	1,43	1,20	0,98	4,90	0
16/10/2020 14:35:00	4,81	4,45	4,05	3,65	3,25	2,90	2,52	2,18	1,86	1,59	1,38	1,17	0,96	4,77	0
16/10/2020 14:40:00	4,83	4,46	4,10	3,70	3,28	2,85	2,47	2,11	1,77	1,47	1,21	0,97	0,72	4,95	0
16/10/2020 14:45:00	4,86	4,47	4,04	3,61	3,27	2,79	2,43	2,09	1,76	1,48	1,25	1,03	0,80	4,87	0
16/10/2020 14:50:00	4,88	4,47	4,09	3,66	3,24	2,97	2,55	2,19	1,88	1,61	1,41	1,21	1,02	4,95	0
16/10/2020 14:55:00	4,87	4,48	4,03	3,65	3,32	2,95	2,65	2,35	2,05	1,81	1,63	1,45	1,28	5,04	0
16/10/2020 15:00:00	4,89	4,46	4,10	3,67	3,37	2,95	2,61	2,28	1,96	1,69	1,47	1,25	1,03	4,80	0
16/10/2020 15:05:00	4,78	4,46	4,09	3,69	3,33	3,01	2,63	2,28	1,97	1,71	1,51	1,31	1,11	4,68	0
16/10/2020 15:10:00	4,74	4,50	4,13	3,75	3,39	3,05	2,71	2,38	2,07	1,82	1,62	1,43	1,23	4,89	0
16/10/2020 15:15:00	4,74	4,48	4,15	3,76	3,43	3,12	2,80	2,48	2,18	1,93	1,73	1,54	1,35	4,80	0
16/10/2020 15:20:00	4,75	4,50	4,20	3,85	3,57	3,24	2,87	2,52	2,22	1,96	1,74	1,53	1,32	4,87	0
16/10/2020 15:25:00	4,67	4,47	4,17	3,85	3,51	3,17	2,82	2,48	2,17	1,90	1,68	1,46	1,25	4,67	0
16/10/2020 15:30:00	4,64	4,41	4,10	3,76	3,42	3,13	2,77	2,44	2,14	1,88	1,68	1,48	1,29	4,66	0
16/10/2020 15:35:00	4,71	4,38	4,04	3,73	3,39	3,04	2,72	2,41	2,10	1,83	1,62	1,41	1,19	4,75	0
16/10/2020 15:40:00	4,63	4,43	4,09	3,75	3,33	3,01	2,67	2,35	2,03	1,76	1,55	1,35	1,14	4,75	0
16/10/2020 15:45:00	4,69	4,38	4,07	3,72	3,34	2,94	2,61	2,29	1,96	1,68	1,44	1,21	0,98	4,83	0
16/10/2020 15:50:00	4,62	4,37	4,08	3,75	3,39	3,03	2,75	2,45	2,13	1,86	1,63	1,42	1,20	5,01	0
16/10/2020 15:55:00	4,53	4,31	4,02	3,75	3,34	2,99	2,65	2,31	1,99	1,71	1,47	1,24	1,01	4,61	0
16/10/2020 16:00:00	4,55	4,35	4,03	3,69	3,29	2,89	2,51	2,16	1,82	1,53	1,28	1,05	0,81	4,76	0
16/10/2020 16:05:00	4,53	4,34	3,98	3,56	3,18	2,71	2,27	1,88	1,53	1,22	0,96	0,71	0,46	4,70	0
16/10/2020 16:10:00	4,57	4,25	3,96	3,62	3,25	2,78	2,34	1,94	1,59	1,27	0,98	0,70	0,41	4,83	0
16/10/2020 16:15:00	4,55	4,30	3,95	3,53	3,15	2,69	2,21	1,80	1,45	1,13	0,86	0,60	0,34	4,64	0
16/10/2020 16:20:00	4,44	4,25	3,95	3,49	3,11	2,64	2,22	1,83	1,47	1,15	0,88	0,62	0,36	4,57	0
16/10/2020 16:25:00	4,45	4,24	3,92	3,56	3,10	2,60	2,16	1,76	1,39	1,05	0,75	0,47	0,18	4,48	0
16/10/2020 16:30:00	4,46	4,17	3,88	3,49	3,08	2,64	2,19	1,78	1,42	1,10	0,82	0,55	0,28	4,61	0
16/10/2020 16:35:00	4,41	4,18	3,89	3,52	3,07	2,61	2,19	1,80	1,44	1,11	0,82	0,54	0,27	4,52	0
16/10/2020 16:40:00	4,36	4,15	3,83	3,49	3,09	2,65	2,21	1,82	1,47	1,16	0,89	0,64	0,38	4,43	0
16/10/2020 16:45:00	4,36	4,14	3,81	3,42	3,05	2,63	2,18	1,78	1,44	1,15	0,89	0,65	0,40	4,41	0
16/10/2020 16:50:00	4,41	4,17	3,88	3,47	3,08	2,67	2,19	1,78	1,43	1,11	0,84	0,58	0,32	4,50	0
16/10/2020 16:55:00	4,33	4,20	3,89	3,50	3,13	2,60	2,19	1,80	1,44	1,11	0,83	0,56	0,29	4,55	0
16/10/2020 17:00:00	4,39	4,22	3,92	3,53	3,18	2,68	2,26	1,88	1,52	1,20	0,93	0,66	0,40	4,63	0
16/10/2020 17:05:00	4,42	4,25	3,95	3,57	3,08	2,60	2,17	1,77	1,40	1,06	0,77	0,48	0,20	4,55	0
16/10/2020 17:10:00	4,41	4,26	3,92	3,54	3,07	2,65	2,24	1,85	1,50	1,19	0,93	0,69	0,44	4,58	0
16/10/2020 17:15:00	4,39	4,37	4,09	3,69	3,14	2,65	2,14	1,68	1,28	0,92	0,60	0,30	-0,01	4,47	0
16/10/2020 17:20:00	4,44	4,36	4,06	3,64	3,21	2,76	2,27	1,85	1,48	1,15	0,87	0,60	0,33	4,60	0
16/10/2020 17:25:00	4,52	4,48	4,16	3,71	3,24	2,74	2,27	1,84	1,45	1,11	0,82	0,55	0,27	4,59	0
16/10/2020 17:30:00	4,53	4,40	4,11	3,68	3,29	2,79	2,37	1,97	1,60	1,27	0,99	0,72	0,45	4,53	0
16/10/2020 17:35:00	4,33	4,42	4,18	3,74	3,32	2,79	2,35	1,93	1,54	1,19	0,88	0,60	0,31	4,61	0
16/10/2020 17:40:00	4,60	4,67	4,38	4,06	3,57	3,06	2,59	2,15	1,77	1,41	1,10	0,79	0,49	4,56	0
16/10/2020 17:45:00	4,49	4,58	4,37	4,03	3,60	3,06	2,56	2,11	1,72	1,35	1,01	0,69	0,36	4,56	0
16/10/2020 17:50:00	4,29	4,50	4,30	4,00	3,58	3,12	2,59	2,14	1,75	1,40	1,08	0,78	0,47	4,38	0
16/10/2020 17:55:00	4,36	4,61	4,46	4,12	3,62	3,15	2,68	2,24	1,83	1,46	1,13	0,82	0,50	4,31	0
16/10/2020 18:00:00	4,40	4,55	4,32	3,87	3,49	2,91	2,42	1,96	1,57	1,20	0,88	0,58	0,27	4,44	0
16/10/2020 18:05:00	4,47	4,47	4,22	3,85	3,38	2,84	2,43	2,02	1,63	1,28	0,96	0,66	0,35	4,32	0
16/10/2020 18:10:00	4,39	4,47	4,25	3,92	3,44	2,94	2,44	2,00	1,60	1,23	0,90	0,58	0,27	4,35	0
16/10/2020 18:15:00	4,29	4,46	4,34	3,99	3,57	3,04	2,53	2,07	1,66	1,28	0,93	0,59	0,25	4,45	0
16/10/2020 18:20:00	4,35	4,48	4,32	3,96	3,57	2,99	2,52	2,08	1,67	1,30	0,95	0,62	0,29	4,26	0
16/10/2020 18:25:00	4,22	4,44	4,23	3,87	3,42	2,90	2,43	1,99	1,59	1,23	0,90	0,60	0,29	4,39	0
16/10/2020 18:30:00	4,33	4,61	4,43	4,10	3,63	3,09	2,61	2,16	1,75	1,37	1,03	0,70	0,38	4,28	0
16/10/2020 18:35:00	4,23	4,46	4,26	3,86	3,43	2,88	2,39	1,94	1,54	1,17	0,83	0,52	0,20	4,32	0
16/10/2020 18:40:00	4,36	4,46	4,20	3,81	3,33	2,84	2,30	1,84	1,44	1,08	0,76	0,46	0,15	4,27	0
16/10/2020 18:45:00	4,28	4,52	4,36	4,06	3,61	3,06	2,57	2,12	1,71	1,32	0,97	0,63	0,29	4,28	0
16/10/2020 18:50:00	4,14	4,53	4,33	3,97	3,46	2,95	2,46	2,00	1,59	1,22	0,89	0,58	0,27	4,20	0
16/10/2020 18:55:00	4,13	4,62	4,43	4,03	3,54	3,07	2,50	2,00	1,58	1,22	0,89	0,59	0,28	4,21	0
16/10/2020 19:00:00	4,00	4,40	4,28	3,89	3,48	2,95	2,46	2,00	1,59	1,21	0,87	0,55	0,23	4,12	0
16/10/2020 19:05:00	4,01	4,37	4,24	3,88	3,45	2,89	2,36	1,88	1,46	1,08	0,72	0,38	0,04	4,07	0
16/10/2020 19:10:00	4,05	4,39	4,26	3,80	3,40	2,85	2,32	1,84	1,42	1,04	0,70	0,38	0,05	4,01	0
16/10/2020 19:15:00	4,01	4,32	4,21	3,85	3,35	2,85	2,38	1,93	1,51	1,13	0,79	0,46	0,14	4,01	0
16/10/2020 19:20:00	3,98	4,29	4,10	3,68	3,25	2,70	2,22	1,77	1,36	0,99	0,66	0,36	0,05	3,96	0
16/10/2020 19:25:00	3,95	4,22	4,05	3,69	3,24	2,72	2,23	1,78	1,37	1,01	0,68	0,36	0,05	3,92	0
16/10/2020 19:30:00	3,84	4,32	4,18	3,76	3,32	2,84	2,30	1,82	1,41	1,04	0,72	0,42	0,11	3,83	0
16/10/2020 19:35:00	3,82	4,19	3,98	3,65	3,19	2,70	2,25	1,82	1,42	1,07	0,77	0,48	0,20	3,75	0
16/10/2020 19:40:00	3,69	3,98	3,82	3,50	3,04	2,54	2,02	1,56	1,16	0,79	0,46	0,15	-0,17	3,65	0
16/10/2020 19:45:00	3,64	3,99	3,81	3,40	2,96	2,46	1,94	1,47	1,07	0,71	0,39	0,10	-0,19	3,74	0
16/10/2020 19:50:00	3,64	4,07	3,93	3,59	3,08	2,50	2,04	1,58	1,15	0,75	0,40	0,06	-0,27	3,66	0
16/10/2020 19:55:00	3,69	3,96	3,78	3,38	2,92	2,48	2,01	1,58	1,19	0,85	0,55	0,28	0,01	3,60	0
16/10/2020 20:00:00	3,63	3,84	3,66	3,23	2,78	2,27	1,75	1,29	0,88	0,52	0,20	-0,10	-0,41	3,60	0
16/10/2020 20:05:00	3,61	3,82	3,56	3,19	2,75	2,28	1,83	1,40	1,02	0,69	0,41	0,15	-0,12	3,55	0
16/10/2020 20:10:00	3,51	3,78	3,56	3,18	2,77	2,28	1,76	1,30	0,91	0,56	0,26	-0,03	-0,32	3,50	0
16/10/2020 20:15:00	3,51	3,73	3,52	3,13	2,75	2,28	1,82	1,39	1,01	0,68	0,40	0,14	-0,13	3,40	0
16/10/2020 20:20:00	3,40	3,63	3,44	3,05	2,64	2,16	1,75	1,34	0,96	0,62	0,34	0,07	-0,20	3,35	0
16/10/2020 20:25:00	3,35	3,65	3,54	3,19	2,78	2,34	1,85	1,41	1,02	0,67	0,37	0,08	-0,21	3,36	0
16/10/2020 20:30:00	3,30	3,74	3,59	3,36	2,95	2,38	1,91	1,46	1,05	0,68	0,34	0,02	-0,31	3,35	0
16/10/2020 20:35:00	3,20	3,65	3,58	3,25	2,86	2,41	1,90	1,45	1,05	0,70	0,39	0,09	-0,20	3,30	0
16/10/2020 20:40:00	3,26	3,67	3,54	3,23	2,79	2,27	1,84	1,42	1,01	0,65	0,33	0,03	-0,28	3,15	0
16/10/2020 20:45:00	3,05	3,68	3,63	3,37	2,97	2,45	1,99	1,54	1,13	0,76	0,42	0,11	-0,21	3,10	0
16/10/2020 20:50:00	3,06	3,75	3,79	3,49	3,01	2,46	1,91	1,40	0,95	0,53	0,13	-0,24	-0,61	3,12	0
16/10/2020 20:55:00	3,10	3,80	3,79	3,44	3,12	2,54	2,04	1,58	1,16	0,77	0,42	0,09	-0,24	3,06	0
16/10/2020 21:00:00	3,05	3,77	3,70	3,46	2,97	2,48	1,99	1,53	1,11	0,73	0,39	0,07	-0,25	3,13	0
16/10/2020 21:05:00	3,05	3,73	3,77	3,51	3,14	2,62	2,15	1,70	1,28	0,90	0,54	0,21	-0,13	3,02	0
16/10/2020 21:10:00	3,13	3,75	3,76	3,42	3,03	2,51	1,99	1,52	1,10	0,71	0,37	0,04	-0,29	3,05	0
16/10/2020 21:15:00	3,17	3,77	3,78	3,54	3,12	2,66	2,20	1,76	1,35	0,98	0,64	0,32	0,00	3,05	0
16/10/2020 21:20:00	2,96	3,86	3,89	3,56	3,18	2,67	2,19	1,72	1,30	0,91	0,57	0,25	-0,06	3,01	0
16/10/2020 21:25:00	2,92	3,70	3,76	3,51	3,13	2,62	2,15	1,70	1,28	0,89	0,53	0,20	-0,14	2,92	0
16/10/2020 21:30:00	2,94	3,80	3,80	3,47	3,05	2,54	2,08	1,63	1,20	0,82	0,48	0,17	-0,14	2,86	0
16/10/2020 21:35:00	3,05	3,79	3,76	3,59	3,09	2,62	2,11	1,64	1,22	0,84	0,50	0,16	-0,17	2,64	0
16/10/2020 21:40:00	2,90	3,50	3,42	3,10	2,67	2,17	1,73	1,30	0,89	0,52	0,21	-0,09	-0,39	2,83	0
16/10/2020 21:45:00	2,86	3,42	3,36	3,07	2,63	2,12	1,62	1,15	0,74	0,37	0,03	-0,29	-0,61	2,96	0
16/10/2020 21:50:00	2,99	3,51	3,43	3,11	2,69	2,29	1,83	1,41	1,02	0,68	0,40	0,13	-0,14	3,03	0
16/10/2020 21:55:00	3,05	3,42	3,31	3,03	2,62	2,12	1,66	1,23	0,84	0,48	0,16	-0,14	-0,45	3,03	0
16/10/2020 22:00:00	3,14	3,49	3,38	3,08	2,65	2,19	1,69	1,24	0,85	0,49	0,18	-0,12	-0,42	3,15	0
16/10/2020 22:05:00	3,17	3,60	3,48	3,09	2,70	2,17	1,68	1,23	0,82	0,46	0,14	-0,16	-0,46	3,23	0
16/10/2020 22:10:00	3,23	3,59	3,46	3,16	2,70	2,22	1,70	1,23	0,83	0,47	0,14	-0,17	-0,48	3,30	0
16/10/2020 22:15:00	3,36	3,55	3,38	3,05	2,68	2,19	1,73	1,30	0,93	0,59	0,29	0,01	-0,28	3,14	0
16/10/2020 22:20:00	3,21	3,43	3,27	2,97	2,47	2,01	1,61	1,21	0,82	0,47	0,17	-0,11	-0,39	3,16	0
16/10/2020 22:25:00	3,27	3,48	3,34	2,95	2,54	2,06	1,60	1,17	0,78	0,44	0,14	-0,14	-0,43	3,21	0
16/10/2020 22:30:00	3,32	3,49	3,38	3,01	2,58	2,05	1,62	1,19	0,79	0,42	0,10	-0,22	-0,53	3,35	0
16/10/2020 22:35:00	3,45	3,63	3,48	3,18	2,72	2,24	1,78	1,36	0,97	0,61	0,29	-0,01	-0,32	3,45	0
16/10/2020 22:40:00	3,49	3,59	3,39	3,07	2,71	2,24	1,78	1,36	1,00	0,67	0,38	0,11	-0,17	3,64	0
16/10/2020 22:45:00	3,52	3,67	3,53	3,20	2,82	2,28	1,79	1,34	0,95	0,58	0,25	-0,06	-0,38	3,47	0
16/10/2020 22:50:00	3,53	3,74	3,52	3,19	2,76	2,25	1,76	1,32	0,93	0,58	0,28	-0,02	-0,31	3,57	0
16/10/2020 22:55:00	3,53	3,73	3,61	3,26	2,85	2,37	1,91	1,48	1,09	0,74	0,42	0,12	-0,18	3,56	0
16/10/2020 23:00:00	3,69	3,87	3,67	3,36	2,97	2,48	2,00	1,57	1,19	0,85	0,55	0,26	-0,04	3,70	0
16/10/2020 23:05:00	3,73	3,92	3,72	3,36	2,84	2,28	1,84	1,41	0,99	0,61	0,27	-0,04	-0,36	3,70	0
16/10/2020 23:10:00	3,67	3,81	3,59	3,20	2,76	2,26	1,76	1,32	0,92	0,57	0,27	-0,02	-0,31	3,73	0
16/10/2020 23:15:00	3,69	3,77	3,57	3,25	2,80	2,31	1,79	1,33	0,94	0,58	0,26	-0,04	-0,35	3,65	0
16/10/2020 23:20:00	3,71	3,79	3,55	3,21	2,78	2,21	1,74	1,31	0,91	0,55	0,23	-0,08	-0,38	3,71	0
16/10/2020 23:25:00	3,83	3,90	3,64	3,30	2,86	2,33	1,84	1,40	1,01	0,65	0,34	0,04	-0,27	3,79	0
16/10/2020 23:30:00	3,69	3,74	3,53	3,11	2,67	2,20	1,71	1,27	0,89	0,54	0,24	-0,05	-0,33	3,70	0
16/10/2020 23:35:00	3,80	3,80	3,54	3,19	2,77	2,19	1,73	1,30	0,90	0,54	0,22	-0,09	-0,40	3,78	0
16/10/2020 23:40:00	3,76	3,82	3,55	3,12	2,65	2,10	1,63	1,19	0,79	0,44	0,13	-0,16	-0,45	3,86	0
16/10/2020 23:45:00	3,89	3,96	3,69	3,28	2,78	2,24	1,70	1,23	0,82	0,46	0,13	-0,18	-0,49	3,88	0
16/10/2020 23:50:00	3,91	3,93	3,65	3,22	2,80	2,27	1,77	1,32	0,94	0,59	0,29	0,00	-0,29	3,89	0
16/10/2020 23:55:00	3,94	3,91	3,65	3,28	2,81	2,28	1,74	1,27	0,87	0,51	0,18	-0,13	-0,45	3,82	0
