FileFormat:0002.2 file with temperature of atmosphere
200
local	GMT or Local
0	GMT-Local=[hours]
0	Height[m]
0	0	0	Longitude                [grd]               [min]               [sec]
0	0	0	Latitude                [grd]               [min]               [sec]
N	NS
59,40	Freq[GHz]
0,00	dTemostat[K]
0,150	MessErr[K]
0,248	//[grad/step]
version 14.0.20110218
MTP5H033F5940K-33.00D180214+A1.1
Commentary:
enter comment
End Of Commentary

SYSTEM\alaska.dat
data time	0	50	100	150	200	250	300	350	400	450	500	550	600	OutsideTemperature	Quality
31/10/2020 00:00:00	6,10	6,12	5,95	5,68	5,40	5,07	4,81	4,72	4,67	4,52	4,42	4,36	4,30	6,12	0
31/10/2020 00:05:00	6,10	6,13	5,96	5,71	5,44	5,13	4,91	4,86	4,83	4,70	4,61	4,57	4,52	6,16	0
31/10/2020 00:10:00	6,07	6,21	6,09	5,79	5,50	5,09	4,83	4,74	4,69	4,55	4,46	4,43	4,40	6,03	0
31/10/2020 00:15:00	5,98	6,15	6,02	5,76	5,46	5,12	4,85	4,76	4,72	4,59	4,50	4,47	4,43	6,00	0
31/10/2020 00:20:00	5,92	6,00	5,87	5,65	5,33	5,07	4,87	4,82	4,80	4,68	4,60	4,57	4,54	5,90	0
31/10/2020 00:25:00	5,95	6,05	5,97	5,74	5,48	5,16	4,86	4,72	4,66	4,50	4,38	4,31	4,24	5,99	0
31/10/2020 00:30:00	6,00	6,16	6,17	5,97	5,65	5,25	4,98	4,83	4,71	4,52	4,39	4,33	4,27	6,01	0
31/10/2020 00:35:00	6,13	6,20	5,98	5,70	5,41	5,09	4,91	4,88	4,87	4,74	4,65	4,60	4,54	5,97	0
31/10/2020 00:40:00	6,01	6,03	5,82	5,56	5,23	4,91	4,66	4,56	4,51	4,36	4,25	4,17	4,10	6,03	0
31/10/2020 00:45:00	6,08	6,16	5,99	5,66	5,33	4,96	4,72	4,65	4,61	4,47	4,39	4,35	4,32	6,15	0
31/10/2020 00:50:00	6,21	6,22	6,05	5,77	5,54	5,21	4,99	4,92	4,88	4,72	4,60	4,51	4,43	6,24	0
31/10/2020 00:55:00	6,20	6,29	6,04	5,66	5,35	5,00	4,77	4,74	4,74	4,63	4,56	4,53	4,51	6,16	0
31/10/2020 01:00:00	6,20	6,24	6,00	5,70	5,33	4,97	4,74	4,68	4,66	4,53	4,44	4,40	4,36	6,20	0
31/10/2020 01:05:00	6,25	6,27	6,01	5,72	5,42	5,14	4,90	4,83	4,82	4,68	4,58	4,51	4,43	6,25	0
31/10/2020 01:10:00	6,24	6,22	6,04	5,84	5,57	5,23	4,95	4,82	4,75	4,58	4,44	4,33	4,22	6,25	0
31/10/2020 01:15:00	6,25	6,34	6,21	5,97	5,64	5,24	4,87	4,69	4,58	4,39	4,25	4,15	4,04	6,22	0
31/10/2020 01:20:00	6,31	6,47	6,37	6,08	5,73	5,30	4,97	4,81	4,71	4,53	4,41	4,34	4,27	6,25	0
31/10/2020 01:25:00	6,22	6,30	6,15	5,87	5,60	5,20	4,93	4,82	4,76	4,59	4,48	4,40	4,33	6,22	0
31/10/2020 01:30:00	6,25	6,38	6,26	6,05	5,70	5,31	4,96	4,76	4,65	4,45	4,29	4,18	4,06	6,26	0
31/10/2020 01:35:00	6,26	6,52	6,42	6,03	5,67	5,19	4,83	4,67	4,58	4,41	4,30	4,26	4,21	6,29	0
31/10/2020 01:40:00	6,29	6,55	6,43	6,12	5,73	5,34	5,03	4,89	4,82	4,66	4,55	4,49	4,43	6,26	0
31/10/2020 01:45:00	6,05	6,46	6,39	6,11	5,76	5,28	4,97	4,82	4,74	4,56	4,45	4,38	4,31	6,10	0
31/10/2020 01:50:00	6,11	6,59	6,52	6,12	5,69	5,21	4,91	4,82	4,77	4,64	4,58	4,59	4,61	6,11	0
31/10/2020 01:55:00	6,00	6,49	6,59	6,39	6,01	5,57	5,11	4,85	4,70	4,49	4,35	4,28	4,20	5,91	0
31/10/2020 02:00:00	5,79	6,16	6,19	6,02	5,65	5,29	4,94	4,76	4,66	4,47	4,35	4,28	4,22	5,76	0
31/10/2020 02:05:00	5,70	6,26	6,31	6,04	5,67	5,20	4,91	4,78	4,70	4,54	4,45	4,43	4,40	5,65	0
31/10/2020 02:10:00	5,55	6,12	6,20	5,99	5,79	5,38	5,04	4,90	4,84	4,68	4,58	4,52	4,46	5,56	0
31/10/2020 02:15:00	5,42	5,95	6,17	6,12	5,93	5,57	5,24	5,05	4,93	4,72	4,57	4,48	4,38	5,43	0
31/10/2020 02:20:00	5,38	5,96	6,13	5,99	5,79	5,52	5,29	5,21	5,16	5,00	4,89	4,84	4,79	5,36	0
31/10/2020 02:25:00	5,26	5,87	6,13	6,08	5,89	5,53	5,20	5,02	4,90	4,69	4,55	4,47	4,38	5,23	0
31/10/2020 02:30:00	5,14	5,75	5,98	5,97	5,68	5,26	4,89	4,68	4,53	4,32	4,17	4,08	4,00	5,12	0
31/10/2020 02:35:00	5,08	5,75	6,06	6,10	5,86	5,44	5,13	4,94	4,79	4,57	4,42	4,34	4,26	5,04	0
31/10/2020 02:40:00	4,98	5,83	6,11	5,98	5,75	5,38	5,03	4,86	4,77	4,59	4,48	4,43	4,38	4,95	0
31/10/2020 02:45:00	4,85	5,53	5,79	5,79	5,54	5,19	4,84	4,65	4,51	4,30	4,15	4,06	3,96	4,82	0
31/10/2020 02:50:00	4,70	5,71	6,05	5,93	5,60	5,14	4,75	4,54	4,41	4,21	4,09	4,05	4,00	4,78	0
31/10/2020 02:55:00	4,63	5,60	6,04	5,96	5,66	5,13	4,64	4,33	4,12	3,88	3,73	3,65	3,58	4,60	0
31/10/2020 03:00:00	4,59	5,36	5,61	5,51	5,20	4,75	4,39	4,20	4,08	3,90	3,79	3,75	3,71	4,53	0
31/10/2020 03:05:00	4,63	5,32	5,54	5,43	5,21	4,79	4,38	4,16	4,05	3,85	3,72	3,65	3,57	4,53	0
31/10/2020 03:10:00	4,61	5,26	5,29	5,03	4,67	4,34	4,08	4,01	3,99	3,88	3,82	3,82	3,82	4,56	0
31/10/2020 03:15:00	4,68	5,16	5,19	5,01	4,80	4,47	4,16	4,02	3,97	3,81	3,69	3,60	3,51	4,71	0
31/10/2020 03:20:00	4,68	5,13	5,15	4,92	4,59	4,25	3,99	3,89	3,84	3,70	3,61	3,57	3,54	5,07	0
31/10/2020 03:25:00	5,13	5,35	5,37	5,18	4,93	4,60	4,33	4,19	4,11	3,93	3,80	3,72	3,64	5,16	0
31/10/2020 03:30:00	5,22	5,42	5,39	5,20	4,99	4,67	4,47	4,41	4,37	4,23	4,13	4,08	4,03	5,25	0
31/10/2020 03:35:00	5,28	5,41	5,36	5,26	5,10	4,91	4,75	4,72	4,70	4,56	4,46	4,37	4,29	5,27	0
31/10/2020 03:40:00	5,31	5,45	5,46	5,40	5,20	4,97	4,73	4,63	4,58	4,41	4,29	4,21	4,12	5,27	0
31/10/2020 03:45:00	5,19	5,44	5,46	5,36	5,13	4,85	4,63	4,54	4,48	4,33	4,22	4,15	4,09	5,18	0
31/10/2020 03:50:00	5,19	5,31	5,35	5,30	5,09	4,86	4,63	4,52	4,45	4,28	4,15	4,07	3,99	5,25	0
31/10/2020 03:55:00	5,12	5,23	5,29	5,32	5,22	5,04	4,81	4,70	4,64	4,46	4,31	4,19	4,06	5,09	0
31/10/2020 04:00:00	5,16	5,27	5,30	5,31	5,18	4,92	4,75	4,67	4,61	4,44	4,31	4,21	4,11	5,17	0
31/10/2020 04:05:00	5,15	5,35	5,44	5,34	5,23	4,98	4,75	4,66	4,61	4,46	4,35	4,28	4,21	5,21	0
31/10/2020 04:10:00	5,18	5,26	5,35	5,41	5,35	5,12	4,98	4,91	4,84	4,65	4,50	4,37	4,25	5,15	0
31/10/2020 04:15:00	5,30	5,42	5,56	5,54	5,44	5,17	4,91	4,76	4,65	4,46	4,31	4,20	4,10	5,28	0
31/10/2020 04:20:00	5,29	5,48	5,63	5,60	5,46	5,27	4,97	4,81	4,72	4,54	4,40	4,30	4,20	5,22	0
31/10/2020 04:25:00	5,21	5,32	5,51	5,69	5,62	5,31	5,06	4,87	4,70	4,45	4,24	4,06	3,88	5,26	0
31/10/2020 04:30:00	5,21	5,35	5,49	5,60	5,48	5,31	5,05	4,90	4,80	4,60	4,43	4,30	4,16	5,16	0
31/10/2020 04:35:00	5,23	5,36	5,56	5,69	5,59	5,42	5,12	4,94	4,82	4,61	4,45	4,32	4,19	5,20	0
31/10/2020 04:40:00	5,25	5,36	5,54	5,69	5,69	5,49	5,24	5,08	4,96	4,73	4,54	4,36	4,19	5,25	0
31/10/2020 04:45:00	5,19	5,29	5,45	5,51	5,52	5,27	5,08	4,97	4,87	4,67	4,51	4,37	4,24	5,16	0
31/10/2020 04:50:00	5,20	5,29	5,33	5,44	5,40	5,25	5,08	5,00	4,95	4,78	4,63	4,49	4,34	5,22	0
31/10/2020 04:55:00	5,19	5,26	5,42	5,60	5,55	5,37	5,17	5,04	4,93	4,71	4,53	4,37	4,20	5,21	0
31/10/2020 05:00:00	5,22	5,23	5,36	5,53	5,55	5,40	5,19	5,06	4,97	4,77	4,59	4,42	4,25	5,21	0
31/10/2020 05:05:00	5,28	5,32	5,51	5,69	5,84	5,67	5,46	5,33	5,23	5,00	4,80	4,60	4,39	5,25	0
31/10/2020 05:10:00	5,19	5,32	5,54	5,66	5,63	5,42	5,22	5,09	4,98	4,77	4,60	4,46	4,32	5,20	0
31/10/2020 05:15:00	5,24	5,39	5,55	5,61	5,60	5,35	5,20	5,13	5,06	4,88	4,75	4,66	4,56	5,22	0
31/10/2020 05:20:00	5,18	5,42	5,68	5,86	5,91	5,67	5,44	5,30	5,18	4,96	4,79	4,63	4,48	5,20	0
31/10/2020 05:25:00	5,09	5,51	5,74	5,78	5,69	5,47	5,29	5,22	5,16	5,00	4,89	4,83	4,76	5,09	0
31/10/2020 05:30:00	5,06	5,43	5,74	5,94	5,90	5,70	5,51	5,40	5,28	5,07	4,90	4,78	4,65	5,05	0
31/10/2020 05:35:00	4,97	5,46	5,80	5,97	5,99	5,74	5,53	5,41	5,30	5,09	4,92	4,78	4,64	4,95	0
31/10/2020 05:40:00	4,93	5,47	5,86	6,05	6,01	5,80	5,54	5,38	5,27	5,05	4,90	4,79	4,68	4,90	0
31/10/2020 05:45:00	4,81	5,39	5,89	6,12	6,23	6,00	5,72	5,54	5,41	5,17	4,99	4,85	4,71	4,83	0
31/10/2020 05:50:00	4,75	5,45	5,97	6,22	6,27	5,99	5,71	5,50	5,33	5,06	4,85	4,68	4,50	4,74	0
31/10/2020 05:55:00	4,68	5,29	5,68	5,83	5,73	5,53	5,36	5,26	5,17	4,98	4,84	4,76	4,69	4,76	0
31/10/2020 06:00:00	4,85	5,32	5,86	6,24	6,28	5,99	5,63	5,34	5,11	4,81	4,57	4,36	4,16	4,75	0
31/10/2020 06:05:00	4,80	5,22	5,51	5,57	5,53	5,32	5,11	5,00	4,93	4,75	4,62	4,54	4,45	4,74	0
31/10/2020 06:10:00	4,75	5,11	5,43	5,62	5,65	5,41	5,13	4,94	4,79	4,56	4,36	4,18	4,01	4,70	0
31/10/2020 06:15:00	4,70	5,01	5,24	5,39	5,40	5,27	5,13	5,08	5,03	4,87	4,73	4,62	4,51	4,75	0
31/10/2020 06:20:00	4,74	5,04	5,29	5,49	5,44	5,29	5,13	5,04	4,95	4,76	4,60	4,48	4,35	4,75	0
31/10/2020 06:25:00	4,67	5,20	5,48	5,56	5,52	5,34	5,23	5,21	5,18	5,02	4,92	4,85	4,79	4,73	0
31/10/2020 06:30:00	4,69	5,22	5,55	5,68	5,62	5,35	5,12	4,97	4,84	4,62	4,45	4,32	4,18	4,59	0
31/10/2020 06:35:00	4,54	5,00	5,43	5,63	5,65	5,41	5,16	4,97	4,82	4,58	4,39	4,25	4,10	4,49	0
31/10/2020 06:40:00	4,52	4,99	5,36	5,64	5,70	5,47	5,28	5,15	5,02	4,79	4,61	4,44	4,28	4,60	0
31/10/2020 06:45:00	4,55	5,03	5,41	5,59	5,56	5,45	5,21	5,08	5,00	4,81	4,66	4,56	4,45	4,48	0
31/10/2020 06:50:00	4,56	5,08	5,44	5,68	5,63	5,40	5,17	5,02	4,89	4,67	4,50	4,37	4,24	4,56	0
31/10/2020 06:55:00	4,59	4,98	5,46	5,90	5,96	5,78	5,52	5,28	5,07	4,77	4,52	4,28	4,04	4,52	0
31/10/2020 07:00:00	4,48	4,94	5,31	5,53	5,55	5,29	5,07	4,92	4,79	4,56	4,38	4,23	4,09	4,50	0
31/10/2020 07:05:00	4,49	4,94	5,32	5,58	5,57	5,33	5,04	4,83	4,67	4,41	4,21	4,02	3,84	4,47	0
31/10/2020 07:10:00	4,57	4,97	5,40	5,64	5,66	5,36	5,05	4,80	4,59	4,31	4,08	3,88	3,68	4,58	0
31/10/2020 07:15:00	4,70	5,04	5,29	5,45	5,49	5,31	5,09	4,97	4,90	4,71	4,55	4,41	4,27	4,71	0
31/10/2020 07:20:00	4,72	5,16	5,44	5,58	5,53	5,28	5,02	4,86	4,75	4,53	4,36	4,23	4,09	4,73	0
31/10/2020 07:25:00	4,65	5,09	5,38	5,56	5,51	5,33	5,09	4,94	4,84	4,62	4,45	4,31	4,16	4,71	0
31/10/2020 07:30:00	4,71	5,02	5,37	5,65	5,69	5,48	5,28	5,14	5,00	4,77	4,58	4,42	4,25	4,64	0
31/10/2020 07:35:00	4,57	5,01	5,40	5,66	5,72	5,52	5,32	5,18	5,06	4,83	4,65	4,49	4,33	4,62	0
31/10/2020 07:40:00	4,51	4,91	5,37	5,78	5,93	5,75	5,52	5,32	5,16	4,88	4,65	4,42	4,19	4,70	0
31/10/2020 07:45:00	4,65	5,10	5,48	5,80	5,84	5,71	5,54	5,42	5,32	5,10	4,92	4,76	4,60	4,66	0
31/10/2020 07:50:00	4,69	4,96	5,35	5,70	5,73	5,56	5,33	5,15	4,99	4,73	4,52	4,34	4,16	4,65	0
31/10/2020 07:55:00	4,62	4,98	5,33	5,60	5,62	5,48	5,30	5,18	5,07	4,85	4,67	4,51	4,36	4,67	0
31/10/2020 08:00:00	4,66	5,08	5,38	5,52	5,54	5,32	5,19	5,12	5,05	4,87	4,74	4,64	4,55	4,63	0
31/10/2020 08:05:00	4,66	4,94	5,34	5,63	5,70	5,50	5,33	5,19	5,05	4,80	4,61	4,44	4,27	4,63	0
31/10/2020 08:10:00	4,69	4,96	5,28	5,46	5,59	5,49	5,32	5,22	5,15	4,96	4,80	4,66	4,52	4,80	0
31/10/2020 08:15:00	4,75	4,94	5,24	5,45	5,55	5,44	5,35	5,30	5,24	5,06	4,92	4,81	4,70	4,80	0
31/10/2020 08:20:00	4,70	5,06	5,35	5,46	5,45	5,18	5,03	4,96	4,87	4,70	4,57	4,50	4,42	4,68	0
31/10/2020 08:25:00	4,85	4,93	5,13	5,30	5,32	5,26	5,18	5,17	5,13	4,98	4,86	4,77	4,68	4,70	0
31/10/2020 08:30:00	4,76	4,74	4,86	4,94	4,93	4,80	4,72	4,70	4,66	4,51	4,40	4,31	4,23	4,76	0
31/10/2020 08:35:00	4,95	4,79	4,89	5,06	5,12	4,93	4,74	4,61	4,51	4,31	4,12	3,95	3,78	4,90	0
31/10/2020 08:40:00	4,99	5,00	4,99	5,00	5,04	4,93	4,81	4,80	4,80	4,66	4,54	4,41	4,29	5,05	0
31/10/2020 08:45:00	5,11	5,06	5,06	5,07	5,04	4,79	4,64	4,57	4,51	4,33	4,19	4,06	3,92	5,16	0
31/10/2020 08:50:00	5,27	5,12	5,02	5,03	4,97	4,89	4,83	4,88	4,91	4,80	4,71	4,63	4,56	5,19	0
31/10/2020 08:55:00	5,33	5,18	5,21	5,25	5,20	5,01	4,93	4,90	4,84	4,67	4,54	4,44	4,35	5,36	0
31/10/2020 09:00:00	5,48	5,33	5,22	5,23	5,25	5,12	5,00	4,99	4,98	4,83	4,69	4,55	4,41	5,63	0
31/10/2020 09:05:00	5,71	5,47	5,30	5,15	5,00	4,87	4,82	4,86	4,89	4,78	4,71	4,68	4,64	5,63	0
31/10/2020 09:10:00	5,83	5,55	5,25	4,98	4,73	4,51	4,52	4,62	4,68	4,60	4,57	4,58	4,59	5,85	0
31/10/2020 09:15:00	5,95	5,55	5,26	5,10	4,91	4,68	4,58	4,57	4,56	4,42	4,31	4,21	4,11	6,03	0
31/10/2020 09:20:00	6,10	5,59	5,20	5,11	4,94	4,82	4,77	4,81	4,83	4,71	4,59	4,47	4,35	6,08	0
31/10/2020 09:25:00	6,20	5,72	5,31	5,01	4,84	4,72	4,66	4,74	4,82	4,74	4,69	4,64	4,60	6,26	0
31/10/2020 09:30:00	6,21	5,75	5,27	4,94	4,83	4,72	4,71	4,84	4,96	4,90	4,85	4,80	4,75	6,15	0
31/10/2020 09:35:00	6,21	5,75	5,29	4,96	4,72	4,61	4,63	4,78	4,89	4,85	4,83	4,82	4,82	6,21	0
31/10/2020 09:40:00	6,18	5,89	5,52	5,22	4,99	4,75	4,64	4,66	4,69	4,58	4,50	4,44	4,38	6,41	0
31/10/2020 09:45:00	6,17	5,92	5,61	5,32	5,06	4,83	4,68	4,68	4,70	4,59	4,52	4,48	4,43	6,52	0
31/10/2020 09:50:00	6,53	6,13	5,77	5,56	5,32	5,09	4,88	4,80	4,76	4,59	4,44	4,30	4,15	6,49	0
31/10/2020 09:55:00	6,54	6,18	5,81	5,50	5,24	4,95	4,80	4,78	4,78	4,65	4,56	4,48	4,41	6,50	0
31/10/2020 10:00:00	6,60	6,25	5,81	5,46	5,11	4,88	4,75	4,77	4,80	4,70	4,63	4,59	4,54	6,50	0
31/10/2020 10:05:00	6,59	6,20	5,73	5,42	5,13	4,97	4,79	4,79	4,82	4,70	4,61	4,52	4,43	6,51	0
31/10/2020 10:10:00	6,49	6,10	5,68	5,28	4,92	4,63	4,40	4,32	4,30	4,16	4,06	3,99	3,92	6,51	0
31/10/2020 10:15:00	6,52	6,07	5,47	5,00	4,64	4,35	4,26	4,32	4,40	4,33	4,29	4,27	4,24	6,45	0
31/10/2020 10:20:00	6,52	6,05	5,58	5,21	4,90	4,73	4,61	4,64	4,69	4,60	4,54	4,51	4,47	6,57	0
31/10/2020 10:25:00	6,60	6,13	5,64	5,31	5,03	4,83	4,74	4,79	4,83	4,74	4,66	4,60	4,53	6,67	0
31/10/2020 10:30:00	6,72	6,14	5,66	5,33	5,09	4,88	4,67	4,63	4,64	4,53	4,43	4,34	4,25	6,82	0
31/10/2020 10:35:00	6,77	6,20	5,75	5,41	5,13	4,90	4,81	4,83	4,84	4,72	4,64	4,57	4,51	6,85	0
31/10/2020 10:40:00	6,73	6,30	5,80	5,43	5,09	4,87	4,82	4,90	4,96	4,87	4,82	4,78	4,74	6,78	0
31/10/2020 10:45:00	6,93	6,32	5,75	5,38	5,10	4,92	4,86	4,93	4,99	4,89	4,82	4,76	4,69	7,12	0
31/10/2020 10:50:00	6,97	6,38	5,82	5,47	5,12	4,97	4,88	4,94	5,00	4,92	4,86	4,81	4,76	6,97	0
31/10/2020 10:55:00	7,03	6,42	5,84	5,52	5,35	5,10	5,04	5,08	5,12	5,00	4,88	4,75	4,62	7,02	0
31/10/2020 11:00:00	7,07	6,46	5,93	5,55	5,33	5,06	4,94	4,95	4,99	4,87	4,78	4,70	4,62	6,92	0
31/10/2020 11:05:00	6,94	6,48	5,93	5,58	5,35	5,12	5,00	5,03	5,07	4,95	4,84	4,73	4,62	6,82	0
31/10/2020 11:10:00	7,03	6,47	6,06	5,75	5,49	5,21	5,06	5,02	4,99	4,84	4,72	4,62	4,52	7,02	0
31/10/2020 11:15:00	7,15	6,55	5,92	5,46	5,18	4,95	4,85	4,90	4,97	4,88	4,81	4,74	4,67	7,19	0
31/10/2020 11:20:00	7,19	6,58	5,99	5,62	5,29	5,02	4,84	4,82	4,83	4,70	4,60	4,50	4,41	7,33	0
31/10/2020 11:25:00	7,12	6,53	5,95	5,49	5,12	4,84	4,63	4,59	4,60	4,49	4,40	4,33	4,26	7,02	0
31/10/2020 11:30:00	6,91	6,46	5,92	5,50	5,21	4,89	4,72	4,70	4,72	4,59	4,49	4,40	4,31	7,03	0
31/10/2020 11:35:00	7,05	6,50	5,85	5,37	5,03	4,84	4,72	4,77	4,86	4,78	4,73	4,68	4,63	7,16	0
31/10/2020 11:40:00	7,16	6,50	6,00	5,66	5,39	5,09	4,88	4,82	4,79	4,65	4,52	4,42	4,31	7,25	0
31/10/2020 11:45:00	7,19	6,66	6,13	5,68	5,32	4,98	4,75	4,70	4,68	4,54	4,44	4,36	4,28	7,42	0
31/10/2020 11:50:00	7,35	6,66	6,03	5,61	5,22	4,89	4,67	4,62	4,60	4,46	4,35	4,25	4,14	7,62	0
31/10/2020 11:55:00	7,52	6,90	6,24	5,74	5,38	5,13	5,05	5,12	5,18	5,09	5,03	4,98	4,93	7,48	0
31/10/2020 12:00:00	7,39	6,79	6,25	5,89	5,58	5,22	5,04	5,00	4,97	4,81	4,68	4,57	4,45	7,36	0
31/10/2020 12:05:00	7,53	6,95	6,27	5,75	5,44	5,14	5,06	5,14	5,21	5,13	5,06	5,00	4,94	7,46	0
31/10/2020 12:10:00	7,48	6,87	6,35	5,93	5,50	5,17	5,00	4,95	4,91	4,76	4,65	4,57	4,48	7,51	0
31/10/2020 12:15:00	7,43	6,81	6,16	5,73	5,39	5,12	4,99	5,02	5,07	4,98	4,90	4,83	4,76	7,37	0
31/10/2020 12:20:00	7,43	6,90	6,36	5,93	5,58	5,24	5,06	5,04	5,04	4,90	4,80	4,73	4,65	7,34	0
31/10/2020 12:25:00	7,47	6,93	6,24	5,73	5,39	5,12	4,96	4,98	5,05	4,95	4,88	4,80	4,73	7,53	0
31/10/2020 12:30:00	7,36	6,74	6,20	5,85	5,49	5,22	5,06	5,05	5,05	4,92	4,83	4,75	4,67	7,49	0
31/10/2020 12:35:00	7,31	6,81	6,30	5,94	5,66	5,27	5,06	5,00	4,97	4,81	4,67	4,55	4,42	7,50	0
31/10/2020 12:40:00	7,33	6,80	6,24	5,83	5,48	5,21	5,04	5,03	5,05	4,92	4,82	4,74	4,65	7,56	0
31/10/2020 12:45:00	7,37	6,89	6,46	6,06	5,71	5,25	4,98	4,85	4,77	4,58	4,44	4,32	4,21	7,50	0
31/10/2020 12:50:00	7,44	6,86	6,25	5,76	5,30	5,06	4,94	4,98	5,04	4,96	4,92	4,91	4,90	7,37	0
31/10/2020 12:55:00	7,49	6,86	6,28	5,78	5,45	5,19	5,04	5,05	5,09	4,99	4,92	4,87	4,82	7,53	0
31/10/2020 13:00:00	7,54	6,84	6,29	5,95	5,71	5,49	5,33	5,33	5,35	5,22	5,11	5,00	4,90	7,57	0
31/10/2020 13:05:00	7,50	6,94	6,34	5,98	5,71	5,47	5,38	5,41	5,44	5,32	5,20	5,08	4,96	7,72	0
31/10/2020 13:10:00	7,62	6,95	6,37	5,95	5,66	5,51	5,37	5,40	5,44	5,33	5,24	5,16	5,08	7,53	0
31/10/2020 13:15:00	7,68	7,14	6,48	5,86	5,52	5,26	5,20	5,33	5,45	5,41	5,40	5,42	5,44	7,72	0
31/10/2020 13:20:00	7,75	7,11	6,50	6,01	5,73	5,46	5,29	5,29	5,32	5,21	5,11	5,02	4,93	7,82	0
31/10/2020 13:25:00	7,62	7,10	6,53	6,08	5,71	5,48	5,36	5,39	5,43	5,33	5,26	5,20	5,15	7,59	0
31/10/2020 13:30:00	7,67	7,16	6,60	6,10	5,72	5,43	5,29	5,33	5,38	5,29	5,23	5,22	5,20	7,80	0
31/10/2020 13:35:00	7,59	7,18	6,68	6,20	5,80	5,46	5,25	5,22	5,22	5,10	5,02	4,98	4,94	7,68	0
31/10/2020 13:40:00	7,67	7,22	6,70	6,23	5,81	5,43	5,22	5,16	5,14	4,99	4,89	4,81	4,74	7,80	0
31/10/2020 13:45:00	7,72	7,19	6,65	6,26	5,90	5,58	5,33	5,24	5,21	5,05	4,92	4,80	4,68	7,68	0
31/10/2020 13:50:00	7,74	7,14	6,51	6,07	5,79	5,54	5,38	5,39	5,43	5,31	5,21	5,11	5,01	7,74	0
31/10/2020 13:55:00	7,77	7,16	6,67	6,31	5,97	5,64	5,36	5,23	5,16	4,96	4,80	4,66	4,51	7,96	0
31/10/2020 14:00:00	7,86	7,25	6,67	6,16	5,81	5,49	5,33	5,33	5,35	5,24	5,16	5,11	5,06	7,87	0
31/10/2020 14:05:00	7,72	7,40	6,87	6,29	5,77	5,41	5,15	5,09	5,09	4,96	4,89	4,86	4,83	7,73	0
31/10/2020 14:10:00	7,75	7,30	6,80	6,31	5,88	5,52	5,28	5,23	5,21	5,08	5,00	4,96	4,92	7,61	0
31/10/2020 14:15:00	7,74	7,27	6,72	6,20	5,81	5,48	5,25	5,21	5,21	5,09	5,01	4,95	4,90	7,72	0
31/10/2020 14:20:00	7,73	7,27	6,72	6,31	5,92	5,58	5,39	5,35	5,33	5,17	5,05	4,95	4,84	7,82	0
31/10/2020 14:25:00	7,76	7,25	6,74	6,30	5,96	5,63	5,44	5,41	5,40	5,26	5,16	5,09	5,02	7,68	0
31/10/2020 14:30:00	7,75	7,36	6,88	6,43	6,03	5,56	5,28	5,16	5,08	4,90	4,76	4,66	4,55	7,78	0
31/10/2020 14:35:00	7,69	7,40	6,84	6,30	5,90	5,50	5,23	5,18	5,17	5,04	4,94	4,86	4,78	7,69	0
31/10/2020 14:40:00	7,70	7,26	6,75	6,36	5,94	5,56	5,33	5,24	5,20	5,03	4,90	4,80	4,69	7,69	0
31/10/2020 14:45:00	7,70	7,31	6,84	6,42	5,96	5,53	5,20	5,06	4,98	4,80	4,68	4,59	4,51	7,73	0
31/10/2020 14:50:00	7,69	7,35	6,93	6,49	6,08	5,71	5,37	5,23	5,16	4,98	4,84	4,74	4,64	7,75	0
31/10/2020 14:55:00	7,76	7,40	6,93	6,42	5,97	5,53	5,32	5,27	5,24	5,10	5,02	4,98	4,95	7,72	0
31/10/2020 15:00:00	7,75	7,46	6,97	6,44	6,04	5,59	5,36	5,30	5,28	5,14	5,04	4,98	4,92	7,77	0
31/10/2020 15:05:00	7,80	7,47	6,93	6,41	6,00	5,61	5,37	5,33	5,33	5,21	5,12	5,07	5,02	7,82	0
31/10/2020 15:10:00	7,83	7,52	7,05	6,60	6,07	5,69	5,36	5,22	5,15	4,98	4,86	4,78	4,70	7,92	0
31/10/2020 15:15:00	7,81	7,56	7,18	6,74	6,27	5,78	5,46	5,31	5,22	5,04	4,92	4,85	4,79	7,77	0
31/10/2020 15:20:00	7,84	7,58	7,19	6,78	6,26	5,84	5,42	5,21	5,09	4,88	4,72	4,61	4,50	7,84	0
31/10/2020 15:25:00	7,80	7,59	7,19	6,75	6,25	5,75	5,41	5,25	5,15	4,95	4,81	4,72	4,63	8,05	0
31/10/2020 15:30:00	7,85	7,61	7,19	6,69	6,28	5,90	5,65	5,59	5,57	5,43	5,35	5,31	5,27	7,87	0
31/10/2020 15:35:00	7,79	7,61	7,29	6,96	6,49	5,98	5,61	5,39	5,25	5,02	4,84	4,71	4,57	7,76	0
31/10/2020 15:40:00	7,71	7,55	7,20	6,82	6,39	5,97	5,61	5,43	5,33	5,13	4,98	4,86	4,75	7,78	0
31/10/2020 15:45:00	7,74	7,58	7,33	7,03	6,62	6,20	5,83	5,62	5,50	5,28	5,11	5,00	4,88	7,73	0
31/10/2020 15:50:00	7,65	7,63	7,34	6,98	6,63	6,22	5,80	5,58	5,47	5,24	5,05	4,88	4,71	7,74	0
31/10/2020 15:55:00	7,75	7,77	7,47	7,02	6,61	6,16	5,84	5,71	5,63	5,44	5,30	5,20	5,10	7,63	0
31/10/2020 16:00:00	7,66	7,62	7,33	6,97	6,52	6,08	5,77	5,63	5,54	5,34	5,21	5,12	5,03	7,68	0
31/10/2020 16:05:00	7,54	7,60	7,36	6,94	6,52	6,06	5,72	5,58	5,50	5,32	5,21	5,14	5,08	7,55	0
31/10/2020 16:10:00	7,59	7,63	7,35	6,93	6,44	6,00	5,67	5,53	5,44	5,26	5,15	5,08	5,02	7,58	0
31/10/2020 16:15:00	7,64	7,63	7,36	6,97	6,50	6,04	5,65	5,46	5,35	5,15	5,02	4,93	4,85	7,62	0
31/10/2020 16:20:00	7,60	7,63	7,36	6,98	6,52	5,99	5,64	5,46	5,34	5,12	4,97	4,87	4,77	7,59	0
31/10/2020 16:25:00	7,62	7,52	7,23	6,88	6,47	6,08	5,75	5,60	5,52	5,32	5,18	5,08	4,97	7,60	0
31/10/2020 16:30:00	7,61	7,68	7,37	6,89	6,43	5,90	5,58	5,46	5,38	5,21	5,11	5,06	5,01	7,64	0
31/10/2020 16:35:00	7,60	7,52	7,17	6,75	6,40	6,03	5,79	5,72	5,70	5,54	5,44	5,36	5,29	7,58	0
31/10/2020 16:40:00	7,56	7,63	7,33	6,82	6,32	6,00	5,69	5,62	5,62	5,50	5,45	5,46	5,47	7,71	0
31/10/2020 16:45:00	7,63	7,59	7,36	7,11	6,77	6,38	6,02	5,83	5,71	5,48	5,30	5,15	4,99	7,58	0
31/10/2020 16:50:00	7,69	7,66	7,46	7,09	6,66	6,26	5,86	5,65	5,52	5,31	5,15	5,05	4,94	7,67	0
31/10/2020 16:55:00	7,56	7,65	7,37	6,92	6,50	6,07	5,71	5,57	5,50	5,33	5,21	5,14	5,06	7,66	0
31/10/2020 17:00:00	7,55	7,56	7,34	6,98	6,60	6,15	5,75	5,54	5,42	5,19	5,03	4,90	4,77	7,62	0
31/10/2020 17:05:00	7,64	7,60	7,32	6,93	6,59	6,11	5,84	5,72	5,65	5,46	5,33	5,23	5,14	7,59	0
31/10/2020 17:10:00	7,62	7,56	7,30	6,97	6,56	6,17	5,83	5,67	5,58	5,38	5,23	5,13	5,02	7,58	0
31/10/2020 17:15:00	7,50	7,60	7,33	6,88	6,46	6,00	5,65	5,50	5,42	5,24	5,11	5,03	4,95	7,57	0
31/10/2020 17:20:00	7,48	7,48	7,22	6,84	6,43	5,96	5,60	5,43	5,33	5,14	5,01	4,92	4,84	7,47	0
31/10/2020 17:25:00	7,49	7,54	7,33	7,02	6,58	6,14	5,71	5,47	5,33	5,10	4,93	4,79	4,65	7,55	0
31/10/2020 17:30:00	7,54	7,63	7,37	6,96	6,50	6,02	5,63	5,44	5,34	5,14	5,01	4,92	4,83	7,56	0
31/10/2020 17:35:00	7,56	7,55	7,36	6,98	6,60	6,10	5,63	5,36	5,21	4,97	4,79	4,65	4,52	7,57	0
31/10/2020 17:40:00	7,52	7,54	7,29	6,84	6,45	5,91	5,51	5,29	5,16	4,95	4,79	4,67	4,55	7,58	0
31/10/2020 17:45:00	7,58	7,49	7,21	6,82	6,43	6,00	5,61	5,42	5,33	5,13	4,99	4,90	4,80	7,57	0
31/10/2020 17:50:00	7,54	7,54	7,34	6,99	6,53	6,09	5,60	5,33	5,18	4,94	4,78	4,65	4,53	7,72	0
31/10/2020 17:55:00	7,62	7,56	7,28	6,89	6,49	5,95	5,61	5,44	5,32	5,11	4,96	4,85	4,75	7,55	0
31/10/2020 18:00:00	7,51	7,56	7,30	6,87	6,39	5,98	5,59	5,41	5,33	5,15	5,03	4,97	4,90	7,57	0
31/10/2020 18:05:00	7,56	7,54	7,27	6,85	6,35	5,89	5,49	5,29	5,18	4,99	4,86	4,79	4,72	7,50	0
31/10/2020 18:10:00	7,53	7,55	7,30	6,91	6,44	5,97	5,58	5,38	5,28	5,07	4,94	4,85	4,77	7,62	0
31/10/2020 18:15:00	7,52	7,52	7,24	6,83	6,40	5,94	5,63	5,51	5,43	5,25	5,14	5,07	5,00	7,52	0
31/10/2020 18:20:00	7,48	7,54	7,20	6,72	6,26	5,88	5,57	5,48	5,45	5,31	5,22	5,18	5,13	7,45	0
31/10/2020 18:25:00	7,47	7,53	7,24	6,81	6,36	5,94	5,64	5,53	5,48	5,32	5,22	5,16	5,11	7,54	0
31/10/2020 18:30:00	7,49	7,48	7,25	6,87	6,47	6,00	5,66	5,50	5,40	5,21	5,09	5,01	4,94	7,49	0
31/10/2020 18:35:00	7,44	7,51	7,25	6,80	6,40	5,94	5,64	5,52	5,45	5,27	5,16	5,09	5,02	7,50	0
31/10/2020 18:40:00	7,46	7,44	7,16	6,79	6,34	5,93	5,60	5,46	5,38	5,20	5,08	5,00	4,93	7,43	0
31/10/2020 18:45:00	7,39	7,39	7,14	6,75	6,32	5,86	5,52	5,36	5,27	5,09	4,98	4,91	4,85	7,38	0
31/10/2020 18:50:00	7,39	7,42	7,13	6,70	6,32	5,83	5,46	5,30	5,22	5,04	4,91	4,83	4,74	7,40	0
31/10/2020 18:55:00	7,33	7,35	7,10	6,67	6,23	5,77	5,38	5,18	5,08	4,88	4,75	4,66	4,58	7,42	0
31/10/2020 19:00:00	7,32	7,29	7,02	6,66	6,28	5,86	5,54	5,40	5,32	5,13	4,99	4,90	4,80	7,32	0
31/10/2020 19:05:00	7,25	7,25	7,01	6,69	6,32	5,86	5,50	5,31	5,19	4,97	4,80	4,65	4,51	7,27	0
31/10/2020 19:10:00	7,24	7,28	7,05	6,72	6,28	5,83	5,45	5,26	5,15	4,94	4,79	4,69	4,59	7,24	0
31/10/2020 19:15:00	7,14	7,17	7,01	6,72	6,38	5,93	5,50	5,25	5,11	4,87	4,69	4,55	4,40	7,22	0
31/10/2020 19:20:00	7,19	7,30	7,12	6,73	6,28	5,80	5,39	5,18	5,06	4,85	4,70	4,61	4,52	7,13	0
31/10/2020 19:25:00	7,10	7,18	6,99	6,64	6,22	5,70	5,27	5,02	4,88	4,65	4,48	4,36	4,24	7,18	0
31/10/2020 19:30:00	7,14	7,17	6,97	6,53	6,10	5,60	5,20	4,99	4,88	4,69	4,57	4,51	4,44	7,06	0
31/10/2020 19:35:00	7,08	7,10	6,88	6,55	6,15	5,60	5,21	4,97	4,81	4,56	4,38	4,23	4,08	7,12	0
31/10/2020 19:40:00	7,15	7,18	6,88	6,41	5,91	5,41	5,06	4,92	4,84	4,67	4,57	4,53	4,48	7,10	0
31/10/2020 19:45:00	7,05	7,16	6,86	6,38	5,90	5,40	5,07	4,94	4,88	4,72	4,61	4,57	4,52	7,09	0
31/10/2020 19:50:00	7,16	7,23	6,93	6,56	6,11	5,65	5,26	5,08	4,98	4,79	4,64	4,53	4,43	7,12	0
31/10/2020 19:55:00	7,17	7,09	6,82	6,48	6,08	5,59	5,15	4,89	4,75	4,52	4,34	4,19	4,04	7,15	0
31/10/2020 20:00:00	7,06	7,15	6,83	6,32	5,79	5,37	4,97	4,82	4,76	4,61	4,51	4,48	4,44	7,07	0
31/10/2020 20:05:00	7,08	6,98	6,71	6,32	5,86	5,37	4,99	4,80	4,68	4,49	4,35	4,27	4,19	7,08	0
31/10/2020 20:10:00	7,12	7,09	6,77	6,34	5,95	5,45	5,13	4,98	4,90	4,71	4,58	4,48	4,39	7,13	0
31/10/2020 20:15:00	7,07	7,08	6,78	6,38	5,93	5,37	5,05	4,89	4,78	4,58	4,44	4,36	4,27	7,05	0
31/10/2020 20:20:00	7,04	6,98	6,66	6,26	5,86	5,41	5,07	4,92	4,84	4,67	4,54	4,46	4,37	7,06	0
31/10/2020 20:25:00	7,00	6,99	6,69	6,31	5,89	5,41	5,08	4,93	4,84	4,66	4,54	4,45	4,37	7,05	0
31/10/2020 20:30:00	7,05	7,04	6,75	6,32	5,85	5,39	5,06	4,92	4,85	4,68	4,58	4,54	4,49	7,03	0
31/10/2020 20:35:00	7,00	7,02	6,77	6,30	5,84	5,34	4,96	4,79	4,70	4,52	4,41	4,36	4,31	7,03	0
31/10/2020 20:40:00	6,96	6,98	6,74	6,39	5,96	5,41	5,01	4,78	4,63	4,40	4,23	4,10	3,98	7,01	0
31/10/2020 20:45:00	6,97	6,93	6,64	6,25	5,81	5,39	5,01	4,83	4,73	4,55	4,41	4,31	4,22	6,92	0
31/10/2020 20:50:00	6,95	6,90	6,60	6,24	5,76	5,29	4,95	4,78	4,68	4,48	4,35	4,26	4,17	7,00	0
31/10/2020 20:55:00	7,02	6,93	6,60	6,20	5,81	5,36	5,02	4,87	4,80	4,62	4,49	4,40	4,31	6,98	0
31/10/2020 21:00:00	6,97	6,81	6,53	6,22	5,90	5,45	5,09	4,90	4,80	4,59	4,44	4,32	4,19	6,98	0
31/10/2020 21:05:00	6,96	6,94	6,69	6,25	5,82	5,39	5,00	4,83	4,74	4,56	4,45	4,38	4,31	6,93	0
31/10/2020 21:10:00	6,88	6,85	6,53	6,21	5,84	5,40	5,15	5,04	4,98	4,80	4,66	4,55	4,45	6,99	0
31/10/2020 21:15:00	6,95	7,01	6,74	6,32	5,99	5,52	5,20	5,06	4,98	4,80	4,66	4,55	4,44	6,99	0
31/10/2020 21:20:00	7,02	6,94	6,68	6,32	5,99	5,53	5,16	4,97	4,86	4,65	4,48	4,35	4,22	6,93	0
31/10/2020 21:25:00	7,01	7,06	6,79	6,34	5,85	5,35	5,04	4,92	4,85	4,70	4,61	4,59	4,58	7,00	0
31/10/2020 21:30:00	6,98	6,96	6,72	6,42	6,03	5,53	5,19	5,01	4,87	4,65	4,49	4,36	4,24	6,98	0
31/10/2020 21:35:00	7,00	7,05	6,79	6,38	5,95	5,53	5,12	4,92	4,83	4,63	4,49	4,39	4,28	7,02	0
31/10/2020 21:40:00	6,97	6,99	6,68	6,25	5,76	5,35	5,03	4,89	4,83	4,67	4,56	4,50	4,44	7,01	0
31/10/2020 21:45:00	6,95	6,95	6,69	6,31	5,90	5,42	5,10	4,94	4,84	4,65	4,51	4,42	4,33	7,02	0
31/10/2020 21:50:00	7,00	6,94	6,62	6,23	5,81	5,46	5,11	4,98	4,93	4,77	4,67	4,60	4,53	6,96	0
31/10/2020 21:55:00	6,99	6,95	6,58	6,19	5,78	5,33	5,07	4,98	4,94	4,78	4,67	4,60	4,52	6,97	0
31/10/2020 22:00:00	6,97	6,97	6,70	6,21	5,78	5,30	4,94	4,78	4,71	4,54	4,43	4,38	4,32	6,94	0
31/10/2020 22:05:00	6,93	6,91	6,63	6,22	5,73	5,28	4,93	4,78	4,70	4,53	4,42	4,37	4,33	6,93	0
31/10/2020 22:10:00	7,01	6,89	6,56	6,19	5,76	5,25	4,95	4,81	4,72	4,53	4,39	4,30	4,20	6,93	0
31/10/2020 22:15:00	6,93	6,88	6,59	6,17	5,78	5,27	4,91	4,74	4,65	4,47	4,35	4,27	4,19	6,98	0
31/10/2020 22:20:00	6,92	6,86	6,53	6,13	5,78	5,30	4,95	4,78	4,68	4,49	4,33	4,20	4,07	6,90	0
31/10/2020 22:25:00	6,91	6,79	6,48	6,10	5,72	5,40	5,03	4,87	4,81	4,64	4,51	4,40	4,30	6,92	0
31/10/2020 22:30:00	6,91	6,85	6,55	6,15	5,71	5,21	4,87	4,72	4,62	4,44	4,31	4,22	4,14	6,90	0
31/10/2020 22:35:00	6,91	6,79	6,43	6,01	5,60	5,13	4,84	4,72	4,66	4,49	4,37	4,29	4,21	6,84	0
31/10/2020 22:40:00	6,86	6,87	6,52	6,01	5,51	5,09	4,74	4,62	4,58	4,44	4,36	4,33	4,30	6,85	0
31/10/2020 22:45:00	6,85	6,73	6,44	6,16	5,73	5,30	4,97	4,79	4,68	4,47	4,32	4,20	4,08	6,86	0
31/10/2020 22:50:00	6,85	6,73	6,42	6,03	5,59	5,13	4,83	4,70	4,61	4,44	4,32	4,25	4,19	6,81	0
31/10/2020 22:55:00	6,81	6,68	6,38	5,99	5,59	5,12	4,79	4,64	4,56	4,38	4,26	4,19	4,12	6,81	0
31/10/2020 23:00:00	6,83	6,68	6,45	6,17	5,84	5,43	4,98	4,72	4,59	4,36	4,18	4,02	3,87	6,80	0
31/10/2020 23:05:00	6,78	6,68	6,37	5,97	5,60	5,15	4,78	4,61	4,53	4,35	4,22	4,12	4,03	6,80	0
31/10/2020 23:10:00	6,74	6,75	6,43	5,97	5,46	5,08	4,69	4,52	4,46	4,30	4,20	4,14	4,08	6,75	0
31/10/2020 23:15:00	6,78	6,67	6,31	5,95	5,58	5,13	4,81	4,67	4,60	4,43	4,29	4,18	4,08	6,79	0
31/10/2020 23:20:00	6,85	6,71	6,33	5,88	5,37	4,96	4,61	4,47	4,42	4,26	4,17	4,12	4,08	6,78	0
31/10/2020 23:25:00	6,74	6,70	6,36	5,89	5,39	4,94	4,53	4,34	4,26	4,09	3,97	3,90	3,82	6,76	0
31/10/2020 23:30:00	6,73	6,71	6,30	5,83	5,38	4,85	4,56	4,45	4,40	4,24	4,14	4,07	4,00	6,76	0
31/10/2020 23:35:00	6,76	6,71	6,39	5,93	5,47	4,97	4,53	4,31	4,20	4,00	3,86	3,77	3,67	6,71	0
31/10/2020 23:40:00	6,72	6,57	6,20	5,75	5,31	4,83	4,52	4,39	4,33	4,17	4,06	4,00	3,94	6,68	0
31/10/2020 23:45:00	6,69	6,59	6,27	5,87	5,42	5,00	4,57	4,35	4,25	4,06	3,92	3,81	3,71	6,71	0
31/10/2020 23:50:00	6,76	6,62	6,31	5,88	5,37	4,96	4,54	4,34	4,24	4,06	3,95	3,88	3,82	6,76	0
31/10/2020 23:55:00	6,69	6,59	6,30	5,89	5,45	4,87	4,52	4,34	4,21	4,01	3,88	3,80	3,71	6,65	0
