FileFormat:0002.2 file with temperature of atmosphere
200
local	GMT or Local
0	GMT-Local=[hours]
0	Height[m]
0	0	0	Longitude                [grd]               [min]               [sec]
0	0	0	Latitude                [grd]               [min]               [sec]
N	NS
59,40	Freq[GHz]
0,00	dTemostat[K]
0,150	MessErr[K]
0,248	//[grad/step]
version 14.0.20110218
MTP5H033F5940K-33.00D180214+A1.1
Commentary:
enter comment
End Of Commentary

SYSTEM\summer.dat
data time	0	50	100	150	200	250	300	350	400	450	500	550	600	OutsideTemperature	Quality
28/04/2020 00:00:00	5,92	9,51	9,79	9,46	8,80	7,92	7,07	6,29	5,63	5,01	4,42	3,86	3,31	5,58	0
28/04/2020 00:05:00	5,43	9,33	9,70	9,39	8,61	7,77	6,93	6,14	5,46	4,82	4,21	3,64	3,08	5,55	0
28/04/2020 00:10:00	6,27	8,86	8,99	8,59	7,91	7,16	6,44	5,77	5,17	4,62	4,10	3,61	3,12	5,35	0
28/04/2020 00:15:00	5,97	8,32	8,37	7,98	7,37	6,72	6,06	5,44	4,89	4,41	3,96	3,54	3,12	5,12	0
28/04/2020 00:20:00	5,40	7,88	7,93	7,56	6,99	6,26	5,62	5,01	4,47	3,98	3,53	3,11	2,69	4,93	0
28/04/2020 00:25:00	5,09	7,81	7,91	7,56	7,02	6,31	5,61	4,97	4,42	3,92	3,46	3,04	2,62	4,76	0
28/04/2020 00:30:00	5,24	7,57	7,66	7,41	6,98	6,35	5,64	5,02	4,52	4,05	3,62	3,21	2,79	4,58	0
28/04/2020 00:35:00	4,97	7,51	7,67	7,35	6,93	6,37	5,75	5,18	4,69	4,25	3,86	3,49	3,13	4,38	0
28/04/2020 00:40:00	4,91	7,12	7,24	7,03	6,54	5,95	5,30	4,72	4,21	3,75	3,31	2,90	2,48	4,29	0
28/04/2020 00:45:00	4,38	6,80	6,95	6,71	6,23	5,56	4,95	4,36	3,84	3,36	2,92	2,51	2,09	4,31	0
28/04/2020 00:50:00	4,03	6,71	6,91	6,61	6,04	5,39	4,70	4,06	3,51	3,01	2,55	2,12	1,70	4,11	0
28/04/2020 00:55:00	4,27	6,58	6,69	6,42	5,96	5,30	4,67	4,08	3,56	3,09	2,66	2,26	1,85	4,19	0
28/04/2020 01:00:00	4,04	6,69	6,86	6,65	6,09	5,43	4,73	4,10	3,56	3,06	2,61	2,18	1,75	4,11	0
28/04/2020 01:05:00	3,95	6,43	6,56	6,27	5,75	5,14	4,43	3,80	3,28	2,81	2,38	1,98	1,59	4,06	0
28/04/2020 01:10:00	3,96	6,41	6,62	6,39	5,81	5,14	4,45	3,82	3,26	2,75	2,27	1,82	1,36	4,03	0
28/04/2020 01:15:00	3,75	6,27	6,38	6,13	5,56	4,85	4,17	3,54	3,00	2,51	2,06	1,63	1,21	3,93	0
28/04/2020 01:20:00	3,96	6,19	6,25	5,93	5,41	4,75	4,17	3,62	3,11	2,66	2,25	1,88	1,51	4,11	0
28/04/2020 01:25:00	3,65	6,20	6,27	5,89	5,41	4,68	4,04	3,43	2,90	2,43	2,01	1,62	1,24	3,93	0
28/04/2020 01:30:00	3,66	5,73	5,76	5,49	4,90	4,26	3,68	3,12	2,61	2,15	1,74	1,36	0,98	3,85	0
28/04/2020 01:35:00	4,03	5,47	5,45	5,16	4,73	4,12	3,56	3,04	2,58	2,16	1,78	1,42	1,06	3,88	0
28/04/2020 01:40:00	3,42	6,05	6,12	5,77	5,26	4,56	3,92	3,31	2,77	2,30	1,89	1,51	1,14	3,82	0
28/04/2020 01:45:00	3,67	5,53	5,51	5,22	4,72	4,10	3,47	2,89	2,41	1,97	1,59	1,22	0,86	3,71	0
28/04/2020 01:50:00	3,41	5,99	6,01	5,70	5,16	4,53	3,87	3,27	2,76	2,32	1,94	1,59	1,25	3,72	0
28/04/2020 01:55:00	3,54	5,88	5,96	5,64	5,13	4,65	3,91	3,29	2,80	2,38	2,02	1,69	1,36	3,72	0
28/04/2020 02:00:00	3,95	5,86	5,86	5,50	5,06	4,45	3,79	3,21	2,72	2,29	1,91	1,55	1,19	3,75	0
28/04/2020 02:05:00	4,20	5,61	5,57	5,23	4,70	4,14	3,65	3,16	2,70	2,30	1,94	1,61	1,28	3,68	0
28/04/2020 02:10:00	3,76	5,45	5,38	5,02	4,55	3,84	3,24	2,68	2,19	1,75	1,36	0,99	0,62	3,71	0
28/04/2020 02:15:00	3,77	5,14	5,04	4,70	4,17	3,60	3,00	2,46	1,99	1,58	1,21	0,87	0,53	3,65	0
28/04/2020 02:20:00	3,50	5,24	5,14	4,77	4,24	3,64	2,95	2,35	1,87	1,44	1,07	0,73	0,39	3,62	0
28/04/2020 02:25:00	3,59	5,19	5,10	4,73	4,26	3,62	2,99	2,43	1,95	1,53	1,16	0,81	0,47	3,63	0
28/04/2020 02:30:00	3,65	5,28	5,14	4,72	4,21	3,53	2,89	2,32	1,83	1,40	1,03	0,68	0,34	3,66	0
28/04/2020 02:35:00	3,51	4,91	4,76	4,38	3,79	3,13	2,53	1,98	1,49	1,06	0,68	0,34	-0,01	3,68	0
28/04/2020 02:40:00	3,74	4,84	4,63	4,23	3,68	3,04	2,46	1,92	1,46	1,05	0,69	0,36	0,03	3,66	0
28/04/2020 02:45:00	3,68	4,89	4,72	4,34	3,83	3,19	2,58	2,04	1,57	1,16	0,79	0,45	0,11	3,68	0
28/04/2020 02:50:00	3,66	4,78	4,57	4,16	3,63	3,07	2,43	1,88	1,43	1,04	0,70	0,39	0,07	3,60	0
28/04/2020 02:55:00	3,60	4,85	4,68	4,24	3,72	3,04	2,35	1,76	1,28	0,85	0,47	0,11	-0,24	3,53	0
28/04/2020 03:00:00	3,46	4,69	4,52	4,13	3,51	2,84	2,17	1,58	1,09	0,65	0,26	-0,11	-0,48	3,56	0
28/04/2020 03:05:00	3,58	4,64	4,45	3,97	3,42	2,82	2,11	1,52	1,05	0,63	0,27	-0,07	-0,41	3,49	0
28/04/2020 03:10:00	3,44	4,66	4,41	3,99	3,41	2,75	2,10	1,52	1,05	0,63	0,28	-0,05	-0,39	3,58	0
28/04/2020 03:15:00	3,45	4,76	4,60	4,15	3,48	2,77	2,18	1,61	1,10	0,65	0,25	-0,12	-0,49	3,55	0
28/04/2020 03:20:00	3,67	4,69	4,44	3,94	3,35	2,69	2,07	1,52	1,04	0,63	0,27	-0,06	-0,39	3,54	0
28/04/2020 03:25:00	3,40	4,33	4,09	3,69	3,09	2,42	1,70	1,10	0,62	0,18	-0,21	-0,57	-0,94	3,43	0
28/04/2020 03:30:00	3,45	4,54	4,31	3,90	3,31	2,54	1,85	1,25	0,75	0,30	-0,12	-0,50	-0,89	3,45	0
28/04/2020 03:35:00	3,73	4,40	4,07	3,67	3,10	2,43	1,82	1,27	0,83	0,42	0,07	-0,26	-0,59	3,41	0
28/04/2020 03:40:00	3,48	4,10	3,79	3,32	2,74	2,08	1,43	0,86	0,41	0,00	-0,36	-0,70	-1,03	3,37	0
28/04/2020 03:45:00	3,37	3,84	3,42	3,01	2,52	1,85	1,16	0,59	0,16	-0,22	-0,56	-0,87	-1,19	3,43	0
28/04/2020 03:50:00	3,39	3,74	3,41	2,94	2,33	1,67	1,10	0,58	0,13	-0,28	-0,63	-0,96	-1,28	3,24	0
28/04/2020 03:55:00	3,20	3,64	3,31	2,78	2,21	1,56	0,91	0,36	-0,09	-0,49	-0,84	-1,16	-1,48	3,23	0
28/04/2020 04:00:00	3,23	3,67	3,34	2,82	2,22	1,52	0,88	0,31	-0,15	-0,57	-0,94	-1,28	-1,62	3,18	0
28/04/2020 04:05:00	3,23	3,63	3,27	2,75	2,13	1,44	0,85	0,32	-0,13	-0,54	-0,89	-1,21	-1,53	3,19	0
28/04/2020 04:10:00	3,23	3,54	3,20	2,67	2,08	1,39	0,76	0,21	-0,24	-0,65	-1,01	-1,34	-1,67	3,26	0
28/04/2020 04:15:00	3,14	3,49	3,11	2,59	1,97	1,33	0,73	0,20	-0,24	-0,63	-0,96	-1,27	-1,57	3,21	0
28/04/2020 04:20:00	3,10	3,48	3,09	2,58	2,12	1,38	0,76	0,22	-0,21	-0,60	-0,94	-1,25	-1,57	3,10	0
28/04/2020 04:25:00	3,18	3,44	3,06	2,58	2,00	1,33	0,70	0,16	-0,28	-0,68	-1,02	-1,34	-1,66	3,04	0
28/04/2020 04:30:00	3,12	3,52	3,11	2,58	1,99	1,31	0,65	0,10	-0,35	-0,75	-1,09	-1,40	-1,71	3,05	0
28/04/2020 04:35:00	3,08	3,40	2,99	2,48	1,97	1,28	0,63	0,08	-0,35	-0,73	-1,06	-1,36	-1,66	3,06	0
28/04/2020 04:40:00	3,13	3,31	2,88	2,45	1,87	1,22	0,64	0,14	-0,29	-0,66	-0,99	-1,29	-1,59	3,01	0
28/04/2020 04:45:00	2,95	3,31	2,92	2,41	1,91	1,26	0,60	0,05	-0,38	-0,76	-1,07	-1,37	-1,67	2,96	0
28/04/2020 04:50:00	2,88	3,35	2,97	2,48	1,89	1,17	0,56	0,02	-0,44	-0,84	-1,19	-1,51	-1,83	2,94	0
28/04/2020 04:55:00	3,00	3,23	2,80	2,28	1,72	1,07	0,47	-0,05	-0,48	-0,85	-1,16	-1,44	-1,73	2,99	0
28/04/2020 05:00:00	2,89	3,26	2,86	2,35	1,70	1,03	0,38	-0,19	-0,64	-1,04	-1,39	-1,71	-2,02	2,95	0
28/04/2020 05:05:00	2,99	3,32	2,81	2,24	1,69	1,10	0,45	-0,09	-0,49	-0,84	-1,11	-1,35	-1,59	3,06	0
28/04/2020 05:10:00	2,97	3,24	2,85	2,29	1,75	1,09	0,47	-0,07	-0,50	-0,89	-1,20	-1,50	-1,79	2,77	0
28/04/2020 05:15:00	3,03	3,22	2,81	2,33	1,77	1,13	0,50	-0,03	-0,46	-0,84	-1,16	-1,46	-1,76	2,71	0
28/04/2020 05:20:00	3,07	3,29	2,92	2,39	1,84	1,17	0,51	-0,04	-0,48	-0,88	-1,22	-1,53	-1,85	2,91	0
28/04/2020 05:25:00	3,09	3,31	2,89	2,37	1,82	1,13	0,48	-0,07	-0,51	-0,90	-1,24	-1,55	-1,87	2,82	0
28/04/2020 05:30:00	2,83	2,97	2,50	2,00	1,47	0,79	0,14	-0,40	-0,82	-1,20	-1,52	-1,81	-2,11	2,84	0
28/04/2020 05:35:00	2,75	2,97	2,50	2,12	1,61	0,94	0,35	-0,15	-0,56	-0,92	-1,23	-1,52	-1,80	2,89	0
28/04/2020 05:40:00	2,79	3,16	2,69	2,25	1,67	1,05	0,49	0,00	-0,41	-0,77	-1,05	-1,31	-1,58	2,85	0
28/04/2020 05:45:00	2,78	3,12	2,72	2,24	1,65	1,03	0,50	0,01	-0,41	-0,78	-1,08	-1,35	-1,63	2,79	0
28/04/2020 05:50:00	2,88	3,15	2,75	2,16	1,65	0,98	0,37	-0,15	-0,59	-0,96	-1,28	-1,56	-1,85	2,83	0
28/04/2020 05:55:00	2,87	3,14	2,70	2,19	1,61	1,03	0,42	-0,10	-0,52	-0,87	-1,16	-1,42	-1,69	2,92	0
28/04/2020 06:00:00	2,80	3,21	2,80	2,34	1,79	1,14	0,47	-0,09	-0,53	-0,91	-1,23	-1,53	-1,83	2,80	0
28/04/2020 06:05:00	2,74	3,09	2,69	2,21	1,63	0,95	0,33	-0,21	-0,65	-1,04	-1,37	-1,67	-1,98	2,78	0
28/04/2020 06:10:00	2,78	3,06	2,65	2,21	1,70	1,03	0,38	-0,17	-0,59	-0,97	-1,30	-1,61	-1,91	2,78	0
28/04/2020 06:15:00	2,89	3,21	2,73	2,16	1,55	0,88	0,30	-0,22	-0,66	-1,03	-1,33	-1,61	-1,89	2,92	0
28/04/2020 06:20:00	3,06	3,20	2,68	2,17	1,58	0,90	0,30	-0,22	-0,64	-1,00	-1,31	-1,59	-1,87	2,96	0
28/04/2020 06:25:00	3,07	3,00	2,33	1,81	1,15	0,48	-0,16	-0,69	-1,10	-1,46	-1,74	-2,00	-2,26	2,90	0
28/04/2020 06:30:00	3,28	3,14	2,41	1,79	1,10	0,38	-0,21	-0,73	-1,15	-1,50	-1,78	-2,03	-2,29	3,08	0
28/04/2020 06:35:00	3,38	3,17	2,39	1,83	1,18	0,53	-0,14	-0,67	-1,07	-1,40	-1,66	-1,90	-2,14	3,10	0
28/04/2020 06:40:00	2,80	3,13	2,49	1,97	1,43	0,75	0,15	-0,36	-0,77	-1,11	-1,36	-1,59	-1,83	3,13	0
28/04/2020 06:45:00	2,77	3,10	2,54	2,07	1,47	0,76	0,16	-0,36	-0,78	-1,15	-1,44	-1,72	-1,99	3,05	0
28/04/2020 06:50:00	3,20	3,18	2,37	1,84	1,27	0,63	-0,05	-0,59	-0,96	-1,27	-1,49	-1,69	-1,90	3,19	0
28/04/2020 06:55:00	3,81	3,20	2,27	1,60	1,13	0,52	-0,05	-0,50	-0,83	-1,09	-1,25	-1,41	-1,56	3,56	0
28/04/2020 07:00:00	3,65	3,12	2,39	1,78	1,19	0,50	-0,06	-0,54	-0,93	-1,26	-1,52	-1,76	-2,01	3,45	0
28/04/2020 07:05:00	3,93	3,11	2,24	1,65	1,09	0,48	-0,10	-0,56	-0,91	-1,19	-1,40	-1,61	-1,81	3,32	0
28/04/2020 07:10:00	4,10	3,05	2,15	1,54	1,00	0,41	-0,13	-0,57	-0,89	-1,17	-1,37	-1,56	-1,75	3,30	0
28/04/2020 07:15:00	3,63	2,73	1,93	1,32	0,75	0,10	-0,45	-0,90	-1,26	-1,57	-1,81	-2,04	-2,27	3,18	0
28/04/2020 07:20:00	3,95	2,61	1,60	1,06	0,43	-0,06	-0,53	-0,91	-1,20	-1,43	-1,58	-1,72	-1,86	3,23	0
28/04/2020 07:25:00	4,51	2,82	1,62	0,99	0,37	-0,25	-0,75	-1,14	-1,44	-1,68	-1,84	-1,99	-2,15	3,35	1
28/04/2020 07:30:00	4,05	2,98	1,89	1,25	0,71	0,00	-0,59	-1,06	-1,38	-1,65	-1,83	-2,02	-2,20	3,45	0
28/04/2020 07:35:00	4,33	2,84	1,80	1,09	0,53	-0,14	-0,60	-0,99	-1,31	-1,57	-1,76	-1,93	-2,10	3,73	0
28/04/2020 07:40:00	4,12	2,84	1,94	1,28	0,62	0,11	-0,49	-0,96	-1,29	-1,57	-1,77	-1,97	-2,16	3,87	0
28/04/2020 07:45:00	5,45	2,84	1,52	0,85	0,31	-0,19	-0,61	-0,93	-1,15	-1,33	-1,44	-1,55	-1,67	3,62	1
28/04/2020 07:50:00	4,57	3,13	1,84	1,10	0,54	-0,19	-0,70	-1,10	-1,41	-1,65	-1,79	-1,93	-2,07	3,94	1
28/04/2020 07:55:00	5,24	2,99	1,72	0,90	0,35	-0,32	-0,78	-1,14	-1,43	-1,66	-1,81	-1,96	-2,11	3,58	1
28/04/2020 08:00:00	5,55	3,18	1,75	0,88	0,17	-0,42	-0,92	-1,30	-1,57	-1,79	-1,91	-2,02	-2,14	4,04	1
28/04/2020 08:05:00	5,46	3,14	1,74	0,98	0,40	-0,20	-0,68	-1,04	-1,29	-1,48	-1,60	-1,71	-1,83	3,61	1
28/04/2020 08:10:00	6,17	3,30	1,67	0,88	0,38	-0,12	-0,48	-0,74	-0,90	-1,01	-1,01	-1,03	-1,04	3,98	1
28/04/2020 08:15:00	6,49	3,08	1,14	0,35	-0,10	-0,62	-0,99	-1,23	-1,36	-1,42	-1,38	-1,36	-1,33	4,71	1
28/04/2020 08:20:00	5,51	3,10	1,67	0,93	0,27	-0,19	-0,60	-0,92	-1,15	-1,31	-1,38	-1,44	-1,51	3,70	1
28/04/2020 08:25:00	6,37	3,02	1,39	0,66	0,14	-0,21	-0,64	-0,91	-1,06	-1,16	-1,17	-1,20	-1,22	4,08	1
28/04/2020 08:30:00	5,75	2,95	1,59	0,89	0,43	-0,15	-0,56	-0,87	-1,09	-1,28	-1,40	-1,53	-1,65	3,65	1
28/04/2020 08:35:00	4,32	3,10	2,01	1,37	0,69	0,12	-0,41	-0,84	-1,16	-1,42	-1,59	-1,75	-1,91	3,43	0
28/04/2020 08:40:00	6,61	2,72	1,04	0,24	-0,23	-0,66	-0,98	-1,19	-1,32	-1,41	-1,41	-1,43	-1,45	3,55	1
28/04/2020 08:45:00	5,08	2,81	1,42	0,70	0,18	-0,36	-0,75	-1,05	-1,27	-1,43	-1,50	-1,57	-1,63	3,53	1
28/04/2020 08:50:00	5,21	3,06	1,69	0,87	0,24	-0,28	-0,81	-1,20	-1,45	-1,65	-1,74	-1,83	-1,93	3,46	1
28/04/2020 08:55:00	4,31	3,11	2,04	1,42	0,77	0,05	-0,43	-0,84	-1,18	-1,47	-1,67	-1,87	-2,06	3,46	0
28/04/2020 09:00:00	6,46	3,03	1,30	0,52	-0,12	-0,56	-0,88	-1,11	-1,26	-1,36	-1,35	-1,36	-1,37	3,90	1
28/04/2020 09:05:00	7,03	2,89	1,11	0,25	-0,29	-0,72	-1,04	-1,25	-1,38	-1,46	-1,47	-1,48	-1,50	4,02	1
28/04/2020 09:10:00	5,77	3,07	1,61	0,93	0,36	-0,18	-0,59	-0,90	-1,10	-1,26	-1,33	-1,42	-1,51	3,66	1
28/04/2020 09:15:00	5,64	3,02	1,62	0,95	0,43	-0,03	-0,50	-0,83	-1,04	-1,20	-1,29	-1,38	-1,48	4,18	1
28/04/2020 09:20:00	4,79	3,19	1,95	1,29	0,66	0,18	-0,35	-0,74	-1,00	-1,19	-1,28	-1,38	-1,48	3,70	1
28/04/2020 09:25:00	5,57	2,99	1,69	1,02	0,56	0,06	-0,34	-0,64	-0,85	-1,02	-1,11	-1,22	-1,32	4,18	1
28/04/2020 09:30:00	6,02	3,56	2,03	1,21	0,40	-0,17	-0,60	-0,94	-1,20	-1,39	-1,49	-1,58	-1,67	4,10	1
28/04/2020 09:35:00	7,36	3,29	1,39	0,62	0,12	-0,22	-0,51	-0,68	-0,76	-0,79	-0,73	-0,69	-0,66	4,62	1
28/04/2020 09:40:00	7,84	3,75	1,85	0,87	0,31	-0,23	-0,50	-0,69	-0,84	-0,92	-0,92	-0,92	-0,93	4,85	1
28/04/2020 09:45:00	5,52	3,71	2,31	1,58	0,84	0,22	-0,31	-0,72	-1,01	-1,23	-1,37	-1,50	-1,62	4,61	1
28/04/2020 09:50:00	7,63	3,67	1,84	1,00	0,40	-0,06	-0,37	-0,58	-0,72	-0,81	-0,82	-0,85	-0,88	4,83	1
28/04/2020 09:55:00	7,82	3,60	1,65	0,70	0,21	-0,10	-0,52	-0,75	-0,85	-0,89	-0,83	-0,79	-0,76	4,66	1
28/04/2020 10:00:00	7,93	3,79	1,81	0,93	0,41	-0,18	-0,46	-0,65	-0,77	-0,85	-0,84	-0,85	-0,86	4,43	1
28/04/2020 10:05:00	8,23	3,55	1,56	0,84	0,47	0,13	-0,10	-0,20	-0,24	-0,24	-0,16	-0,12	-0,08	5,46	1
28/04/2020 10:10:00	8,06	3,58	1,65	0,74	0,21	-0,18	-0,59	-0,84	-0,96	-1,04	-1,04	-1,07	-1,10	4,70	1
28/04/2020 10:15:00	7,34	4,03	2,20	1,40	0,72	0,25	-0,19	-0,50	-0,67	-0,80	-0,83	-0,88	-0,92	5,25	1
28/04/2020 10:20:00	8,08	4,10	2,09	1,08	0,43	-0,11	-0,48	-0,72	-0,88	-0,98	-0,97	-0,98	-0,99	5,15	1
28/04/2020 10:25:00	9,07	4,24	2,24	1,47	0,67	0,23	-0,30	-0,63	-0,80	-0,96	-1,08	-1,23	-1,37	5,18	1
28/04/2020 10:30:00	8,85	3,72	1,77	0,97	0,59	0,41	0,10	-0,05	-0,08	-0,09	-0,04	-0,02	0,00	5,35	1
28/04/2020 10:35:00	8,62	4,04	1,84	0,97	0,38	-0,06	-0,32	-0,47	-0,55	-0,57	-0,50	-0,45	-0,40	5,04	1
28/04/2020 10:40:00	9,22	4,24	2,08	1,24	0,73	0,48	0,08	-0,12	-0,17	-0,19	-0,14	-0,12	-0,10	5,71	1
28/04/2020 10:45:00	7,10	4,64	2,97	2,13	1,54	0,85	0,30	-0,10	-0,35	-0,54	-0,65	-0,76	-0,88	5,06	1
28/04/2020 10:50:00	10,48	4,58	1,88	0,93	0,39	-0,06	-0,26	-0,34	-0,33	-0,29	-0,15	-0,06	0,04	5,99	1
28/04/2020 10:55:00	7,00	4,68	3,11	2,32	1,79	1,24	0,86	0,58	0,37	0,24	0,20	0,16	0,11	5,88	1
28/04/2020 11:00:00	9,36	4,28	2,15	1,31	0,85	0,59	0,38	0,29	0,26	0,26	0,35	0,41	0,47	5,38	1
28/04/2020 11:05:00	9,41	4,54	2,33	1,54	1,01	0,60	0,36	0,24	0,18	0,17	0,23	0,26	0,29	5,58	1
28/04/2020 11:10:00	9,25	4,83	2,90	2,06	1,45	0,99	0,62	0,39	0,26	0,15	0,12	0,05	-0,02	6,51	1
28/04/2020 11:15:00	10,04	4,75	2,48	1,55	1,06	0,75	0,48	0,35	0,33	0,34	0,44	0,50	0,56	5,82	1
28/04/2020 11:20:00	9,46	4,73	2,66	1,88	1,40	1,09	0,86	0,74	0,70	0,69	0,76	0,80	0,83	6,13	1
28/04/2020 11:25:00	9,64	5,09	2,85	1,89	1,31	0,92	0,61	0,44	0,37	0,35	0,43	0,48	0,54	5,96	1
28/04/2020 11:30:00	10,20	5,37	2,91	2,07	1,57	1,29	1,01	0,89	0,89	0,93	1,08	1,18	1,28	6,61	1
28/04/2020 11:35:00	10,87	5,51	2,98	2,03	1,41	0,98	0,71	0,58	0,54	0,55	0,63	0,69	0,74	7,55	1
28/04/2020 11:40:00	10,30	5,28	2,94	2,10	1,69	1,37	1,16	1,08	1,07	1,12	1,24	1,33	1,42	6,60	1
28/04/2020 11:45:00	10,01	5,73	3,73	2,79	2,30	1,76	1,37	1,12	0,97	0,85	0,79	0,71	0,64	7,05	1
28/04/2020 11:50:00	10,37	5,84	3,52	2,55	1,99	1,56	1,16	0,93	0,85	0,82	0,88	0,90	0,93	6,88	1
28/04/2020 11:55:00	9,04	5,73	4,11	3,39	2,90	2,40	2,17	1,99	1,84	1,71	1,66	1,59	1,52	6,74	1
28/04/2020 12:00:00	7,83	6,10	4,73	3,99	3,30	2,65	2,05	1,60	1,28	1,02	0,81	0,60	0,40	7,32	1
28/04/2020 12:05:00	7,35	5,98	4,84	4,18	3,56	2,80	2,11	1,59	1,23	0,89	0,60	0,30	0,00	6,27	1
28/04/2020 12:10:00	10,32	5,74	3,81	3,07	2,58	2,17	1,80	1,59	1,48	1,38	1,33	1,24	1,16	6,88	1
28/04/2020 12:15:00	7,36	6,13	5,04	4,43	3,82	3,12	2,55	2,09	1,75	1,44	1,17	0,91	0,64	6,48	0
28/04/2020 12:20:00	6,68	5,97	5,00	4,26	3,59	3,03	2,42	1,94	1,58	1,28	1,05	0,84	0,62	6,48	0
28/04/2020 12:25:00	6,42	5,89	5,00	4,35	3,71	3,11	2,50	2,01	1,64	1,32	1,07	0,83	0,58	6,56	0
28/04/2020 12:30:00	7,04	6,05	5,04	4,43	3,89	3,10	2,38	1,83	1,45	1,10	0,77	0,45	0,13	6,53	0
28/04/2020 12:35:00	7,75	5,89	4,69	3,91	3,29	2,73	2,17	1,74	1,44	1,18	0,98	0,78	0,58	6,70	1
28/04/2020 12:40:00	7,48	5,86	4,60	3,93	3,37	2,69	2,09	1,64	1,33	1,06	0,84	0,61	0,39	6,40	1
28/04/2020 12:45:00	7,19	5,88	4,83	4,14	3,55	2,99	2,41	1,96	1,64	1,36	1,14	0,92	0,70	6,44	0
28/04/2020 12:50:00	7,05	5,89	4,95	4,37	3,81	3,19	2,58	2,11	1,76	1,45	1,17	0,90	0,62	6,68	0
28/04/2020 12:55:00	7,13	6,05	5,14	4,59	3,88	3,18	2,43	1,86	1,46	1,08	0,71	0,35	-0,01	6,52	0
28/04/2020 13:00:00	7,09	5,89	4,92	4,37	3,74	3,01	2,34	1,83	1,45	1,10	0,77	0,45	0,12	6,46	0
28/04/2020 13:05:00	7,35	6,06	4,86	4,24	3,73	3,05	2,46	2,00	1,69	1,41	1,18	0,95	0,72	6,60	0
28/04/2020 13:10:00	8,15	6,63	5,06	4,27	3,47	2,66	2,09	1,64	1,30	1,02	0,82	0,62	0,42	8,08	1
28/04/2020 13:15:00	9,07	6,40	4,56	3,72	3,09	2,56	2,09	1,77	1,57	1,44	1,40	1,34	1,29	7,54	1
28/04/2020 13:20:00	9,17	6,50	4,89	4,17	3,58	2,92	2,39	2,00	1,75	1,53	1,36	1,17	0,97	7,68	1
28/04/2020 13:25:00	8,91	6,78	5,26	4,33	3,64	2,89	2,31	1,87	1,56	1,29	1,09	0,89	0,69	7,60	1
28/04/2020 13:30:00	8,32	6,63	5,36	4,75	4,23	3,66	3,00	2,53	2,24	1,97	1,75	1,51	1,27	7,30	1
28/04/2020 13:35:00	8,41	6,70	5,38	4,76	4,14	3,66	3,01	2,56	2,28	2,03	1,84	1,64	1,44	7,53	1
28/04/2020 13:40:00	11,34	6,29	4,19	3,45	2,97	2,64	2,33	2,17	2,11	2,06	2,06	2,01	1,96	7,52	1
28/04/2020 13:45:00	10,93	6,59	4,49	3,62	3,13	2,69	2,38	2,20	2,10	2,03	2,04	2,01	1,99	8,08	1
28/04/2020 13:50:00	9,20	6,67	5,36	4,75	4,25	3,77	3,25	2,89	2,65	2,42	2,23	2,02	1,81	7,92	1
28/04/2020 13:55:00	9,86	6,74	5,09	4,24	3,60	3,02	2,53	2,18	1,94	1,73	1,57	1,40	1,23	8,23	1
28/04/2020 14:00:00	8,55	6,71	5,33	4,57	3,94	3,36	2,84	2,44	2,16	1,93	1,77	1,60	1,44	7,46	1
28/04/2020 14:05:00	7,94	6,87	5,75	5,10	4,51	3,94	3,26	2,76	2,43	2,14	1,90	1,66	1,42	7,66	0
28/04/2020 14:10:00	8,53	6,86	5,58	4,90	4,35	3,68	3,09	2,65	2,34	2,07	1,84	1,61	1,37	7,94	1
28/04/2020 14:15:00	10,64	6,48	4,63	3,81	3,33	2,93	2,82	2,75	2,67	2,63	2,68	2,69	2,71	7,90	1
28/04/2020 14:20:00	11,87	6,74	4,49	3,77	3,40	2,97	2,58	2,38	2,31	2,24	2,19	2,10	2,00	8,73	1
28/04/2020 14:25:00	11,84	7,07	4,78	3,89	3,40	2,99	2,68	2,52	2,46	2,43	2,47	2,47	2,47	9,11	1
28/04/2020 14:30:00	11,76	7,02	4,79	3,78	3,13	2,67	2,31	2,10	1,99	1,91	1,90	1,87	1,84	8,73	1
28/04/2020 14:35:00	10,03	6,81	5,19	4,56	4,08	3,62	3,19	2,90	2,72	2,55	2,43	2,27	2,12	7,89	1
28/04/2020 14:40:00	9,98	7,11	5,53	4,83	4,15	3,56	3,07	2,71	2,46	2,24	2,06	1,86	1,66	8,50	1
28/04/2020 14:45:00	9,21	7,27	5,89	5,12	4,45	3,79	3,25	2,84	2,53	2,27	2,06	1,85	1,64	8,25	1
28/04/2020 14:50:00	9,13	7,12	5,75	5,05	4,41	3,79	3,21	2,77	2,47	2,19	1,97	1,73	1,50	8,24	1
28/04/2020 14:55:00	8,82	7,38	5,94	5,23	4,56	3,95	3,42	3,01	2,71	2,47	2,31	2,14	1,97	7,95	1
28/04/2020 15:00:00	11,61	7,10	5,02	4,32	3,88	3,29	2,86	2,61	2,48	2,34	2,22	2,05	1,89	8,52	1
28/04/2020 15:05:00	11,76	7,43	5,27	4,43	3,93	3,61	3,28	3,09	3,03	2,99	3,03	3,03	3,03	8,75	1
28/04/2020 15:10:00	12,66	7,03	4,66	3,84	3,37	2,94	2,68	2,56	2,52	2,48	2,48	2,43	2,37	10,12	1
28/04/2020 15:15:00	11,56	7,26	5,04	4,33	3,91	3,49	3,12	2,92	2,85	2,80	2,81	2,77	2,72	9,34	1
28/04/2020 15:20:00	11,82	7,70	5,64	4,62	3,95	3,50	3,05	2,77	2,62	2,50	2,45	2,37	2,30	9,55	1
28/04/2020 15:25:00	10,93	7,74	5,80	4,91	4,29	3,67	3,20	2,88	2,68	2,51	2,42	2,30	2,19	9,07	1
28/04/2020 15:30:00	11,39	7,83	5,80	5,02	4,34	3,74	3,29	2,98	2,80	2,63	2,52	2,39	2,25	9,12	1
28/04/2020 15:35:00	11,02	7,93	6,05	5,22	4,60	4,07	3,56	3,21	3,02	2,85	2,76	2,63	2,51	9,20	1
28/04/2020 15:40:00	10,81	7,90	6,06	5,16	4,51	3,87	3,47	3,17	2,95	2,78	2,68	2,57	2,46	9,36	1
28/04/2020 15:45:00	10,73	7,98	6,20	5,44	4,89	4,25	3,76	3,41	3,18	2,98	2,84	2,67	2,51	9,60	1
28/04/2020 15:50:00	11,01	7,80	6,20	5,61	5,14	4,73	4,17	3,81	3,62	3,42	3,24	3,02	2,80	9,48	1
28/04/2020 15:55:00	11,26	7,90	6,05	5,37	4,77	4,27	3,75	3,41	3,22	3,04	2,90	2,73	2,56	9,00	1
28/04/2020 16:00:00	11,04	8,00	6,19	5,31	4,70	4,20	3,69	3,35	3,14	2,97	2,87	2,74	2,62	9,63	1
28/04/2020 16:05:00	9,22	8,12	6,84	6,13	5,44	4,72	4,11	3,62	3,27	2,96	2,69	2,43	2,17	8,80	1
28/04/2020 16:10:00	10,39	7,92	6,40	5,69	5,07	4,49	4,01	3,65	3,40	3,18	3,00	2,80	2,60	9,28	1
28/04/2020 16:15:00	10,23	8,18	6,77	6,09	5,46	4,72	4,14	3,70	3,37	3,06	2,78	2,48	2,19	9,83	1
28/04/2020 16:20:00	10,45	8,05	6,45	5,74	5,20	4,63	4,12	3,76	3,52	3,32	3,16	2,98	2,81	9,34	1
28/04/2020 16:25:00	10,55	8,35	6,71	5,91	5,21	4,59	3,99	3,56	3,28	3,03	2,85	2,65	2,45	9,66	1
28/04/2020 16:30:00	10,68	8,01	6,31	5,52	4,86	4,29	3,81	3,46	3,22	3,02	2,89	2,73	2,58	9,61	1
28/04/2020 16:35:00	10,30	7,99	6,32	5,52	4,95	4,40	3,92	3,58	3,37	3,20	3,12	3,02	2,91	9,55	1
28/04/2020 16:40:00	10,49	8,15	6,78	6,02	5,30	4,58	4,04	3,62	3,29	2,98	2,69	2,40	2,11	9,56	1
28/04/2020 16:45:00	10,37	8,10	6,59	5,85	5,23	4,58	4,10	3,73	3,46	3,23	3,04	2,84	2,63	10,10	1
28/04/2020 16:50:00	9,82	8,10	6,88	6,16	5,52	4,87	4,29	3,84	3,52	3,22	2,96	2,70	2,43	9,20	1
28/04/2020 16:55:00	9,56	7,99	6,85	6,26	5,68	5,05	4,45	3,99	3,66	3,34	3,05	2,74	2,44	9,42	1
28/04/2020 17:00:00	7,78	8,22	7,53	6,98	6,30	5,59	4,84	4,23	3,78	3,36	2,98	2,61	2,24	8,95	0
28/04/2020 17:05:00	9,80	8,25	7,03	6,35	5,68	5,01	4,44	3,99	3,65	3,34	3,07	2,79	2,52	9,15	1
28/04/2020 17:10:00	9,78	8,39	7,13	6,45	5,79	5,16	4,61	4,18	3,86	3,57	3,34	3,10	2,86	9,62	1
28/04/2020 17:15:00	9,73	8,38	7,19	6,58	6,00	5,37	4,74	4,27	3,94	3,64	3,37	3,08	2,80	9,68	0
28/04/2020 17:20:00	9,99	8,46	7,29	6,56	5,89	5,24	4,66	4,20	3,86	3,54	3,26	2,98	2,69	10,02	1
28/04/2020 17:25:00	9,72	8,44	7,25	6,59	6,01	5,29	4,69	4,22	3,88	3,56	3,28	2,99	2,70	10,50	1
28/04/2020 17:30:00	9,14	8,54	7,63	7,22	6,48	5,80	5,12	4,59	4,19	3,80	3,42	3,04	2,65	9,95	0
28/04/2020 17:35:00	9,17	8,55	7,54	6,89	6,22	5,56	4,95	4,45	4,08	3,74	3,45	3,17	2,88	10,03	0
28/04/2020 17:40:00	9,15	8,57	7,60	7,01	6,32	5,67	5,08	4,60	4,22	3,88	3,57	3,27	2,97	9,89	0
28/04/2020 17:45:00	9,29	8,62	7,69	7,03	6,35	5,69	5,03	4,51	4,11	3,75	3,42	3,10	2,77	10,03	0
28/04/2020 17:50:00	8,74	8,74	7,89	7,24	6,53	5,76	5,03	4,43	3,99	3,58	3,20	2,84	2,48	9,88	0
28/04/2020 17:55:00	8,51	8,74	7,85	7,15	6,46	5,72	5,03	4,47	4,03	3,66	3,34	3,03	2,72	9,84	0
28/04/2020 18:00:00	8,65	8,80	7,99	7,29	6,60	5,87	5,21	4,66	4,23	3,85	3,52	3,20	2,88	10,27	0
28/04/2020 18:05:00	8,65	8,99	8,17	7,58	6,83	6,02	5,25	4,63	4,16	3,73	3,33	2,95	2,56	10,60	0
28/04/2020 18:10:00	8,50	8,90	8,08	7,47	6,82	6,10	5,42	4,86	4,43	4,06	3,73	3,42	3,11	9,92	0
28/04/2020 18:15:00	8,21	9,06	8,38	7,75	7,01	6,17	5,41	4,77	4,27	3,83	3,42	3,03	2,64	10,28	0
28/04/2020 18:20:00	7,79	9,04	8,58	8,05	7,35	6,48	5,68	5,01	4,48	3,99	3,51	3,06	2,61	9,83	0
28/04/2020 18:25:00	7,66	9,05	8,56	8,03	7,23	6,39	5,62	4,95	4,41	3,92	3,46	3,02	2,59	9,79	0
28/04/2020 18:30:00	7,58	9,08	8,58	8,03	7,26	6,50	5,73	5,06	4,54	4,08	3,66	3,26	2,87	9,85	0
28/04/2020 18:35:00	7,33	8,91	8,58	8,08	7,40	6,58	5,80	5,13	4,60	4,10	3,63	3,18	2,73	9,75	0
28/04/2020 18:40:00	6,91	8,95	8,69	8,20	7,43	6,61	5,78	5,07	4,50	3,98	3,49	3,03	2,57	9,81	0
28/04/2020 18:45:00	6,87	8,93	8,69	8,20	7,53	6,71	5,88	5,16	4,60	4,09	3,60	3,14	2,68	9,58	0
28/04/2020 18:50:00	7,12	8,92	8,62	8,13	7,43	6,61	5,82	5,13	4,58	4,07	3,59	3,14	2,68	9,71	0
28/04/2020 18:55:00	6,95	8,98	8,72	8,17	7,46	6,66	5,85	5,15	4,60	4,09	3,62	3,18	2,74	9,60	0
28/04/2020 19:00:00	7,18	8,91	8,61	8,14	7,47	6,63	5,88	5,23	4,69	4,19	3,71	3,27	2,82	9,81	0
28/04/2020 19:05:00	7,18	8,89	8,64	8,20	7,46	6,70	5,90	5,21	4,66	4,15	3,65	3,19	2,72	9,57	0
28/04/2020 19:10:00	7,42	9,17	9,00	8,54	7,83	7,00	6,27	5,62	5,06	4,53	4,02	3,54	3,06	9,52	0
28/04/2020 19:15:00	7,64	9,44	9,32	8,90	8,24	7,43	6,67	6,01	5,45	4,92	4,39	3,89	3,39	9,55	0
28/04/2020 19:20:00	7,87	9,78	9,66	9,24	8,55	7,80	6,99	6,30	5,74	5,21	4,69	4,19	3,69	9,47	0
28/04/2020 19:25:00	7,47	10,22	10,22	9,77	9,11	8,21	7,37	6,63	6,02	5,44	4,89	4,36	3,84	9,58	0
28/04/2020 19:30:00	8,02	10,08	10,02	9,60	8,93	8,13	7,32	6,62	6,05	5,50	4,96	4,44	3,93	9,40	0
28/04/2020 19:35:00	7,85	10,13	10,12	9,73	9,01	8,22	7,42	6,71	6,12	5,56	5,00	4,47	3,94	9,40	0
28/04/2020 19:40:00	8,02	10,44	10,50	10,06	9,44	8,70	7,84	7,10	6,52	5,96	5,41	4,89	4,37	9,43	0
28/04/2020 19:45:00	8,15	10,77	10,81	10,44	9,76	8,95	8,16	7,45	6,86	6,29	5,74	5,21	4,68	9,45	0
28/04/2020 19:50:00	8,77	11,06	11,06	10,63	9,92	9,18	8,38	7,67	7,09	6,54	6,00	5,48	4,96	9,37	0
28/04/2020 19:55:00	8,98	10,97	10,97	10,57	9,96	9,23	8,49	7,83	7,28	6,75	6,22	5,71	5,21	9,40	0
28/04/2020 20:00:00	9,17	11,34	11,34	10,91	10,28	9,53	8,75	8,06	7,49	6,95	6,41	5,89	5,37	9,40	0
28/04/2020 20:05:00	9,26	11,28	11,33	10,96	10,34	9,62	8,83	8,15	7,58	7,03	6,46	5,91	5,36	9,37	0
28/04/2020 20:10:00	9,01	11,37	11,42	11,04	10,41	9,65	8,83	8,12	7,54	6,99	6,43	5,89	5,35	9,42	0
28/04/2020 20:15:00	9,72	11,11	11,06	10,66	10,06	9,38	8,68	8,05	7,53	7,01	6,49	5,98	5,46	9,53	0
28/04/2020 20:20:00	9,44	10,85	10,71	10,31	9,75	9,06	8,32	7,69	7,18	6,68	6,18	5,68	5,19	9,48	0
28/04/2020 20:25:00	9,41	10,84	10,71	10,28	9,69	8,98	8,27	7,65	7,13	6,62	6,12	5,63	5,14	9,48	0
28/04/2020 20:30:00	9,17	11,22	11,23	10,84	10,20	9,36	8,58	7,89	7,31	6,74	6,15	5,59	5,03	9,43	0
28/04/2020 20:35:00	9,59	11,20	11,13	10,74	10,14	9,38	8,68	8,05	7,51	6,99	6,45	5,93	5,41	9,45	0
28/04/2020 20:40:00	9,42	11,15	11,08	10,73	10,12	9,40	8,68	8,04	7,50	6,98	6,45	5,94	5,42	9,40	0
28/04/2020 20:45:00	9,50	11,17	11,14	10,75	10,13	9,43	8,67	8,02	7,47	6,94	6,39	5,86	5,33	9,43	0
28/04/2020 20:50:00	9,42	10,78	10,70	10,32	9,69	8,95	8,29	7,69	7,16	6,64	6,11	5,60	5,09	9,41	0
28/04/2020 20:55:00	9,36	10,90	10,79	10,38	9,76	8,98	8,28	7,65	7,11	6,58	6,05	5,54	5,03	9,37	0
28/04/2020 21:00:00	9,49	10,66	10,50	10,03	9,47	8,75	8,02	7,39	6,88	6,38	5,87	5,38	4,88	9,15	0
28/04/2020 21:05:00	8,99	10,26	10,08	9,62	9,02	8,27	7,59	6,98	6,47	5,97	5,48	5,01	4,53	9,00	0
28/04/2020 21:10:00	8,88	10,19	9,97	9,50	8,88	8,11	7,39	6,76	6,23	5,73	5,23	4,74	4,26	8,93	0
28/04/2020 21:15:00	8,62	10,09	9,91	9,48	8,85	8,18	7,41	6,75	6,24	5,74	5,26	4,78	4,31	8,75	0
28/04/2020 21:20:00	8,72	10,03	9,87	9,49	8,90	8,26	7,55	6,94	6,45	5,97	5,49	5,03	4,57	8,75	0
28/04/2020 21:25:00	8,70	10,23	10,11	9,69	9,13	8,40	7,73	7,12	6,61	6,12	5,63	5,16	4,69	8,81	0
28/04/2020 21:30:00	8,62	10,27	10,17	9,79	9,18	8,54	7,83	7,22	6,70	6,21	5,73	5,27	4,81	8,64	0
28/04/2020 21:35:00	8,68	10,34	10,25	9,88	9,27	8,63	7,92	7,29	6,78	6,29	5,81	5,34	4,87	8,69	0
28/04/2020 21:40:00	8,66	10,73	10,79	10,41	9,83	9,10	8,33	7,66	7,10	6,56	6,02	5,49	4,96	8,75	0
28/04/2020 21:45:00	8,76	10,77	10,83	10,47	9,88	9,10	8,39	7,75	7,18	6,64	6,09	5,55	5,02	8,68	0
28/04/2020 21:50:00	8,65	10,65	10,67	10,34	9,78	9,02	8,32	7,69	7,15	6,62	6,09	5,57	5,06	8,60	0
28/04/2020 21:55:00	8,56	10,48	10,51	10,17	9,63	8,94	8,24	7,61	7,08	6,57	6,06	5,57	5,08	8,57	0
28/04/2020 22:00:00	8,53	10,53	10,60	10,24	9,69	8,97	8,25	7,61	7,07	6,54	6,01	5,50	4,99	8,58	0
28/04/2020 22:05:00	8,65	10,67	10,77	10,40	9,89	9,16	8,48	7,85	7,32	6,80	6,27	5,77	5,26	8,62	0
28/04/2020 22:10:00	8,43	10,57	10,69	10,31	9,77	9,03	8,33	7,70	7,14	6,61	6,08	5,56	5,05	8,49	0
28/04/2020 22:15:00	8,53	10,48	10,59	10,28	9,71	8,97	8,33	7,72	7,17	6,64	6,10	5,58	5,06	8,50	0
28/04/2020 22:20:00	8,56	10,57	10,68	10,33	9,75	9,09	8,35	7,70	7,15	6,62	6,09	5,58	5,06	8,55	0
28/04/2020 22:25:00	8,45	10,52	10,66	10,32	9,73	9,08	8,39	7,77	7,22	6,70	6,18	5,68	5,18	8,37	0
28/04/2020 22:30:00	8,51	10,28	10,31	9,98	9,39	8,77	8,05	7,41	6,89	6,38	5,87	5,38	4,88	8,50	0
28/04/2020 22:35:00	8,71	10,20	10,19	9,85	9,31	8,65	8,01	7,43	6,92	6,43	5,94	5,46	4,98	8,62	0
28/04/2020 22:40:00	8,68	10,16	10,04	9,64	9,06	8,43	7,79	7,21	6,72	6,26	5,81	5,38	4,95	8,72	0
28/04/2020 22:45:00	8,62	10,13	10,09	9,68	9,13	8,55	7,86	7,25	6,75	6,28	5,82	5,37	4,92	8,72	0
28/04/2020 22:50:00	8,66	10,16	10,08	9,69	9,18	8,60	7,93	7,35	6,87	6,41	5,97	5,53	5,10	8,68	0
28/04/2020 22:55:00	8,78	10,20	10,13	9,77	9,25	8,65	8,01	7,45	6,97	6,51	6,05	5,61	5,17	8,74	0
28/04/2020 23:00:00	8,60	10,02	9,89	9,53	9,00	8,42	7,79	7,24	6,77	6,32	5,90	5,48	5,07	8,70	0
28/04/2020 23:05:00	8,72	9,98	9,87	9,55	9,09	8,46	7,86	7,33	6,86	6,42	5,98	5,54	5,11	8,70	0
28/04/2020 23:10:00	8,64	10,22	10,18	9,81	9,29	8,68	7,98	7,37	6,87	6,39	5,91	5,45	4,99	8,72	0
28/04/2020 23:15:00	8,61	10,33	10,33	10,01	9,49	8,85	8,21	7,64	7,14	6,66	6,18	5,72	5,27	8,68	0
28/04/2020 23:20:00	8,80	10,26	10,20	9,87	9,33	8,73	8,11	7,55	7,07	6,60	6,15	5,70	5,25	8,78	0
28/04/2020 23:25:00	8,86	10,20	10,09	9,77	9,27	8,66	8,03	7,47	7,00	6,54	6,09	5,65	5,21	8,82	0
28/04/2020 23:30:00	8,71	10,14	10,10	9,72	9,22	8,60	7,98	7,41	6,93	6,47	6,01	5,57	5,13	8,83	0
28/04/2020 23:35:00	8,72	10,27	10,24	9,87	9,34	8,70	8,11	7,55	7,06	6,60	6,14	5,70	5,26	8,82	0
28/04/2020 23:40:00	8,85	10,28	10,19	9,84	9,28	8,73	8,11	7,56	7,09	6,64	6,21	5,79	5,37	8,83	0
28/04/2020 23:45:00	8,88	10,03	9,90	9,48	8,99	8,35	7,80	7,29	6,82	6,38	5,95	5,54	5,12	8,92	0
28/04/2020 23:50:00	8,96	10,02	9,88	9,56	9,12	8,63	8,02	7,49	7,06	6,65	6,24	5,84	5,44	8,89	0
28/04/2020 23:55:00	8,83	10,11	10,02	9,73	9,22	8,61	8,02	7,48	7,01	6,56	6,11	5,67	5,23	8,88	0
