FileFormat:0002.2 file with temperature of atmosphere
200
local	GMT or Local
0	GMT-Local=[hours]
0	Height[m]
0	0	0	Longitude                [grd]               [min]               [sec]
0	0	0	Latitude                [grd]               [min]               [sec]
N	NS
59,40	Freq[GHz]
0,00	dTemostat[K]
0,150	MessErr[K]
0,248	//[grad/step]
version 14.0.20110218
MTP5H033F5940K-33.00D180214+A1.1
Commentary:
enter comment
End Of Commentary

SYSTEM\summer.dat
data time	0	50	100	150	200	250	300	350	400	450	500	550	600	OutsideTemperature	Quality
30/08/2020 00:00:00	13,08	14,83	15,78	15,98	15,97	15,72	15,36	14,98	14,57	14,10	13,54	12,95	12,36	13,07	0
30/08/2020 00:05:00	13,13	14,92	15,78	15,88	15,74	15,50	15,16	14,78	14,37	13,91	13,38	12,84	12,29	13,15	0
30/08/2020 00:10:00	13,11	14,74	15,49	15,61	15,49	15,23	14,88	14,51	14,11	13,67	13,15	12,61	12,07	13,08	0
30/08/2020 00:15:00	13,24	14,77	15,44	15,52	15,42	15,16	14,85	14,50	14,12	13,70	13,22	12,72	12,22	13,22	0
30/08/2020 00:20:00	13,34	14,87	15,45	15,48	15,30	15,03	14,72	14,36	13,98	13,57	13,11	12,63	12,15	13,43	0
30/08/2020 00:25:00	13,46	14,96	15,46	15,46	15,30	14,99	14,64	14,28	13,89	13,48	13,01	12,53	12,05	13,62	0
30/08/2020 00:30:00	13,77	14,99	15,37	15,43	15,34	15,07	14,73	14,39	14,04	13,66	13,22	12,76	12,30	13,65	0
30/08/2020 00:35:00	13,73	14,77	15,21	15,27	15,15	14,93	14,64	14,32	13,98	13,60	13,17	12,71	12,26	13,69	0
30/08/2020 00:40:00	13,78	14,94	15,36	15,42	15,29	15,05	14,74	14,42	14,07	13,69	13,26	12,80	12,35	13,85	0
30/08/2020 00:45:00	13,90	14,95	15,34	15,41	15,27	15,03	14,73	14,41	14,07	13,69	13,26	12,80	12,34	14,15	0
30/08/2020 00:50:00	13,83	15,08	15,50	15,57	15,42	15,13	14,79	14,44	14,07	13,67	13,20	12,72	12,23	14,42	0
30/08/2020 00:55:00	13,91	15,05	15,36	15,37	15,23	15,01	14,71	14,39	14,06	13,72	13,33	12,92	12,51	14,66	0
30/08/2020 01:00:00	14,03	14,98	15,33	15,34	15,23	15,02	14,72	14,41	14,08	13,73	13,32	12,89	12,45	14,84	0
30/08/2020 01:05:00	13,98	15,02	15,35	15,37	15,26	15,02	14,71	14,39	14,06	13,70	13,30	12,86	12,43	15,09	0
30/08/2020 01:10:00	14,25	15,27	15,65	15,67	15,57	15,34	15,05	14,75	14,41	14,06	13,64	13,20	12,76	15,04	0
30/08/2020 01:15:00	14,64	15,48	15,75	15,79	15,73	15,50	15,24	14,96	14,65	14,31	13,92	13,50	13,08	14,94	0
30/08/2020 01:20:00	14,92	15,66	15,94	15,95	15,82	15,61	15,37	15,10	14,79	14,46	14,07	13,66	13,24	14,92	0
30/08/2020 01:25:00	15,09	15,86	16,12	16,15	16,09	15,90	15,61	15,32	15,01	14,68	14,28	13,86	13,43	15,02	0
30/08/2020 01:30:00	15,09	15,83	16,07	16,12	15,99	15,82	15,54	15,25	14,94	14,61	14,22	13,80	13,38	15,10	0
30/08/2020 01:35:00	15,27	15,79	16,01	16,01	15,90	15,74	15,51	15,26	14,98	14,67	14,31	13,92	13,53	15,33	0
30/08/2020 01:40:00	15,30	15,88	16,04	16,04	15,93	15,76	15,51	15,25	14,96	14,65	14,30	13,91	13,52	15,32	0
30/08/2020 01:45:00	15,25	15,81	16,05	16,05	15,99	15,85	15,60	15,34	15,06	14,76	14,39	14,00	13,60	15,25	0
30/08/2020 01:50:00	15,15	15,70	15,90	15,88	15,81	15,67	15,47	15,23	14,96	14,68	14,35	13,99	13,63	15,14	0
30/08/2020 01:55:00	15,13	15,72	15,89	15,94	15,84	15,67	15,46	15,23	14,95	14,65	14,30	13,93	13,55	15,17	0
30/08/2020 02:00:00	15,06	15,71	15,94	15,97	15,84	15,67	15,44	15,18	14,89	14,57	14,21	13,81	13,41	15,14	0
30/08/2020 02:05:00	15,08	15,71	15,94	16,01	15,94	15,80	15,55	15,29	15,01	14,69	14,32	13,92	13,52	15,08	0
30/08/2020 02:10:00	15,14	15,64	15,90	15,98	15,97	15,84	15,65	15,43	15,16	14,87	14,52	14,13	13,75	15,15	0
30/08/2020 02:15:00	15,25	15,73	15,93	16,00	15,95	15,86	15,66	15,44	15,18	14,90	14,57	14,20	13,83	15,17	0
30/08/2020 02:20:00	15,26	15,66	15,82	15,88	15,84	15,74	15,52	15,29	15,04	14,76	14,43	14,06	13,69	15,27	0
30/08/2020 02:25:00	15,28	15,73	15,92	15,97	15,94	15,84	15,67	15,48	15,23	14,96	14,65	14,31	13,96	15,30	0
30/08/2020 02:30:00	15,12	15,66	15,94	16,02	15,98	15,84	15,64	15,42	15,15	14,85	14,49	14,09	13,70	15,19	0
30/08/2020 02:35:00	15,11	15,72	16,02	16,08	16,07	15,95	15,74	15,50	15,23	14,93	14,58	14,19	13,80	14,94	0
30/08/2020 02:40:00	14,96	15,57	15,94	16,05	16,01	15,89	15,68	15,44	15,16	14,84	14,46	14,04	13,62	14,95	0
30/08/2020 02:45:00	14,87	15,64	15,98	16,07	15,98	15,77	15,55	15,29	14,98	14,65	14,25	13,82	13,39	14,85	0
30/08/2020 02:50:00	14,84	15,61	15,84	15,90	15,82	15,65	15,40	15,13	14,84	14,53	14,16	13,76	13,37	14,81	0
30/08/2020 02:55:00	14,92	15,52	15,83	15,91	15,83	15,69	15,47	15,22	14,93	14,61	14,23	13,82	13,41	14,83	0
30/08/2020 03:00:00	14,84	15,57	15,93	15,99	15,91	15,70	15,44	15,16	14,85	14,50	14,08	13,63	13,18	14,99	0
30/08/2020 03:05:00	15,04	15,66	15,96	16,01	15,92	15,78	15,56	15,31	15,02	14,70	14,33	13,93	13,52	15,10	0
30/08/2020 03:10:00	15,00	15,66	15,97	16,02	15,99	15,85	15,64	15,40	15,12	14,82	14,45	14,06	13,67	14,99	0
30/08/2020 03:15:00	15,10	15,71	15,97	15,98	15,89	15,75	15,54	15,31	15,02	14,72	14,38	14,00	13,62	15,10	0
30/08/2020 03:20:00	15,30	15,70	15,90	15,92	15,87	15,74	15,54	15,31	15,05	14,76	14,42	14,04	13,67	15,18	0
30/08/2020 03:25:00	15,19	15,80	16,07	16,06	16,02	15,87	15,67	15,44	15,16	14,87	14,52	14,15	13,78	15,20	0
30/08/2020 03:30:00	15,07	15,74	16,15	16,18	16,08	15,95	15,73	15,47	15,17	14,84	14,45	14,03	13,61	15,15	0
30/08/2020 03:35:00	15,05	15,62	15,96	15,99	15,95	15,80	15,58	15,33	15,04	14,72	14,35	13,94	13,53	15,10	0
30/08/2020 03:40:00	14,99	15,70	16,08	16,09	16,00	15,80	15,52	15,23	14,91	14,55	14,13	13,68	13,23	15,05	0
30/08/2020 03:45:00	14,94	15,57	15,96	16,06	16,01	15,82	15,61	15,37	15,07	14,73	14,33	13,89	13,45	15,01	0
30/08/2020 03:50:00	14,96	15,61	16,06	16,15	16,06	15,95	15,76	15,53	15,23	14,91	14,51	14,09	13,67	14,82	0
30/08/2020 03:55:00	14,95	15,45	15,71	15,76	15,71	15,55	15,32	15,07	14,79	14,48	14,10	13,70	13,29	14,85	0
30/08/2020 04:00:00	14,94	15,56	15,88	15,90	15,85	15,69	15,46	15,20	14,91	14,59	14,21	13,80	13,39	14,94	0
30/08/2020 04:05:00	14,85	15,47	15,82	15,88	15,85	15,73	15,51	15,27	14,99	14,68	14,31	13,91	13,51	14,84	0
30/08/2020 04:10:00	14,74	15,53	15,77	15,82	15,74	15,58	15,37	15,12	14,83	14,53	14,18	13,80	13,42	14,75	0
30/08/2020 04:15:00	14,84	15,19	15,42	15,45	15,41	15,25	15,05	14,82	14,55	14,25	13,89	13,51	13,12	14,75	0
30/08/2020 04:20:00	14,87	15,21	15,46	15,40	15,32	15,18	14,95	14,70	14,41	14,11	13,75	13,37	12,99	15,04	0
30/08/2020 04:25:00	15,15	15,29	15,45	15,40	15,33	15,26	15,07	14,87	14,62	14,36	14,06	13,72	13,39	15,02	0
30/08/2020 04:30:00	15,19	15,36	15,52	15,53	15,47	15,30	15,12	14,91	14,64	14,35	14,01	13,64	13,26	15,11	0
30/08/2020 04:35:00	14,85	15,41	15,65	15,61	15,51	15,34	15,12	14,87	14,58	14,27	13,92	13,54	13,16	15,32	0
30/08/2020 04:40:00	14,84	15,45	15,74	15,70	15,62	15,45	15,17	14,89	14,59	14,26	13,87	13,46	13,04	15,37	0
30/08/2020 04:45:00	15,00	15,38	15,63	15,64	15,55	15,41	15,19	14,95	14,67	14,37	14,01	13,62	13,23	15,24	0
30/08/2020 04:50:00	15,32	15,47	15,68	15,65	15,59	15,50	15,32	15,11	14,86	14,59	14,26	13,91	13,55	15,17	0
30/08/2020 04:55:00	15,42	15,56	15,66	15,61	15,48	15,35	15,17	14,95	14,69	14,42	14,10	13,76	13,41	15,32	0
30/08/2020 05:00:00	15,51	15,66	15,72	15,70	15,63	15,57	15,39	15,20	14,97	14,73	14,45	14,13	13,81	15,56	0
30/08/2020 05:05:00	15,53	15,50	15,60	15,54	15,48	15,39	15,19	14,97	14,73	14,46	14,15	13,80	13,45	15,50	0
30/08/2020 05:10:00	15,49	15,56	15,56	15,50	15,37	15,30	15,16	14,99	14,77	14,54	14,29	14,01	13,72	15,47	0
30/08/2020 05:15:00	15,51	15,52	15,57	15,50	15,46	15,39	15,22	15,03	14,80	14,57	14,29	13,98	13,68	15,45	0
30/08/2020 05:20:00	15,52	15,57	15,55	15,49	15,43	15,40	15,25	15,07	14,86	14,65	14,40	14,12	13,85	15,50	0
30/08/2020 05:25:00	15,46	15,46	15,50	15,51	15,49	15,43	15,28	15,11	14,90	14,67	14,40	14,08	13,77	15,45	0
30/08/2020 05:30:00	15,52	15,47	15,51	15,47	15,43	15,37	15,22	15,05	14,84	14,61	14,34	14,04	13,74	15,47	0
30/08/2020 05:35:00	15,42	15,45	15,48	15,45	15,41	15,37	15,23	15,06	14,85	14,63	14,37	14,08	13,79	15,42	0
30/08/2020 05:40:00	15,39	15,42	15,45	15,44	15,41	15,33	15,21	15,05	14,83	14,61	14,35	14,05	13,75	15,35	0
30/08/2020 05:45:00	15,41	15,51	15,54	15,53	15,48	15,40	15,23	15,05	14,82	14,58	14,31	13,99	13,68	15,38	0
30/08/2020 05:50:00	15,32	15,47	15,53	15,54	15,50	15,45	15,29	15,10	14,88	14,65	14,38	14,07	13,75	15,38	0
30/08/2020 05:55:00	15,42	15,42	15,50	15,57	15,57	15,53	15,40	15,24	15,03	14,80	14,53	14,21	13,89	15,43	0
30/08/2020 06:00:00	15,44	15,39	15,42	15,38	15,32	15,30	15,15	14,97	14,76	14,54	14,28	13,98	13,68	15,38	0
30/08/2020 06:05:00	15,47	15,44	15,40	15,35	15,32	15,28	15,13	14,96	14,76	14,54	14,30	14,02	13,74	15,47	0
30/08/2020 06:10:00	15,55	15,57	15,48	15,39	15,34	15,26	15,11	14,94	14,74	14,53	14,30	14,03	13,77	15,57	0
30/08/2020 06:15:00	15,52	15,54	15,50	15,44	15,33	15,24	15,08	14,89	14,67	14,43	14,16	13,87	13,57	15,54	0
30/08/2020 06:20:00	15,56	15,59	15,54	15,49	15,48	15,42	15,27	15,10	14,90	14,69	14,45	14,18	13,90	15,57	0
30/08/2020 06:25:00	15,54	15,49	15,46	15,43	15,41	15,39	15,26	15,11	14,92	14,72	14,49	14,22	13,95	15,59	0
30/08/2020 06:30:00	15,55	15,61	15,61	15,58	15,56	15,48	15,36	15,21	15,00	14,79	14,55	14,28	14,00	15,60	0
30/08/2020 06:35:00	15,65	15,55	15,45	15,42	15,42	15,43	15,35	15,23	15,06	14,89	14,70	14,47	14,25	15,64	0
30/08/2020 06:40:00	15,63	15,54	15,50	15,53	15,51	15,49	15,42	15,30	15,12	14,93	14,72	14,46	14,21	15,59	0
30/08/2020 06:45:00	15,61	15,57	15,55	15,56	15,57	15,54	15,45	15,32	15,13	14,93	14,71	14,44	14,17	15,59	0
30/08/2020 06:50:00	15,61	15,71	15,69	15,72	15,73	15,72	15,61	15,48	15,29	15,10	14,88	14,62	14,37	15,65	0
30/08/2020 06:55:00	15,72	15,58	15,54	15,55	15,62	15,65	15,61	15,53	15,38	15,23	15,05	14,84	14,62	15,69	0
30/08/2020 07:00:00	15,63	15,59	15,55	15,58	15,63	15,65	15,61	15,52	15,37	15,21	15,03	14,81	14,59	15,67	0
30/08/2020 07:05:00	15,73	15,71	15,64	15,64	15,63	15,64	15,56	15,45	15,27	15,10	14,91	14,68	14,45	15,70	0
30/08/2020 07:10:00	15,62	15,60	15,67	15,71	15,75	15,81	15,79	15,71	15,55	15,39	15,21	14,99	14,76	15,65	0
30/08/2020 07:15:00	15,59	15,52	15,57	15,72	15,85	15,96	15,95	15,89	15,76	15,62	15,45	15,23	15,01	15,45	0
30/08/2020 07:20:00	15,55	15,39	15,42	15,45	15,52	15,57	15,56	15,50	15,35	15,20	15,03	14,81	14,60	15,44	0
30/08/2020 07:25:00	15,55	15,44	15,45	15,55	15,63	15,77	15,73	15,65	15,52	15,38	15,21	15,00	14,79	15,53	0
30/08/2020 07:30:00	15,53	15,43	15,37	15,38	15,44	15,50	15,47	15,40	15,26	15,12	14,96	14,77	14,58	15,52	0
30/08/2020 07:35:00	15,55	15,44	15,40	15,48	15,54	15,59	15,54	15,46	15,31	15,15	14,97	14,75	14,52	15,56	0
30/08/2020 07:40:00	15,64	15,39	15,30	15,37	15,47	15,58	15,55	15,48	15,35	15,22	15,07	14,87	14,67	15,65	0
30/08/2020 07:45:00	15,72	15,47	15,35	15,32	15,34	15,43	15,41	15,35	15,21	15,09	14,95	14,78	14,60	15,64	0
30/08/2020 07:50:00	15,73	15,58	15,43	15,38	15,47	15,54	15,50	15,43	15,30	15,18	15,05	14,89	14,72	15,79	0
30/08/2020 07:55:00	15,83	15,69	15,57	15,58	15,57	15,60	15,56	15,48	15,33	15,18	15,01	14,80	14,60	15,79	0
30/08/2020 08:00:00	15,89	15,75	15,67	15,68	15,74	15,76	15,68	15,57	15,41	15,25	15,06	14,82	14,59	15,90	0
30/08/2020 08:05:00	16,06	15,87	15,73	15,78	15,83	15,85	15,80	15,71	15,56	15,41	15,23	15,00	14,78	15,98	0
30/08/2020 08:10:00	16,09	15,87	15,71	15,71	15,78	15,83	15,80	15,73	15,60	15,47	15,33	15,14	14,95	16,07	0
30/08/2020 08:15:00	16,12	15,91	15,73	15,69	15,79	15,85	15,81	15,73	15,61	15,49	15,36	15,18	15,01	16,27	0
30/08/2020 08:20:00	16,24	15,96	15,79	15,75	15,79	15,84	15,81	15,73	15,59	15,46	15,32	15,13	14,94	16,27	0
30/08/2020 08:25:00	16,43	16,10	15,84	15,78	15,82	15,90	15,90	15,86	15,75	15,65	15,56	15,42	15,29	16,44	0
30/08/2020 08:30:00	16,46	16,18	15,95	15,92	16,00	16,08	16,06	16,00	15,89	15,78	15,67	15,51	15,36	16,40	0
30/08/2020 08:35:00	16,55	16,30	16,05	15,95	15,98	16,03	16,01	15,94	15,82	15,72	15,61	15,46	15,32	16,60	0
30/08/2020 08:40:00	16,68	16,36	16,06	15,99	16,00	16,06	16,04	15,98	15,86	15,76	15,65	15,51	15,36	16,75	0
30/08/2020 08:45:00	16,67	16,32	16,03	15,99	16,00	16,07	16,07	16,03	15,92	15,82	15,72	15,57	15,43	16,89	0
30/08/2020 08:50:00	16,81	16,51	16,31	16,22	16,21	16,25	16,25	16,20	16,07	15,96	15,84	15,69	15,53	16,82	0
30/08/2020 08:55:00	16,87	16,59	16,30	16,22	16,25	16,30	16,27	16,21	16,09	15,98	15,87	15,71	15,56	16,76	0
30/08/2020 09:00:00	17,30	16,72	16,24	16,12	16,14	16,22	16,22	16,19	16,11	16,04	15,98	15,88	15,78	17,04	0
30/08/2020 09:05:00	17,27	16,83	16,41	16,29	16,22	16,21	16,18	16,12	15,99	15,88	15,77	15,62	15,47	17,23	0
30/08/2020 09:10:00	17,11	16,81	16,50	16,34	16,27	16,27	16,23	16,14	16,00	15,88	15,75	15,59	15,43	17,29	0
30/08/2020 09:15:00	17,21	16,88	16,56	16,49	16,46	16,51	16,53	16,50	16,38	16,29	16,20	16,07	15,94	17,14	0
30/08/2020 09:20:00	17,39	17,02	16,64	16,50	16,50	16,52	16,47	16,40	16,28	16,17	16,06	15,91	15,76	17,47	0
30/08/2020 09:25:00	17,42	17,15	16,83	16,74	16,71	16,73	16,69	16,62	16,49	16,38	16,25	16,09	15,93	17,48	0
30/08/2020 09:30:00	17,48	17,16	16,90	16,81	16,72	16,73	16,71	16,63	16,49	16,35	16,21	16,03	15,85	17,46	0
30/08/2020 09:35:00	17,60	17,23	16,92	16,80	16,83	16,89	16,87	16,81	16,70	16,60	16,49	16,34	16,19	17,61	0
30/08/2020 09:40:00	17,68	17,31	17,02	16,95	16,96	17,02	16,99	16,93	16,81	16,69	16,57	16,40	16,24	17,86	0
30/08/2020 09:45:00	17,76	17,53	17,28	17,16	17,15	17,10	17,05	16,95	16,80	16,65	16,49	16,29	16,09	17,74	0
30/08/2020 09:50:00	17,79	17,56	17,33	17,22	17,24	17,38	17,36	17,30	17,19	17,09	17,00	16,86	16,72	17,81	0
30/08/2020 09:55:00	17,96	17,72	17,56	17,48	17,44	17,43	17,37	17,28	17,12	16,96	16,78	16,55	16,33	17,89	0
30/08/2020 10:00:00	18,01	17,75	17,52	17,40	17,40	17,47	17,45	17,39	17,26	17,15	17,03	16,88	16,72	18,11	0
30/08/2020 10:05:00	18,06	17,81	17,57	17,56	17,58	17,67	17,68	17,63	17,52	17,41	17,29	17,12	16,96	18,21	0
30/08/2020 10:10:00	18,31	18,02	17,73	17,62	17,59	17,62	17,56	17,47	17,32	17,19	17,04	16,84	16,65	18,24	0
30/08/2020 10:15:00	18,38	18,10	17,81	17,66	17,57	17,54	17,46	17,34	17,18	17,02	16,85	16,63	16,42	18,47	0
30/08/2020 10:20:00	18,45	18,19	17,91	17,81	17,81	17,80	17,71	17,60	17,45	17,30	17,12	16,90	16,69	18,53	0
30/08/2020 10:25:00	18,64	18,30	17,99	17,85	17,88	17,94	17,90	17,84	17,72	17,61	17,49	17,33	17,17	18,64	0
30/08/2020 10:30:00	18,83	18,56	18,23	18,02	17,86	17,75	17,60	17,43	17,23	17,03	16,81	16,56	16,30	18,93	0
30/08/2020 10:35:00	19,00	18,78	18,49	18,20	17,98	17,87	17,69	17,50	17,29	17,08	16,85	16,58	16,32	19,00	0
30/08/2020 10:40:00	18,97	18,73	18,47	18,24	18,12	18,01	17,87	17,71	17,51	17,32	17,10	16,84	16,59	18,95	0
30/08/2020 10:45:00	19,00	18,91	18,67	18,41	18,17	17,99	17,80	17,59	17,35	17,11	16,84	16,54	16,25	19,14	0
30/08/2020 10:50:00	19,13	19,07	18,84	18,55	18,32	18,13	17,93	17,72	17,48	17,24	16,97	16,68	16,38	19,14	0
30/08/2020 10:55:00	19,23	19,08	18,76	18,51	18,29	18,10	17,89	17,68	17,44	17,21	16,94	16,64	16,35	19,34	0
30/08/2020 11:00:00	19,25	19,08	18,78	18,52	18,34	18,23	18,07	17,89	17,69	17,49	17,27	17,01	16,76	19,21	0
30/08/2020 11:05:00	19,15	19,12	18,78	18,47	18,24	18,10	17,93	17,74	17,52	17,32	17,11	16,87	16,63	19,22	0
30/08/2020 11:10:00	19,13	18,99	18,65	18,31	18,09	17,89	17,71	17,51	17,29	17,07	16,85	16,59	16,34	19,17	0
30/08/2020 11:15:00	19,03	18,92	18,66	18,38	18,17	18,03	17,88	17,70	17,48	17,27	17,04	16,79	16,54	19,12	0
30/08/2020 11:20:00	19,08	19,01	18,79	18,57	18,33	18,17	18,02	17,83	17,61	17,38	17,12	16,84	16,55	19,06	0
30/08/2020 11:25:00	18,93	18,99	18,80	18,55	18,32	18,13	17,90	17,67	17,41	17,15	16,86	16,53	16,21	19,03	0
30/08/2020 11:30:00	18,54	18,37	18,38	18,27	18,24	18,24	18,17	18,05	17,87	17,68	17,46	17,19	16,93	18,92	0
30/08/2020 11:35:00	18,19	18,45	18,49	18,34	18,27	18,21	18,11	17,97	17,76	17,55	17,32	17,06	16,80	18,48	0
30/08/2020 11:40:00	18,67	18,65	18,54	18,39	18,32	18,23	18,11	17,96	17,76	17,56	17,33	17,06	16,80	18,69	0
30/08/2020 11:45:00	19,08	18,91	18,68	18,44	18,26	18,13	18,00	17,85	17,64	17,44	17,22	16,97	16,71	19,06	0
30/08/2020 11:50:00	19,49	19,21	18,78	18,54	18,37	18,24	18,07	17,90	17,70	17,51	17,29	17,04	16,79	19,49	0
30/08/2020 11:55:00	19,57	19,20	18,91	18,66	18,43	18,28	18,12	17,94	17,72	17,50	17,25	16,96	16,68	19,52	0
30/08/2020 12:00:00	19,62	19,39	19,05	18,75	18,52	18,33	18,12	17,90	17,67	17,44	17,18	16,89	16,59	19,56	0
30/08/2020 12:05:00	19,93	19,62	19,13	18,80	18,54	18,35	18,16	17,97	17,76	17,55	17,34	17,09	16,84	19,94	0
30/08/2020 12:10:00	20,05	19,69	19,27	18,92	18,63	18,43	18,22	18,01	17,78	17,55	17,29	17,00	16,72	20,19	0
30/08/2020 12:15:00	20,05	19,85	19,44	19,10	18,82	18,59	18,37	18,16	17,92	17,69	17,44	17,16	16,87	20,04	0
30/08/2020 12:20:00	20,12	19,88	19,51	19,20	18,96	18,74	18,52	18,30	18,06	17,83	17,56	17,26	16,96	20,12	0
30/08/2020 12:25:00	20,49	20,24	19,61	19,24	18,95	18,70	18,45	18,22	18,00	17,78	17,55	17,29	17,03	20,44	0
30/08/2020 12:30:00	20,72	20,34	19,86	19,45	19,10	18,88	18,64	18,41	18,17	17,93	17,68	17,39	17,10	21,23	0
30/08/2020 12:35:00	20,97	20,46	19,83	19,37	19,00	18,75	18,55	18,34	18,12	17,92	17,71	17,47	17,24	20,94	0
30/08/2020 12:40:00	20,81	20,60	20,19	19,83	19,54	19,29	19,03	18,77	18,52	18,26	17,96	17,63	17,30	20,89	0
30/08/2020 12:45:00	20,71	20,54	20,20	19,94	19,71	19,48	19,27	19,05	18,81	18,56	18,27	17,95	17,62	20,69	0
30/08/2020 12:50:00	20,51	20,56	20,29	19,98	19,77	19,60	19,38	19,16	18,92	18,68	18,40	18,10	17,79	20,62	0
30/08/2020 12:55:00	20,51	20,65	20,45	20,15	19,89	19,65	19,39	19,13	18,86	18,57	18,25	17,89	17,54	20,54	0
30/08/2020 13:00:00	20,35	20,40	20,27	20,06	19,85	19,66	19,45	19,23	18,98	18,71	18,39	18,04	17,69	20,46	0
30/08/2020 13:05:00	20,42	20,51	20,41	20,17	20,02	19,85	19,65	19,44	19,20	18,95	18,66	18,34	18,01	20,37	0
30/08/2020 13:10:00	20,28	20,39	20,26	20,05	19,88	19,69	19,49	19,28	19,04	18,79	18,50	18,17	17,84	20,32	0
30/08/2020 13:15:00	20,39	20,43	20,26	20,00	19,83	19,69	19,51	19,31	19,08	18,85	18,58	18,28	17,98	20,31	0
30/08/2020 13:20:00	20,48	20,41	20,13	19,92	19,80	19,72	19,59	19,44	19,25	19,07	18,85	18,60	18,35	20,48	0
30/08/2020 13:25:00	20,41	20,32	20,00	19,72	19,57	19,47	19,36	19,22	19,04	18,87	18,68	18,46	18,25	20,41	0
30/08/2020 13:30:00	20,18	20,16	20,00	19,77	19,62	19,56	19,45	19,30	19,11	18,92	18,71	18,47	18,23	20,25	0
30/08/2020 13:35:00	20,11	20,12	19,94	19,77	19,66	19,61	19,50	19,36	19,17	18,99	18,77	18,52	18,27	20,14	0
30/08/2020 13:40:00	20,35	20,23	20,01	19,80	19,62	19,54	19,42	19,27	19,07	18,87	18,65	18,39	18,14	20,31	0
30/08/2020 13:45:00	20,59	20,34	19,99	19,78	19,63	19,54	19,46	19,35	19,18	19,03	18,85	18,64	18,43	20,49	0
30/08/2020 13:50:00	20,87	20,53	20,14	19,86	19,70	19,63	19,50	19,36	19,18	19,01	18,82	18,59	18,36	20,71	0
30/08/2020 13:55:00	21,09	20,58	20,05	19,78	19,62	19,52	19,39	19,25	19,09	18,94	18,77	18,55	18,34	20,78	0
30/08/2020 14:00:00	20,96	20,66	20,24	19,96	19,80	19,67	19,48	19,30	19,10	18,90	18,66	18,38	18,11	21,11	0
30/08/2020 14:05:00	21,00	20,88	20,62	20,41	20,22	20,07	19,90	19,71	19,49	19,26	18,99	18,68	18,37	21,01	0
30/08/2020 14:10:00	21,09	21,03	20,83	20,60	20,42	20,34	20,20	20,04	19,83	19,63	19,39	19,11	18,84	21,04	0
30/08/2020 14:15:00	21,13	21,13	20,91	20,68	20,50	20,40	20,25	20,07	19,86	19,65	19,40	19,12	18,84	21,01	0
30/08/2020 14:20:00	21,02	21,00	20,85	20,67	20,54	20,45	20,30	20,13	19,92	19,70	19,44	19,14	18,84	21,12	0
30/08/2020 14:25:00	20,35	20,54	20,65	20,60	20,52	20,53	20,47	20,35	20,16	19,95	19,70	19,41	19,12	20,87	0
30/08/2020 14:30:00	20,34	20,53	20,68	20,63	20,55	20,50	20,41	20,27	20,06	19,83	19,55	19,22	18,90	20,74	0
30/08/2020 14:35:00	20,46	20,69	20,79	20,71	20,64	20,58	20,47	20,31	20,10	19,87	19,59	19,27	18,95	20,73	0
30/08/2020 14:40:00	20,77	20,79	20,77	20,73	20,68	20,70	20,63	20,51	20,33	20,14	19,89	19,60	19,31	20,85	0
30/08/2020 14:45:00	21,59	21,11	20,77	20,52	20,39	20,36	20,28	20,17	20,01	19,86	19,68	19,45	19,23	21,72	0
30/08/2020 14:50:00	21,64	21,36	21,03	20,80	20,63	20,56	20,43	20,29	20,11	19,93	19,72	19,47	19,21	22,04	0
30/08/2020 14:55:00	21,79	21,47	21,10	20,82	20,67	20,58	20,43	20,28	20,09	19,90	19,68	19,42	19,16	22,51	0
30/08/2020 15:00:00	21,79	21,48	21,19	21,00	20,84	20,71	20,54	20,37	20,16	19,94	19,66	19,34	19,02	22,08	0
30/08/2020 15:05:00	21,69	21,78	21,68	21,49	21,25	21,07	20,87	20,66	20,40	20,13	19,80	19,43	19,07	21,88	0
30/08/2020 15:10:00	21,71	21,73	21,55	21,33	21,16	21,01	20,82	20,62	20,39	20,15	19,85	19,52	19,18	21,92	0
30/08/2020 15:15:00	21,56	21,62	21,45	21,30	21,13	21,00	20,83	20,65	20,42	20,18	19,89	19,56	19,23	21,56	0
30/08/2020 15:20:00	21,83	21,60	21,35	21,21	21,02	20,89	20,75	20,59	20,39	20,17	19,91	19,59	19,28	21,69	0
30/08/2020 15:25:00	22,21	21,86	21,34	21,06	20,86	20,75	20,59	20,43	20,25	20,07	19,86	19,60	19,35	21,99	0
30/08/2020 15:30:00	22,61	21,99	21,40	21,06	20,86	20,69	20,53	20,37	20,19	20,01	19,81	19,56	19,31	22,86	0
30/08/2020 15:35:00	22,54	21,87	21,35	21,08	20,89	20,78	20,65	20,51	20,35	20,18	19,97	19,73	19,48	22,44	0
30/08/2020 15:40:00	22,64	21,85	21,36	21,08	20,92	20,87	20,78	20,68	20,53	20,39	20,21	19,98	19,75	22,21	0
30/08/2020 15:45:00	22,55	22,00	21,57	21,28	21,11	21,00	20,85	20,70	20,52	20,34	20,11	19,84	19,57	22,87	0
30/08/2020 15:50:00	22,39	22,17	21,83	21,66	21,52	21,33	21,18	21,02	20,82	20,60	20,33	20,02	19,71	22,39	0
30/08/2020 15:55:00	22,81	22,32	21,70	21,39	21,19	21,07	20,92	20,77	20,60	20,45	20,27	20,05	19,82	22,47	0
30/08/2020 16:00:00	22,67	22,29	21,94	21,73	21,55	21,39	21,21	21,03	20,82	20,59	20,30	19,97	19,64	22,83	0
30/08/2020 16:05:00	22,74	22,51	22,02	21,76	21,52	21,35	21,18	21,01	20,81	20,61	20,38	20,11	19,84	22,81	0
30/08/2020 16:10:00	23,30	22,51	21,89	21,61	21,40	21,27	21,15	21,03	20,87	20,71	20,51	20,27	20,03	23,62	0
30/08/2020 16:15:00	22,96	22,53	22,14	21,86	21,64	21,48	21,26	21,06	20,84	20,60	20,31	19,97	19,63	23,83	0
30/08/2020 16:20:00	22,59	22,52	22,19	21,95	21,75	21,55	21,35	21,15	20,93	20,69	20,40	20,07	19,74	23,14	0
30/08/2020 16:25:00	22,94	22,52	21,95	21,66	21,43	21,27	21,12	20,96	20,78	20,60	20,39	20,14	19,89	23,09	0
30/08/2020 16:30:00	22,98	22,57	22,06	21,75	21,52	21,37	21,19	21,01	20,81	20,61	20,36	20,08	19,79	23,51	0
30/08/2020 16:35:00	22,87	22,56	22,14	21,82	21,61	21,46	21,23	21,01	20,80	20,57	20,29	19,98	19,66	23,31	0
30/08/2020 16:40:00	22,71	22,61	22,22	21,92	21,65	21,45	21,22	20,99	20,76	20,51	20,21	19,88	19,55	23,11	0
30/08/2020 16:45:00	22,96	22,64	22,17	21,93	21,69	21,50	21,30	21,11	20,90	20,67	20,39	20,07	19,75	23,56	0
30/08/2020 16:50:00	23,01	22,75	22,26	21,92	21,61	21,39	21,18	20,96	20,74	20,50	20,23	19,93	19,62	23,69	0
30/08/2020 16:55:00	22,92	22,74	22,34	22,08	21,82	21,61	21,41	21,20	20,98	20,74	20,46	20,14	19,82	23,53	0
30/08/2020 17:00:00	23,00	22,82	22,36	22,01	21,75	21,55	21,33	21,12	20,91	20,69	20,45	20,16	19,88	23,66	0
30/08/2020 17:05:00	22,89	22,85	22,45	22,19	21,89	21,69	21,45	21,22	20,97	20,72	20,41	20,06	19,71	23,31	0
30/08/2020 17:10:00	22,88	22,93	22,55	22,19	21,94	21,74	21,50	21,27	21,03	20,79	20,51	20,19	19,87	23,69	0
30/08/2020 17:15:00	22,89	22,92	22,58	22,29	22,00	21,75	21,51	21,27	21,01	20,74	20,42	20,07	19,71	23,41	0
30/08/2020 17:20:00	22,90	22,93	22,58	22,30	22,04	21,79	21,54	21,31	21,05	20,79	20,47	20,12	19,77	23,60	0
30/08/2020 17:25:00	22,91	23,00	22,66	22,33	22,02	21,78	21,52	21,26	20,99	20,72	20,39	20,04	19,68	24,34	0
30/08/2020 17:30:00	22,80	23,03	22,74	22,47	22,18	21,91	21,61	21,32	21,04	20,73	20,36	19,96	19,55	23,65	0
30/08/2020 17:35:00	22,73	23,01	22,72	22,42	22,07	21,78	21,50	21,23	20,95	20,65	20,31	19,94	19,56	23,16	0
30/08/2020 17:40:00	22,75	22,97	22,64	22,33	22,03	21,78	21,50	21,23	20,96	20,68	20,36	20,00	19,64	23,61	0
30/08/2020 17:45:00	22,59	23,05	22,83	22,54	22,17	21,86	21,55	21,24	20,93	20,60	20,22	19,81	19,40	23,27	0
30/08/2020 17:50:00	22,54	23,04	22,77	22,44	22,10	21,81	21,52	21,23	20,93	20,63	20,29	19,92	19,55	23,44	0
30/08/2020 17:55:00	22,53	22,91	22,68	22,41	22,15	21,88	21,61	21,34	21,06	20,77	20,42	20,04	19,66	23,43	0
30/08/2020 18:00:00	22,39	22,80	22,53	22,21	21,91	21,63	21,33	21,04	20,75	20,44	20,09	19,70	19,32	23,32	0
30/08/2020 18:05:00	22,19	22,59	22,35	22,14	21,88	21,62	21,37	21,11	20,84	20,56	20,23	19,87	19,50	22,77	0
30/08/2020 18:10:00	22,09	22,44	22,23	21,96	21,72	21,51	21,27	21,03	20,77	20,50	20,18	19,83	19,48	22,61	0
30/08/2020 18:15:00	22,23	22,68	22,56	22,37	22,16	21,93	21,65	21,39	21,10	20,79	20,42	20,01	19,60	22,62	0
30/08/2020 18:20:00	22,09	22,57	22,48	22,26	22,05	21,83	21,60	21,36	21,09	20,82	20,49	20,13	19,76	22,33	0
30/08/2020 18:25:00	22,27	22,69	22,61	22,38	22,17	21,96	21,72	21,47	21,20	20,92	20,57	20,20	19,82	22,21	0
30/08/2020 18:30:00	22,21	22,63	22,51	22,32	22,11	21,91	21,70	21,48	21,22	20,95	20,63	20,27	19,91	22,05	0
30/08/2020 18:35:00	21,91	22,32	22,27	22,13	21,95	21,76	21,55	21,33	21,07	20,79	20,45	20,08	19,70	21,98	0
30/08/2020 18:40:00	21,94	22,34	22,21	22,06	21,84	21,63	21,41	21,17	20,90	20,62	20,27	19,89	19,51	21,91	0
30/08/2020 18:45:00	21,81	22,19	22,07	21,83	21,62	21,45	21,24	21,01	20,76	20,50	20,19	19,85	19,51	21,81	0
30/08/2020 18:50:00	21,70	22,07	22,00	21,85	21,67	21,48	21,25	21,02	20,75	20,46	20,11	19,73	19,34	21,73	0
30/08/2020 18:55:00	21,66	22,13	22,09	21,96	21,76	21,60	21,42	21,22	20,97	20,71	20,39	20,04	19,69	21,64	0
30/08/2020 19:00:00	21,63	22,20	22,25	22,12	21,96	21,80	21,60	21,38	21,12	20,83	20,49	20,11	19,73	21,62	0
30/08/2020 19:05:00	21,43	22,18	22,32	22,18	22,03	21,89	21,70	21,47	21,20	20,92	20,57	20,19	19,82	21,41	0
30/08/2020 19:10:00	21,38	22,17	22,38	22,23	22,10	21,94	21,71	21,46	21,17	20,87	20,49	20,08	19,67	21,26	0
30/08/2020 19:15:00	21,24	22,09	22,36	22,32	22,20	22,07	21,86	21,62	21,34	21,02	20,63	20,20	19,77	21,07	0
30/08/2020 19:20:00	21,10	22,01	22,33	22,31	22,20	22,08	21,88	21,65	21,37	21,06	20,67	20,24	19,81	20,85	0
30/08/2020 19:25:00	20,94	21,96	22,24	22,22	22,15	22,01	21,80	21,56	21,28	20,96	20,58	20,15	19,73	20,56	0
30/08/2020 19:30:00	21,04	21,84	22,15	22,14	22,02	21,93	21,75	21,53	21,25	20,95	20,56	20,14	19,72	20,31	0
30/08/2020 19:35:00	20,58	21,49	21,84	21,78	21,72	21,65	21,48	21,27	21,01	20,72	20,37	19,98	19,59	20,22	0
30/08/2020 19:40:00	20,25	21,11	21,57	21,60	21,58	21,49	21,31	21,08	20,80	20,48	20,07	19,62	19,18	20,08	0
30/08/2020 19:45:00	20,28	21,13	21,44	21,47	21,42	21,32	21,15	20,93	20,67	20,37	19,99	19,58	19,17	19,93	0
30/08/2020 19:50:00	20,12	21,10	21,46	21,50	21,49	21,41	21,24	21,02	20,76	20,47	20,10	19,70	19,29	19,86	0
30/08/2020 19:55:00	19,85	20,76	21,13	21,20	21,16	21,13	20,99	20,80	20,54	20,26	19,91	19,52	19,13	19,67	0
30/08/2020 20:00:00	19,67	20,58	20,94	21,01	21,03	21,00	20,85	20,67	20,42	20,15	19,81	19,43	19,05	19,69	0
30/08/2020 20:05:00	19,51	20,55	20,91	20,95	20,93	20,85	20,71	20,51	20,26	19,98	19,65	19,27	18,90	19,62	0
30/08/2020 20:10:00	19,53	20,56	20,92	21,01	21,03	21,00	20,86	20,67	20,43	20,16	19,82	19,45	19,07	19,44	0
30/08/2020 20:15:00	19,37	20,55	21,05	21,11	21,14	21,10	20,95	20,76	20,50	20,21	19,86	19,47	19,08	19,38	0
30/08/2020 20:20:00	19,17	20,43	21,04	21,15	21,18	21,16	20,95	20,71	20,43	20,10	19,68	19,23	18,77	19,18	0
30/08/2020 20:25:00	19,17	20,30	20,79	20,85	20,88	20,86	20,74	20,55	20,30	20,03	19,69	19,32	18,95	19,12	0
30/08/2020 20:30:00	19,43	19,98	20,09	20,17	20,26	20,35	20,31	20,22	20,07	19,91	19,71	19,46	19,22	18,93	0
30/08/2020 20:35:00	19,46	19,92	20,12	20,21	20,35	20,46	20,43	20,35	20,20	20,03	19,81	19,54	19,28	19,22	0
30/08/2020 20:40:00	19,50	19,87	20,06	20,22	20,35	20,47	20,46	20,39	20,24	20,07	19,85	19,58	19,31	19,61	0
30/08/2020 20:45:00	19,70	20,07	20,22	20,37	20,51	20,59	20,56	20,49	20,34	20,16	19,93	19,65	19,36	19,74	0
30/08/2020 20:50:00	19,64	19,99	20,13	20,23	20,33	20,43	20,40	20,32	20,17	20,00	19,78	19,52	19,25	19,64	0
30/08/2020 20:55:00	19,55	20,03	20,18	20,29	20,38	20,48	20,46	20,38	20,23	20,07	19,86	19,60	19,35	19,48	0
30/08/2020 21:00:00	19,36	19,88	20,08	20,25	20,42	20,53	20,53	20,47	20,33	20,17	19,96	19,69	19,43	19,38	0
30/08/2020 21:05:00	19,39	19,87	20,17	20,34	20,49	20,62	20,61	20,54	20,39	20,21	19,98	19,69	19,41	19,31	0
30/08/2020 21:10:00	19,33	19,93	20,01	20,10	20,22	20,30	20,26	20,18	20,03	19,87	19,67	19,43	19,19	19,25	0
30/08/2020 21:15:00	19,22	19,53	19,61	19,79	19,94	20,04	20,04	19,98	19,85	19,71	19,51	19,26	19,00	19,28	0
30/08/2020 21:20:00	19,35	19,68	19,77	19,88	20,00	20,08	20,07	20,01	19,86	19,71	19,52	19,27	19,02	19,32	0
30/08/2020 21:25:00	19,49	19,74	19,80	19,90	19,99	20,07	20,05	19,98	19,83	19,67	19,47	19,21	18,96	19,61	0
30/08/2020 21:30:00	19,64	19,86	19,88	19,97	20,05	20,17	20,17	20,12	19,99	19,85	19,68	19,45	19,23	19,66	0
30/08/2020 21:35:00	19,62	19,79	19,81	19,86	19,94	20,03	20,02	19,96	19,83	19,69	19,51	19,28	19,05	19,57	0
30/08/2020 21:40:00	19,71	19,81	19,83	19,87	19,92	20,02	20,03	19,98	19,85	19,71	19,54	19,32	19,10	19,67	0
30/08/2020 21:45:00	19,42	19,71	19,79	19,82	19,95	20,05	19,98	19,89	19,74	19,58	19,38	19,12	18,87	19,45	0
30/08/2020 21:50:00	19,33	19,52	19,67	19,77	19,91	20,06	20,05	19,99	19,85	19,70	19,50	19,24	18,99	19,37	0
30/08/2020 21:55:00	19,25	19,50	19,75	19,93	20,07	20,20	20,20	20,15	20,00	19,83	19,60	19,32	19,03	19,27	0
30/08/2020 22:00:00	19,14	19,71	19,95	20,08	20,21	20,30	20,25	20,15	19,98	19,79	19,54	19,24	18,95	19,14	0
30/08/2020 22:05:00	19,10	19,64	19,75	19,85	19,94	20,01	19,95	19,85	19,69	19,51	19,29	19,02	18,75	19,02	0
30/08/2020 22:10:00	19,05	19,51	19,65	19,71	19,82	19,87	19,79	19,66	19,49	19,30	19,05	18,76	18,47	18,92	0
30/08/2020 22:15:00	18,86	19,38	19,52	19,56	19,63	19,68	19,61	19,50	19,32	19,14	18,91	18,65	18,38	18,84	0
30/08/2020 22:20:00	18,90	19,43	19,54	19,63	19,70	19,79	19,76	19,67	19,51	19,35	19,15	18,90	18,65	18,92	0
30/08/2020 22:25:00	19,03	19,53	19,76	19,84	19,93	20,04	20,02	19,93	19,77	19,60	19,38	19,12	18,86	19,09	0
30/08/2020 22:30:00	19,04	19,71	19,88	19,99	20,06	20,13	20,10	20,01	19,84	19,66	19,45	19,19	18,93	19,02	0
30/08/2020 22:35:00	19,15	19,41	19,53	19,62	19,76	19,92	19,92	19,86	19,74	19,60	19,42	19,19	18,96	18,86	0
30/08/2020 22:40:00	18,90	19,21	19,18	19,24	19,36	19,48	19,45	19,39	19,26	19,14	18,98	18,77	18,57	18,72	0
30/08/2020 22:45:00	18,69	18,89	18,88	18,97	19,11	19,25	19,30	19,28	19,17	19,07	18,94	18,77	18,59	18,67	0
30/08/2020 22:50:00	18,89	19,06	19,05	19,15	19,31	19,51	19,56	19,55	19,45	19,36	19,25	19,08	18,92	18,87	0
30/08/2020 22:55:00	18,90	18,95	18,91	19,03	19,19	19,37	19,44	19,44	19,36	19,28	19,18	19,02	18,87	18,91	0
30/08/2020 23:00:00	18,91	18,95	18,93	19,03	19,13	19,29	19,36	19,35	19,25	19,16	19,03	18,86	18,69	18,91	0
30/08/2020 23:05:00	18,87	19,00	19,04	19,14	19,27	19,47	19,55	19,55	19,46	19,37	19,26	19,11	18,95	18,95	0
30/08/2020 23:10:00	19,07	19,14	19,17	19,26	19,40	19,61	19,67	19,67	19,59	19,50	19,39	19,23	19,06	19,05	0
30/08/2020 23:15:00	19,12	19,16	19,09	19,19	19,34	19,57	19,68	19,72	19,66	19,61	19,55	19,43	19,32	19,17	0
30/08/2020 23:20:00	19,25	19,18	19,15	19,29	19,46	19,69	19,76	19,76	19,69	19,60	19,49	19,31	19,14	19,20	0
30/08/2020 23:25:00	19,30	19,22	19,16	19,30	19,47	19,69	19,79	19,82	19,76	19,69	19,60	19,45	19,30	19,22	0
30/08/2020 23:30:00	19,28	19,23	19,21	19,38	19,62	19,88	20,00	20,04	19,99	19,94	19,86	19,72	19,58	19,26	0
30/08/2020 23:35:00	19,27	19,23	19,24	19,38	19,64	19,91	20,03	20,08	20,03	19,98	19,91	19,78	19,66	19,19	0
30/08/2020 23:40:00	18,97	19,15	19,20	19,41	19,68	19,94	20,05	20,09	20,03	19,98	19,89	19,74	19,59	19,02	0
30/08/2020 23:45:00	19,00	19,04	19,11	19,36	19,67	19,94	20,07	20,13	20,09	20,04	19,95	19,80	19,66	18,93	0
30/08/2020 23:50:00	18,84	19,03	19,13	19,33	19,59	19,90	19,99	20,02	19,96	19,90	19,80	19,65	19,50	18,79	0
30/08/2020 23:55:00	18,76	18,93	18,99	19,14	19,40	19,67	19,79	19,84	19,78	19,73	19,67	19,55	19,43	18,76	0
