FileFormat:0002.2 file with temperature of atmosphere
200
local	GMT or Local
0	GMT-Local=[hours]
0	Height[m]
0	0	0	Longitude                [grd]               [min]               [sec]
0	0	0	Latitude                [grd]               [min]               [sec]
N	NS
59,40	Freq[GHz]
0,00	dTemostat[K]
0,150	MessErr[K]
0,248	//[grad/step]
version 14.0.20110218
MTP5H033F5940K-33.00D180214+A1.1
Commentary:
enter comment
End Of Commentary

SYSTEM\summer.dat
data time	0	50	100	150	200	250	300	350	400	450	500	550	600	OutsideTemperature	Quality
28/10/2020 00:00:00	6,96	7,01	6,82	6,59	6,44	6,36	6,28	6,13	5,92	5,76	5,66	5,55	5,45	6,95	0
28/10/2020 00:05:00	6,93	6,87	6,69	6,48	6,33	6,27	6,21	6,08	5,87	5,71	5,62	5,52	5,43	6,96	0
28/10/2020 00:10:00	6,95	7,01	6,80	6,57	6,40	6,27	6,16	5,99	5,76	5,58	5,47	5,35	5,23	6,93	0
28/10/2020 00:15:00	6,88	6,99	6,79	6,47	6,33	6,22	6,18	6,05	5,83	5,68	5,60	5,52	5,44	6,91	0
28/10/2020 00:20:00	6,91	6,91	6,72	6,48	6,33	6,30	6,22	6,07	5,86	5,71	5,62	5,53	5,44	6,81	0
28/10/2020 00:25:00	6,86	6,91	6,74	6,56	6,41	6,33	6,21	6,05	5,83	5,65	5,54	5,41	5,29	6,83	0
28/10/2020 00:30:00	6,77	6,89	6,70	6,45	6,33	6,24	6,15	6,00	5,78	5,62	5,53	5,43	5,34	6,75	0
28/10/2020 00:35:00	6,69	6,78	6,60	6,34	6,19	6,20	6,13	5,99	5,80	5,66	5,60	5,54	5,48	6,76	0
28/10/2020 00:40:00	6,75	6,89	6,72	6,48	6,38	6,31	6,22	6,07	5,85	5,70	5,61	5,52	5,42	6,77	0
28/10/2020 00:45:00	6,75	6,84	6,65	6,46	6,38	6,37	6,21	6,03	5,83	5,69	5,60	5,51	5,42	6,72	0
28/10/2020 00:50:00	6,70	6,81	6,68	6,48	6,30	6,24	6,17	6,03	5,80	5,64	5,53	5,42	5,31	6,71	0
28/10/2020 00:55:00	6,78	6,83	6,65	6,47	6,34	6,24	6,15	6,00	5,78	5,61	5,50	5,39	5,27	6,75	0
28/10/2020 01:00:00	6,73	6,72	6,55	6,35	6,26	6,22	6,14	6,01	5,81	5,66	5,58	5,49	5,40	6,61	0
28/10/2020 01:05:00	6,61	6,71	6,51	6,27	6,18	6,16	6,12	6,01	5,82	5,70	5,65	5,60	5,55	6,61	0
28/10/2020 01:10:00	6,49	6,71	6,57	6,38	6,34	6,25	6,11	5,93	5,71	5,55	5,45	5,33	5,22	6,58	0
28/10/2020 01:15:00	6,64	6,62	6,45	6,28	6,17	6,13	6,14	6,05	5,86	5,72	5,66	5,58	5,50	6,50	0
28/10/2020 01:20:00	6,57	6,73	6,60	6,44	6,31	6,40	6,34	6,22	6,03	5,91	5,86	5,81	5,75	6,66	0
28/10/2020 01:25:00	6,60	6,78	6,67	6,54	6,46	6,43	6,31	6,15	5,94	5,78	5,68	5,56	5,45	6,53	0
28/10/2020 01:30:00	6,58	6,58	6,39	6,22	6,24	6,22	6,18	6,07	5,90	5,79	5,74	5,68	5,62	6,57	0
28/10/2020 01:35:00	6,53	6,67	6,56	6,38	6,35	6,29	6,23	6,10	5,90	5,75	5,66	5,56	5,47	6,46	0
28/10/2020 01:40:00	6,58	6,59	6,44	6,33	6,30	6,31	6,25	6,13	5,95	5,83	5,76	5,68	5,61	6,41	0
28/10/2020 01:45:00	6,42	6,48	6,39	6,32	6,21	6,23	6,18	6,05	5,86	5,72	5,63	5,53	5,43	6,43	0
28/10/2020 01:50:00	6,45	6,53	6,42	6,24	6,18	6,12	6,07	5,94	5,74	5,59	5,50	5,41	5,31	6,41	0
28/10/2020 01:55:00	6,46	6,58	6,45	6,27	6,25	6,20	6,08	5,93	5,73	5,58	5,49	5,39	5,29	6,48	0
28/10/2020 02:00:00	6,39	6,55	6,42	6,26	6,10	6,06	5,98	5,84	5,62	5,46	5,36	5,25	5,15	6,43	0
28/10/2020 02:05:00	6,38	6,38	6,29	6,16	6,08	6,09	6,10	6,02	5,83	5,70	5,63	5,56	5,48	6,40	0
28/10/2020 02:10:00	6,33	6,43	6,33	6,19	6,12	6,09	6,04	5,91	5,71	5,56	5,47	5,38	5,28	6,37	0
28/10/2020 02:15:00	6,35	6,45	6,29	6,10	6,01	6,11	6,05	5,93	5,76	5,66	5,63	5,59	5,56	6,42	0
28/10/2020 02:20:00	6,28	6,41	6,33	6,22	6,10	6,08	6,05	5,92	5,72	5,56	5,46	5,36	5,25	6,34	0
28/10/2020 02:25:00	6,24	6,41	6,26	6,09	6,00	5,92	5,91	5,80	5,59	5,45	5,37	5,28	5,20	6,26	0
28/10/2020 02:30:00	6,31	6,38	6,23	6,03	5,92	6,01	5,96	5,84	5,66	5,55	5,51	5,46	5,42	6,31	0
28/10/2020 02:35:00	6,37	6,42	6,30	6,19	6,04	5,99	5,96	5,84	5,63	5,47	5,37	5,26	5,15	6,40	0
28/10/2020 02:40:00	6,31	6,34	6,22	6,05	5,88	5,82	5,77	5,64	5,42	5,25	5,15	5,04	4,93	6,24	0
28/10/2020 02:45:00	6,35	6,28	6,07	5,85	5,82	5,83	5,75	5,62	5,44	5,33	5,28	5,23	5,18	6,32	0
28/10/2020 02:50:00	6,29	6,37	6,24	6,07	5,99	5,94	5,86	5,71	5,51	5,35	5,26	5,16	5,06	6,37	0
28/10/2020 02:55:00	6,24	6,36	6,24	6,00	5,92	5,83	5,81	5,70	5,49	5,34	5,26	5,18	5,10	6,30	0
28/10/2020 03:00:00	6,32	6,39	6,23	6,13	6,02	6,00	5,92	5,78	5,58	5,44	5,36	5,26	5,17	6,41	0
28/10/2020 03:05:00	6,36	6,38	6,22	6,04	5,91	5,88	5,77	5,61	5,40	5,25	5,15	5,05	4,94	6,29	0
28/10/2020 03:10:00	6,37	6,38	6,26	6,08	6,02	6,00	5,90	5,75	5,55	5,41	5,32	5,22	5,13	6,36	0
28/10/2020 03:15:00	6,35	6,40	6,24	6,08	5,97	5,97	5,83	5,66	5,46	5,31	5,23	5,13	5,03	6,30	0
28/10/2020 03:20:00	6,28	6,32	6,14	5,96	5,83	5,83	5,74	5,60	5,40	5,26	5,19	5,11	5,03	6,20	0
28/10/2020 03:25:00	6,32	6,38	6,17	6,02	5,96	5,97	5,93	5,82	5,65	5,54	5,50	5,45	5,39	6,28	0
28/10/2020 03:30:00	6,20	6,24	6,05	5,91	5,92	5,94	5,85	5,72	5,55	5,43	5,39	5,33	5,27	6,23	0
28/10/2020 03:35:00	6,22	6,27	6,12	6,01	5,90	5,97	5,94	5,84	5,67	5,55	5,50	5,44	5,39	6,26	0
28/10/2020 03:40:00	6,21	6,21	6,00	5,91	5,84	5,86	5,89	5,82	5,66	5,55	5,52	5,48	5,44	6,26	0
28/10/2020 03:45:00	6,24	6,19	6,01	5,88	5,88	5,94	5,93	5,84	5,69	5,60	5,58	5,54	5,51	6,22	0
28/10/2020 03:50:00	6,22	6,22	6,01	5,89	5,87	5,88	5,87	5,78	5,61	5,51	5,48	5,44	5,39	6,26	0
28/10/2020 03:55:00	6,23	6,16	5,97	5,87	5,79	5,82	5,79	5,69	5,51	5,40	5,35	5,29	5,22	6,21	0
28/10/2020 04:00:00	6,22	6,13	5,90	5,79	5,73	5,77	5,79	5,72	5,56	5,46	5,44	5,40	5,37	6,18	0
28/10/2020 04:05:00	6,12	6,10	5,90	5,77	5,79	5,86	5,82	5,73	5,58	5,49	5,48	5,45	5,42	6,12	0
28/10/2020 04:10:00	6,01	6,03	5,89	5,75	5,65	5,75	5,73	5,63	5,46	5,35	5,32	5,27	5,23	6,04	0
28/10/2020 04:15:00	6,02	5,94	5,79	5,70	5,67	5,74	5,74	5,67	5,51	5,41	5,38	5,34	5,30	5,94	0
28/10/2020 04:20:00	5,98	5,96	5,83	5,78	5,75	5,81	5,75	5,64	5,48	5,36	5,31	5,24	5,18	5,99	0
28/10/2020 04:25:00	5,92	5,83	5,68	5,59	5,55	5,62	5,67	5,62	5,46	5,37	5,34	5,31	5,28	5,88	0
28/10/2020 04:30:00	5,87	5,85	5,71	5,61	5,62	5,73	5,70	5,60	5,45	5,36	5,34	5,30	5,27	5,87	0
28/10/2020 04:35:00	5,91	5,88	5,73	5,60	5,55	5,64	5,64	5,56	5,40	5,30	5,27	5,24	5,20	5,90	0
28/10/2020 04:40:00	5,79	5,87	5,72	5,61	5,50	5,51	5,42	5,27	5,08	4,93	4,86	4,77	4,68	5,88	0
28/10/2020 04:45:00	5,85	5,85	5,63	5,53	5,43	5,44	5,46	5,38	5,20	5,10	5,06	5,02	4,98	5,88	0
28/10/2020 04:50:00	5,85	5,82	5,65	5,56	5,44	5,42	5,40	5,30	5,11	4,98	4,91	4,83	4,76	5,86	0
28/10/2020 04:55:00	5,91	5,85	5,60	5,47	5,40	5,38	5,34	5,23	5,06	4,94	4,89	4,84	4,78	5,85	0
28/10/2020 05:00:00	5,89	5,77	5,64	5,50	5,48	5,50	5,50	5,41	5,24	5,13	5,09	5,03	4,98	5,87	0
28/10/2020 05:05:00	5,85	5,76	5,55	5,42	5,36	5,41	5,42	5,35	5,19	5,10	5,08	5,05	5,03	5,82	0
28/10/2020 05:10:00	5,77	5,74	5,57	5,51	5,54	5,56	5,49	5,38	5,22	5,11	5,06	5,00	4,94	5,81	0
28/10/2020 05:15:00	5,80	5,74	5,58	5,40	5,38	5,43	5,37	5,26	5,09	4,99	4,95	4,90	4,86	5,88	0
28/10/2020 05:20:00	5,87	5,80	5,59	5,41	5,30	5,31	5,30	5,20	5,02	4,90	4,86	4,81	4,76	5,83	0
28/10/2020 05:25:00	5,87	5,80	5,58	5,37	5,31	5,44	5,44	5,36	5,21	5,14	5,15	5,16	5,16	5,88	0
28/10/2020 05:30:00	5,86	5,84	5,64	5,48	5,37	5,44	5,45	5,37	5,20	5,10	5,08	5,05	5,03	5,87	0
28/10/2020 05:35:00	5,77	5,78	5,65	5,50	5,53	5,51	5,47	5,36	5,19	5,07	5,01	4,94	4,87	5,79	0
28/10/2020 05:40:00	5,82	5,68	5,42	5,30	5,29	5,41	5,49	5,47	5,35	5,30	5,34	5,36	5,39	5,86	0
28/10/2020 05:45:00	5,82	5,85	5,63	5,55	5,59	5,68	5,65	5,57	5,43	5,36	5,36	5,35	5,34	5,85	0
28/10/2020 05:50:00	5,77	5,78	5,62	5,50	5,48	5,61	5,64	5,58	5,43	5,36	5,36	5,35	5,35	5,82	0
28/10/2020 05:55:00	5,74	5,72	5,53	5,44	5,45	5,63	5,67	5,63	5,51	5,46	5,49	5,52	5,54	5,79	0
28/10/2020 06:00:00	5,77	5,78	5,64	5,47	5,48	5,60	5,63	5,57	5,42	5,34	5,35	5,34	5,34	5,77	0
28/10/2020 06:05:00	5,67	5,74	5,55	5,44	5,43	5,51	5,59	5,55	5,41	5,33	5,35	5,35	5,36	5,76	0
28/10/2020 06:10:00	5,69	5,69	5,57	5,47	5,49	5,58	5,54	5,45	5,29	5,19	5,17	5,12	5,08	5,68	0
28/10/2020 06:15:00	5,61	5,70	5,56	5,44	5,49	5,51	5,47	5,36	5,20	5,10	5,06	5,01	4,97	5,63	0
28/10/2020 06:20:00	5,62	5,67	5,50	5,35	5,39	5,45	5,42	5,32	5,17	5,08	5,06	5,03	5,00	5,58	0
28/10/2020 06:25:00	5,60	5,58	5,48	5,36	5,30	5,35	5,31	5,21	5,02	4,90	4,84	4,78	4,71	5,56	0
28/10/2020 06:30:00	5,51	5,56	5,48	5,34	5,32	5,31	5,32	5,23	5,05	4,92	4,86	4,79	4,72	5,53	0
28/10/2020 06:35:00	5,50	5,49	5,34	5,25	5,21	5,40	5,39	5,31	5,18	5,10	5,11	5,10	5,09	5,47	0
28/10/2020 06:40:00	5,59	5,53	5,34	5,26	5,29	5,38	5,37	5,29	5,15	5,07	5,07	5,05	5,03	5,46	0
28/10/2020 06:45:00	5,42	5,43	5,21	5,07	5,09	5,21	5,25	5,20	5,07	5,01	5,04	5,06	5,08	5,41	0
28/10/2020 06:50:00	5,40	5,39	5,23	5,09	5,09	5,19	5,26	5,22	5,08	5,01	5,02	5,02	5,03	5,48	0
28/10/2020 06:55:00	5,28	5,41	5,26	5,08	5,13	5,24	5,27	5,20	5,06	4,99	5,02	5,03	5,04	5,35	0
28/10/2020 07:00:00	5,39	5,45	5,31	5,20	5,18	5,31	5,32	5,26	5,11	5,03	5,03	5,03	5,02	5,36	0
28/10/2020 07:05:00	5,28	5,41	5,31	5,16	5,28	5,39	5,40	5,34	5,20	5,13	5,13	5,13	5,13	5,31	0
28/10/2020 07:10:00	5,33	5,38	5,26	5,17	5,18	5,25	5,27	5,20	5,05	4,96	4,94	4,91	4,88	5,33	0
28/10/2020 07:15:00	5,31	5,38	5,18	5,05	5,06	5,20	5,19	5,11	4,97	4,90	4,92	4,93	4,94	5,39	0
28/10/2020 07:20:00	5,44	5,56	5,42	5,29	5,27	5,35	5,37	5,29	5,14	5,05	5,03	5,02	5,00	5,31	0
28/10/2020 07:25:00	5,21	5,34	5,19	5,08	5,08	5,08	5,07	4,98	4,81	4,70	4,67	4,63	4,58	5,31	0
28/10/2020 07:30:00	5,26	5,21	5,09	4,99	5,09	5,12	5,12	5,04	4,89	4,80	4,77	4,73	4,69	5,28	0
28/10/2020 07:35:00	5,32	5,34	5,16	5,00	4,98	5,04	4,99	4,89	4,73	4,63	4,61	4,58	4,55	5,25	0
28/10/2020 07:40:00	5,26	5,25	5,08	5,06	5,09	5,15	5,08	4,97	4,81	4,71	4,68	4,63	4,58	5,24	0
28/10/2020 07:45:00	5,13	5,12	5,00	4,84	4,94	5,05	5,03	4,94	4,81	4,73	4,74	4,74	4,74	5,18	0
28/10/2020 07:50:00	5,20	5,13	4,91	4,79	4,77	4,88	4,88	4,81	4,67	4,60	4,61	4,61	4,61	5,14	0
28/10/2020 07:55:00	5,14	5,01	4,77	4,63	4,66	4,78	4,91	4,91	4,79	4,76	4,81	4,86	4,91	5,15	0
28/10/2020 08:00:00	5,16	5,17	4,98	4,80	4,74	4,81	4,88	4,83	4,67	4,58	4,59	4,58	4,58	5,20	0
28/10/2020 08:05:00	5,19	5,20	4,96	4,78	4,87	4,95	4,94	4,86	4,73	4,67	4,70	4,71	4,73	5,18	0
28/10/2020 08:10:00	5,17	5,06	4,80	4,75	4,82	4,90	4,89	4,83	4,70	4,65	4,66	4,67	4,67	5,17	0
28/10/2020 08:15:00	5,20	5,10	4,83	4,71	4,73	4,85	4,78	4,68	4,55	4,48	4,50	4,50	4,51	5,18	0
28/10/2020 08:20:00	5,27	5,01	4,72	4,60	4,71	4,80	4,76	4,68	4,56	4,51	4,54	4,56	4,57	5,25	0
28/10/2020 08:25:00	5,30	5,03	4,73	4,58	4,61	4,76	4,80	4,76	4,65	4,61	4,66	4,70	4,74	5,33	0
28/10/2020 08:30:00	5,40	5,10	4,72	4,66	4,62	4,75	4,71	4,64	4,52	4,47	4,49	4,51	4,52	5,36	0
28/10/2020 08:35:00	5,40	5,10	4,75	4,60	4,63	4,78	4,74	4,66	4,56	4,52	4,57	4,61	4,65	5,47	0
28/10/2020 08:40:00	5,49	4,99	4,60	4,47	4,47	4,56	4,63	4,61	4,50	4,46	4,51	4,55	4,58	5,46	0
28/10/2020 08:45:00	5,54	5,09	4,74	4,58	4,53	4,55	4,65	4,63	4,50	4,43	4,45	4,46	4,47	5,50	0
28/10/2020 08:50:00	5,61	5,03	4,62	4,48	4,57	4,69	4,81	4,83	4,75	4,75	4,84	4,91	4,98	5,59	0
28/10/2020 08:55:00	5,62	5,15	4,76	4,61	4,56	4,68	4,75	4,74	4,63	4,59	4,65	4,69	4,73	5,68	0
28/10/2020 09:00:00	5,73	5,20	4,79	4,64	4,70	4,82	4,85	4,82	4,72	4,70	4,76	4,81	4,85	5,73	0
28/10/2020 09:05:00	5,76	5,18	4,79	4,60	4,65	4,75	4,77	4,74	4,64	4,60	4,66	4,69	4,73	5,81	0
28/10/2020 09:10:00	5,91	5,30	4,91	4,72	4,74	4,90	4,94	4,92	4,83	4,81	4,88	4,93	4,98	5,93	0
28/10/2020 09:15:00	5,99	5,27	4,79	4,62	4,68	4,84	4,90	4,89	4,82	4,82	4,91	4,98	5,05	5,94	0
28/10/2020 09:20:00	5,98	5,42	4,99	4,84	4,85	4,97	4,89	4,80	4,70	4,65	4,68	4,70	4,71	5,98	0
28/10/2020 09:25:00	6,13	5,38	4,87	4,69	4,71	4,84	4,91	4,91	4,83	4,82	4,90	4,97	5,04	6,17	0
28/10/2020 09:30:00	6,09	5,32	4,91	4,72	4,73	4,80	4,86	4,85	4,74	4,70	4,75	4,77	4,80	6,05	0
28/10/2020 09:35:00	6,11	5,44	4,96	4,79	4,91	5,05	5,07	5,04	4,97	4,98	5,07	5,14	5,20	6,04	0
28/10/2020 09:40:00	6,18	5,45	4,99	4,87	4,91	5,12	5,21	5,23	5,17	5,18	5,28	5,37	5,45	6,17	0
28/10/2020 09:45:00	6,21	5,59	5,11	4,90	4,89	5,08	5,13	5,11	5,03	5,03	5,12	5,20	5,28	6,30	0
28/10/2020 09:50:00	6,39	5,52	5,05	4,91	4,87	5,00	5,12	5,15	5,06	5,05	5,12	5,17	5,22	6,42	0
28/10/2020 09:55:00	6,48	5,68	5,09	4,86	4,81	4,88	4,98	4,99	4,91	4,90	4,99	5,07	5,14	6,41	0
28/10/2020 10:00:00	6,28	5,59	5,07	4,93	4,88	5,00	5,03	5,00	4,91	4,89	4,95	5,00	5,04	6,33	0
28/10/2020 10:05:00	6,56	5,57	5,05	4,88	4,98	5,19	5,24	5,25	5,20	5,22	5,33	5,42	5,50	6,43	0
28/10/2020 10:10:00	6,73	5,75	5,19	5,00	5,00	5,10	5,11	5,07	4,99	4,97	5,04	5,08	5,12	6,69	0
28/10/2020 10:15:00	6,77	5,76	5,14	4,93	4,92	5,03	5,08	5,07	5,00	5,00	5,08	5,15	5,21	6,85	0
28/10/2020 10:20:00	6,58	5,94	5,41	5,27	5,22	5,23	5,20	5,13	5,01	4,95	4,96	4,96	4,96	6,72	0
28/10/2020 10:25:00	6,53	5,95	5,37	5,16	5,09	5,18	5,18	5,13	5,03	5,01	5,08	5,14	5,19	6,67	0
28/10/2020 10:30:00	6,84	5,88	5,27	5,12	5,14	5,25	5,27	5,25	5,18	5,18	5,26	5,31	5,37	6,80	0
28/10/2020 10:35:00	6,85	6,02	5,43	5,24	5,31	5,36	5,43	5,43	5,35	5,35	5,43	5,49	5,55	7,07	0
28/10/2020 10:40:00	7,15	6,18	5,47	5,30	5,24	5,42	5,57	5,63	5,59	5,63	5,77	5,89	6,02	7,35	0
28/10/2020 10:45:00	7,00	6,23	5,60	5,31	5,25	5,30	5,40	5,41	5,32	5,32	5,41	5,49	5,57	7,14	0
28/10/2020 10:50:00	7,06	6,35	5,67	5,46	5,40	5,44	5,44	5,40	5,30	5,28	5,35	5,40	5,45	7,33	0
28/10/2020 10:55:00	7,40	6,48	5,73	5,49	5,45	5,43	5,39	5,33	5,24	5,21	5,27	5,31	5,35	7,63	0
28/10/2020 11:00:00	7,13	6,57	5,88	5,60	5,52	5,45	5,37	5,26	5,13	5,07	5,10	5,12	5,14	7,80	0
28/10/2020 11:05:00	7,22	6,80	6,06	5,74	5,58	5,60	5,51	5,41	5,28	5,24	5,30	5,36	5,41	7,80	0
28/10/2020 11:10:00	7,33	6,88	6,12	5,86	5,68	5,63	5,51	5,38	5,24	5,18	5,20	5,22	5,23	8,04	0
28/10/2020 11:15:00	7,26	6,85	6,26	5,95	5,70	5,59	5,55	5,44	5,26	5,16	5,14	5,12	5,10	7,97	0
28/10/2020 11:20:00	7,41	6,94	6,18	5,84	5,66	5,63	5,64	5,58	5,46	5,43	5,51	5,58	5,65	8,07	0
28/10/2020 11:25:00	7,39	6,99	6,29	5,91	5,67	5,55	5,50	5,39	5,22	5,14	5,15	5,16	5,17	8,17	0
28/10/2020 11:30:00	7,50	7,19	6,39	5,89	5,62	5,43	5,40	5,29	5,12	5,04	5,08	5,11	5,15	8,58	0
28/10/2020 11:35:00	7,42	7,15	6,40	6,02	5,69	5,47	5,38	5,24	5,03	4,92	4,89	4,86	4,84	8,38	0
28/10/2020 11:40:00	7,49	7,26	6,58	6,23	5,93	5,84	5,66	5,48	5,29	5,17	5,15	5,13	5,10	8,54	0
28/10/2020 11:45:00	7,67	7,39	6,74	6,28	5,92	5,79	5,62	5,42	5,21	5,08	5,04	5,01	4,97	8,63	0
28/10/2020 11:50:00	7,89	7,65	7,03	6,67	6,43	6,22	6,07	5,89	5,68	5,54	5,49	5,42	5,36	8,61	0
28/10/2020 11:55:00	8,14	7,75	7,08	6,68	6,49	6,27	6,13	5,96	5,77	5,64	5,60	5,54	5,49	8,85	0
28/10/2020 12:00:00	8,31	7,88	7,10	6,70	6,54	6,37	6,23	6,07	5,91	5,82	5,82	5,81	5,80	9,17	0
28/10/2020 12:05:00	8,13	7,76	7,16	6,85	6,58	6,47	6,31	6,13	5,94	5,81	5,75	5,68	5,61	8,64	0
28/10/2020 12:10:00	8,34	7,98	7,32	6,99	6,75	6,59	6,45	6,29	6,11	5,99	5,95	5,89	5,84	8,72	0
28/10/2020 12:15:00	8,45	7,86	7,20	6,88	6,60	6,54	6,38	6,22	6,05	5,94	5,90	5,85	5,81	8,88	0
28/10/2020 12:20:00	8,50	8,00	7,32	6,91	6,60	6,48	6,36	6,20	6,01	5,89	5,86	5,83	5,79	8,75	0
28/10/2020 12:25:00	8,70	8,19	7,59	7,20	6,88	6,72	6,50	6,28	6,06	5,90	5,80	5,69	5,59	9,20	0
28/10/2020 12:30:00	8,94	8,22	7,42	6,99	6,66	6,48	6,39	6,25	6,07	5,96	5,94	5,91	5,88	9,20	0
28/10/2020 12:35:00	8,87	8,20	7,46	6,98	6,68	6,52	6,43	6,29	6,11	6,01	6,00	5,98	5,96	9,23	0
28/10/2020 12:40:00	8,83	8,26	7,56	7,14	6,87	6,65	6,54	6,39	6,19	6,06	6,01	5,95	5,89	9,21	0
28/10/2020 12:45:00	8,93	8,31	7,66	7,24	6,98	6,82	6,62	6,42	6,22	6,08	6,00	5,92	5,84	9,57	0
28/10/2020 12:50:00	8,98	8,24	7,56	7,22	6,94	6,83	6,76	6,64	6,48	6,37	6,34	6,30	6,26	9,46	0
28/10/2020 12:55:00	9,01	8,41	7,76	7,37	7,03	6,80	6,58	6,37	6,14	5,97	5,85	5,73	5,61	9,70	0
28/10/2020 13:00:00	9,08	8,39	7,68	7,25	6,93	6,78	6,63	6,46	6,27	6,14	6,09	6,03	5,97	9,60	0
28/10/2020 13:05:00	8,97	8,46	7,86	7,39	7,06	6,84	6,57	6,31	6,07	5,88	5,75	5,62	5,49	9,69	0
28/10/2020 13:10:00	9,10	8,54	7,87	7,42	7,03	6,85	6,69	6,51	6,29	6,14	6,07	5,99	5,91	9,63	0
28/10/2020 13:15:00	9,22	8,53	7,89	7,51	7,19	7,03	6,79	6,57	6,36	6,20	6,09	5,97	5,86	9,78	0
28/10/2020 13:20:00	9,17	8,71	8,12	7,68	7,37	7,10	6,92	6,70	6,47	6,29	6,18	6,06	5,93	9,55	0
28/10/2020 13:25:00	9,34	8,74	8,09	7,68	7,28	7,00	6,75	6,50	6,25	6,05	5,91	5,75	5,60	9,66	0
28/10/2020 13:30:00	9,44	9,03	8,50	8,09	7,70	7,46	7,20	6,93	6,67	6,46	6,30	6,13	5,96	9,68	0
28/10/2020 13:35:00	9,88	9,23	8,61	8,23	7,95	7,68	7,47	7,26	7,03	6,85	6,71	6,56	6,41	9,85	0
28/10/2020 13:40:00	9,93	9,48	8,80	8,34	8,01	7,72	7,52	7,31	7,08	6,90	6,79	6,67	6,55	10,05	0
28/10/2020 13:45:00	10,15	9,42	8,72	8,26	7,93	7,69	7,44	7,20	6,97	6,80	6,67	6,54	6,41	10,18	0
28/10/2020 13:50:00	10,04	9,47	8,90	8,47	8,12	7,88	7,61	7,36	7,11	6,91	6,75	6,59	6,43	10,27	0
28/10/2020 13:55:00	10,05	9,53	8,88	8,38	8,05	7,75	7,50	7,25	7,01	6,81	6,68	6,53	6,39	10,54	0
28/10/2020 14:00:00	10,32	9,90	9,28	8,84	8,43	8,15	7,85	7,56	7,30	7,08	6,90	6,72	6,54	10,46	0
28/10/2020 14:05:00	10,56	9,97	9,31	8,88	8,59	8,33	8,06	7,81	7,58	7,39	7,25	7,10	6,94	10,46	0
28/10/2020 14:10:00	10,56	9,97	9,31	8,90	8,61	8,34	8,05	7,79	7,55	7,36	7,21	7,04	6,87	10,45	0
28/10/2020 14:15:00	10,31	9,97	9,38	8,94	8,63	8,36	8,14	7,92	7,67	7,49	7,36	7,22	7,08	10,39	0
28/10/2020 14:20:00	10,47	10,05	9,49	9,09	8,72	8,37	8,10	7,82	7,55	7,31	7,11	6,89	6,68	10,41	0
28/10/2020 14:25:00	10,37	10,09	9,56	9,15	8,84	8,57	8,23	7,94	7,67	7,44	7,25	7,05	6,85	10,38	0
28/10/2020 14:30:00	10,42	10,18	9,65	9,20	8,85	8,51	8,23	7,95	7,67	7,43	7,24	7,04	6,84	10,38	0
28/10/2020 14:35:00	10,57	10,18	9,63	9,21	8,82	8,55	8,23	7,93	7,65	7,42	7,22	7,02	6,82	10,61	0
28/10/2020 14:40:00	10,56	10,21	9,65	9,22	8,86	8,52	8,21	7,91	7,63	7,39	7,18	6,97	6,75	10,56	0
28/10/2020 14:45:00	10,46	10,25	9,77	9,33	8,93	8,55	8,29	8,00	7,71	7,45	7,23	7,00	6,78	10,52	0
28/10/2020 14:50:00	10,45	10,19	9,72	9,31	8,94	8,59	8,30	8,01	7,71	7,46	7,23	7,00	6,77	10,52	0
28/10/2020 14:55:00	10,52	10,45	9,96	9,59	9,19	8,82	8,43	8,08	7,77	7,49	7,22	6,96	6,69	10,55	0
28/10/2020 15:00:00	10,58	10,38	9,87	9,51	9,14	8,71	8,36	8,03	7,72	7,43	7,17	6,90	6,62	10,63	0
28/10/2020 15:05:00	10,56	10,34	9,88	9,52	9,16	8,84	8,54	8,25	7,96	7,71	7,49	7,26	7,03	10,58	0
28/10/2020 15:10:00	10,48	10,45	10,01	9,64	9,28	8,93	8,57	8,24	7,94	7,66	7,41	7,16	6,90	10,57	0
28/10/2020 15:15:00	10,60	10,55	10,15	9,73	9,35	8,98	8,65	8,33	8,01	7,72	7,47	7,21	6,95	10,54	0
28/10/2020 15:20:00	10,59	10,51	10,10	9,75	9,41	9,07	8,70	8,36	8,06	7,78	7,52	7,25	6,97	10,62	0
28/10/2020 15:25:00	10,57	10,63	10,26	9,86	9,50	9,15	8,78	8,43	8,11	7,82	7,55	7,28	7,01	10,58	0
28/10/2020 15:30:00	10,61	10,72	10,37	9,99	9,63	9,30	8,97	8,64	8,33	8,05	7,80	7,54	7,28	10,67	0
28/10/2020 15:35:00	10,69	10,86	10,49	10,10	9,71	9,37	9,02	8,68	8,36	8,08	7,82	7,57	7,31	10,68	0
28/10/2020 15:40:00	10,63	10,95	10,64	10,29	9,95	9,59	9,18	8,81	8,47	8,17	7,88	7,58	7,29	10,67	0
28/10/2020 15:45:00	10,64	10,76	10,44	10,12	9,79	9,40	9,09	8,78	8,46	8,17	7,90	7,62	7,34	10,60	0
28/10/2020 15:50:00	10,60	10,88	10,60	10,20	9,81	9,50	9,12	8,76	8,43	8,13	7,86	7,58	7,31	10,63	0
28/10/2020 15:55:00	10,46	10,76	10,47	10,14	9,82	9,46	9,15	8,84	8,53	8,24	7,99	7,73	7,46	10,57	0
28/10/2020 16:00:00	10,44	10,73	10,48	10,11	9,76	9,41	9,08	8,74	8,41	8,12	7,84	7,57	7,29	10,45	0
28/10/2020 16:05:00	10,32	10,51	10,27	9,91	9,58	9,25	8,95	8,63	8,32	8,03	7,77	7,50	7,24	10,32	0
28/10/2020 16:10:00	10,27	10,47	10,22	9,89	9,50	9,20	8,86	8,53	8,20	7,91	7,63	7,35	7,07	10,19	0
28/10/2020 16:15:00	10,22	10,37	10,11	9,74	9,37	9,04	8,81	8,54	8,23	7,96	7,72	7,48	7,24	10,10	0
28/10/2020 16:20:00	10,08	10,31	10,16	9,85	9,52	9,21	8,91	8,60	8,28	7,99	7,72	7,44	7,16	10,08	0
28/10/2020 16:25:00	10,14	10,26	10,05	9,72	9,41	9,15	8,88	8,59	8,29	8,03	7,79	7,54	7,30	10,09	0
28/10/2020 16:30:00	10,06	10,31	10,10	9,77	9,50	9,19	8,89	8,59	8,28	8,01	7,75	7,50	7,24	10,00	0
28/10/2020 16:35:00	9,91	10,28	10,13	9,81	9,47	9,21	8,88	8,55	8,23	7,94	7,68	7,41	7,14	9,88	0
28/10/2020 16:40:00	9,83	10,28	10,15	9,86	9,57	9,29	9,01	8,71	8,40	8,12	7,87	7,61	7,35	9,84	0
28/10/2020 16:45:00	9,89	10,28	10,15	9,84	9,53	9,24	8,94	8,62	8,30	8,02	7,75	7,48	7,22	9,84	0
28/10/2020 16:50:00	9,77	10,12	10,02	9,69	9,45	9,12	8,85	8,56	8,25	7,96	7,69	7,42	7,15	9,83	0
28/10/2020 16:55:00	9,70	9,99	9,80	9,53	9,24	9,00	8,69	8,39	8,09	7,82	7,58	7,33	7,09	9,77	0
28/10/2020 17:00:00	9,61	9,96	9,83	9,59	9,28	8,97	8,65	8,33	8,00	7,70	7,41	7,12	6,83	9,69	0
28/10/2020 17:05:00	9,58	9,96	9,84	9,54	9,21	8,87	8,58	8,26	7,93	7,62	7,33	7,05	6,76	9,62	0
28/10/2020 17:10:00	9,49	9,88	9,79	9,52	9,23	8,94	8,63	8,31	7,99	7,69	7,41	7,13	6,85	9,59	0
28/10/2020 17:15:00	9,57	9,98	9,87	9,52	9,14	8,86	8,54	8,21	7,88	7,57	7,30	7,02	6,75	9,58	0
28/10/2020 17:20:00	9,49	10,00	9,85	9,52	9,20	8,90	8,55	8,21	7,88	7,58	7,31	7,04	6,77	9,56	0
28/10/2020 17:25:00	9,75	10,01	9,84	9,54	9,20	8,92	8,58	8,25	7,92	7,63	7,35	7,06	6,78	9,63	0
28/10/2020 17:30:00	9,55	9,97	9,89	9,62	9,25	8,97	8,66	8,33	8,00	7,69	7,40	7,11	6,82	9,46	0
28/10/2020 17:35:00	9,73	9,94	9,77	9,52	9,24	8,96	8,64	8,33	8,02	7,74	7,47	7,20	6,92	9,60	0
28/10/2020 17:40:00	9,50	9,88	9,68	9,36	9,00	8,73	8,43	8,11	7,79	7,51	7,27	7,02	6,77	9,58	0
28/10/2020 17:45:00	9,62	9,74	9,53	9,22	8,89	8,64	8,35	8,05	7,75	7,48	7,24	6,99	6,74	9,64	0
28/10/2020 17:50:00	9,60	9,81	9,60	9,30	8,95	8,68	8,43	8,15	7,84	7,57	7,34	7,10	6,86	9,55	0
28/10/2020 17:55:00	9,48	9,69	9,51	9,19	8,91	8,60	8,31	8,00	7,69	7,42	7,16	6,90	6,65	9,60	0
28/10/2020 18:00:00	9,63	9,79	9,57	9,25	8,94	8,62	8,35	8,07	7,76	7,48	7,23	6,98	6,73	9,59	0
28/10/2020 18:05:00	9,61	9,77	9,58	9,29	9,02	8,78	8,50	8,21	7,92	7,66	7,42	7,17	6,93	9,61	0
28/10/2020 18:10:00	9,63	9,75	9,53	9,27	8,94	8,66	8,34	8,03	7,72	7,43	7,16	6,89	6,61	9,63	0
28/10/2020 18:15:00	9,47	9,63	9,39	9,09	8,74	8,57	8,29	8,00	7,71	7,47	7,26	7,05	6,84	9,54	0
28/10/2020 18:20:00	9,51	9,63	9,40	9,06	8,83	8,54	8,27	8,00	7,71	7,45	7,23	7,00	6,77	9,48	0
28/10/2020 18:25:00	9,47	9,66	9,45	9,15	8,82	8,53	8,29	8,02	7,71	7,44	7,21	6,97	6,73	9,53	0
28/10/2020 18:30:00	9,49	9,71	9,54	9,20	8,91	8,64	8,35	8,05	7,75	7,48	7,23	6,99	6,75	9,50	0
28/10/2020 18:35:00	9,43	9,56	9,34	9,05	8,81	8,57	8,32	8,05	7,77	7,53	7,31	7,09	6,87	9,44	0
28/10/2020 18:40:00	9,40	9,79	9,65	9,39	9,07	8,80	8,51	8,21	7,90	7,61	7,36	7,10	6,84	9,42	0
28/10/2020 18:45:00	9,33	9,57	9,32	9,02	8,72	8,45	8,17	7,88	7,59	7,33	7,11	6,88	6,65	9,43	0
28/10/2020 18:50:00	9,44	9,58	9,35	9,06	8,78	8,52	8,25	7,96	7,67	7,42	7,19	6,96	6,73	9,40	0
28/10/2020 18:55:00	9,34	9,61	9,40	9,18	8,81	8,51	8,25	7,96	7,65	7,37	7,12	6,86	6,60	9,43	0
28/10/2020 19:00:00	9,46	9,44	9,24	8,93	8,68	8,44	8,16	7,87	7,58	7,32	7,09	6,85	6,60	9,40	0
28/10/2020 19:05:00	9,39	9,45	9,24	8,97	8,69	8,49	8,20	7,91	7,63	7,38	7,15	6,91	6,68	9,35	0
28/10/2020 19:10:00	9,24	9,51	9,28	9,00	8,67	8,41	8,14	7,86	7,56	7,30	7,07	6,85	6,62	9,27	0
28/10/2020 19:15:00	9,27	9,37	9,12	8,83	8,56	8,34	8,14	7,90	7,63	7,40	7,21	7,01	6,81	9,22	0
28/10/2020 19:20:00	9,26	9,36	9,14	8,83	8,58	8,25	8,01	7,75	7,45	7,19	6,95	6,71	6,47	9,18	0
28/10/2020 19:25:00	9,32	9,37	9,17	8,86	8,52	8,30	8,02	7,72	7,43	7,16	6,93	6,69	6,45	9,27	0
28/10/2020 19:30:00	9,22	9,29	9,06	8,77	8,51	8,28	8,01	7,73	7,45	7,20	6,99	6,77	6,55	9,18	0
28/10/2020 19:35:00	9,12	9,24	9,01	8,74	8,49	8,22	7,94	7,65	7,36	7,11	6,88	6,64	6,40	9,20	0
28/10/2020 19:40:00	9,03	9,23	8,98	8,70	8,38	8,11	7,90	7,65	7,37	7,12	6,91	6,70	6,49	9,10	0
28/10/2020 19:45:00	9,04	9,23	9,00	8,73	8,52	8,34	8,09	7,84	7,58	7,36	7,17	6,98	6,79	9,12	0
28/10/2020 19:50:00	9,00	9,21	9,06	8,79	8,51	8,29	8,05	7,79	7,50	7,24	7,02	6,79	6,56	8,99	0
28/10/2020 19:55:00	8,85	9,18	9,04	8,82	8,55	8,27	8,00	7,71	7,41	7,13	6,88	6,62	6,36	8,89	0
28/10/2020 20:00:00	8,83	9,24	9,10	8,83	8,55	8,27	8,02	7,75	7,44	7,18	6,95	6,72	6,49	8,84	0
28/10/2020 20:05:00	8,92	9,19	9,04	8,74	8,48	8,23	7,99	7,72	7,43	7,18	6,96	6,74	6,52	8,95	0
28/10/2020 20:10:00	8,89	9,08	8,91	8,60	8,35	8,17	7,92	7,66	7,38	7,15	6,95	6,75	6,55	8,75	0
28/10/2020 20:15:00	8,76	8,95	8,79	8,52	8,30	8,01	7,79	7,53	7,24	6,99	6,77	6,54	6,32	8,72	0
28/10/2020 20:20:00	8,64	9,04	8,97	8,70	8,44	8,13	7,81	7,49	7,16	6,86	6,58	6,30	6,02	8,72	0
28/10/2020 20:25:00	8,74	9,08	8,98	8,66	8,40	8,17	7,86	7,55	7,25	6,98	6,74	6,50	6,26	8,77	0
28/10/2020 20:30:00	8,78	9,06	8,96	8,70	8,41	8,09	7,77	7,44	7,11	6,81	6,52	6,23	5,93	8,77	0
28/10/2020 20:35:00	8,86	9,08	8,86	8,61	8,31	8,06	7,73	7,41	7,11	6,84	6,60	6,35	6,10	8,78	0
28/10/2020 20:40:00	8,65	9,00	8,84	8,56	8,24	7,93	7,61	7,28	6,96	6,67	6,40	6,13	5,86	8,73	0
28/10/2020 20:45:00	8,87	9,01	8,82	8,54	8,19	7,87	7,59	7,28	6,96	6,67	6,41	6,14	5,87	8,81	0
28/10/2020 20:50:00	8,91	9,01	8,77	8,53	8,24	7,95	7,69	7,41	7,12	6,85	6,62	6,37	6,13	8,92	0
28/10/2020 20:55:00	8,95	9,08	8,82	8,50	8,19	7,91	7,65	7,38	7,08	6,83	6,61	6,39	6,17	8,95	0
28/10/2020 21:00:00	9,00	9,03	8,77	8,49	8,19	7,96	7,69	7,41	7,13	6,89	6,67	6,45	6,23	9,00	0
28/10/2020 21:05:00	9,05	9,07	8,71	8,42	8,11	7,86	7,61	7,35	7,07	6,84	6,66	6,46	6,27	8,97	0
28/10/2020 21:10:00	9,01	8,95	8,73	8,37	8,09	7,77	7,53	7,26	6,96	6,70	6,46	6,22	5,99	8,91	0
28/10/2020 21:15:00	8,96	8,99	8,69	8,37	8,07	7,83	7,62	7,38	7,11	6,88	6,70	6,51	6,32	8,95	0
28/10/2020 21:20:00	8,93	8,97	8,70	8,32	8,05	7,79	7,47	7,17	6,88	6,63	6,41	6,19	5,97	8,89	0
28/10/2020 21:25:00	8,90	8,94	8,69	8,44	8,15	7,94	7,64	7,35	7,07	6,82	6,59	6,36	6,13	8,88	0
28/10/2020 21:30:00	8,85	8,93	8,66	8,33	8,06	7,73	7,50	7,24	6,95	6,70	6,48	6,26	6,04	8,85	0
28/10/2020 21:35:00	8,80	8,93	8,64	8,34	7,98	7,67	7,51	7,29	7,00	6,75	6,55	6,35	6,14	8,82	0
28/10/2020 21:40:00	8,80	8,92	8,65	8,37	8,12	7,92	7,55	7,22	6,94	6,69	6,47	6,24	6,01	8,75	0
28/10/2020 21:45:00	8,64	8,77	8,55	8,28	7,99	7,74	7,51	7,26	6,97	6,73	6,52	6,31	6,10	8,70	0
28/10/2020 21:50:00	8,52	8,72	8,51	8,21	7,94	7,69	7,47	7,22	6,94	6,70	6,50	6,30	6,09	8,67	0
28/10/2020 21:55:00	8,43	8,65	8,43	8,17	7,94	7,80	7,55	7,30	7,04	6,83	6,66	6,49	6,31	8,49	0
28/10/2020 22:00:00	8,39	8,60	8,45	8,22	8,00	7,74	7,51	7,25	6,97	6,72	6,50	6,27	6,05	8,38	0
28/10/2020 22:05:00	8,17	8,62	8,46	8,26	8,00	7,78	7,55	7,28	7,00	6,76	6,56	6,36	6,15	8,25	0
28/10/2020 22:10:00	8,29	8,47	8,35	8,14	7,92	7,71	7,56	7,35	7,08	6,85	6,66	6,46	6,26	8,30	0
28/10/2020 22:15:00	8,07	8,44	8,32	8,08	7,89	7,65	7,41	7,15	6,87	6,62	6,41	6,20	5,98	8,15	0
28/10/2020 22:20:00	8,07	8,43	8,38	8,20	7,97	7,80	7,61	7,37	7,09	6,84	6,63	6,41	6,20	8,12	0
28/10/2020 22:25:00	7,93	8,43	8,31	8,11	7,87	7,68	7,50	7,26	6,99	6,76	6,58	6,39	6,21	8,04	0
28/10/2020 22:30:00	8,01	8,34	8,17	7,99	7,75	7,52	7,38	7,18	6,91	6,69	6,51	6,33	6,14	7,91	0
28/10/2020 22:35:00	7,99	8,30	8,25	8,09	7,84	7,66	7,44	7,19	6,91	6,65	6,43	6,20	5,96	8,01	0
28/10/2020 22:40:00	7,91	8,20	8,13	7,95	7,74	7,63	7,37	7,11	6,84	6,61	6,41	6,20	5,99	7,91	0
28/10/2020 22:45:00	7,78	8,21	8,12	7,89	7,77	7,51	7,37	7,17	6,90	6,68	6,50	6,31	6,13	7,82	0
28/10/2020 22:50:00	7,63	8,14	8,04	7,86	7,64	7,42	7,26	7,04	6,76	6,52	6,33	6,14	5,95	7,79	0
28/10/2020 22:55:00	7,76	8,20	8,13	7,95	7,75	7,53	7,32	7,08	6,79	6,55	6,33	6,11	5,90	7,85	0
28/10/2020 23:00:00	7,80	8,10	7,95	7,73	7,57	7,45	7,28	7,07	6,83	6,64	6,49	6,34	6,19	7,77	0
28/10/2020 23:05:00	7,76	8,03	8,00	7,86	7,71	7,54	7,34	7,10	6,84	6,60	6,39	6,17	5,95	7,74	0
28/10/2020 23:10:00	7,79	8,03	7,89	7,73	7,57	7,45	7,30	7,10	6,86	6,67	6,52	6,36	6,21	7,67	0
28/10/2020 23:15:00	7,75	8,08	7,94	7,79	7,57	7,34	7,21	7,02	6,75	6,52	6,34	6,15	5,96	7,71	0
28/10/2020 23:20:00	7,65	8,11	7,97	7,73	7,52	7,33	7,18	6,98	6,71	6,50	6,34	6,18	6,02	7,67	0
28/10/2020 23:25:00	7,52	7,90	7,84	7,66	7,43	7,25	7,08	6,86	6,58	6,34	6,15	5,95	5,75	7,67	0
28/10/2020 23:30:00	7,52	7,96	7,83	7,67	7,51	7,35	7,12	6,88	6,62	6,40	6,22	6,03	5,85	7,56	0
28/10/2020 23:35:00	7,79	7,93	7,68	7,46	7,30	7,09	7,00	6,83	6,60	6,42	6,29	6,15	6,02	7,68	0
28/10/2020 23:40:00	7,73	7,87	7,68	7,45	7,31	7,24	7,04	6,82	6,59	6,41	6,28	6,14	6,01	7,68	0
28/10/2020 23:45:00	7,74	7,90	7,69	7,49	7,35	7,22	7,05	6,85	6,62	6,44	6,30	6,15	6,01	7,67	0
28/10/2020 23:50:00	7,64	7,71	7,49	7,42	7,33	7,24	7,09	6,91	6,71	6,54	6,42	6,28	6,14	7,57	0
28/10/2020 23:55:00	7,56	7,60	7,33	7,18	7,11	7,04	6,91	6,75	6,55	6,41	6,32	6,22	6,12	7,58	0
