FileFormat:0002.2 file with temperature of atmosphere
200
local	GMT or Local
0	GMT-Local=[hours]
0	Height[m]
0	0	0	Longitude                [grd]               [min]               [sec]
0	0	0	Latitude                [grd]               [min]               [sec]
N	NS
59,40	Freq[GHz]
0,00	dTemostat[K]
0,150	MessErr[K]
0,248	//[grad/step]
version 14.0.20110218
MTP5H033F5940K-33.00D180214+A1.1
Commentary:
enter comment
End Of Commentary

SYSTEM\summer.dat
data time	0	50	100	150	200	250	300	350	400	450	500	550	600	OutsideTemperature	Quality
15/07/2020 12:40:00	21,63	21,28	20,64	20,08	19,66	19,29	18,90	18,57	18,27	17,96	17,62	17,26	16,89	21,24	0
15/07/2020 13:40:00	22,62	22,15	21,43	20,77	20,31	19,89	19,55	19,25	18,96	18,69	18,40	18,10	17,79	21,88	0
15/07/2020 13:45:00	23,01	22,42	21,45	20,85	20,47	20,15	19,79	19,50	19,25	19,01	18,76	18,47	18,18	22,59	0
15/07/2020 13:50:00	22,40	22,19	21,68	21,13	20,75	20,37	20,02	19,71	19,41	19,11	18,78	18,42	18,06	23,48	0
15/07/2020 13:55:00	22,16	22,09	21,71	21,23	20,83	20,48	20,11	19,77	19,45	19,12	18,73	18,32	17,91	22,58	0
15/07/2020 14:00:00	22,09	22,12	21,72	21,25	20,89	20,49	20,11	19,77	19,45	19,11	18,73	18,33	17,92	22,01	0
15/07/2020 14:05:00	22,34	22,22	21,80	21,31	20,94	20,56	20,19	19,85	19,53	19,19	18,81	18,39	17,98	23,20	0
15/07/2020 14:10:00	22,28	22,21	21,82	21,35	20,95	20,56	20,20	19,87	19,55	19,21	18,83	18,41	18,00	22,46	0
15/07/2020 14:15:00	22,21	22,28	21,90	21,46	21,05	20,66	20,28	19,93	19,60	19,25	18,85	18,42	18,00	21,74	0
15/07/2020 14:20:00	22,25	22,17	21,80	21,30	20,92	20,58	20,20	19,86	19,54	19,20	18,81	18,39	17,97	21,43	0
15/07/2020 14:25:00	22,10	22,21	21,87	21,38	21,00	20,61	20,21	19,86	19,53	19,18	18,79	18,37	17,95	21,24	0
15/07/2020 14:30:00	22,26	22,24	21,85	21,36	20,94	20,55	20,16	19,81	19,48	19,13	18,74	18,31	17,89	21,26	0
15/07/2020 14:35:00	22,59	22,44	21,87	21,28	20,83	20,41	20,01	19,66	19,34	19,02	18,66	18,28	17,90	22,60	0
15/07/2020 14:40:00	23,17	22,67	21,91	21,28	20,77	20,31	19,94	19,61	19,30	19,00	18,67	18,31	17,96	23,85	0
15/07/2020 14:45:00	23,29	22,75	22,05	21,48	21,09	20,71	20,28	19,93	19,63	19,30	18,93	18,52	18,11	25,70	0
15/07/2020 14:50:00	22,67	22,66	22,26	21,72	21,26	20,86	20,46	20,09	19,74	19,38	18,97	18,53	18,09	24,78	0
15/07/2020 14:55:00	22,44	22,50	22,18	21,63	21,17	20,70	20,25	19,85	19,47	19,08	18,63	18,16	17,69	23,99	0
15/07/2020 15:00:00	22,38	22,41	22,05	21,57	21,15	20,70	20,30	19,93	19,58	19,22	18,80	18,36	17,91	22,65	0
15/07/2020 15:05:00	23,93	23,53	22,82	22,02	21,38	20,71	20,14	19,65	19,23	18,79	18,29	17,78	17,26	22,58	0
15/07/2020 15:15:00	21,87	21,92	21,65	21,21	20,80	20,39	20,00	19,64	19,29	18,91	18,48	18,01	17,55	22,43	0
15/07/2020 15:20:00	21,88	22,13	21,98	21,47	20,91	20,36	19,84	19,36	18,93	18,46	17,90	17,33	16,76	21,96	0
15/07/2020 15:25:00	21,54	21,76	21,53	21,12	20,75	20,38	19,92	19,51	19,14	18,74	18,26	17,76	17,25	20,37	0
15/07/2020 15:30:00	21,33	20,85	20,57	20,30	20,26	20,30	20,25	20,17	20,03	19,90	19,75	19,56	19,37	20,06	0
15/07/2020 15:35:00	20,80	20,80	20,88	20,67	20,52	20,31	20,06	19,81	19,53	19,21	18,82	18,39	17,96	19,21	0
15/07/2020 15:40:00	21,13	20,85	20,65	20,33	20,05	19,80	19,60	19,38	19,12	18,85	18,54	18,19	17,84	19,20	0
15/07/2020 15:45:00	21,15	20,86	20,65	20,33	20,08	19,86	19,60	19,35	19,08	18,79	18,44	18,06	17,67	19,49	0
15/07/2020 15:50:00	20,84	20,63	20,60	20,32	20,06	19,81	19,55	19,29	19,00	18,68	18,29	17,86	17,44	19,16	0
15/07/2020 15:55:00	20,79	20,75	20,74	20,45	20,19	19,89	19,60	19,31	19,00	18,66	18,25	17,80	17,36	19,21	0
15/07/2020 16:00:00	20,62	20,58	20,53	20,21	19,91	19,65	19,33	19,03	18,71	18,37	17,95	17,51	17,07	18,89	0
15/07/2020 16:05:00	20,36	20,38	20,33	19,99	19,72	19,47	19,21	18,94	18,65	18,34	17,98	17,59	17,20	18,42	0
15/07/2020 16:10:00	20,36	20,21	20,11	19,78	19,52	19,25	18,97	18,69	18,40	18,08	17,71	17,31	16,90	18,29	0
15/07/2020 16:15:00	20,21	20,01	19,75	19,45	19,19	18,95	18,73	18,50	18,25	17,98	17,68	17,35	17,02	18,06	0
15/07/2020 16:20:00	20,16	19,83	19,51	19,15	18,90	18,74	18,55	18,35	18,12	17,89	17,64	17,36	17,08	18,27	0
15/07/2020 16:25:00	20,16	19,86	19,53	19,11	18,83	18,62	18,35	18,10	17,84	17,58	17,28	16,96	16,64	18,44	0
15/07/2020 16:30:00	19,99	19,69	19,44	19,08	18,80	18,57	18,34	18,11	17,85	17,58	17,28	16,95	16,62	18,27	0
15/07/2020 16:35:00	19,89	19,73	19,41	19,04	18,70	18,44	18,19	17,93	17,66	17,39	17,09	16,76	16,43	18,09	0
15/07/2020 16:40:00	19,83	19,68	19,37	19,00	18,71	18,45	18,17	17,90	17,63	17,34	17,03	16,68	16,33	17,82	0
15/07/2020 16:45:00	19,84	19,65	19,36	18,93	18,59	18,29	17,99	17,70	17,40	17,10	16,76	16,40	16,04	17,66	0
15/07/2020 16:50:00	19,73	19,53	19,18	18,77	18,49	18,19	17,91	17,64	17,37	17,10	16,79	16,46	16,13	17,43	0
15/07/2020 16:55:00	19,57	19,49	19,17	18,77	18,47	18,20	17,93	17,66	17,39	17,12	16,82	16,50	16,17	17,42	0
15/07/2020 17:00:00	19,59	19,45	19,14	18,69	18,40	18,15	17,86	17,59	17,32	17,05	16,75	16,44	16,12	17,44	0
15/07/2020 17:05:00	19,49	19,29	18,99	18,63	18,41	18,15	17,88	17,63	17,37	17,10	16,80	16,47	16,14	17,06	0
15/07/2020 17:10:00	19,02	18,81	18,52	18,20	17,97	17,80	17,65	17,48	17,26	17,06	16,84	16,59	16,35	16,90	0
15/07/2020 17:15:00	18,89	18,62	18,39	18,19	18,11	18,09	18,02	17,92	17,76	17,60	17,43	17,23	17,03	16,80	0
15/07/2020 17:20:00	18,74	18,49	18,28	18,11	18,00	17,95	17,85	17,71	17,53	17,35	17,14	16,89	16,65	16,63	0
15/07/2020 17:25:00	18,73	18,54	18,38	18,13	17,91	17,77	17,62	17,44	17,21	16,98	16,72	16,44	16,15	16,49	0
15/07/2020 17:30:00	18,86	18,59	18,37	18,12	17,91	17,76	17,57	17,37	17,13	16,89	16,61	16,30	15,99	16,76	0
15/07/2020 17:35:00	18,83	18,62	18,36	18,06	17,84	17,71	17,51	17,31	17,08	16,85	16,60	16,32	16,04	16,50	0
15/07/2020 17:40:00	18,92	18,70	18,46	18,15	17,92	17,77	17,54	17,31	17,07	16,82	16,53	16,22	15,91	16,89	0
15/07/2020 17:45:00	19,03	18,75	18,38	18,08	17,84	17,65	17,45	17,25	17,03	16,80	16,56	16,28	16,00	17,06	0
15/07/2020 17:50:00	19,05	18,78	18,45	18,10	17,88	17,69	17,46	17,23	16,99	16,75	16,48	16,18	15,88	17,01	0
15/07/2020 17:55:00	19,03	18,78	18,46	18,15	17,91	17,69	17,45	17,22	16,97	16,71	16,42	16,11	15,79	17,12	0
15/07/2020 18:00:00	19,04	18,81	18,52	18,20	17,93	17,69	17,45	17,22	16,96	16,69	16,40	16,08	15,75	17,07	0
15/07/2020 18:05:00	19,02	18,84	18,57	18,18	17,93	17,67	17,37	17,09	16,81	16,53	16,21	15,86	15,51	17,25	0
15/07/2020 18:10:00	19,05	18,75	18,44	18,12	17,90	17,67	17,43	17,20	16,95	16,70	16,42	16,10	15,79	17,22	0
15/07/2020 18:15:00	18,97	18,74	18,43	18,07	17,78	17,53	17,28	17,03	16,76	16,49	16,20	15,88	15,55	16,99	0
15/07/2020 18:20:00	19,01	18,80	18,49	18,11	17,81	17,54	17,25	16,97	16,69	16,41	16,09	15,75	15,40	17,14	0
15/07/2020 18:25:00	18,75	18,48	18,10	17,75	17,46	17,23	17,00	16,77	16,52	16,28	16,01	15,72	15,43	17,01	0
15/07/2020 18:30:00	18,79	18,57	18,20	17,86	17,55	17,27	17,00	16,74	16,47	16,19	15,89	15,55	15,22	17,09	0
15/07/2020 18:35:00	18,79	18,53	18,18	17,80	17,49	17,25	16,98	16,72	16,45	16,18	15,89	15,57	15,25	17,15	0
15/07/2020 18:40:00	18,73	18,54	18,22	17,83	17,51	17,25	16,93	16,63	16,35	16,05	15,72	15,36	15,01	17,32	0
15/07/2020 18:45:00	18,62	18,38	17,96	17,59	17,29	17,01	16,73	16,47	16,20	15,93	15,64	15,32	15,01	17,04	0
15/07/2020 18:50:00	18,47	18,24	17,85	17,50	17,22	16,94	16,68	16,43	16,17	15,92	15,64	15,33	15,02	16,90	0
15/07/2020 18:55:00	18,43	18,16	17,80	17,38	17,09	16,84	16,62	16,40	16,14	15,91	15,66	15,39	15,12	16,69	0
15/07/2020 19:00:00	18,04	17,71	17,33	17,04	16,86	16,77	16,66	16,53	16,35	16,19	16,03	15,85	15,66	16,64	0
15/07/2020 19:05:00	17,86	17,52	17,23	17,03	16,94	16,96	16,90	16,81	16,66	16,53	16,40	16,24	16,07	16,20	0
15/07/2020 19:10:00	17,73	17,55	17,33	17,16	17,05	16,96	16,85	16,70	16,51	16,33	16,12	15,88	15,64	16,13	0
15/07/2020 19:15:00	17,46	17,28	17,13	16,97	16,86	16,79	16,65	16,50	16,30	16,09	15,87	15,61	15,35	16,15	0
15/07/2020 19:20:00	17,49	17,27	17,02	16,80	16,71	16,71	16,66	16,57	16,41	16,28	16,15	15,99	15,83	16,07	0
15/07/2020 19:25:00	17,18	16,94	16,75	16,58	16,54	16,51	16,43	16,31	16,14	15,98	15,81	15,60	15,39	16,04	0
15/07/2020 19:30:00	16,81	16,55	16,32	16,15	16,07	16,03	15,93	15,79	15,62	15,45	15,27	15,05	14,84	15,93	0
15/07/2020 19:35:00	16,69	16,43	16,21	16,10	16,10	16,13	16,07	15,98	15,84	15,71	15,56	15,38	15,20	15,72	0
15/07/2020 19:40:00	16,63	16,44	16,27	16,11	15,99	15,91	15,75	15,58	15,37	15,17	14,94	14,67	14,41	15,55	0
15/07/2020 19:45:00	16,60	16,44	16,31	16,09	15,93	15,82	15,64	15,45	15,22	14,99	14,74	14,46	14,18	15,50	0
15/07/2020 19:50:00	16,19	16,04	15,85	15,65	15,50	15,40	15,26	15,09	14,88	14,68	14,47	14,23	13,99	15,42	0
15/07/2020 19:55:00	15,90	15,69	15,59	15,40	15,23	15,11	14,97	14,79	14,56	14,33	14,08	13,81	13,53	15,40	0
15/07/2020 20:00:00	15,86	15,63	15,45	15,33	15,29	15,30	15,27	15,19	15,04	14,90	14,77	14,60	14,44	15,31	0
15/07/2020 20:05:00	15,77	15,69	15,55	15,37	15,24	15,11	14,95	14,76	14,53	14,31	14,07	13,80	13,53	15,27	0
15/07/2020 20:10:00	15,43	15,27	15,05	14,83	14,65	14,50	14,33	14,13	13,91	13,69	13,46	13,21	12,95	15,28	0
15/07/2020 20:15:00	15,33	15,14	14,90	14,62	14,45	14,30	14,14	13,96	13,74	13,53	13,33	13,10	12,87	15,09	0
15/07/2020 20:20:00	15,25	15,04	14,83	14,57	14,39	14,28	14,14	13,96	13,74	13,54	13,34	13,11	12,89	15,00	0
15/07/2020 20:25:00	15,26	15,01	14,80	14,61	14,47	14,39	14,26	14,09	13,89	13,70	13,50	13,27	13,04	14,90	0
15/07/2020 20:30:00	15,28	15,04	14,81	14,59	14,40	14,29	14,14	13,96	13,75	13,55	13,34	13,11	12,87	14,82	0
15/07/2020 20:35:00	15,28	15,07	14,82	14,65	14,49	14,34	14,17	13,99	13,77	13,55	13,33	13,07	12,81	14,95	0
15/07/2020 20:40:00	15,04	14,86	14,64	14,45	14,23	14,06	13,87	13,66	13,42	13,18	12,93	12,65	12,38	14,99	0
15/07/2020 20:45:00	15,05	14,90	14,74	14,51	14,29	14,13	13,93	13,72	13,47	13,23	12,97	12,69	12,41	15,00	0
15/07/2020 20:50:00	15,02	14,84	14,64	14,43	14,22	14,05	13,87	13,66	13,42	13,19	12,94	12,67	12,40	15,00	0
15/07/2020 20:55:00	15,03	14,82	14,64	14,45	14,30	14,18	14,02	13,84	13,62	13,40	13,18	12,93	12,68	15,01	0
15/07/2020 21:00:00	15,02	14,84	14,70	14,47	14,32	14,19	14,03	13,84	13,61	13,39	13,16	12,91	12,66	15,02	0
15/07/2020 21:05:00	14,98	14,81	14,66	14,48	14,31	14,18	14,02	13,83	13,59	13,37	13,13	12,87	12,60	14,98	0
15/07/2020 21:10:00	15,03	14,88	14,67	14,46	14,31	14,17	14,02	13,84	13,62	13,41	13,20	12,96	12,72	15,03	0
15/07/2020 21:15:00	15,00	14,85	14,68	14,48	14,32	14,15	14,00	13,82	13,59	13,37	13,14	12,88	12,62	15,05	0
15/07/2020 21:20:00	15,00	14,82	14,64	14,45	14,29	14,14	13,96	13,77	13,53	13,31	13,06	12,79	12,52	14,90	0
15/07/2020 21:25:00	14,90	14,80	14,62	14,45	14,27	14,11	13,92	13,71	13,48	13,24	12,99	12,72	12,44	14,95	0
15/07/2020 21:30:00	15,03	14,88	14,70	14,47	14,31	14,15	13,94	13,72	13,48	13,24	12,99	12,71	12,44	15,00	0
15/07/2020 21:35:00	14,97	14,81	14,69	14,48	14,32	14,16	13,94	13,71	13,46	13,21	12,93	12,63	12,33	14,89	0
15/07/2020 21:40:00	14,89	14,71	14,58	14,39	14,18	14,01	13,82	13,61	13,36	13,10	12,83	12,54	12,24	14,87	0
15/07/2020 21:45:00	14,89	14,83	14,68	14,46	14,25	14,04	13,81	13,56	13,29	13,03	12,74	12,43	12,13	14,90	0
15/07/2020 21:50:00	14,84	14,75	14,59	14,37	14,18	13,95	13,74	13,51	13,25	13,00	12,72	12,42	12,13	14,95	0
15/07/2020 21:55:00	14,90	14,79	14,64	14,41	14,21	14,01	13,79	13,55	13,29	13,04	12,76	12,47	12,17	14,94	0
15/07/2020 22:00:00	14,92	14,84	14,67	14,41	14,18	13,98	13,75	13,51	13,25	12,99	12,72	12,43	12,14	14,99	0
15/07/2020 22:05:00	14,89	14,75	14,61	14,37	14,18	13,97	13,74	13,50	13,23	12,97	12,69	12,38	12,08	14,98	0
15/07/2020 22:10:00	14,89	14,77	14,59	14,32	14,10	13,88	13,64	13,40	13,13	12,86	12,58	12,28	11,98	14,88	0
15/07/2020 22:15:00	14,88	14,69	14,53	14,27	14,05	13,90	13,67	13,44	13,18	12,94	12,67	12,39	12,10	14,90	0
15/07/2020 22:20:00	14,88	14,57	14,35	14,12	13,95	13,77	13,60	13,40	13,17	12,95	12,71	12,45	12,18	14,84	0
15/07/2020 22:25:00	14,82	14,68	14,46	14,21	14,01	13,81	13,60	13,38	13,13	12,89	12,64	12,37	12,10	14,89	0
15/07/2020 22:30:00	14,85	14,60	14,36	14,08	13,87	13,72	13,52	13,31	13,07	12,84	12,62	12,37	12,11	14,82	0
15/07/2020 22:35:00	14,77	14,59	14,39	14,12	13,92	13,79	13,56	13,34	13,10	12,87	12,63	12,37	12,11	14,75	0
15/07/2020 22:40:00	14,87	14,64	14,43	14,17	13,99	13,81	13,60	13,38	13,14	12,90	12,65	12,38	12,11	14,82	0
15/07/2020 22:45:00	14,80	14,59	14,33	14,06	13,87	13,73	13,54	13,34	13,11	12,90	12,69	12,46	12,23	14,77	0
15/07/2020 22:50:00	14,80	14,58	14,33	14,05	13,90	13,75	13,56	13,36	13,13	12,92	12,71	12,47	12,23	14,79	0
15/07/2020 22:55:00	14,73	14,45	14,21	13,93	13,82	13,73	13,60	13,44	13,24	13,06	12,89	12,70	12,50	14,79	0
15/07/2020 23:00:00	14,79	14,57	14,33	14,08	13,93	13,86	13,75	13,60	13,41	13,24	13,08	12,90	12,72	14,79	0
15/07/2020 23:05:00	14,81	14,58	14,30	14,08	13,95	13,90	13,81	13,69	13,51	13,36	13,22	13,06	12,90	14,86	0
15/07/2020 23:10:00	14,78	14,51	14,29	14,12	13,99	13,95	13,86	13,72	13,54	13,37	13,20	13,01	12,82	14,78	0
15/07/2020 23:15:00	14,83	14,53	14,29	14,09	13,99	13,98	13,88	13,75	13,58	13,43	13,28	13,11	12,93	14,85	0
15/07/2020 23:20:00	14,87	14,61	14,35	14,18	14,08	14,05	13,97	13,86	13,69	13,54	13,40	13,23	13,06	14,84	0
15/07/2020 23:25:00	14,81	14,52	14,28	14,07	13,97	13,93	13,81	13,66	13,48	13,31	13,14	12,95	12,76	14,75	0
15/07/2020 23:30:00	14,71	14,50	14,27	14,08	13,92	13,82	13,71	13,55	13,35	13,16	12,98	12,77	12,56	14,75	0
15/07/2020 23:35:00	14,77	14,48	14,25	14,04	13,89	13,80	13,71	13,57	13,38	13,20	13,03	12,84	12,64	14,75	0
15/07/2020 23:40:00	14,71	14,48	14,25	14,10	13,99	13,93	13,83	13,69	13,50	13,33	13,15	12,95	12,75	14,65	0
15/07/2020 23:45:00	14,71	14,57	14,33	14,14	14,02	13,92	13,80	13,64	13,44	13,25	13,07	12,87	12,66	14,75	0
15/07/2020 23:50:00	14,66	14,46	14,21	14,03	13,90	13,79	13,68	13,53	13,33	13,15	12,97	12,77	12,56	14,72	0
15/07/2020 23:55:00	14,66	14,43	14,24	14,05	13,93	13,80	13,68	13,53	13,32	13,13	12,93	12,71	12,48	14,70	0
