FileFormat:0002.2 file with temperature of atmosphere
200
local	GMT or Local
0	GMT-Local=[hours]
0	Height[m]
0	0	0	Longitude                [grd]               [min]               [sec]
0	0	0	Latitude                [grd]               [min]               [sec]
N	NS
59,40	Freq[GHz]
0,00	dTemostat[K]
0,150	MessErr[K]
0,248	//[grad/step]
version 14.0.20110218
MTP5H033F5940K-33.00D180214+A1.1
Commentary:
enter comment
End Of Commentary

SYSTEM\alaska.dat
data time	0	50	100	150	200	250	300	350	400	450	500	550	600	OutsideTemperature	Quality
15/12/2020 00:00:00	-5,36	-5,84	-6,29	-6,65	-6,78	-6,88	-6,86	-6,68	-6,41	-6,19	-6,00	-5,79	-5,57	-5,31	0
15/12/2020 00:05:00	-5,29	-5,88	-6,34	-6,61	-6,77	-6,82	-6,77	-6,61	-6,36	-6,17	-6,01	-5,83	-5,65	-5,31	0
15/12/2020 00:10:00	-5,32	-5,85	-6,28	-6,65	-6,87	-6,90	-6,79	-6,59	-6,36	-6,16	-5,99	-5,79	-5,59	-5,36	0
15/12/2020 00:15:00	-5,33	-5,80	-6,37	-6,86	-7,08	-7,07	-6,87	-6,53	-6,17	-5,87	-5,61	-5,30	-5,00	-5,46	0
15/12/2020 00:20:00	-5,37	-5,85	-6,38	-6,72	-6,92	-6,96	-6,86	-6,62	-6,33	-6,09	-5,89	-5,67	-5,44	-5,41	0
15/12/2020 00:25:00	-5,35	-5,89	-6,38	-6,75	-6,96	-6,96	-6,82	-6,57	-6,29	-6,06	-5,86	-5,63	-5,40	-5,34	0
15/12/2020 00:30:00	-5,33	-5,86	-6,33	-6,70	-6,90	-6,94	-6,83	-6,60	-6,33	-6,11	-5,91	-5,68	-5,44	-5,38	0
15/12/2020 00:35:00	-5,28	-5,79	-6,25	-6,61	-6,84	-6,87	-6,73	-6,49	-6,23	-6,02	-5,82	-5,60	-5,37	-5,26	0
15/12/2020 00:40:00	-5,25	-5,84	-6,36	-6,74	-6,94	-6,91	-6,71	-6,41	-6,10	-5,84	-5,62	-5,37	-5,11	-5,34	0
15/12/2020 00:45:00	-5,30	-5,85	-6,39	-6,74	-6,95	-6,97	-6,85	-6,60	-6,31	-6,06	-5,86	-5,62	-5,38	-5,25	0
15/12/2020 00:50:00	-5,31	-5,80	-6,30	-6,71	-6,99	-7,02	-6,86	-6,59	-6,31	-6,07	-5,85	-5,59	-5,33	-5,30	0
15/12/2020 00:55:00	-5,30	-5,78	-6,34	-6,75	-6,94	-6,98	-6,83	-6,55	-6,24	-5,98	-5,76	-5,52	-5,28	-5,28	0
15/12/2020 01:00:00	-5,30	-5,77	-6,31	-6,75	-7,00	-7,00	-6,84	-6,55	-6,24	-5,98	-5,75	-5,49	-5,23	-5,28	0
15/12/2020 01:05:00	-5,28	-5,85	-6,33	-6,69	-6,86	-6,87	-6,73	-6,48	-6,19	-5,96	-5,76	-5,52	-5,28	-5,35	0
15/12/2020 01:10:00	-5,38	-5,89	-6,36	-6,69	-6,85	-6,86	-6,75	-6,51	-6,23	-6,01	-5,81	-5,60	-5,38	-5,39	0
15/12/2020 01:15:00	-5,32	-5,74	-6,22	-6,65	-6,84	-6,89	-6,81	-6,58	-6,27	-6,03	-5,81	-5,57	-5,33	-5,31	0
15/12/2020 01:20:00	-5,22	-5,68	-6,19	-6,65	-6,89	-6,87	-6,67	-6,37	-6,05	-5,79	-5,56	-5,29	-5,02	-5,21	0
15/12/2020 01:25:00	-5,23	-5,63	-6,16	-6,62	-6,91	-6,98	-6,86	-6,60	-6,31	-6,06	-5,84	-5,57	-5,31	-5,28	0
15/12/2020 01:30:00	-5,25	-5,77	-6,24	-6,58	-6,80	-6,88	-6,85	-6,70	-6,47	-6,27	-6,11	-5,92	-5,73	-5,22	0
15/12/2020 01:35:00	-5,12	-5,67	-6,19	-6,59	-6,85	-6,89	-6,75	-6,50	-6,23	-6,00	-5,79	-5,54	-5,29	-5,18	0
15/12/2020 01:40:00	-5,14	-5,69	-6,16	-6,62	-6,83	-6,87	-6,75	-6,51	-6,23	-6,00	-5,79	-5,54	-5,29	-5,21	0
15/12/2020 01:45:00	-5,22	-5,65	-6,15	-6,64	-6,86	-6,98	-6,96	-6,77	-6,50	-6,27	-6,08	-5,85	-5,63	-5,19	0
15/12/2020 01:50:00	-5,24	-5,76	-6,27	-6,63	-6,88	-6,93	-6,82	-6,61	-6,36	-6,15	-5,97	-5,77	-5,56	-5,21	0
15/12/2020 01:55:00	-5,17	-5,60	-6,04	-6,52	-6,78	-6,95	-7,00	-6,89	-6,68	-6,48	-6,31	-6,10	-5,90	-5,18	0
15/12/2020 02:00:00	-5,20	-5,60	-6,18	-6,61	-6,89	-7,05	-7,06	-6,89	-6,62	-6,39	-6,20	-5,97	-5,75	-5,21	0
15/12/2020 02:05:00	-5,15	-5,66	-6,19	-6,61	-6,87	-7,00	-7,00	-6,84	-6,58	-6,35	-6,16	-5,92	-5,69	-5,17	0
15/12/2020 02:10:00	-5,21	-5,65	-6,17	-6,61	-6,96	-7,08	-6,99	-6,79	-6,56	-6,35	-6,15	-5,91	-5,67	-5,18	0
15/12/2020 02:15:00	-5,11	-5,61	-6,12	-6,54	-6,80	-6,96	-6,95	-6,81	-6,59	-6,40	-6,23	-6,04	-5,84	-5,11	0
15/12/2020 02:20:00	-5,22	-5,72	-6,24	-6,59	-6,85	-6,97	-6,95	-6,80	-6,57	-6,38	-6,22	-6,03	-5,83	-5,25	0
15/12/2020 02:25:00	-5,25	-5,68	-6,12	-6,57	-6,83	-6,99	-7,02	-6,90	-6,69	-6,50	-6,33	-6,12	-5,91	-5,21	0
15/12/2020 02:30:00	-5,19	-5,62	-6,14	-6,57	-6,92	-7,09	-7,14	-7,02	-6,80	-6,61	-6,43	-6,21	-5,98	-5,21	0
15/12/2020 02:35:00	-5,16	-5,63	-6,10	-6,49	-6,77	-6,96	-7,01	-6,93	-6,74	-6,58	-6,43	-6,26	-6,08	-5,19	0
15/12/2020 02:40:00	-5,11	-5,67	-6,13	-6,54	-6,76	-6,93	-6,98	-6,88	-6,68	-6,50	-6,36	-6,18	-6,00	-5,12	0
15/12/2020 02:45:00	-5,08	-5,60	-6,11	-6,52	-6,84	-6,99	-6,98	-6,85	-6,64	-6,45	-6,29	-6,09	-5,88	-5,08	0
15/12/2020 02:50:00	-5,14	-5,59	-6,04	-6,45	-6,74	-6,93	-6,96	-6,86	-6,67	-6,50	-6,35	-6,15	-5,96	-5,11	0
15/12/2020 02:55:00	-5,17	-5,59	-6,06	-6,59	-6,86	-7,02	-7,03	-6,88	-6,65	-6,44	-6,26	-6,04	-5,81	-5,11	0
15/12/2020 03:00:00	-5,08	-5,59	-6,05	-6,44	-6,75	-6,94	-6,97	-6,89	-6,72	-6,57	-6,44	-6,26	-6,09	-5,11	0
15/12/2020 03:05:00	-5,03	-5,50	-6,01	-6,49	-6,78	-6,95	-6,97	-6,83	-6,60	-6,39	-6,21	-5,98	-5,75	-5,03	0
15/12/2020 03:10:00	-5,08	-5,53	-6,04	-6,45	-6,79	-6,97	-7,02	-6,93	-6,73	-6,55	-6,39	-6,19	-5,99	-5,04	0
15/12/2020 03:15:00	-5,14	-5,55	-6,01	-6,37	-6,66	-6,88	-6,98	-6,94	-6,78	-6,64	-6,53	-6,38	-6,24	-5,08	0
15/12/2020 03:20:00	-5,09	-5,46	-5,94	-6,42	-6,75	-6,98	-7,09	-7,02	-6,83	-6,66	-6,50	-6,31	-6,12	-5,02	0
15/12/2020 03:25:00	-5,03	-5,45	-5,92	-6,39	-6,76	-6,99	-7,04	-6,96	-6,79	-6,63	-6,48	-6,28	-6,09	-5,01	0
15/12/2020 03:30:00	-5,04	-5,46	-5,93	-6,43	-6,77	-7,00	-7,06	-6,96	-6,77	-6,59	-6,42	-6,21	-5,99	-5,01	0
15/12/2020 03:35:00	-5,06	-5,53	-5,86	-6,34	-6,59	-6,87	-7,10	-7,15	-7,02	-6,89	-6,77	-6,61	-6,45	-5,02	0
15/12/2020 03:40:00	-5,02	-5,40	-5,93	-6,40	-6,82	-7,06	-7,11	-7,02	-6,84	-6,67	-6,51	-6,29	-6,08	-5,03	0
15/12/2020 03:45:00	-5,06	-5,44	-5,93	-6,34	-6,77	-7,06	-7,20	-7,19	-7,07	-6,94	-6,82	-6,66	-6,50	-5,03	0
15/12/2020 03:50:00	-4,97	-5,35	-5,83	-6,30	-6,70	-7,02	-7,18	-7,18	-7,05	-6,91	-6,78	-6,61	-6,43	-4,98	0
15/12/2020 03:55:00	-4,97	-5,33	-5,80	-6,29	-6,68	-6,97	-7,13	-7,12	-6,98	-6,83	-6,70	-6,52	-6,34	-4,96	0
15/12/2020 04:00:00	-4,95	-5,28	-5,78	-6,30	-6,72	-7,01	-7,16	-7,13	-6,98	-6,84	-6,71	-6,53	-6,35	-4,97	0
15/12/2020 04:05:00	-4,88	-5,29	-5,70	-6,20	-6,64	-6,96	-7,15	-7,19	-7,09	-6,98	-6,87	-6,70	-6,53	-4,91	0
15/12/2020 04:10:00	-4,89	-5,29	-5,77	-6,19	-6,62	-6,94	-7,18	-7,24	-7,14	-7,02	-6,92	-6,77	-6,63	-4,89	0
15/12/2020 04:15:00	-4,92	-5,40	-5,81	-6,22	-6,50	-6,85	-7,11	-7,21	-7,12	-7,02	-6,94	-6,83	-6,72	-4,94	0
15/12/2020 04:20:00	-4,91	-5,28	-5,76	-6,31	-6,66	-6,96	-7,11	-7,07	-6,91	-6,74	-6,60	-6,41	-6,22	-4,95	0
15/12/2020 04:25:00	-4,84	-5,19	-5,67	-6,15	-6,49	-6,82	-7,05	-7,08	-6,93	-6,79	-6,67	-6,51	-6,36	-4,84	0
15/12/2020 04:30:00	-4,95	-5,32	-5,83	-6,30	-6,72	-6,99	-7,12	-7,08	-6,93	-6,77	-6,63	-6,45	-6,26	-4,88	0
15/12/2020 04:35:00	-4,86	-5,35	-5,81	-6,24	-6,58	-6,82	-6,96	-6,95	-6,81	-6,67	-6,56	-6,40	-6,25	-4,84	0
15/12/2020 04:40:00	-4,82	-5,26	-5,75	-6,22	-6,61	-6,87	-6,99	-6,97	-6,82	-6,68	-6,56	-6,39	-6,22	-4,81	0
15/12/2020 04:45:00	-4,93	-5,39	-5,81	-6,31	-6,69	-7,00	-7,16	-7,18	-7,06	-6,93	-6,82	-6,65	-6,48	-4,89	0
15/12/2020 04:50:00	-4,93	-5,37	-5,81	-6,21	-6,59	-6,90	-7,08	-7,12	-7,01	-6,89	-6,78	-6,63	-6,47	-4,94	0
15/12/2020 04:55:00	-4,98	-5,42	-5,80	-6,21	-6,59	-6,91	-7,10	-7,16	-7,08	-6,98	-6,89	-6,74	-6,60	-4,98	0
15/12/2020 05:00:00	-4,90	-5,35	-5,81	-6,23	-6,56	-6,93	-7,20	-7,28	-7,18	-7,07	-6,98	-6,85	-6,72	-4,91	0
15/12/2020 05:05:00	-4,93	-5,35	-5,83	-6,33	-6,68	-6,98	-7,12	-7,11	-6,96	-6,82	-6,69	-6,52	-6,35	-4,89	0
15/12/2020 05:10:00	-4,92	-5,38	-5,79	-6,30	-6,65	-7,00	-7,18	-7,22	-7,12	-7,00	-6,89	-6,73	-6,57	-4,98	0
15/12/2020 05:15:00	-4,97	-5,42	-5,93	-6,41	-6,75	-7,04	-7,20	-7,19	-7,03	-6,88	-6,75	-6,59	-6,43	-4,93	0
15/12/2020 05:20:00	-4,97	-5,39	-5,86	-6,32	-6,64	-7,01	-7,23	-7,28	-7,16	-7,05	-6,95	-6,82	-6,68	-5,01	0
15/12/2020 05:25:00	-5,02	-5,50	-5,94	-6,34	-6,71	-7,01	-7,18	-7,23	-7,14	-7,04	-6,95	-6,83	-6,70	-4,99	0
15/12/2020 05:30:00	-5,01	-5,47	-5,92	-6,36	-6,76	-7,10	-7,38	-7,47	-7,39	-7,28	-7,19	-7,05	-6,91	-5,13	0
15/12/2020 05:35:00	-5,02	-5,41	-5,89	-6,40	-6,87	-7,23	-7,44	-7,49	-7,39	-7,27	-7,16	-6,99	-6,83	-5,04	0
15/12/2020 05:40:00	-5,04	-5,39	-5,79	-6,31	-6,79	-7,16	-7,41	-7,50	-7,43	-7,33	-7,23	-7,07	-6,91	-5,01	0
15/12/2020 05:45:00	-4,96	-5,39	-5,85	-6,26	-6,63	-7,04	-7,32	-7,43	-7,37	-7,28	-7,21	-7,10	-6,99	-5,01	0
15/12/2020 05:50:00	-5,02	-5,42	-5,75	-6,27	-6,66	-7,09	-7,43	-7,59	-7,56	-7,49	-7,43	-7,31	-7,19	-5,01	0
15/12/2020 05:55:00	-5,03	-5,42	-5,91	-6,40	-6,84	-7,18	-7,40	-7,44	-7,32	-7,18	-7,06	-6,89	-6,72	-4,99	0
15/12/2020 06:00:00	-5,01	-5,49	-5,90	-6,30	-6,68	-7,04	-7,31	-7,43	-7,38	-7,30	-7,24	-7,13	-7,03	-4,99	0
15/12/2020 06:05:00	-5,02	-5,38	-5,79	-6,26	-6,68	-7,09	-7,40	-7,53	-7,47	-7,38	-7,30	-7,17	-7,04	-4,99	0
15/12/2020 06:10:00	-4,95	-5,43	-5,81	-6,15	-6,51	-6,90	-7,20	-7,35	-7,33	-7,27	-7,23	-7,15	-7,07	-5,01	0
15/12/2020 06:15:00	-4,97	-5,32	-5,77	-6,24	-6,68	-7,07	-7,37	-7,48	-7,40	-7,30	-7,21	-7,08	-6,94	-4,97	0
15/12/2020 06:20:00	-4,97	-5,34	-5,78	-6,15	-6,57	-7,01	-7,38	-7,55	-7,52	-7,45	-7,40	-7,30	-7,20	-4,95	0
15/12/2020 06:25:00	-4,90	-5,30	-5,72	-6,18	-6,59	-6,97	-7,24	-7,34	-7,28	-7,20	-7,13	-7,01	-6,89	-4,92	0
15/12/2020 06:30:00	-4,94	-5,40	-5,87	-6,21	-6,60	-6,99	-7,29	-7,43	-7,37	-7,30	-7,25	-7,16	-7,07	-4,93	0
15/12/2020 06:35:00	-4,91	-5,35	-5,73	-6,14	-6,55	-6,98	-7,30	-7,47	-7,47	-7,43	-7,39	-7,31	-7,22	-5,03	0
15/12/2020 06:40:00	-4,99	-5,33	-5,72	-6,20	-6,67	-7,13	-7,47	-7,63	-7,61	-7,55	-7,48	-7,36	-7,23	-4,91	0
15/12/2020 06:45:00	-4,95	-5,29	-5,69	-6,15	-6,59	-7,10	-7,49	-7,70	-7,69	-7,64	-7,59	-7,49	-7,39	-4,96	0
15/12/2020 06:50:00	-4,92	-5,30	-5,71	-6,14	-6,65	-7,09	-7,41	-7,59	-7,58	-7,53	-7,47	-7,36	-7,25	-4,91	0
15/12/2020 06:55:00	-4,92	-5,30	-5,71	-6,14	-6,53	-6,99	-7,36	-7,53	-7,50	-7,44	-7,38	-7,29	-7,19	-4,91	0
15/12/2020 07:00:00	-4,87	-5,25	-5,67	-6,15	-6,63	-7,08	-7,38	-7,53	-7,50	-7,43	-7,36	-7,23	-7,10	-4,91	0
15/12/2020 07:05:00	-4,91	-5,26	-5,66	-6,13	-6,55	-6,99	-7,32	-7,47	-7,43	-7,35	-7,29	-7,17	-7,06	-4,90	0
15/12/2020 07:10:00	-4,97	-5,34	-5,79	-6,20	-6,66	-7,09	-7,38	-7,51	-7,47	-7,40	-7,34	-7,23	-7,12	-4,95	0
15/12/2020 07:15:00	-4,80	-5,19	-5,56	-5,97	-6,41	-6,87	-7,20	-7,39	-7,39	-7,35	-7,31	-7,22	-7,12	-4,80	0
15/12/2020 07:20:00	-4,85	-5,27	-5,63	-5,97	-6,39	-6,82	-7,16	-7,36	-7,37	-7,34	-7,32	-7,24	-7,17	-4,86	0
15/12/2020 07:25:00	-4,87	-5,14	-5,50	-6,05	-6,48	-7,01	-7,39	-7,58	-7,56	-7,49	-7,43	-7,30	-7,17	-4,78	0
15/12/2020 07:30:00	-4,79	-5,16	-5,53	-5,99	-6,37	-6,82	-7,18	-7,36	-7,33	-7,28	-7,23	-7,14	-7,05	-4,76	0
15/12/2020 07:35:00	-4,78	-5,16	-5,57	-6,00	-6,45	-6,90	-7,23	-7,40	-7,39	-7,35	-7,31	-7,22	-7,14	-4,79	0
15/12/2020 07:40:00	-4,84	-5,10	-5,55	-6,08	-6,56	-7,03	-7,33	-7,45	-7,40	-7,31	-7,23	-7,10	-6,97	-4,82	0
15/12/2020 07:45:00	-4,80	-5,13	-5,50	-5,89	-6,34	-6,82	-7,19	-7,42	-7,45	-7,43	-7,43	-7,38	-7,33	-4,75	0
15/12/2020 07:50:00	-4,81	-5,15	-5,54	-6,04	-6,52	-6,99	-7,34	-7,51	-7,51	-7,45	-7,39	-7,28	-7,16	-4,77	0
15/12/2020 07:55:00	-4,77	-5,19	-5,57	-5,97	-6,41	-6,89	-7,24	-7,44	-7,46	-7,43	-7,41	-7,34	-7,27	-4,84	0
15/12/2020 08:00:00	-4,73	-5,11	-5,52	-5,95	-6,40	-6,85	-7,22	-7,40	-7,38	-7,31	-7,26	-7,15	-7,04	-4,77	0
15/12/2020 08:05:00	-4,74	-5,06	-5,44	-5,85	-6,28	-6,73	-7,09	-7,27	-7,26	-7,22	-7,18	-7,10	-7,01	-4,72	0
15/12/2020 08:10:00	-4,69	-5,11	-5,51	-5,92	-6,30	-6,73	-7,07	-7,25	-7,22	-7,17	-7,13	-7,04	-6,96	-4,72	0
15/12/2020 08:15:00	-4,69	-5,12	-5,48	-5,87	-6,25	-6,68	-7,02	-7,21	-7,21	-7,17	-7,15	-7,08	-7,01	-4,71	0
15/12/2020 08:20:00	-4,75	-5,17	-5,56	-5,93	-6,32	-6,74	-7,08	-7,25	-7,24	-7,19	-7,15	-7,08	-7,00	-4,71	0
15/12/2020 08:25:00	-4,77	-5,10	-5,49	-5,94	-6,40	-6,87	-7,26	-7,45	-7,44	-7,38	-7,33	-7,23	-7,13	-4,79	0
15/12/2020 08:30:00	-4,73	-5,12	-5,49	-5,91	-6,36	-6,82	-7,17	-7,36	-7,36	-7,32	-7,29	-7,19	-7,10	-4,76	0
15/12/2020 08:35:00	-4,83	-5,11	-5,55	-5,99	-6,46	-6,91	-7,25	-7,41	-7,37	-7,31	-7,25	-7,15	-7,04	-4,79	0
15/12/2020 08:40:00	-4,86	-5,21	-5,57	-6,00	-6,39	-6,84	-7,20	-7,39	-7,37	-7,32	-7,28	-7,20	-7,12	-4,81	0
15/12/2020 08:45:00	-4,77	-5,17	-5,59	-5,99	-6,35	-6,72	-6,99	-7,10	-7,05	-6,98	-6,93	-6,84	-6,76	-4,78	0
15/12/2020 08:50:00	-4,76	-5,06	-5,45	-5,93	-6,39	-6,85	-7,21	-7,39	-7,37	-7,31	-7,26	-7,16	-7,06	-4,74	0
15/12/2020 08:55:00	-4,64	-4,94	-5,33	-5,74	-6,21	-6,67	-7,02	-7,20	-7,20	-7,16	-7,13	-7,05	-6,97	-4,67	0
15/12/2020 09:00:00	-4,64	-5,02	-5,36	-5,68	-6,05	-6,52	-6,95	-7,20	-7,22	-7,21	-7,21	-7,17	-7,14	-4,71	0
15/12/2020 09:05:00	-4,72	-5,09	-5,46	-5,85	-6,28	-6,74	-7,08	-7,28	-7,29	-7,27	-7,25	-7,18	-7,11	-4,74	0
15/12/2020 09:10:00	-4,70	-5,08	-5,41	-5,90	-6,32	-6,78	-7,12	-7,29	-7,29	-7,24	-7,19	-7,08	-6,97	-4,61	0
15/12/2020 09:15:00	-4,67	-4,94	-5,32	-5,78	-6,25	-6,72	-7,07	-7,25	-7,25	-7,21	-7,17	-7,08	-6,99	-4,64	0
15/12/2020 09:20:00	-4,62	-5,03	-5,34	-5,64	-5,97	-6,42	-6,81	-7,05	-7,09	-7,09	-7,10	-7,07	-7,05	-4,60	0
15/12/2020 09:25:00	-4,68	-5,07	-5,42	-5,78	-6,20	-6,63	-7,02	-7,22	-7,22	-7,18	-7,14	-7,05	-6,96	-4,68	0
15/12/2020 09:30:00	-4,65	-5,01	-5,37	-5,76	-6,17	-6,63	-7,01	-7,22	-7,22	-7,19	-7,17	-7,11	-7,04	-4,59	0
15/12/2020 09:35:00	-4,69	-5,05	-5,43	-5,80	-6,17	-6,66	-7,04	-7,26	-7,28	-7,27	-7,27	-7,23	-7,19	-4,63	0
15/12/2020 09:40:00	-4,57	-4,94	-5,32	-5,69	-6,15	-6,64	-7,05	-7,30	-7,33	-7,31	-7,31	-7,25	-7,19	-4,60	0
15/12/2020 09:45:00	-4,57	-4,89	-5,25	-5,68	-6,11	-6,62	-7,04	-7,27	-7,29	-7,26	-7,24	-7,17	-7,10	-4,61	0
15/12/2020 09:50:00	-4,54	-4,84	-5,25	-5,70	-6,14	-6,63	-7,00	-7,20	-7,20	-7,17	-7,15	-7,09	-7,02	-4,58	0
15/12/2020 09:55:00	-4,59	-4,98	-5,32	-5,71	-6,11	-6,60	-7,04	-7,29	-7,32	-7,31	-7,30	-7,24	-7,18	-4,60	0
15/12/2020 10:00:00	-4,63	-4,94	-5,25	-5,61	-6,02	-6,52	-6,98	-7,26	-7,32	-7,33	-7,35	-7,32	-7,30	-4,54	0
15/12/2020 10:05:00	-4,48	-4,89	-5,24	-5,59	-5,99	-6,48	-6,88	-7,12	-7,16	-7,16	-7,16	-7,12	-7,08	-4,47	0
15/12/2020 10:10:00	-4,46	-4,81	-5,21	-5,64	-6,02	-6,51	-6,89	-7,09	-7,09	-7,06	-7,03	-6,97	-6,90	-4,44	0
15/12/2020 10:15:00	-4,39	-4,82	-5,16	-5,56	-5,97	-6,46	-6,87	-7,12	-7,16	-7,16	-7,16	-7,11	-7,06	-4,47	0
15/12/2020 10:20:00	-4,37	-4,85	-5,20	-5,54	-5,93	-6,38	-6,76	-7,00	-7,03	-7,03	-7,03	-6,99	-6,95	-4,39	0
15/12/2020 10:25:00	-4,34	-4,72	-5,10	-5,53	-5,97	-6,43	-6,79	-7,00	-7,02	-7,00	-6,99	-6,94	-6,88	-4,31	0
15/12/2020 10:30:00	-4,42	-4,80	-5,16	-5,48	-5,83	-6,31	-6,73	-6,99	-7,03	-7,03	-7,06	-7,05	-7,05	-4,43	0
15/12/2020 10:35:00	-4,40	-4,76	-5,13	-5,56	-6,02	-6,47	-6,80	-6,99	-7,01	-6,98	-6,95	-6,88	-6,80	-4,27	0
15/12/2020 10:40:00	-4,25	-4,72	-5,12	-5,49	-5,93	-6,36	-6,76	-6,99	-7,00	-6,99	-6,99	-6,95	-6,91	-4,33	0
15/12/2020 10:45:00	-4,22	-4,66	-4,96	-5,27	-5,66	-6,16	-6,58	-6,86	-6,95	-6,99	-7,03	-7,03	-7,04	-4,10	0
15/12/2020 10:50:00	-4,19	-4,64	-5,06	-5,48	-5,89	-6,35	-6,69	-6,88	-6,89	-6,86	-6,84	-6,79	-6,73	-4,11	0
15/12/2020 10:55:00	-4,13	-4,52	-4,79	-5,17	-5,59	-6,10	-6,52	-6,81	-6,90	-6,94	-6,98	-6,97	-6,96	-4,21	0
15/12/2020 11:00:00	-4,05	-4,46	-4,86	-5,22	-5,64	-6,11	-6,45	-6,64	-6,66	-6,64	-6,62	-6,56	-6,49	-4,09	0
15/12/2020 11:05:00	-4,15	-4,52	-4,82	-5,20	-5,64	-6,12	-6,52	-6,77	-6,82	-6,83	-6,83	-6,77	-6,72	-4,10	0
15/12/2020 11:10:00	-4,15	-4,50	-4,80	-5,17	-5,60	-6,14	-6,63	-6,95	-7,03	-7,06	-7,09	-7,07	-7,05	-4,10	0
15/12/2020 11:15:00	-4,07	-4,47	-4,76	-5,18	-5,58	-6,11	-6,53	-6,81	-6,88	-6,91	-6,92	-6,89	-6,86	-4,04	0
15/12/2020 11:20:00	-4,03	-4,47	-4,75	-5,11	-5,50	-5,96	-6,37	-6,63	-6,69	-6,70	-6,72	-6,69	-6,65	-4,07	0
15/12/2020 11:25:00	-4,05	-4,49	-4,82	-5,15	-5,57	-6,04	-6,48	-6,76	-6,83	-6,85	-6,88	-6,87	-6,86	-4,05	0
15/12/2020 11:30:00	-3,94	-4,37	-4,67	-5,03	-5,44	-5,91	-6,31	-6,55	-6,61	-6,61	-6,62	-6,58	-6,54	-3,99	0
15/12/2020 11:35:00	-4,02	-4,37	-4,69	-5,06	-5,50	-5,95	-6,33	-6,56	-6,60	-6,60	-6,60	-6,56	-6,51	-4,09	0
15/12/2020 11:40:00	-4,17	-4,52	-4,84	-5,16	-5,56	-6,06	-6,46	-6,73	-6,80	-6,82	-6,85	-6,84	-6,83	-4,16	0
15/12/2020 11:45:00	-4,22	-4,59	-4,90	-5,24	-5,62	-6,10	-6,55	-6,83	-6,88	-6,89	-6,90	-6,88	-6,86	-4,18	0
15/12/2020 11:50:00	-4,07	-4,46	-4,70	-4,97	-5,34	-5,89	-6,45	-6,83	-6,96	-7,03	-7,10	-7,14	-7,18	-4,01	0
15/12/2020 11:55:00	-4,08	-4,41	-4,72	-5,14	-5,47	-5,97	-6,41	-6,66	-6,68	-6,67	-6,67	-6,64	-6,60	-4,05	0
15/12/2020 12:00:00	-4,05	-4,37	-4,67	-4,94	-5,35	-5,85	-6,29	-6,59	-6,67	-6,71	-6,75	-6,75	-6,75	-4,05	0
15/12/2020 12:05:00	-4,00	-4,33	-4,61	-4,92	-5,34	-5,83	-6,24	-6,51	-6,60	-6,63	-6,66	-6,65	-6,63	-3,97	0
15/12/2020 12:10:00	-4,06	-4,44	-4,71	-4,98	-5,38	-5,90	-6,39	-6,72	-6,84	-6,90	-6,96	-6,99	-7,01	-4,09	0
15/12/2020 12:15:00	-3,99	-4,39	-4,71	-4,96	-5,32	-5,80	-6,28	-6,59	-6,65	-6,69	-6,73	-6,74	-6,75	-3,94	0
15/12/2020 12:20:00	-3,90	-4,27	-4,57	-4,88	-5,24	-5,73	-6,18	-6,47	-6,54	-6,58	-6,62	-6,62	-6,63	-3,89	0
15/12/2020 12:25:00	-3,86	-4,19	-4,52	-4,85	-5,27	-5,76	-6,23	-6,52	-6,59	-6,62	-6,65	-6,64	-6,63	-3,84	0
15/12/2020 12:30:00	-3,89	-4,15	-4,44	-4,86	-5,30	-5,86	-6,34	-6,64	-6,72	-6,75	-6,77	-6,75	-6,72	-3,86	0
15/12/2020 12:35:00	-3,86	-4,19	-4,49	-4,88	-5,27	-5,83	-6,34	-6,65	-6,72	-6,74	-6,76	-6,74	-6,71	-3,94	0
15/12/2020 12:40:00	-3,84	-4,13	-4,46	-4,91	-5,33	-5,88	-6,33	-6,60	-6,65	-6,66	-6,66	-6,62	-6,57	-3,83	0
15/12/2020 12:45:00	-3,69	-3,94	-4,29	-4,71	-5,21	-5,74	-6,19	-6,46	-6,52	-6,54	-6,55	-6,51	-6,48	-3,68	0
15/12/2020 12:50:00	-3,77	-4,04	-4,32	-4,72	-5,16	-5,65	-6,12	-6,41	-6,47	-6,49	-6,51	-6,48	-6,44	-3,84	0
15/12/2020 12:55:00	-3,81	-4,18	-4,50	-4,89	-5,23	-5,76	-6,22	-6,50	-6,56	-6,59	-6,62	-6,62	-6,62	-3,76	0
15/12/2020 13:00:00	-3,78	-4,12	-4,43	-4,71	-5,07	-5,60	-6,11	-6,45	-6,54	-6,60	-6,66	-6,70	-6,74	-3,63	0
15/12/2020 13:05:00	-3,60	-3,96	-4,23	-4,56	-5,00	-5,54	-6,07	-6,42	-6,52	-6,58	-6,62	-6,62	-6,62	-3,61	0
15/12/2020 13:10:00	-3,64	-4,03	-4,32	-4,72	-5,06	-5,58	-6,02	-6,29	-6,35	-6,37	-6,40	-6,39	-6,38	-3,65	0
15/12/2020 13:15:00	-3,61	-3,80	-4,11	-4,55	-4,99	-5,51	-5,95	-6,23	-6,29	-6,31	-6,34	-6,32	-6,30	-3,49	0
15/12/2020 13:20:00	-3,52	-3,82	-4,14	-4,54	-4,92	-5,43	-5,88	-6,14	-6,18	-6,19	-6,21	-6,18	-6,15	-3,51	0
15/12/2020 13:25:00	-3,54	-3,79	-4,13	-4,61	-5,05	-5,58	-5,98	-6,21	-6,23	-6,23	-6,22	-6,15	-6,09	-3,57	0
15/12/2020 13:30:00	-3,59	-3,84	-4,17	-4,51	-4,98	-5,45	-5,84	-6,08	-6,14	-6,16	-6,19	-6,17	-6,14	-3,51	0
15/12/2020 13:35:00	-3,48	-3,77	-4,03	-4,37	-4,78	-5,33	-5,78	-6,08	-6,18	-6,22	-6,27	-6,26	-6,25	-3,41	0
15/12/2020 13:40:00	-3,49	-3,74	-3,97	-4,23	-4,64	-5,14	-5,60	-5,90	-6,00	-6,06	-6,10	-6,11	-6,11	-3,45	0
15/12/2020 13:45:00	-3,43	-3,66	-3,90	-4,20	-4,60	-5,09	-5,54	-5,82	-5,90	-5,94	-5,98	-5,96	-5,95	-3,43	0
15/12/2020 13:50:00	-3,46	-3,72	-4,02	-4,31	-4,71	-5,16	-5,58	-5,83	-5,89	-5,92	-5,95	-5,95	-5,95	-3,55	0
15/12/2020 13:55:00	-3,56	-3,72	-3,99	-4,38	-4,76	-5,24	-5,66	-5,90	-5,94	-5,95	-5,97	-5,95	-5,92	-3,46	0
15/12/2020 14:00:00	-3,46	-3,72	-3,96	-4,31	-4,66	-5,15	-5,60	-5,88	-5,94	-5,97	-6,00	-5,99	-5,98	-3,54	0
15/12/2020 14:05:00	-3,55	-3,80	-4,01	-4,36	-4,76	-5,28	-5,75	-6,06	-6,15	-6,20	-6,24	-6,23	-6,23	-3,58	0
15/12/2020 14:10:00	-3,57	-3,83	-4,08	-4,32	-4,70	-5,22	-5,70	-6,03	-6,13	-6,19	-6,26	-6,29	-6,32	-3,54	0
15/12/2020 14:15:00	-3,59	-3,85	-4,11	-4,40	-4,76	-5,25	-5,70	-5,99	-6,06	-6,10	-6,15	-6,16	-6,17	-3,58	0
15/12/2020 14:20:00	-3,56	-3,89	-4,10	-4,38	-4,73	-5,25	-5,73	-6,05	-6,16	-6,22	-6,27	-6,29	-6,30	-3,44	0
15/12/2020 14:25:00	-3,60	-3,93	-4,22	-4,56	-4,98	-5,50	-5,97	-6,26	-6,33	-6,35	-6,37	-6,34	-6,31	-3,43	0
15/12/2020 14:30:00	-3,53	-3,82	-4,09	-4,45	-4,88	-5,41	-5,87	-6,19	-6,28	-6,34	-6,39	-6,40	-6,40	-3,55	0
15/12/2020 14:35:00	-3,55	-3,83	-4,07	-4,45	-4,78	-5,27	-5,73	-6,02	-6,07	-6,09	-6,12	-6,12	-6,11	-3,50	0
15/12/2020 14:40:00	-3,49	-3,80	-4,06	-4,26	-4,60	-5,12	-5,64	-5,99	-6,10	-6,17	-6,26	-6,32	-6,38	-3,49	0
15/12/2020 14:45:00	-3,48	-3,73	-3,97	-4,32	-4,74	-5,28	-5,74	-6,05	-6,14	-6,19	-6,23	-6,23	-6,22	-3,45	0
15/12/2020 14:50:00	-3,50	-3,73	-4,22	-4,79	-5,29	-5,79	-6,10	-6,21	-6,16	-6,09	-6,02	-5,89	-5,76	-3,49	0
15/12/2020 14:55:00	-3,54	-3,85	-4,09	-4,37	-4,76	-5,28	-5,75	-6,06	-6,15	-6,20	-6,24	-6,24	-6,24	-3,38	0
15/12/2020 15:00:00	-3,49	-3,79	-4,04	-4,29	-4,63	-5,14	-5,64	-5,97	-6,06	-6,12	-6,18	-6,21	-6,24	-2,86	0
15/12/2020 15:05:00	-3,50	-3,81	-4,02	-4,23	-4,55	-5,08	-5,59	-5,94	-6,06	-6,13	-6,21	-6,25	-6,29	-3,44	0
15/12/2020 15:10:00	-3,46	-3,74	-3,98	-4,30	-4,64	-5,13	-5,59	-5,89	-5,98	-6,04	-6,10	-6,13	-6,16	-3,49	0
15/12/2020 15:15:00	-3,55	-3,69	-3,93	-4,27	-4,64	-5,18	-5,69	-6,00	-6,07	-6,12	-6,16	-6,16	-6,16	-3,51	0
15/12/2020 15:20:00	-3,52	-3,76	-3,96	-4,27	-4,67	-5,18	-5,66	-5,98	-6,09	-6,15	-6,20	-6,20	-6,20	-3,41	0
15/12/2020 15:25:00	-3,49	-3,66	-3,94	-4,30	-4,70	-5,24	-5,71	-6,00	-6,06	-6,08	-6,11	-6,08	-6,06	-3,42	0
15/12/2020 15:30:00	-3,35	-3,60	-3,81	-4,13	-4,50	-5,00	-5,49	-5,81	-5,90	-5,95	-6,00	-6,01	-6,02	-3,31	0
15/12/2020 15:35:00	-3,33	-3,58	-3,80	-4,02	-4,44	-4,96	-5,43	-5,76	-5,90	-5,99	-6,08	-6,12	-6,16	-3,28	0
15/12/2020 15:40:00	-3,37	-3,58	-3,80	-4,05	-4,49	-5,06	-5,60	-5,97	-6,11	-6,19	-6,26	-6,29	-6,31	-3,43	0
15/12/2020 15:45:00	-3,49	-3,75	-3,94	-4,15	-4,51	-5,04	-5,61	-6,00	-6,14	-6,23	-6,32	-6,37	-6,43	-3,48	0
15/12/2020 15:50:00	-3,45	-3,66	-3,94	-4,22	-4,63	-5,13	-5,63	-5,95	-6,02	-6,07	-6,11	-6,12	-6,13	-3,46	0
15/12/2020 15:55:00	-3,47	-3,60	-3,84	-4,26	-4,73	-5,30	-5,77	-6,06	-6,14	-6,18	-6,20	-6,16	-6,12	-3,46	0
15/12/2020 16:00:00	-3,40	-3,61	-3,86	-4,15	-4,56	-5,07	-5,56	-5,87	-5,96	-6,01	-6,06	-6,07	-6,07	-3,40	0
15/12/2020 16:05:00	-3,43	-3,54	-3,80	-4,11	-4,62	-5,18	-5,65	-5,96	-6,07	-6,13	-6,17	-6,17	-6,16	-3,41	0
15/12/2020 16:10:00	-3,32	-3,56	-3,77	-4,06	-4,45	-4,97	-5,45	-5,77	-5,86	-5,92	-5,97	-5,97	-5,97	-3,31	0
15/12/2020 16:15:00	-3,35	-3,54	-3,74	-4,10	-4,52	-5,09	-5,55	-5,85	-5,96	-6,02	-6,06	-6,05	-6,04	-3,38	0
15/12/2020 16:20:00	-3,40	-3,53	-3,70	-3,99	-4,46	-5,02	-5,52	-5,87	-6,00	-6,08	-6,14	-6,14	-6,14	-3,29	0
15/12/2020 16:25:00	-3,26	-3,43	-3,68	-3,92	-4,38	-4,93	-5,40	-5,72	-5,84	-5,92	-5,98	-6,00	-6,01	-3,34	0
15/12/2020 16:30:00	-3,32	-3,52	-3,73	-4,07	-4,46	-5,01	-5,50	-5,83	-5,94	-6,00	-6,06	-6,08	-6,10	-3,32	0
15/12/2020 16:35:00	-3,37	-3,58	-3,78	-4,05	-4,47	-5,02	-5,52	-5,88	-6,02	-6,11	-6,19	-6,22	-6,26	-3,37	0
15/12/2020 16:40:00	-3,39	-3,57	-3,78	-4,12	-4,55	-5,09	-5,58	-5,91	-6,03	-6,10	-6,16	-6,18	-6,19	-3,37	0
15/12/2020 16:45:00	-3,43	-3,61	-3,88	-4,28	-4,69	-5,22	-5,69	-5,97	-6,03	-6,05	-6,07	-6,05	-6,02	-3,44	0
15/12/2020 16:50:00	-3,52	-3,69	-3,95	-4,34	-4,78	-5,32	-5,76	-6,04	-6,12	-6,16	-6,18	-6,16	-6,14	-3,48	0
15/12/2020 16:55:00	-3,51	-3,75	-3,98	-4,32	-4,73	-5,26	-5,71	-6,01	-6,10	-6,15	-6,19	-6,18	-6,17	-3,46	0
15/12/2020 17:00:00	-3,47	-3,74	-4,01	-4,33	-4,71	-5,22	-5,68	-5,95	-6,02	-6,04	-6,07	-6,04	-6,02	-3,39	0
15/12/2020 17:05:00	-3,44	-3,67	-3,92	-4,30	-4,72	-5,25	-5,70	-5,98	-6,05	-6,08	-6,10	-6,06	-6,02	-3,51	0
15/12/2020 17:10:00	-3,48	-3,80	-4,07	-4,39	-4,75	-5,22	-5,62	-5,86	-5,91	-5,94	-5,96	-5,95	-5,94	-3,49	0
15/12/2020 17:15:00	-3,45	-3,68	-3,92	-4,26	-4,67	-5,17	-5,60	-5,87	-5,94	-5,97	-6,00	-5,97	-5,94	-3,48	0
15/12/2020 17:20:00	-3,45	-3,70	-3,95	-4,23	-4,61	-5,12	-5,60	-5,90	-5,98	-6,02	-6,06	-6,06	-6,06	-3,42	0
15/12/2020 17:25:00	-3,42	-3,70	-3,94	-4,20	-4,58	-5,05	-5,50	-5,79	-5,87	-5,91	-5,96	-5,96	-5,96	-3,45	0
15/12/2020 17:30:00	-3,52	-3,76	-4,02	-4,31	-4,69	-5,18	-5,64	-5,92	-5,98	-6,01	-6,04	-6,02	-6,01	-3,53	0
15/12/2020 17:35:00	-3,57	-3,82	-4,04	-4,27	-4,63	-5,16	-5,65	-5,98	-6,10	-6,17	-6,23	-6,26	-6,29	-3,49	0
15/12/2020 17:40:00	-3,48	-3,76	-3,97	-4,30	-4,66	-5,16	-5,61	-5,90	-5,99	-6,03	-6,07	-6,07	-6,06	-3,53	0
15/12/2020 17:45:00	-3,57	-3,77	-3,99	-4,29	-4,70	-5,22	-5,69	-6,01	-6,11	-6,17	-6,22	-6,23	-6,25	-3,58	0
15/12/2020 17:50:00	-3,48	-3,70	-3,96	-4,29	-4,72	-5,24	-5,71	-6,02	-6,11	-6,15	-6,20	-6,19	-6,19	-3,44	0
15/12/2020 17:55:00	-3,51	-3,78	-4,03	-4,34	-4,76	-5,27	-5,67	-5,95	-6,04	-6,09	-6,14	-6,14	-6,14	-3,46	0
15/12/2020 18:00:00	-3,41	-3,71	-3,98	-4,28	-4,68	-5,16	-5,56	-5,82	-5,88	-5,91	-5,94	-5,92	-5,89	-3,46	0
15/12/2020 18:05:00	-3,48	-3,77	-3,96	-4,25	-4,64	-5,09	-5,51	-5,80	-5,89	-5,94	-5,99	-5,99	-6,00	-3,48	0
15/12/2020 18:10:00	-3,44	-3,76	-4,02	-4,29	-4,62	-5,10	-5,57	-5,87	-5,95	-5,99	-6,04	-6,06	-6,08	-3,35	0
15/12/2020 18:15:00	-3,40	-3,61	-3,81	-4,11	-4,47	-5,01	-5,54	-5,89	-6,00	-6,06	-6,12	-6,14	-6,16	-3,40	0
15/12/2020 18:20:00	-3,46	-3,72	-3,92	-4,22	-4,60	-5,10	-5,58	-5,90	-5,99	-6,04	-6,09	-6,09	-6,09	-3,49	0
15/12/2020 18:25:00	-3,47	-3,71	-3,92	-4,18	-4,54	-5,05	-5,51	-5,81	-5,91	-5,96	-6,02	-6,03	-6,05	-3,51	0
15/12/2020 18:30:00	-3,52	-3,73	-4,00	-4,31	-4,67	-5,15	-5,58	-5,84	-5,89	-5,91	-5,94	-5,93	-5,92	-3,48	0
15/12/2020 18:35:00	-3,55	-3,76	-3,98	-4,30	-4,71	-5,21	-5,66	-5,95	-6,04	-6,08	-6,12	-6,10	-6,09	-3,53	0
15/12/2020 18:40:00	-3,48	-3,73	-3,98	-4,26	-4,68	-5,15	-5,58	-5,85	-5,93	-5,97	-6,01	-6,00	-5,99	-3,49	0
15/12/2020 18:45:00	-3,56	-3,72	-3,93	-4,20	-4,63	-5,14	-5,62	-5,94	-6,04	-6,09	-6,14	-6,14	-6,14	-3,54	0
15/12/2020 18:50:00	-3,41	-3,68	-3,88	-4,20	-4,56	-5,07	-5,55	-5,86	-5,95	-6,00	-6,04	-6,04	-6,03	-3,43	0
15/12/2020 18:55:00	-3,49	-3,68	-3,91	-4,23	-4,60	-5,04	-5,48	-5,74	-5,79	-5,82	-5,84	-5,83	-5,82	-3,48	0
15/12/2020 19:00:00	-3,57	-3,81	-4,09	-4,35	-4,78	-5,22	-5,60	-5,84	-5,90	-5,93	-5,95	-5,94	-5,92	-3,55	0
15/12/2020 19:05:00	-3,53	-3,76	-3,97	-4,33	-4,72	-5,24	-5,64	-5,90	-5,98	-6,02	-6,05	-6,02	-5,99	-3,54	0
15/12/2020 19:10:00	-3,53	-3,77	-4,01	-4,31	-4,71	-5,21	-5,64	-5,92	-6,00	-6,05	-6,09	-6,08	-6,08	-3,53	0
15/12/2020 19:15:00	-3,52	-3,80	-4,05	-4,32	-4,69	-5,15	-5,59	-5,86	-5,93	-5,97	-6,00	-6,00	-5,99	-3,47	0
15/12/2020 19:20:00	-3,49	-3,77	-3,99	-4,25	-4,63	-5,15	-5,57	-5,87	-5,97	-6,04	-6,09	-6,10	-6,11	-3,44	0
15/12/2020 19:25:00	-3,40	-3,67	-3,91	-4,17	-4,53	-5,00	-5,48	-5,79	-5,86	-5,91	-5,96	-5,97	-5,99	-3,43	0
15/12/2020 19:30:00	-3,49	-3,70	-3,86	-4,14	-4,49	-5,02	-5,52	-5,87	-6,00	-6,08	-6,15	-6,19	-6,23	-3,48	0
15/12/2020 19:35:00	-3,45	-3,71	-3,96	-4,22	-4,60	-5,12	-5,58	-5,88	-5,95	-6,00	-6,04	-6,03	-6,03	-3,46	0
15/12/2020 19:40:00	-3,50	-3,74	-3,98	-4,23	-4,60	-5,07	-5,46	-5,73	-5,81	-5,85	-5,90	-5,91	-5,92	-3,48	0
15/12/2020 19:45:00	-3,43	-3,59	-3,83	-4,19	-4,65	-5,17	-5,59	-5,85	-5,93	-5,96	-5,97	-5,93	-5,89	-3,43	0
15/12/2020 19:50:00	-3,42	-3,61	-3,84	-4,13	-4,53	-5,05	-5,49	-5,78	-5,86	-5,90	-5,94	-5,93	-5,92	-3,41	0
15/12/2020 19:55:00	-3,40	-3,64	-3,92	-4,18	-4,56	-5,03	-5,41	-5,65	-5,71	-5,73	-5,76	-5,75	-5,74	-3,43	0
15/12/2020 20:00:00	-3,41	-3,70	-3,86	-4,15	-4,50	-5,00	-5,47	-5,79	-5,90	-5,97	-6,02	-6,03	-6,04	-3,51	0
15/12/2020 20:05:00	-3,50	-3,70	-3,99	-4,32	-4,72	-5,18	-5,52	-5,72	-5,75	-5,76	-5,77	-5,73	-5,70	-3,52	0
15/12/2020 20:10:00	-3,51	-3,80	-4,05	-4,29	-4,66	-5,06	-5,44	-5,68	-5,73	-5,76	-5,80	-5,79	-5,79	-3,56	0
15/12/2020 20:15:00	-3,50	-3,73	-3,90	-4,15	-4,50	-5,02	-5,48	-5,80	-5,91	-5,97	-6,03	-6,04	-6,04	-3,49	0
15/12/2020 20:20:00	-3,51	-3,69	-3,89	-4,21	-4,64	-5,09	-5,49	-5,75	-5,82	-5,86	-5,88	-5,86	-5,84	-3,49	0
15/12/2020 20:25:00	-3,43	-3,69	-3,84	-4,16	-4,56	-5,07	-5,51	-5,81	-5,92	-5,97	-6,01	-5,99	-5,97	-3,48	0
15/12/2020 20:30:00	-3,44	-3,66	-3,92	-4,24	-4,61	-5,09	-5,46	-5,68	-5,72	-5,74	-5,75	-5,71	-5,68	-3,48	0
15/12/2020 20:35:00	-3,42	-3,64	-3,81	-4,12	-4,50	-4,97	-5,39	-5,67	-5,76	-5,80	-5,84	-5,82	-5,81	-3,39	0
15/12/2020 20:40:00	-3,44	-3,59	-3,87	-4,13	-4,51	-4,98	-5,45	-5,73	-5,78	-5,82	-5,86	-5,86	-5,87	-3,44	0
15/12/2020 20:45:00	-3,38	-3,61	-3,81	-4,16	-4,52	-5,02	-5,43	-5,69	-5,76	-5,79	-5,82	-5,79	-5,76	-3,45	0
15/12/2020 20:50:00	-3,48	-3,65	-3,91	-4,21	-4,61	-5,02	-5,40	-5,61	-5,64	-5,65	-5,66	-5,62	-5,59	-3,50	0
15/12/2020 20:55:00	-3,43	-3,68	-3,93	-4,18	-4,54	-4,99	-5,42	-5,70	-5,77	-5,82	-5,87	-5,88	-5,90	-3,44	0
15/12/2020 21:00:00	-3,40	-3,60	-3,76	-4,01	-4,45	-4,93	-5,34	-5,62	-5,73	-5,79	-5,83	-5,81	-5,79	-3,46	0
15/12/2020 21:05:00	-3,41	-3,60	-3,81	-4,01	-4,39	-4,92	-5,39	-5,71	-5,81	-5,86	-5,92	-5,93	-5,94	-3,38	0
15/12/2020 21:10:00	-3,48	-3,55	-3,76	-4,14	-4,57	-5,05	-5,44	-5,68	-5,73	-5,75	-5,76	-5,72	-5,68	-3,46	0
15/12/2020 21:15:00	-3,38	-3,57	-3,73	-3,98	-4,37	-4,81	-5,19	-5,44	-5,52	-5,57	-5,61	-5,61	-5,60	-3,37	0
15/12/2020 21:20:00	-3,42	-3,55	-3,78	-4,04	-4,43	-4,91	-5,30	-5,55	-5,62	-5,66	-5,69	-5,69	-5,68	-3,45	0
15/12/2020 21:25:00	-3,47	-3,58	-3,79	-4,13	-4,51	-5,02	-5,43	-5,67	-5,73	-5,75	-5,77	-5,74	-5,71	-3,49	0
15/12/2020 21:30:00	-3,48	-3,70	-3,90	-4,16	-4,51	-5,00	-5,43	-5,70	-5,78	-5,83	-5,87	-5,86	-5,85	-3,51	0
15/12/2020 21:35:00	-3,49	-3,67	-3,90	-4,16	-4,53	-4,94	-5,26	-5,45	-5,48	-5,50	-5,51	-5,47	-5,44	-3,51	0
15/12/2020 21:40:00	-3,57	-3,68	-3,84	-4,09	-4,47	-4,95	-5,39	-5,68	-5,78	-5,84	-5,90	-5,91	-5,92	-3,56	0
15/12/2020 21:45:00	-3,54	-3,62	-3,81	-4,08	-4,44	-4,96	-5,46	-5,77	-5,84	-5,89	-5,93	-5,93	-5,93	-3,49	0
15/12/2020 21:50:00	-3,47	-3,60	-3,79	-4,10	-4,43	-4,96	-5,46	-5,77	-5,84	-5,89	-5,93	-5,94	-5,95	-3,52	0
15/12/2020 21:55:00	-3,50	-3,59	-3,78	-4,11	-4,51	-5,01	-5,43	-5,70	-5,77	-5,80	-5,82	-5,80	-5,78	-3,42	0
15/12/2020 22:00:00	-3,35	-3,40	-3,61	-3,99	-4,43	-4,94	-5,40	-5,67	-5,73	-5,75	-5,76	-5,72	-5,68	-3,38	0
15/12/2020 22:05:00	-3,35	-3,46	-3,73	-4,14	-4,57	-5,05	-5,46	-5,68	-5,71	-5,71	-5,70	-5,65	-5,59	-3,36	0
15/12/2020 22:10:00	-3,29	-3,40	-3,62	-4,01	-4,46	-4,95	-5,40	-5,65	-5,69	-5,69	-5,68	-5,61	-5,53	-3,34	0
15/12/2020 22:15:00	-3,41	-3,47	-3,70	-4,03	-4,44	-4,97	-5,44	-5,73	-5,80	-5,85	-5,89	-5,88	-5,88	-3,40	0
15/12/2020 22:20:00	-3,32	-3,45	-3,74	-4,07	-4,48	-4,96	-5,41	-5,66	-5,69	-5,70	-5,71	-5,68	-5,65	-3,30	0
15/12/2020 22:25:00	-3,32	-3,44	-3,70	-4,10	-4,55	-5,00	-5,34	-5,53	-5,56	-5,56	-5,55	-5,49	-5,42	-3,30	0
15/12/2020 22:30:00	-3,41	-3,58	-3,81	-4,14	-4,53	-4,99	-5,39	-5,62	-5,66	-5,67	-5,68	-5,64	-5,60	-3,40	0
15/12/2020 22:35:00	-3,45	-3,50	-3,70	-4,02	-4,42	-4,88	-5,29	-5,53	-5,57	-5,59	-5,61	-5,58	-5,55	-3,38	0
15/12/2020 22:40:00	-3,37	-3,43	-3,63	-3,98	-4,41	-4,90	-5,28	-5,50	-5,55	-5,56	-5,56	-5,49	-5,43	-3,39	0
15/12/2020 22:45:00	-3,45	-3,53	-3,70	-4,00	-4,39	-4,86	-5,24	-5,47	-5,53	-5,56	-5,57	-5,52	-5,48	-3,44	0
15/12/2020 22:50:00	-3,55	-3,67	-3,85	-4,18	-4,56	-5,04	-5,43	-5,67	-5,72	-5,74	-5,76	-5,72	-5,68	-3,57	0
15/12/2020 22:55:00	-3,65	-3,69	-3,85	-4,18	-4,53	-5,00	-5,41	-5,64	-5,68	-5,68	-5,68	-5,63	-5,58	-3,63	0
15/12/2020 23:00:00	-3,62	-3,76	-3,97	-4,30	-4,66	-5,07	-5,37	-5,53	-5,53	-5,51	-5,49	-5,41	-5,34	-3,71	0
15/12/2020 23:05:00	-3,83	-3,90	-4,10	-4,37	-4,74	-5,16	-5,51	-5,71	-5,74	-5,75	-5,76	-5,72	-5,68	-3,82	0
15/12/2020 23:10:00	-3,86	-3,89	-4,17	-4,53	-4,86	-5,23	-5,52	-5,63	-5,56	-5,51	-5,46	-5,37	-5,28	-3,89	0
15/12/2020 23:15:00	-3,88	-3,91	-4,12	-4,42	-4,85	-5,26	-5,63	-5,83	-5,85	-5,84	-5,83	-5,77	-5,71	-3,83	0
15/12/2020 23:20:00	-3,78	-3,87	-4,05	-4,42	-4,77	-5,24	-5,60	-5,81	-5,83	-5,83	-5,83	-5,77	-5,71	-3,83	0
15/12/2020 23:25:00	-3,70	-3,85	-4,07	-4,36	-4,72	-5,18	-5,58	-5,82	-5,88	-5,91	-5,94	-5,93	-5,92	-3,71	0
15/12/2020 23:30:00	-3,72	-3,81	-4,07	-4,48	-4,93	-5,39	-5,78	-5,99	-6,01	-6,00	-5,98	-5,90	-5,83	-3,58	0
15/12/2020 23:35:00	-3,45	-3,64	-3,90	-4,24	-4,66	-5,11	-5,48	-5,69	-5,71	-5,72	-5,72	-5,66	-5,61	-3,43	0
15/12/2020 23:40:00	-3,34	-3,51	-3,77	-4,18	-4,61	-5,11	-5,49	-5,71	-5,76	-5,77	-5,78	-5,72	-5,67	-3,33	0
15/12/2020 23:45:00	-3,36	-3,51	-3,80	-4,25	-4,68	-5,16	-5,54	-5,73	-5,74	-5,72	-5,69	-5,60	-5,52	-3,39	0
15/12/2020 23:50:00	-3,34	-3,47	-3,73	-4,08	-4,53	-5,02	-5,41	-5,64	-5,69	-5,70	-5,71	-5,66	-5,62	-3,33	0
15/12/2020 23:55:00	-3,31	-3,47	-3,78	-4,17	-4,61	-5,07	-5,43	-5,61	-5,63	-5,63	-5,62	-5,56	-5,50	-3,24	0
