FileFormat:0002.2 file with temperature of atmosphere
200
local	GMT or Local
0	GMT-Local=[hours]
0	Height[m]
0	0	0	Longitude                [grd]               [min]               [sec]
0	0	0	Latitude                [grd]               [min]               [sec]
N	NS
59,40	Freq[GHz]
0,00	dTemostat[K]
0,150	MessErr[K]
0,248	//[grad/step]
version 14.0.20110218
MTP5H033F5940K-33.00D180214+A1.1
Commentary:
enter comment
End Of Commentary

SYSTEM\summer.dat
data time	0	50	100	150	200	250	300	350	400	450	500	550	600	OutsideTemperature	Quality
19/08/2020 00:00:00	12,02	14,35	15,85	16,14	16,03	15,74	15,30	14,83	14,31	13,71	12,98	12,23	11,48	12,00	0
19/08/2020 00:05:00	11,96	14,60	16,05	16,24	16,11	15,75	15,29	14,78	14,25	13,64	12,91	12,18	11,44	11,97	0
19/08/2020 00:10:00	11,93	14,48	15,93	16,17	16,09	15,72	15,27	14,77	14,24	13,64	12,91	12,17	11,42	11,92	0
19/08/2020 00:15:00	11,82	14,38	15,84	16,11	16,03	15,69	15,24	14,76	14,24	13,64	12,92	12,18	11,45	11,73	0
19/08/2020 00:20:00	11,73	14,35	15,87	16,08	15,99	15,68	15,19	14,69	14,15	13,55	12,82	12,08	11,34	11,80	0
19/08/2020 00:25:00	11,81	14,42	15,88	16,13	16,06	15,76	15,29	14,80	14,28	13,69	12,98	12,25	11,53	11,90	0
19/08/2020 00:30:00	11,76	14,37	15,88	16,14	16,05	15,74	15,30	14,82	14,30	13,70	12,98	12,24	11,51	11,76	0
19/08/2020 00:35:00	11,72	14,24	15,81	16,15	16,11	15,83	15,40	14,94	14,42	13,82	13,09	12,34	11,59	11,63	0
19/08/2020 00:40:00	11,66	14,15	15,68	16,01	15,91	15,60	15,16	14,67	14,15	13,54	12,79	12,03	11,27	11,67	0
19/08/2020 00:45:00	11,70	14,21	15,74	16,12	16,03	15,70	15,30	14,84	14,32	13,72	12,98	12,22	11,47	11,67	0
19/08/2020 00:50:00	11,71	14,19	15,71	16,04	15,96	15,70	15,29	14,84	14,34	13,75	13,04	12,32	11,60	11,66	0
19/08/2020 00:55:00	11,65	14,17	15,71	16,03	15,93	15,68	15,25	14,79	14,28	13,69	12,97	12,23	11,50	11,47	0
19/08/2020 01:00:00	11,52	14,01	15,56	15,91	15,85	15,58	15,12	14,63	14,11	13,51	12,77	12,01	11,25	11,53	0
19/08/2020 01:05:00	11,57	14,10	15,68	16,02	16,02	15,69	15,28	14,82	14,31	13,71	12,97	12,21	11,46	11,60	0
19/08/2020 01:10:00	11,60	14,12	15,67	16,03	15,95	15,69	15,24	14,75	14,24	13,63	12,89	12,14	11,38	11,52	0
19/08/2020 01:15:00	11,51	14,08	15,59	15,96	15,88	15,62	15,23	14,78	14,28	13,70	13,00	12,28	11,56	11,17	0
19/08/2020 01:20:00	11,58	13,97	15,50	15,83	15,83	15,60	15,19	14,75	14,26	13,70	13,00	12,29	11,58	11,56	0
19/08/2020 01:25:00	11,49	13,95	15,53	15,87	15,81	15,57	15,17	14,73	14,22	13,64	12,93	12,20	11,47	11,47	0
19/08/2020 01:30:00	11,47	13,92	15,47	15,87	15,81	15,59	15,21	14,78	14,29	13,72	13,02	12,31	11,59	11,57	0
19/08/2020 01:35:00	11,44	13,93	15,52	15,92	15,90	15,70	15,28	14,83	14,34	13,77	13,05	12,32	11,59	11,47	0
19/08/2020 01:40:00	11,41	13,92	15,51	15,85	15,84	15,60	15,21	14,77	14,27	13,69	12,99	12,27	11,55	11,34	0
19/08/2020 01:45:00	11,47	13,84	15,41	15,77	15,75	15,53	15,18	14,76	14,27	13,71	13,01	12,30	11,59	11,44	0
19/08/2020 01:50:00	11,55	13,93	15,46	15,83	15,84	15,59	15,19	14,75	14,26	13,69	12,99	12,27	11,55	11,54	0
19/08/2020 01:55:00	11,52	13,80	15,26	15,63	15,64	15,44	15,03	14,59	14,12	13,57	12,88	12,18	11,48	11,50	0
19/08/2020 02:00:00	11,53	13,78	15,21	15,57	15,55	15,33	14,94	14,52	14,05	13,50	12,82	12,13	11,44	11,57	0
19/08/2020 02:05:00	11,53	13,87	15,33	15,67	15,66	15,43	15,06	14,65	14,17	13,63	12,96	12,27	11,58	11,59	0
19/08/2020 02:10:00	11,63	14,09	15,60	15,95	15,94	15,69	15,30	14,86	14,37	13,81	13,12	12,41	11,70	11,68	0
19/08/2020 02:15:00	11,56	13,98	15,51	15,87	15,82	15,56	15,19	14,76	14,27	13,70	12,99	12,27	11,55	11,60	0
19/08/2020 02:20:00	11,51	13,97	15,54	15,90	15,89	15,60	15,24	14,81	14,31	13,73	13,02	12,29	11,56	11,48	0
19/08/2020 02:25:00	11,40	13,82	15,26	15,57	15,54	15,28	14,95	14,55	14,07	13,53	12,88	12,21	11,55	11,38	0
19/08/2020 02:30:00	11,43	13,84	15,33	15,71	15,73	15,54	15,15	14,72	14,25	13,71	13,04	12,35	11,66	11,78	0
19/08/2020 02:35:00	11,63	13,99	15,55	15,96	16,00	15,77	15,45	15,05	14,59	14,04	13,36	12,65	11,95	11,65	0
19/08/2020 02:40:00	11,52	13,96	15,52	15,97	16,03	15,80	15,43	15,02	14,54	13,98	13,29	12,57	11,85	11,53	0
19/08/2020 02:45:00	11,46	13,86	15,47	15,90	15,92	15,71	15,34	14,91	14,43	13,86	13,15	12,42	11,69	11,44	0
19/08/2020 02:50:00	11,35	13,70	15,17	15,62	15,58	15,42	15,05	14,64	14,18	13,64	12,97	12,28	11,59	11,35	0
19/08/2020 02:55:00	11,44	13,69	15,17	15,62	15,61	15,39	15,07	14,69	14,22	13,68	13,01	12,32	11,63	11,49	0
19/08/2020 03:00:00	11,47	13,68	15,24	15,65	15,71	15,54	15,22	14,84	14,39	13,86	13,19	12,51	11,82	11,48	0
19/08/2020 03:05:00	11,44	13,72	15,23	15,63	15,69	15,58	15,23	14,84	14,39	13,88	13,24	12,58	11,92	11,50	0
19/08/2020 03:10:00	11,45	13,61	15,14	15,57	15,68	15,53	15,22	14,85	14,41	13,89	13,24	12,57	11,90	11,43	0
19/08/2020 03:15:00	11,35	13,64	15,16	15,68	15,78	15,60	15,27	14,88	14,44	13,91	13,25	12,55	11,86	11,32	0
19/08/2020 03:20:00	11,35	13,51	15,06	15,49	15,56	15,48	15,14	14,76	14,32	13,81	13,17	12,51	11,84	11,28	0
19/08/2020 03:25:00	11,17	13,58	15,11	15,57	15,60	15,41	15,04	14,62	14,15	13,61	12,92	12,22	11,52	11,20	0
19/08/2020 03:30:00	11,16	13,54	15,15	15,59	15,68	15,48	15,19	14,82	14,37	13,83	13,16	12,47	11,78	11,17	0
19/08/2020 03:35:00	11,18	13,47	15,03	15,51	15,61	15,45	15,11	14,72	14,27	13,74	13,07	12,37	11,68	11,17	0
19/08/2020 03:40:00	11,23	13,42	14,95	15,43	15,50	15,34	15,06	14,71	14,28	13,76	13,12	12,45	11,78	10,89	0
19/08/2020 03:45:00	11,18	13,37	14,86	15,36	15,47	15,35	15,03	14,67	14,24	13,74	13,10	12,44	11,77	10,88	0
19/08/2020 03:50:00	10,92	13,12	14,74	15,24	15,38	15,21	14,92	14,55	14,11	13,58	12,91	12,22	11,52	10,97	0
19/08/2020 03:55:00	11,06	13,34	14,86	15,30	15,40	15,27	14,96	14,59	14,16	13,65	13,02	12,37	11,71	11,08	0
19/08/2020 04:00:00	11,07	13,29	14,85	15,34	15,48	15,33	15,03	14,67	14,24	13,72	13,07	12,40	11,72	11,05	0
19/08/2020 04:05:00	11,02	13,14	14,67	15,18	15,30	15,22	14,93	14,58	14,17	13,67	13,04	12,39	11,73	11,03	0
19/08/2020 04:10:00	10,94	12,97	14,36	14,82	14,95	14,86	14,58	14,25	13,86	13,39	12,82	12,21	11,60	10,87	0
19/08/2020 04:15:00	10,95	12,93	14,22	14,65	14,73	14,65	14,38	14,05	13,67	13,22	12,67	12,09	11,52	10,94	0
19/08/2020 04:20:00	11,09	12,87	14,09	14,45	14,53	14,43	14,21	13,91	13,54	13,10	12,58	12,03	11,48	11,04	0
19/08/2020 04:25:00	11,19	12,88	14,04	14,44	14,56	14,50	14,32	14,06	13,71	13,31	12,82	12,30	11,79	11,23	0
19/08/2020 04:30:00	11,20	12,87	14,02	14,50	14,65	14,61	14,42	14,16	13,83	13,43	12,94	12,42	11,89	11,15	0
19/08/2020 04:35:00	11,04	12,71	13,90	14,34	14,52	14,48	14,29	14,03	13,70	13,31	12,82	12,30	11,78	11,04	0
19/08/2020 04:40:00	10,97	12,76	13,99	14,42	14,60	14,57	14,32	14,03	13,68	13,27	12,77	12,23	11,69	10,98	0
19/08/2020 04:45:00	11,00	12,75	13,99	14,46	14,65	14,54	14,38	14,12	13,77	13,36	12,84	12,30	11,75	10,78	0
19/08/2020 04:50:00	10,74	12,57	13,88	14,30	14,45	14,41	14,19	13,91	13,54	13,12	12,60	12,05	11,50	10,76	0
19/08/2020 04:55:00	10,74	12,60	13,89	14,32	14,48	14,39	14,18	13,89	13,53	13,10	12,57	12,02	11,47	10,72	0
19/08/2020 05:00:00	10,74	12,60	13,87	14,27	14,40	14,36	14,10	13,79	13,42	12,99	12,46	11,91	11,36	10,39	0
19/08/2020 05:05:00	10,49	12,17	13,31	13,70	13,82	13,77	13,59	13,34	12,99	12,60	12,13	11,63	11,13	10,47	0
19/08/2020 05:10:00	10,61	12,19	13,37	13,83	13,96	13,89	13,69	13,43	13,08	12,67	12,17	11,63	11,09	10,70	0
19/08/2020 05:15:00	10,68	12,21	13,28	13,69	13,83	13,81	13,64	13,40	13,08	12,72	12,27	11,79	11,31	10,69	0
19/08/2020 05:20:00	10,73	12,22	13,35	13,80	13,94	13,88	13,68	13,42	13,08	12,69	12,19	11,67	11,14	10,96	0
19/08/2020 05:25:00	11,00	12,51	13,67	14,04	14,21	14,20	13,97	13,70	13,36	12,97	12,49	11,97	11,46	10,93	0
19/08/2020 05:30:00	10,91	12,43	13,56	14,03	14,18	14,13	13,94	13,69	13,35	12,96	12,47	11,94	11,41	10,87	0
19/08/2020 05:35:00	10,90	12,42	13,50	13,89	14,00	14,00	13,80	13,55	13,22	12,84	12,39	11,90	11,41	10,92	0
19/08/2020 05:40:00	10,98	12,47	13,54	13,95	14,08	14,04	13,86	13,62	13,29	12,91	12,45	11,95	11,46	10,96	0
19/08/2020 05:45:00	10,98	12,30	13,29	13,72	13,87	13,88	13,67	13,42	13,11	12,75	12,31	11,83	11,35	10,92	0
19/08/2020 05:50:00	10,95	12,39	13,35	13,70	13,79	13,77	13,55	13,29	12,97	12,60	12,16	11,69	11,22	10,99	0
19/08/2020 05:55:00	11,04	12,41	13,32	13,67	13,81	13,79	13,67	13,47	13,17	12,84	12,45	12,03	11,60	11,16	0
19/08/2020 06:00:00	11,29	12,75	13,62	14,00	14,08	14,01	13,82	13,57	13,25	12,89	12,45	11,99	11,52	11,28	0
19/08/2020 06:05:00	11,27	12,75	13,67	14,07	14,12	14,05	13,84	13,57	13,24	12,86	12,40	11,91	11,41	11,32	0
19/08/2020 06:10:00	11,35	12,63	13,51	13,85	13,94	13,88	13,65	13,38	13,06	12,70	12,25	11,77	11,29	11,30	0
19/08/2020 06:15:00	11,46	12,10	12,58	12,84	13,10	13,18	13,17	13,09	12,91	12,72	12,50	12,24	11,99	11,80	0
19/08/2020 06:20:00	11,43	12,38	13,17	13,52	13,71	13,73	13,59	13,40	13,14	12,84	12,47	12,06	11,66	11,50	0
19/08/2020 06:25:00	11,65	12,66	13,49	13,80	13,88	13,86	13,68	13,45	13,15	12,80	12,38	11,93	11,48	11,60	0
19/08/2020 06:30:00	11,68	12,57	13,20	13,54	13,66	13,69	13,51	13,30	13,04	12,75	12,40	12,00	11,61	11,65	0
19/08/2020 06:35:00	11,75	12,68	13,38	13,63	13,70	13,64	13,45	13,21	12,92	12,59	12,19	11,76	11,33	11,81	0
19/08/2020 06:40:00	12,00	12,76	13,32	13,53	13,54	13,50	13,29	13,06	12,77	12,46	12,09	11,69	11,29	12,00	0
19/08/2020 06:45:00	12,06	12,63	13,15	13,30	13,39	13,34	13,17	12,96	12,70	12,40	12,06	11,68	11,30	12,22	0
19/08/2020 06:50:00	12,26	12,73	13,24	13,46	13,60	13,65	13,53	13,37	13,14	12,89	12,59	12,25	11,90	12,24	0
19/08/2020 06:55:00	12,45	13,00	13,51	13,75	13,83	13,78	13,59	13,37	13,11	12,81	12,44	12,03	11,63	12,61	0
19/08/2020 07:00:00	12,71	13,04	13,37	13,51	13,56	13,57	13,43	13,26	13,04	12,79	12,50	12,18	11,86	12,97	0
19/08/2020 07:05:00	12,84	13,01	13,19	13,26	13,23	13,20	13,08	12,92	12,70	12,47	12,21	11,92	11,63	13,12	0
19/08/2020 07:10:00	12,89	13,22	13,51	13,59	13,57	13,52	13,32	13,10	12,84	12,57	12,25	11,90	11,55	13,27	0
19/08/2020 07:15:00	12,87	13,17	13,41	13,56	13,65	13,53	13,34	13,13	12,89	12,61	12,29	11,92	11,55	13,44	0
19/08/2020 07:20:00	13,05	13,26	13,44	13,50	13,44	13,29	13,11	12,89	12,63	12,35	12,02	11,66	11,31	13,59	0
19/08/2020 07:25:00	13,31	13,66	13,88	13,93	13,84	13,69	13,45	13,20	12,91	12,61	12,25	11,86	11,47	13,74	0
19/08/2020 07:30:00	13,68	13,57	13,42	13,38	13,37	13,26	13,10	12,93	12,73	12,53	12,32	12,06	11,80	13,91	0
19/08/2020 07:35:00	13,67	13,75	13,88	13,98	13,94	13,81	13,55	13,30	13,04	12,75	12,39	11,99	11,60	13,92	0
19/08/2020 07:40:00	13,96	13,76	13,67	13,64	13,61	13,46	13,31	13,13	12,92	12,69	12,44	12,15	11,85	14,34	0
19/08/2020 07:45:00	14,20	14,05	13,94	13,88	13,79	13,60	13,42	13,21	12,98	12,73	12,45	12,14	11,83	14,57	0
19/08/2020 07:50:00	14,20	14,20	14,15	14,08	13,96	13,78	13,55	13,32	13,06	12,79	12,48	12,14	11,81	14,81	0
19/08/2020 07:55:00	14,41	14,45	14,10	13,90	13,66	13,47	13,18	12,92	12,66	12,42	12,17	11,90	11,63	15,27	0
19/08/2020 08:00:00	14,66	14,50	14,07	13,80	13,56	13,29	13,02	12,76	12,50	12,25	12,00	11,73	11,45	15,53	0
19/08/2020 08:05:00	14,86	14,49	14,05	13,78	13,52	13,31	13,09	12,87	12,63	12,41	12,20	11,95	11,71	15,58	0
19/08/2020 08:10:00	14,80	14,79	14,17	13,87	13,55	13,28	13,00	12,74	12,49	12,27	12,07	11,85	11,63	15,74	0
19/08/2020 08:15:00	15,64	14,93	14,12	13,76	13,47	13,18	12,89	12,65	12,43	12,22	12,03	11,80	11,57	16,42	0
19/08/2020 08:20:00	15,42	15,08	14,50	14,15	13,81	13,43	13,15	12,87	12,60	12,34	12,08	11,80	11,51	16,67	0
19/08/2020 08:25:00	15,78	15,08	14,49	14,23	14,00	13,74	13,44	13,18	12,94	12,70	12,44	12,14	11,84	17,20	0
19/08/2020 08:30:00	15,22	15,11	14,79	14,46	14,12	13,85	13,51	13,20	12,90	12,61	12,31	11,98	11,65	17,10	0
19/08/2020 08:35:00	15,40	15,38	14,73	14,41	14,08	13,69	13,36	13,06	12,78	12,52	12,27	11,99	11,71	16,82	0
19/08/2020 08:40:00	16,33	15,34	14,48	14,08	13,79	13,52	13,27	13,06	12,86	12,68	12,50	12,29	12,09	17,38	0
19/08/2020 08:45:00	16,63	15,77	14,90	14,44	14,03	13,72	13,45	13,21	12,99	12,79	12,60	12,39	12,18	17,36	0
19/08/2020 08:50:00	16,91	15,90	14,87	14,35	13,98	13,65	13,39	13,17	12,96	12,79	12,65	12,47	12,30	17,62	0
19/08/2020 08:55:00	17,13	15,98	14,81	14,23	13,80	13,48	13,26	13,07	12,89	12,75	12,66	12,55	12,43	18,00	0
19/08/2020 09:00:00	17,11	15,99	15,00	14,50	14,06	13,75	13,47	13,23	13,01	12,81	12,63	12,42	12,21	17,67	0
19/08/2020 09:05:00	17,33	15,98	15,04	14,60	14,25	13,89	13,58	13,32	13,09	12,87	12,62	12,35	12,07	18,22	0
19/08/2020 09:10:00	17,01	16,19	15,16	14,69	14,37	14,02	13,63	13,32	13,08	12,85	12,63	12,37	12,11	17,76	0
19/08/2020 09:15:00	17,07	16,08	15,27	14,87	14,50	14,18	13,88	13,62	13,38	13,14	12,90	12,62	12,34	18,49	0
19/08/2020 09:20:00	17,18	16,08	15,13	14,72	14,36	14,04	13,73	13,48	13,26	13,05	12,83	12,57	12,32	17,71	0
19/08/2020 09:25:00	17,49	16,23	15,25	14,80	14,48	14,14	13,81	13,55	13,33	13,11	12,88	12,61	12,35	18,62	0
19/08/2020 09:30:00	17,53	16,23	15,20	14,76	14,44	14,14	13,87	13,64	13,45	13,27	13,08	12,87	12,65	18,20	0
19/08/2020 09:35:00	17,49	16,25	15,49	15,04	14,71	14,31	13,93	13,62	13,34	13,05	12,73	12,36	12,00	18,63	0
19/08/2020 09:40:00	17,64	16,52	15,51	14,98	14,55	14,14	13,80	13,51	13,27	13,03	12,80	12,54	12,27	17,88	0
19/08/2020 09:45:00	17,83	16,65	15,50	14,91	14,44	14,02	13,64	13,33	13,08	12,85	12,63	12,38	12,12	18,27	0
19/08/2020 09:50:00	17,22	16,61	15,91	15,46	15,06	14,64	14,21	13,84	13,53	13,21	12,87	12,50	12,13	18,37	0
19/08/2020 09:55:00	17,16	16,59	15,96	15,48	15,01	14,59	14,22	13,89	13,58	13,28	12,96	12,62	12,28	18,34	0
19/08/2020 10:00:00	17,63	16,60	15,76	15,31	14,93	14,56	14,21	13,91	13,65	13,39	13,11	12,80	12,49	18,18	0
19/08/2020 10:05:00	18,14	16,77	15,64	15,05	14,61	14,24	13,87	13,57	13,34	13,11	12,88	12,62	12,37	18,69	0
19/08/2020 10:10:00	17,84	16,71	15,88	15,37	14,96	14,60	14,24	13,94	13,67	13,41	13,12	12,81	12,50	18,29	0
19/08/2020 10:15:00	18,34	16,84	16,10	15,60	15,11	14,69	14,31	13,99	13,70	13,38	13,02	12,63	12,24	18,79	0
19/08/2020 10:20:00	18,56	16,84	15,92	15,47	15,13	14,78	14,46	14,20	13,98	13,73	13,45	13,13	12,81	18,93	0
19/08/2020 10:25:00	18,91	17,02	16,04	15,42	14,94	14,56	14,21	13,93	13,69	13,44	13,16	12,86	12,55	19,07	0
19/08/2020 10:30:00	18,24	16,99	16,23	15,80	15,43	15,10	14,76	14,48	14,23	13,96	13,66	13,33	12,99	19,26	0
19/08/2020 10:35:00	18,12	17,07	16,40	15,96	15,52	15,07	14,66	14,31	14,00	13,66	13,28	12,86	12,45	19,33	0
19/08/2020 10:40:00	18,01	17,05	16,48	16,05	15,59	15,12	14,70	14,33	14,00	13,65	13,24	12,80	12,36	19,07	0
19/08/2020 10:45:00	18,78	17,09	16,34	15,89	15,53	15,18	14,84	14,56	14,31	14,02	13,69	13,31	12,94	19,66	0
19/08/2020 10:50:00	18,88	17,30	16,49	16,03	15,62	15,18	14,76	14,42	14,13	13,81	13,43	13,00	12,58	20,36	0
19/08/2020 10:55:00	18,86	17,25	16,36	15,81	15,41	15,04	14,67	14,38	14,12	13,85	13,55	13,21	12,87	19,21	0
19/08/2020 11:00:00	18,26	17,31	16,59	16,09	15,64	15,22	14,82	14,47	14,17	13,85	13,51	13,13	12,76	18,69	0
19/08/2020 11:05:00	18,55	17,57	16,55	15,99	15,50	15,06	14,65	14,31	14,03	13,76	13,47	13,16	12,85	18,92	0
19/08/2020 11:10:00	19,20	17,74	16,48	15,79	15,31	14,83	14,42	14,10	13,84	13,60	13,36	13,09	12,82	19,44	0
19/08/2020 11:15:00	17,90	17,37	16,80	16,29	15,82	15,34	14,87	14,46	14,11	13,74	13,33	12,90	12,47	19,27	0
19/08/2020 11:20:00	17,62	17,23	16,78	16,30	15,86	15,40	14,95	14,55	14,20	13,83	13,42	12,99	12,55	18,84	0
19/08/2020 11:25:00	17,58	17,22	16,78	16,36	15,90	15,45	15,01	14,62	14,27	13,90	13,48	13,04	12,60	18,97	0
19/08/2020 11:30:00	17,61	17,27	16,80	16,38	15,92	15,47	15,05	14,67	14,32	13,96	13,56	13,14	12,72	18,95	0
19/08/2020 11:35:00	17,83	17,25	16,69	16,26	15,87	15,41	14,99	14,62	14,30	13,95	13,57	13,15	12,74	19,29	0
19/08/2020 11:40:00	17,93	17,36	16,74	16,28	15,85	15,40	14,98	14,62	14,30	13,96	13,60	13,21	12,82	19,47	0
19/08/2020 11:45:00	17,94	17,34	16,82	16,41	15,95	15,48	15,03	14,65	14,30	13,92	13,50	13,05	12,59	19,11	0
19/08/2020 11:50:00	17,67	17,36	16,99	16,58	16,14	15,66	15,17	14,75	14,38	13,97	13,51	13,02	12,53	19,39	0
19/08/2020 11:55:00	17,75	17,28	16,79	16,42	16,00	15,57	15,13	14,75	14,42	14,05	13,64	13,20	12,76	19,39	0
19/08/2020 12:00:00	17,67	17,40	16,99	16,56	16,11	15,62	15,17	14,78	14,41	14,03	13,60	13,15	12,70	19,09	0
19/08/2020 12:05:00	17,64	17,43	17,01	16,61	16,12	15,61	15,13	14,71	14,33	13,92	13,46	12,98	12,49	18,87	0
19/08/2020 12:10:00	17,67	17,34	16,94	16,52	16,11	15,63	15,18	14,77	14,41	14,03	13,59	13,12	12,66	19,16	0
19/08/2020 12:15:00	17,47	17,29	17,05	16,66	16,27	15,82	15,37	14,97	14,60	14,21	13,76	13,29	12,81	18,73	0
19/08/2020 12:20:00	17,95	17,93	17,09	16,58	16,07	15,55	15,09	14,69	14,35	14,03	13,70	13,35	13,01	20,12	0
19/08/2020 12:25:00	18,15	18,09	17,25	16,74	16,15	15,62	15,14	14,72	14,37	14,03	13,68	13,31	12,94	22,10	0
19/08/2020 12:30:00	18,23	18,24	17,30	16,78	16,20	15,63	15,12	14,69	14,34	14,00	13,64	13,28	12,91	21,07	0
19/08/2020 12:35:00	18,37	18,17	17,44	16,85	16,27	15,73	15,21	14,77	14,40	14,03	13,63	13,22	12,82	21,57	0
19/08/2020 12:40:00	18,99	18,22	17,21	16,66	16,10	15,60	15,19	14,84	14,54	14,24	13,94	13,61	13,29	20,56	0
19/08/2020 12:45:00	19,25	18,31	17,31	16,81	16,38	15,90	15,45	15,09	14,80	14,49	14,16	13,79	13,42	21,71	0
19/08/2020 12:50:00	19,79	18,57	17,37	16,75	16,26	15,83	15,47	15,17	14,93	14,71	14,48	14,22	13,97	21,14	0
19/08/2020 12:55:00	18,85	18,20	17,68	17,24	16,79	16,29	15,84	15,45	15,10	14,71	14,27	13,80	13,33	20,14	0
19/08/2020 13:00:00	18,21	18,07	17,73	17,33	16,88	16,39	15,91	15,49	15,11	14,70	14,23	13,74	13,25	19,97	0
19/08/2020 13:05:00	18,02	17,92	17,61	17,17	16,73	16,27	15,79	15,37	14,99	14,59	14,13	13,66	13,18	19,58	0
19/08/2020 13:10:00	18,00	17,78	17,45	17,04	16,59	16,13	15,67	15,27	14,89	14,49	14,04	13,56	13,08	19,19	0
19/08/2020 13:15:00	17,93	17,72	17,34	16,95	16,46	15,97	15,52	15,12	14,75	14,35	13,90	13,43	12,96	19,24	0
19/08/2020 13:20:00	17,94	17,71	17,30	16,90	16,46	15,98	15,53	15,13	14,76	14,38	13,94	13,47	13,01	19,28	0
19/08/2020 13:25:00	17,95	17,69	17,27	16,92	16,50	16,05	15,61	15,23	14,87	14,50	14,06	13,61	13,15	19,31	0
19/08/2020 13:30:00	18,02	17,76	17,28	16,81	16,40	15,94	15,47	15,06	14,71	14,34	13,92	13,49	13,05	19,37	0
19/08/2020 13:35:00	17,95	17,71	17,26	16,87	16,44	15,91	15,49	15,10	14,74	14,36	13,93	13,47	13,02	19,35	0
19/08/2020 13:40:00	18,17	17,92	17,33	16,85	16,38	15,91	15,46	15,08	14,73	14,39	14,01	13,61	13,22	19,42	0
19/08/2020 13:45:00	18,80	17,94	17,21	16,73	16,30	15,86	15,42	15,06	14,75	14,43	14,06	13,66	13,26	19,64	0
19/08/2020 13:50:00	18,29	17,85	17,46	17,07	16,64	16,20	15,75	15,35	15,00	14,61	14,17	13,70	13,23	19,59	0
19/08/2020 13:55:00	18,05	17,90	17,57	17,16	16,70	16,24	15,78	15,37	15,00	14,60	14,15	13,67	13,20	19,76	0
19/08/2020 14:00:00	17,89	17,91	17,62	17,20	16,75	16,26	15,75	15,30	14,91	14,48	14,00	13,50	13,00	19,77	0
19/08/2020 14:05:00	18,20	18,04	17,69	17,34	16,93	16,43	15,97	15,56	15,18	14,78	14,31	13,82	13,33	19,66	0
19/08/2020 14:10:00	18,13	18,00	17,63	17,28	16,86	16,38	15,95	15,56	15,20	14,82	14,39	13,93	13,46	19,44	0
19/08/2020 14:15:00	18,49	18,27	17,90	17,48	17,04	16,59	16,16	15,78	15,42	15,04	14,61	14,16	13,71	19,29	0
19/08/2020 14:20:00	18,58	18,28	17,86	17,50	17,09	16,60	16,17	15,79	15,43	15,05	14,60	14,13	13,66	19,36	0
19/08/2020 14:25:00	18,59	18,32	17,91	17,52	17,08	16,62	16,20	15,82	15,47	15,09	14,66	14,21	13,76	19,31	0
19/08/2020 14:30:00	18,66	18,31	17,85	17,44	17,05	16,61	16,21	15,86	15,53	15,18	14,79	14,38	13,96	19,52	0
19/08/2020 14:35:00	18,61	18,37	17,98	17,54	17,16	16,73	16,27	15,87	15,52	15,15	14,72	14,26	13,81	19,53	0
19/08/2020 14:40:00	18,63	18,31	17,95	17,56	17,12	16,68	16,27	15,89	15,54	15,16	14,73	14,27	13,81	19,53	0
19/08/2020 14:45:00	18,74	18,58	18,26	17,91	17,51	17,10	16,67	16,29	15,94	15,56	15,12	14,65	14,18	19,41	0
19/08/2020 14:50:00	19,04	18,67	18,23	17,79	17,37	16,93	16,51	16,13	15,78	15,42	15,00	14,56	14,12	19,62	0
19/08/2020 14:55:00	19,06	18,75	18,35	17,90	17,45	16,98	16,54	16,15	15,80	15,41	14,98	14,52	14,06	19,72	0
19/08/2020 15:00:00	19,03	18,71	18,30	17,91	17,50	17,05	16,61	16,23	15,88	15,50	15,06	14,59	14,12	19,69	0
19/08/2020 15:05:00	18,98	18,73	18,32	17,93	17,52	17,06	16,63	16,25	15,90	15,53	15,10	14,64	14,18	19,75	0
19/08/2020 15:10:00	19,11	18,78	18,34	17,86	17,47	17,02	16,58	16,19	15,84	15,47	15,06	14,61	14,17	19,53	0
19/08/2020 15:15:00	19,22	18,79	18,26	17,82	17,37	16,94	16,53	16,16	15,83	15,48	15,09	14,67	14,25	19,58	0
19/08/2020 15:20:00	18,89	18,74	18,38	17,94	17,52	17,07	16,63	16,23	15,87	15,49	15,06	14,60	14,15	19,65	0
19/08/2020 15:25:00	18,91	18,70	18,31	17,92	17,52	17,09	16,66	16,28	15,94	15,57	15,14	14,69	14,24	19,52	0
19/08/2020 15:30:00	19,25	18,79	18,28	17,87	17,46	17,04	16,64	16,29	15,97	15,63	15,23	14,81	14,39	19,64	0
19/08/2020 15:35:00	19,48	18,90	18,32	17,89	17,47	17,01	16,57	16,20	15,86	15,50	15,09	14,65	14,20	19,87	0
19/08/2020 15:40:00	19,56	18,87	18,29	17,79	17,36	16,94	16,54	16,19	15,88	15,55	15,18	14,78	14,38	20,00	0
19/08/2020 15:45:00	19,33	18,99	18,46	18,03	17,57	17,15	16,74	16,38	16,05	15,71	15,33	14,92	14,52	19,80	0
19/08/2020 15:50:00	20,21	19,28	18,42	17,96	17,48	16,98	16,58	16,24	15,94	15,61	15,25	14,85	14,46	20,51	0
19/08/2020 15:55:00	19,98	19,25	18,56	18,14	17,70	17,25	16,84	16,48	16,17	15,83	15,44	15,02	14,59	19,87	0
19/08/2020 16:00:00	19,52	19,14	18,69	18,31	17,89	17,38	16,90	16,48	16,11	15,70	15,21	14,69	14,17	19,98	0
19/08/2020 16:05:00	19,03	19,03	18,68	18,28	17,85	17,36	16,91	16,50	16,13	15,73	15,28	14,81	14,33	19,58	0
19/08/2020 16:10:00	19,21	18,94	18,58	18,19	17,75	17,32	16,90	16,53	16,18	15,80	15,36	14,90	14,44	19,71	0
19/08/2020 16:15:00	19,23	18,92	18,53	18,15	17,72	17,30	16,87	16,50	16,15	15,77	15,33	14,87	14,40	20,01	0
19/08/2020 16:20:00	19,18	19,02	18,63	18,19	17,77	17,28	16,84	16,44	16,08	15,70	15,26	14,80	14,33	19,84	0
19/08/2020 16:25:00	19,47	19,09	18,61	18,16	17,74	17,28	16,82	16,43	16,08	15,71	15,28	14,82	14,36	20,14	0
19/08/2020 16:30:00	19,37	19,07	18,61	18,16	17,75	17,27	16,84	16,46	16,11	15,73	15,31	14,86	14,41	19,79	0
19/08/2020 16:35:00	19,39	19,12	18,67	18,26	17,83	17,32	16,87	16,46	16,10	15,71	15,25	14,77	14,29	20,44	0
19/08/2020 16:40:00	19,71	19,13	18,55	18,08	17,64	17,20	16,79	16,44	16,11	15,77	15,38	14,96	14,54	20,15	0
19/08/2020 16:45:00	20,01	19,13	18,42	17,94	17,52	17,09	16,69	16,36	16,06	15,74	15,38	14,99	14,59	20,45	0
19/08/2020 16:50:00	19,52	19,17	18,61	18,16	17,70	17,20	16,78	16,40	16,06	15,71	15,30	14,88	14,45	20,18	0
19/08/2020 16:55:00	19,45	19,18	18,58	18,17	17,79	17,36	16,95	16,60	16,28	15,95	15,59	15,19	14,79	21,06	0
19/08/2020 17:00:00	19,87	19,34	18,71	18,21	17,69	17,20	16,77	16,38	16,04	15,68	15,28	14,85	14,42	20,92	0
19/08/2020 17:05:00	19,67	19,32	18,75	18,24	17,79	17,29	16,85	16,46	16,11	15,75	15,35	14,92	14,49	20,56	0
19/08/2020 17:10:00	19,74	19,31	18,76	18,31	17,84	17,37	16,92	16,53	16,18	15,80	15,37	14,91	14,46	20,47	0
19/08/2020 17:15:00	19,23	19,11	18,80	18,45	18,04	17,58	17,14	16,75	16,39	15,99	15,53	15,03	14,54	20,66	0
19/08/2020 17:20:00	19,21	19,24	18,78	18,35	17,91	17,46	16,99	16,59	16,23	15,85	15,43	14,98	14,53	20,44	0
19/08/2020 17:25:00	19,23	19,24	18,91	18,49	18,04	17,53	17,05	16,63	16,24	15,83	15,36	14,86	14,36	20,25	0
19/08/2020 17:30:00	19,15	19,09	18,78	18,35	17,90	17,41	16,95	16,54	16,16	15,76	15,30	14,81	14,33	19,91	0
19/08/2020 17:35:00	19,04	19,08	18,84	18,45	18,05	17,57	17,10	16,67	16,29	15,87	15,39	14,88	14,36	20,14	0
19/08/2020 17:40:00	18,77	19,04	18,84	18,50	18,06	17,58	17,14	16,74	16,35	15,94	15,47	14,98	14,48	20,07	0
19/08/2020 17:45:00	18,60	18,99	18,88	18,53	18,11	17,62	17,16	16,73	16,33	15,90	15,41	14,89	14,37	19,75	0
19/08/2020 17:50:00	18,53	18,90	18,86	18,55	18,16	17,67	17,21	16,77	16,37	15,92	15,40	14,86	14,32	19,54	0
19/08/2020 17:55:00	18,68	18,98	18,81	18,47	18,06	17,59	17,11	16,68	16,29	15,86	15,37	14,85	14,33	19,71	0
19/08/2020 18:00:00	18,75	18,99	18,82	18,44	18,03	17,55	17,08	16,66	16,27	15,85	15,36	14,86	14,35	19,62	0
19/08/2020 18:05:00	18,88	19,21	19,06	18,73	18,35	17,88	17,44	17,03	16,64	16,23	15,75	15,24	14,74	19,79	0
19/08/2020 18:10:00	18,88	19,19	19,11	18,83	18,41	17,96	17,48	17,04	16,64	16,19	15,65	15,10	14,54	19,59	0
19/08/2020 18:15:00	18,91	19,25	19,11	18,78	18,38	17,89	17,43	17,00	16,61	16,17	15,67	15,15	14,63	19,56	0
19/08/2020 18:20:00	18,91	19,28	19,13	18,79	18,36	17,86	17,38	16,94	16,54	16,10	15,59	15,05	14,52	19,63	0
19/08/2020 18:25:00	19,28	19,62	19,41	19,07	18,63	18,12	17,66	17,24	16,85	16,42	15,94	15,43	14,92	19,49	0
19/08/2020 18:30:00	19,46	19,59	19,32	18,95	18,55	18,09	17,62	17,21	16,83	16,42	15,95	15,44	14,94	19,56	0
19/08/2020 18:35:00	19,64	19,82	19,49	19,13	18,70	18,24	17,80	17,40	17,04	16,65	16,20	15,73	15,26	19,68	0
19/08/2020 18:40:00	19,72	19,74	19,53	19,20	18,81	18,38	17,94	17,54	17,17	16,77	16,29	15,78	15,27	19,72	0
19/08/2020 18:45:00	19,63	19,77	19,53	19,17	18,73	18,27	17,84	17,44	17,06	16,65	16,18	15,69	15,19	19,52	0
19/08/2020 18:50:00	19,42	19,71	19,46	19,11	18,72	18,26	17,81	17,41	17,04	16,64	16,18	15,70	15,22	19,49	0
19/08/2020 18:55:00	19,49	19,81	19,64	19,29	18,89	18,42	17,95	17,53	17,14	16,71	16,22	15,70	15,18	19,49	0
19/08/2020 19:00:00	19,35	19,78	19,63	19,31	18,91	18,43	17,97	17,55	17,15	16,73	16,23	15,71	15,20	19,36	0
19/08/2020 19:05:00	19,13	19,59	19,76	19,53	19,16	18,73	18,28	17,87	17,45	16,99	16,43	15,85	15,27	19,22	0
19/08/2020 19:10:00	18,60	19,56	19,88	19,66	19,26	18,79	18,32	17,87	17,42	16,92	16,33	15,72	15,11	18,94	0
19/08/2020 19:15:00	18,34	19,53	19,83	19,64	19,25	18,80	18,33	17,88	17,43	16,95	16,38	15,79	15,20	18,38	0
19/08/2020 19:20:00	18,09	19,46	19,86	19,70	19,38	18,90	18,40	17,92	17,46	16,95	16,34	15,72	15,09	18,05	0
19/08/2020 19:25:00	18,03	19,41	19,85	19,66	19,31	18,86	18,37	17,90	17,43	16,93	16,33	15,72	15,10	17,79	0
19/08/2020 19:30:00	17,88	19,32	19,81	19,69	19,38	18,94	18,44	17,97	17,50	16,99	16,36	15,72	15,08	17,51	0
19/08/2020 19:35:00	17,67	19,24	19,86	19,77	19,46	19,05	18,58	18,11	17,64	17,12	16,50	15,86	15,22	17,27	0
19/08/2020 19:40:00	17,59	19,18	19,71	19,66	19,41	19,00	18,55	18,10	17,65	17,15	16,55	15,93	15,31	17,07	0
19/08/2020 19:45:00	17,26	18,86	19,53	19,45	19,19	18,76	18,24	17,75	17,27	16,73	16,07	15,39	14,72	16,92	0
19/08/2020 19:50:00	17,08	18,71	19,37	19,35	19,10	18,68	18,21	17,74	17,28	16,75	16,12	15,46	14,80	16,64	0
19/08/2020 19:55:00	16,97	18,60	19,41	19,43	19,18	18,76	18,28	17,81	17,33	16,77	16,10	15,40	14,70	16,36	0
19/08/2020 20:00:00	16,55	18,35	19,13	19,14	18,89	18,48	17,97	17,48	16,99	16,43	15,76	15,06	14,37	16,25	0
19/08/2020 20:05:00	16,10	17,98	18,87	18,88	18,61	18,18	17,70	17,21	16,71	16,14	15,46	14,77	14,07	16,06	0
19/08/2020 20:10:00	15,94	17,71	18,65	18,66	18,45	18,08	17,63	17,17	16,69	16,15	15,50	14,82	14,15	15,95	0
19/08/2020 20:15:00	15,82	17,71	18,63	18,69	18,53	18,16	17,71	17,25	16,78	16,24	15,59	14,91	14,24	15,82	0
19/08/2020 20:20:00	15,75	17,80	18,94	19,00	18,79	18,38	17,85	17,32	16,80	16,18	15,43	14,67	13,90	15,75	0
19/08/2020 20:25:00	15,65	17,67	18,85	18,97	18,72	18,32	17,84	17,33	16,81	16,20	15,45	14,68	13,92	15,30	0
19/08/2020 20:30:00	15,60	17,61	18,77	18,85	18,60	18,19	17,69	17,18	16,65	16,03	15,28	14,52	13,75	15,11	0
19/08/2020 20:35:00	15,52	17,69	18,78	18,84	18,59	18,15	17,64	17,13	16,60	15,99	15,26	14,52	13,77	14,95	0
19/08/2020 20:40:00	15,15	17,17	18,23	18,35	18,22	17,88	17,43	16,97	16,49	15,94	15,27	14,58	13,89	14,95	0
19/08/2020 20:45:00	15,07	17,16	18,34	18,39	18,18	17,90	17,43	16,95	16,45	15,88	15,20	14,50	13,81	14,85	0
19/08/2020 20:50:00	14,78	16,94	18,14	18,24	18,12	17,77	17,26	16,76	16,25	15,66	14,95	14,22	13,48	14,79	0
19/08/2020 20:55:00	14,69	16,91	18,19	18,33	18,12	17,70	17,23	16,73	16,19	15,58	14,82	14,05	13,28	14,68	0
19/08/2020 21:00:00	14,62	16,80	18,11	18,30	18,12	17,73	17,27	16,78	16,25	15,64	14,88	14,11	13,34	14,59	0
19/08/2020 21:05:00	14,46	16,72	18,05	18,18	17,99	17,62	17,13	16,61	16,08	15,46	14,71	13,94	13,18	14,47	0
19/08/2020 21:10:00	14,45	16,53	17,68	17,80	17,70	17,39	16,95	16,50	16,02	15,47	14,81	14,13	13,45	14,54	0
19/08/2020 21:15:00	14,63	16,62	17,71	17,78	17,61	17,28	16,89	16,45	15,98	15,44	14,80	14,15	13,50	14,64	0
19/08/2020 21:20:00	14,76	16,51	17,11	17,05	16,76	16,37	15,94	15,50	15,05	14,57	14,01	13,45	12,88	14,67	0
19/08/2020 21:25:00	15,75	16,29	16,44	16,38	16,24	15,98	15,69	15,39	15,08	14,73	14,33	13,91	13,48	15,53	0
19/08/2020 21:30:00	15,68	16,38	16,51	16,45	16,28	15,95	15,61	15,27	14,92	14,55	14,12	13,65	13,19	16,35	0
19/08/2020 21:35:00	15,62	16,15	16,30	16,22	16,06	15,80	15,51	15,22	14,90	14,56	14,17	13,75	13,33	16,34	0
19/08/2020 21:40:00	15,83	16,42	16,53	16,50	16,35	16,06	15,78	15,48	15,17	14,82	14,43	14,00	13,57	16,34	0
19/08/2020 21:45:00	15,76	16,32	16,38	16,29	16,16	15,95	15,62	15,31	15,00	14,68	14,31	13,91	13,50	16,29	0
19/08/2020 21:50:00	16,10	16,49	16,59	16,57	16,47	16,28	15,95	15,65	15,35	15,01	14,61	14,17	13,72	16,22	0
19/08/2020 21:55:00	16,16	16,45	16,44	16,34	16,18	16,00	15,74	15,48	15,21	14,92	14,58	14,22	13,85	16,09	0
19/08/2020 22:00:00	15,92	16,45	16,58	16,53	16,35	16,16	15,88	15,60	15,30	14,98	14,61	14,21	13,80	16,00	0
19/08/2020 22:05:00	15,72	16,23	16,34	16,26	16,17	15,98	15,71	15,43	15,15	14,85	14,49	14,11	13,73	15,85	0
19/08/2020 22:10:00	15,76	16,31	16,43	16,32	16,13	15,88	15,55	15,23	14,91	14,56	14,16	13,73	13,31	15,71	0
19/08/2020 22:15:00	15,60	16,20	16,21	16,16	15,99	15,82	15,56	15,29	15,01	14,72	14,39	14,03	13,67	15,72	0
19/08/2020 22:20:00	15,52	15,94	15,98	15,87	15,65	15,45	15,23	14,98	14,69	14,40	14,07	13,72	13,37	15,63	0
19/08/2020 22:25:00	15,60	15,87	15,91	15,85	15,67	15,49	15,22	14,95	14,66	14,35	13,99	13,60	13,21	15,48	0
19/08/2020 22:30:00	15,53	15,85	15,96	15,90	15,83	15,67	15,39	15,12	14,84	14,53	14,17	13,77	13,38	15,39	0
19/08/2020 22:35:00	15,22	15,85	15,97	16,00	15,88	15,69	15,44	15,17	14,88	14,58	14,22	13,83	13,44	15,32	0
19/08/2020 22:40:00	15,39	15,83	15,98	15,98	15,87	15,66	15,39	15,12	14,83	14,51	14,13	13,72	13,31	15,24	0
19/08/2020 22:45:00	15,21	15,50	15,66	15,67	15,57	15,40	15,18	14,94	14,66	14,36	14,00	13,61	13,22	15,09	0
19/08/2020 22:50:00	15,16	15,39	15,50	15,54	15,39	15,26	15,02	14,78	14,50	14,20	13,85	13,46	13,07	15,01	0
19/08/2020 22:55:00	15,03	15,32	15,44	15,42	15,33	15,18	14,91	14,65	14,37	14,07	13,71	13,33	12,94	14,93	0
19/08/2020 23:00:00	14,85	15,21	15,25	15,25	15,09	14,93	14,71	14,47	14,20	13,92	13,60	13,25	12,90	14,85	0
19/08/2020 23:05:00	14,83	15,08	15,13	15,10	15,07	14,91	14,70	14,48	14,23	13,96	13,66	13,32	12,98	14,85	0
19/08/2020 23:10:00	14,87	15,24	15,37	15,41	15,31	15,17	14,97	14,75	14,49	14,21	13,88	13,52	13,16	14,85	0
19/08/2020 23:15:00	14,86	15,24	15,43	15,49	15,42	15,25	15,04	14,80	14,53	14,22	13,86	13,47	13,08	14,87	0
19/08/2020 23:20:00	14,66	15,25	15,49	15,55	15,51	15,40	15,19	14,96	14,69	14,40	14,07	13,70	13,33	14,68	0
19/08/2020 23:25:00	14,55	15,26	15,61	15,71	15,66	15,49	15,26	15,01	14,71	14,38	13,99	13,57	13,14	14,42	0
19/08/2020 23:30:00	14,54	15,27	15,61	15,71	15,66	15,52	15,33	15,09	14,81	14,50	14,13	13,74	13,34	14,18	0
19/08/2020 23:35:00	14,65	15,24	15,59	15,72	15,69	15,55	15,33	15,09	14,81	14,49	14,10	13,68	13,25	14,29	0
19/08/2020 23:40:00	14,56	15,10	15,56	15,68	15,63	15,48	15,24	14,98	14,68	14,33	13,90	13,44	12,98	14,37	0
19/08/2020 23:45:00	14,41	14,66	14,87	15,01	15,00	14,88	14,69	14,47	14,22	13,93	13,58	13,19	12,81	14,39	0
19/08/2020 23:50:00	14,15	14,55	14,81	14,92	14,89	14,76	14,59	14,38	14,11	13,83	13,48	13,11	12,73	13,94	0
19/08/2020 23:55:00	13,90	14,39	14,73	14,75	14,75	14,65	14,41	14,16	13,88	13,58	13,23	12,84	12,46	13,89	0
