FileFormat:0002.2 file with temperature of atmosphere
200
local	GMT or Local
0	GMT-Local=[hours]
0	Height[m]
0	0	0	Longitude                [grd]               [min]               [sec]
0	0	0	Latitude                [grd]               [min]               [sec]
N	NS
59,40	Freq[GHz]
0,00	dTemostat[K]
0,150	MessErr[K]
0,248	//[grad/step]
version 14.0.20110218
MTP5H033F5940K-33.00D180214+A1.1
Commentary:
enter comment
End Of Commentary

SYSTEM\summer.dat
data time	0	50	100	150	200	250	300	350	400	450	500	550	600	OutsideTemperature	Quality
10/08/2020 00:00:00	16,87	18,35	19,10	19,30	19,27	19,08	18,80	18,49	18,14	17,72	17,20	16,65	16,09	16,67	0
10/08/2020 00:05:00	16,84	18,26	18,91	19,17	19,18	19,01	18,75	18,47	18,13	17,75	17,26	16,73	16,20	16,45	0
10/08/2020 00:10:00	16,82	18,21	18,87	19,04	19,02	18,88	18,65	18,38	18,05	17,68	17,23	16,74	16,25	16,20	0
10/08/2020 00:15:00	16,84	18,23	18,84	19,07	19,05	18,91	18,64	18,35	18,02	17,64	17,16	16,65	16,13	15,95	0
10/08/2020 00:20:00	16,69	18,12	18,77	18,96	18,95	18,83	18,60	18,33	18,01	17,65	17,20	16,72	16,24	15,82	0
10/08/2020 00:25:00	16,34	17,78	18,46	18,69	18,70	18,54	18,29	18,01	17,68	17,29	16,81	16,30	15,79	15,61	0
10/08/2020 00:30:00	16,25	17,71	18,44	18,66	18,67	18,56	18,32	18,05	17,72	17,35	16,88	16,38	15,88	15,38	0
10/08/2020 00:35:00	15,91	17,35	18,13	18,38	18,41	18,29	18,04	17,75	17,42	17,03	16,53	16,01	15,48	15,34	0
10/08/2020 00:40:00	15,62	17,06	17,76	18,00	18,03	17,89	17,65	17,38	17,05	16,68	16,22	15,73	15,23	15,39	0
10/08/2020 00:45:00	15,36	16,74	17,41	17,60	17,62	17,52	17,27	16,99	16,67	16,31	15,86	15,38	14,90	15,31	0
10/08/2020 00:50:00	15,42	16,80	17,52	17,78	17,80	17,66	17,42	17,15	16,82	16,45	15,98	15,47	14,96	15,33	0
10/08/2020 00:55:00	15,08	16,53	17,20	17,44	17,49	17,39	17,15	16,88	16,57	16,22	15,78	15,31	14,85	15,12	0
10/08/2020 01:00:00	15,14	16,54	17,20	17,46	17,47	17,39	17,16	16,90	16,59	16,24	15,80	15,34	14,87	15,15	0
10/08/2020 01:05:00	15,07	16,51	17,36	17,61	17,68	17,58	17,35	17,08	16,75	16,37	15,90	15,38	14,87	15,40	0
10/08/2020 01:10:00	15,31	16,87	17,61	17,87	17,93	17,82	17,58	17,30	16,98	16,61	16,15	15,66	15,17	15,32	0
10/08/2020 01:15:00	15,26	16,93	17,58	17,88	17,92	17,80	17,58	17,32	17,01	16,66	16,22	15,76	15,29	15,30	0
10/08/2020 01:20:00	15,15	16,85	17,58	17,80	17,81	17,71	17,46	17,18	16,85	16,48	16,04	15,56	15,09	15,29	0
10/08/2020 01:25:00	15,06	16,74	17,53	17,79	17,79	17,65	17,41	17,11	16,77	16,38	15,91	15,40	14,89	15,05	0
10/08/2020 01:30:00	15,01	16,71	17,47	17,69	17,70	17,56	17,32	17,03	16,69	16,31	15,85	15,36	14,87	14,90	0
10/08/2020 01:35:00	14,81	16,50	17,34	17,64	17,70	17,53	17,26	16,96	16,60	16,19	15,68	15,14	14,60	14,78	0
10/08/2020 01:40:00	14,74	16,34	17,16	17,46	17,52	17,41	17,18	16,90	16,57	16,19	15,71	15,20	14,70	14,77	0
10/08/2020 01:45:00	14,90	16,60	17,51	17,82	17,81	17,66	17,40	17,09	16,73	16,31	15,78	15,22	14,66	14,92	0
10/08/2020 01:50:00	14,86	16,60	17,54	17,87	17,92	17,78	17,52	17,21	16,85	16,44	15,91	15,35	14,79	14,98	0
10/08/2020 01:55:00	14,68	16,44	17,47	17,83	17,90	17,80	17,55	17,26	16,91	16,49	15,96	15,40	14,83	14,65	0
10/08/2020 02:00:00	14,80	16,56	17,45	17,79	17,87	17,71	17,45	17,15	16,80	16,39	15,88	15,33	14,79	14,79	0
10/08/2020 02:05:00	14,79	16,59	17,44	17,75	17,81	17,72	17,49	17,22	16,89	16,51	16,05	15,55	15,05	14,83	0
10/08/2020 02:10:00	13,88	16,11	17,00	17,26	17,24	17,11	16,75	16,38	16,00	15,57	15,06	14,53	13,99	14,58	0
10/08/2020 02:15:00	14,23	16,09	17,01	17,30	17,38	17,27	17,02	16,73	16,38	15,99	15,51	15,01	14,50	14,30	0
10/08/2020 02:20:00	14,36	16,07	16,92	17,24	17,38	17,32	17,06	16,78	16,46	16,09	15,63	15,13	14,63	14,35	0
10/08/2020 02:25:00	14,19	15,93	16,90	17,22	17,30	17,18	16,96	16,68	16,33	15,94	15,44	14,92	14,39	14,54	0
10/08/2020 02:30:00	14,36	16,14	17,12	17,35	17,36	17,36	17,14	16,87	16,53	16,16	15,71	15,24	14,76	14,46	0
10/08/2020 02:35:00	14,38	16,17	17,21	17,52	17,63	17,58	17,35	17,08	16,74	16,35	15,87	15,36	14,84	14,35	0
10/08/2020 02:40:00	14,38	16,17	17,24	17,53	17,62	17,56	17,32	17,04	16,69	16,28	15,78	15,25	14,71	14,33	0
10/08/2020 02:45:00	14,34	16,14	17,15	17,46	17,61	17,49	17,29	17,02	16,68	16,28	15,79	15,27	14,75	14,35	0
10/08/2020 02:50:00	14,16	15,88	16,93	17,21	17,28	17,21	16,97	16,69	16,33	15,93	15,43	14,91	14,38	14,19	0
10/08/2020 02:55:00	14,13	15,81	16,86	17,23	17,37	17,29	17,05	16,77	16,43	16,02	15,51	14,96	14,41	14,01	0
10/08/2020 03:00:00	14,08	15,81	16,91	17,22	17,32	17,25	17,03	16,75	16,40	16,00	15,49	14,95	14,42	13,99	0
10/08/2020 03:05:00	13,84	15,56	16,64	16,98	17,05	17,04	16,82	16,54	16,20	15,81	15,32	14,80	14,28	13,91	0
10/08/2020 03:10:00	13,98	15,79	16,88	17,26	17,39	17,31	17,11	16,83	16,49	16,09	15,58	15,03	14,49	13,99	0
10/08/2020 03:15:00	14,03	15,67	16,82	17,18	17,36	17,31	17,10	16,83	16,49	16,08	15,56	15,01	14,45	14,03	0
10/08/2020 03:20:00	14,06	15,91	16,99	17,32	17,41	17,33	17,09	16,80	16,44	16,03	15,51	14,96	14,42	14,09	0
10/08/2020 03:25:00	13,94	15,75	16,83	17,15	17,16	17,13	16,89	16,59	16,23	15,82	15,31	14,78	14,25	13,90	0
10/08/2020 03:30:00	13,91	15,76	16,92	17,24	17,35	17,28	17,01	16,69	16,33	15,90	15,36	14,79	14,22	13,92	0
10/08/2020 03:35:00	13,92	15,85	16,99	17,30	17,39	17,26	17,01	16,71	16,33	15,90	15,36	14,79	14,22	13,94	0
10/08/2020 03:40:00	13,86	15,82	17,00	17,32	17,39	17,29	17,06	16,76	16,39	15,96	15,43	14,88	14,32	13,89	0
10/08/2020 03:45:00	13,84	15,75	16,92	17,25	17,33	17,25	17,01	16,71	16,34	15,92	15,39	14,83	14,27	13,80	0
10/08/2020 03:50:00	13,83	15,64	16,79	17,08	17,19	17,11	16,85	16,55	16,18	15,76	15,23	14,67	14,11	13,82	0
10/08/2020 03:55:00	13,78	15,55	16,71	17,09	17,19	17,14	16,93	16,66	16,30	15,89	15,37	14,82	14,26	13,69	0
10/08/2020 04:00:00	13,68	15,61	16,76	17,03	17,07	16,90	16,66	16,35	15,96	15,51	14,97	14,40	13,83	13,68	0
10/08/2020 04:05:00	13,64	15,57	16,76	17,10	17,21	17,13	16,90	16,60	16,23	15,81	15,28	14,72	14,16	13,62	0
10/08/2020 04:10:00	13,74	15,57	16,84	17,19	17,28	17,22	16,99	16,69	16,32	15,88	15,33	14,75	14,17	13,82	0
10/08/2020 04:15:00	13,84	15,74	16,97	17,36	17,47	17,37	17,15	16,86	16,49	16,05	15,50	14,92	14,34	13,75	0
10/08/2020 04:20:00	13,98	15,81	17,09	17,46	17,54	17,47	17,22	16,91	16,53	16,08	15,51	14,91	14,31	13,27	0
10/08/2020 04:25:00	14,10	15,82	17,02	17,39	17,49	17,41	17,19	16,90	16,54	16,11	15,56	14,98	14,39	13,73	0
10/08/2020 04:30:00	13,73	15,53	16,74	17,09	17,19	17,07	16,83	16,52	16,15	15,70	15,15	14,56	13,97	13,57	0
10/08/2020 04:35:00	13,62	15,34	16,52	16,89	17,00	16,96	16,74	16,46	16,11	15,70	15,17	14,61	14,05	13,61	0
10/08/2020 04:40:00	13,62	15,39	16,62	16,99	17,10	17,03	16,80	16,51	16,14	15,71	15,16	14,57	13,99	13,60	0
10/08/2020 04:45:00	13,58	15,30	16,46	16,82	16,93	16,86	16,65	16,37	16,02	15,61	15,09	14,54	13,99	13,57	0
10/08/2020 04:50:00	13,79	15,48	16,62	16,98	17,08	16,98	16,76	16,48	16,12	15,70	15,16	14,60	14,03	13,77	0
10/08/2020 04:55:00	13,71	15,51	16,71	17,09	17,22	17,11	16,86	16,56	16,19	15,76	15,20	14,61	14,02	13,80	0
10/08/2020 05:00:00	13,76	15,61	16,75	17,12	17,20	17,10	16,87	16,58	16,21	15,79	15,25	14,69	14,12	13,78	0
10/08/2020 05:05:00	13,77	15,65	16,80	17,21	17,30	17,20	16,98	16,70	16,34	15,91	15,38	14,81	14,24	13,75	0
10/08/2020 05:10:00	13,76	15,56	16,77	17,16	17,27	17,24	17,00	16,71	16,35	15,93	15,39	14,82	14,25	13,73	0
10/08/2020 05:15:00	13,59	15,43	16,62	16,99	17,19	17,15	16,90	16,60	16,25	15,84	15,33	14,77	14,22	13,72	0
10/08/2020 05:20:00	13,63	15,49	16,73	17,14	17,26	17,14	16,91	16,61	16,24	15,79	15,23	14,63	14,03	13,68	0
10/08/2020 05:25:00	13,64	15,49	16,66	17,03	17,16	17,07	16,84	16,55	16,19	15,77	15,24	14,68	14,11	13,55	0
10/08/2020 05:30:00	13,58	15,30	16,50	16,85	17,00	16,94	16,73	16,45	16,10	15,69	15,16	14,61	14,06	13,62	0
10/08/2020 05:35:00	13,68	15,27	16,48	16,83	16,98	16,96	16,71	16,42	16,07	15,66	15,12	14,55	13,98	13,84	0
10/08/2020 05:40:00	13,85	15,58	16,67	17,00	17,09	17,04	16,83	16,56	16,21	15,81	15,32	14,79	14,26	13,82	0
10/08/2020 05:45:00	13,87	15,54	16,60	16,92	17,01	17,00	16,81	16,56	16,24	15,86	15,39	14,89	14,40	13,84	0
10/08/2020 05:50:00	13,94	15,61	16,66	17,02	17,12	17,08	16,88	16,62	16,29	15,90	15,41	14,89	14,37	13,68	0
10/08/2020 05:55:00	13,81	15,60	16,42	16,71	16,70	16,61	16,38	16,10	15,76	15,39	14,94	14,46	13,98	13,78	0
10/08/2020 06:00:00	13,89	15,51	16,21	16,53	16,54	16,33	16,14	15,88	15,55	15,17	14,72	14,23	13,75	13,93	0
10/08/2020 06:05:00	13,90	15,27	15,78	16,10	16,17	16,13	15,96	15,76	15,49	15,21	14,86	14,48	14,09	14,15	0
10/08/2020 06:10:00	14,14	15,42	15,76	15,98	16,01	15,97	15,79	15,57	15,32	15,06	14,76	14,42	14,08	14,50	0
10/08/2020 06:15:00	14,41	15,51	15,87	16,12	16,10	15,93	15,75	15,53	15,25	14,94	14,58	14,17	13,77	14,88	0
10/08/2020 06:20:00	14,82	15,68	15,90	16,03	15,99	15,96	15,76	15,55	15,30	15,05	14,75	14,41	14,08	15,05	0
10/08/2020 06:25:00	15,19	15,83	15,99	16,11	16,10	16,10	15,95	15,77	15,55	15,32	15,05	14,75	14,44	16,14	0
10/08/2020 06:30:00	15,42	15,85	15,87	16,01	16,00	15,95	15,82	15,65	15,45	15,23	14,98	14,68	14,38	16,63	0
10/08/2020 06:35:00	15,76	16,15	16,05	16,13	16,11	16,05	15,89	15,72	15,52	15,31	15,07	14,79	14,51	16,65	0
10/08/2020 06:40:00	15,82	16,27	16,14	16,18	16,13	16,03	15,83	15,64	15,42	15,20	14,95	14,66	14,37	16,99	0
10/08/2020 06:45:00	15,84	16,18	16,18	16,25	16,19	16,11	15,96	15,78	15,56	15,32	15,05	14,74	14,43	17,83	0
10/08/2020 06:50:00	16,35	16,55	16,26	16,14	16,04	15,70	15,26	14,91	14,61	14,27	13,87	13,43	13,00	17,94	0
10/08/2020 06:55:00	16,46	16,49	16,09	16,05	15,94	15,80	15,53	15,30	15,08	14,86	14,60	14,30	14,00	18,34	0
10/08/2020 07:00:00	16,31	16,37	15,84	15,77	15,71	15,61	15,48	15,35	15,19	15,06	14,93	14,76	14,58	18,31	0
10/08/2020 07:05:00	16,47	16,32	16,03	15,97	15,92	15,78	15,60	15,42	15,22	15,01	14,77	14,49	14,21	18,39	0
10/08/2020 07:10:00	16,94	16,56	15,89	15,77	15,69	15,57	15,41	15,27	15,12	14,98	14,83	14,65	14,46	18,25	0
10/08/2020 07:15:00	16,73	16,50	16,07	15,91	15,78	15,71	15,51	15,34	15,15	14,97	14,79	14,56	14,33	18,04	0
10/08/2020 07:20:00	16,28	16,32	16,31	16,32	16,29	16,16	16,03	15,86	15,64	15,40	15,12	14,80	14,48	18,13	0
10/08/2020 07:25:00	16,18	16,46	16,44	16,35	16,26	16,12	15,93	15,72	15,47	15,22	14,94	14,63	14,31	17,95	0
10/08/2020 07:30:00	16,77	16,73	16,24	16,08	15,97	15,90	15,75	15,60	15,43	15,29	15,15	14,98	14,80	17,89	0
10/08/2020 07:35:00	17,14	16,85	16,29	16,17	15,96	15,87	15,73	15,58	15,41	15,26	15,09	14,89	14,69	18,59	0
10/08/2020 07:40:00	17,30	16,99	16,38	16,21	16,04	15,86	15,68	15,50	15,32	15,15	14,96	14,74	14,52	18,76	0
10/08/2020 07:45:00	17,46	17,18	16,57	16,28	16,05	15,88	15,67	15,48	15,28	15,11	14,94	14,73	14,53	18,58	0
10/08/2020 07:50:00	17,47	17,31	16,74	16,51	16,32	16,11	15,88	15,66	15,46	15,26	15,05	14,81	14,56	18,72	0
10/08/2020 07:55:00	17,98	17,54	16,94	16,75	16,57	16,42	16,26	16,10	15,92	15,75	15,57	15,35	15,13	18,76	0
10/08/2020 08:00:00	18,18	17,84	17,13	16,84	16,60	16,35	16,11	15,89	15,68	15,49	15,29	15,06	14,83	18,94	0
10/08/2020 08:05:00	18,32	18,01	17,32	17,04	16,78	16,51	16,22	15,96	15,73	15,51	15,26	14,98	14,70	19,24	0
10/08/2020 08:10:00	18,49	18,12	17,44	17,10	16,80	16,54	16,28	16,04	15,81	15,59	15,37	15,11	14,85	19,52	0
10/08/2020 08:15:00	18,46	18,21	17,55	17,23	17,00	16,68	16,36	16,08	15,84	15,59	15,33	15,03	14,72	19,29	0
10/08/2020 08:20:00	18,67	18,26	17,49	17,10	16,78	16,48	16,19	15,94	15,70	15,48	15,25	14,99	14,73	20,01	0
10/08/2020 08:25:00	18,83	18,43	17,67	17,20	16,80	16,46	16,17	15,91	15,66	15,43	15,21	14,97	14,72	19,99	0
10/08/2020 08:30:00	18,85	18,41	17,65	17,30	16,93	16,60	16,33	16,09	15,84	15,61	15,37	15,10	14,83	19,68	0
10/08/2020 08:35:00	19,04	18,52	17,71	17,29	16,94	16,61	16,29	16,02	15,77	15,54	15,29	15,02	14,74	20,12	0
10/08/2020 08:40:00	19,13	18,57	17,74	17,25	16,87	16,54	16,23	15,96	15,72	15,49	15,27	15,02	14,76	19,94	0
10/08/2020 08:45:00	19,10	18,57	17,83	17,45	17,11	16,81	16,51	16,25	16,01	15,77	15,51	15,23	14,94	19,98	0
10/08/2020 08:50:00	19,25	18,60	17,86	17,42	17,06	16,73	16,42	16,15	15,89	15,65	15,38	15,08	14,79	20,26	0
10/08/2020 08:55:00	19,52	18,87	18,12	17,60	17,17	16,82	16,48	16,18	15,91	15,65	15,37	15,06	14,75	20,14	0
10/08/2020 09:00:00	19,45	19,00	18,21	17,73	17,33	16,92	16,55	16,23	15,95	15,68	15,39	15,08	14,76	20,37	0
10/08/2020 09:05:00	19,57	18,97	18,16	17,69	17,35	16,98	16,65	16,36	16,11	15,86	15,60	15,31	15,02	20,30	0
10/08/2020 09:10:00	19,91	19,10	18,29	17,89	17,49	17,09	16,73	16,41	16,14	15,85	15,52	15,15	14,78	21,00	0
10/08/2020 09:15:00	20,00	19,09	18,16	17,67	17,31	16,97	16,62	16,34	16,09	15,85	15,59	15,30	15,00	21,11	0
10/08/2020 09:20:00	19,85	19,11	18,30	17,84	17,44	17,06	16,71	16,41	16,14	15,87	15,58	15,25	14,92	20,69	0
10/08/2020 09:25:00	19,83	19,28	18,48	17,99	17,57	17,20	16,85	16,55	16,28	16,01	15,73	15,42	15,11	20,96	0
10/08/2020 09:30:00	20,18	19,21	18,38	17,90	17,45	17,11	16,84	16,60	16,36	16,13	15,88	15,60	15,32	20,89	0
10/08/2020 09:35:00	20,42	19,60	18,78	18,30	17,83	17,39	17,01	16,69	16,40	16,11	15,78	15,42	15,05	21,34	0
10/08/2020 09:40:00	20,49	19,58	18,64	18,10	17,62	17,28	16,98	16,71	16,47	16,24	16,01	15,74	15,48	21,42	0
10/08/2020 09:45:00	20,58	19,57	18,67	18,18	17,78	17,41	17,09	16,82	16,58	16,33	16,06	15,76	15,46	21,57	0
10/08/2020 09:50:00	20,63	19,63	18,79	18,36	18,00	17,65	17,33	17,06	16,81	16,55	16,26	15,92	15,59	21,32	0
10/08/2020 09:55:00	20,47	19,77	18,90	18,44	17,96	17,47	17,08	16,75	16,45	16,15	15,81	15,44	15,07	21,42	0
10/08/2020 10:00:00	20,95	19,77	18,88	18,37	17,92	17,51	17,17	16,87	16,61	16,33	16,02	15,68	15,34	22,09	0
10/08/2020 10:05:00	20,85	19,93	19,11	18,57	18,09	17,69	17,33	17,02	16,74	16,46	16,15	15,81	15,47	22,16	0
10/08/2020 10:10:00	20,93	19,79	18,94	18,41	18,03	17,68	17,34	17,05	16,80	16,53	16,24	15,91	15,57	21,96	0
10/08/2020 10:15:00	20,79	19,88	19,14	18,68	18,25	17,84	17,50	17,21	16,94	16,65	16,33	15,97	15,61	21,81	0
10/08/2020 10:20:00	21,07	20,05	19,33	18,81	18,34	17,97	17,65	17,36	17,10	16,82	16,51	16,16	15,82	22,34	0
10/08/2020 10:25:00	21,00	19,91	19,31	18,87	18,52	18,17	17,85	17,56	17,30	17,00	16,65	16,26	15,87	22,12	0
10/08/2020 10:30:00	21,28	20,15	19,56	19,08	18,68	18,34	18,00	17,71	17,43	17,12	16,76	16,37	15,97	22,14	0
10/08/2020 10:35:00	21,41	20,33	19,71	19,17	18,73	18,29	17,89	17,55	17,24	16,91	16,51	16,08	15,65	22,39	0
10/08/2020 10:40:00	21,44	20,26	19,55	19,06	18,72	18,37	18,05	17,78	17,53	17,25	16,93	16,58	16,22	23,11	0
10/08/2020 10:45:00	21,57	20,44	19,76	19,27	18,88	18,55	18,20	17,90	17,63	17,33	16,98	16,58	16,19	22,86	0
10/08/2020 10:50:00	21,73	20,20	19,55	19,10	18,73	18,39	18,13	17,89	17,65	17,38	17,05	16,68	16,31	23,34	0
10/08/2020 10:55:00	21,51	20,43	19,87	19,48	19,08	18,71	18,32	17,99	17,69	17,35	16,93	16,47	16,00	23,24	0
10/08/2020 11:00:00	21,81	20,69	19,87	19,40	18,99	18,61	18,23	17,92	17,65	17,35	17,00	16,62	16,23	23,65	0
10/08/2020 11:05:00	22,11	20,98	20,06	19,48	18,98	18,53	18,14	17,81	17,52	17,21	16,87	16,49	16,11	23,09	0
10/08/2020 11:10:00	22,16	20,99	20,00	19,46	19,05	18,73	18,47	18,25	18,04	17,83	17,62	17,37	17,11	23,95	0
10/08/2020 11:15:00	22,14	21,20	20,31	19,78	19,19	18,72	18,32	17,98	17,68	17,35	16,99	16,60	16,20	23,49	0
10/08/2020 11:20:00	22,24	21,10	20,22	19,76	19,37	19,01	18,68	18,40	18,15	17,88	17,56	17,20	16,84	23,81	0
10/08/2020 11:25:00	22,07	21,54	20,73	20,26	19,82	19,37	18,96	18,62	18,31	17,98	17,60	17,19	16,77	24,02	0
10/08/2020 11:30:00	21,10	21,35	21,12	20,64	20,15	19,64	19,16	18,73	18,32	17,89	17,40	16,88	16,37	23,20	0
10/08/2020 11:35:00	22,22	21,22	20,37	19,89	19,43	19,00	18,65	18,35	18,07	17,78	17,44	17,06	16,68	23,24	0
10/08/2020 11:40:00	22,27	21,42	20,48	19,98	19,53	19,11	18,74	18,43	18,15	17,87	17,55	17,19	16,84	23,92	0
10/08/2020 11:45:00	22,44	21,78	20,85	20,27	19,76	19,31	18,95	18,63	18,35	18,08	17,78	17,46	17,13	25,15	0
10/08/2020 11:50:00	22,62	21,68	20,62	20,00	19,50	19,05	18,66	18,34	18,06	17,78	17,48	17,14	16,80	24,49	0
10/08/2020 11:55:00	22,54	21,87	20,94	20,33	19,80	19,25	18,82	18,46	18,14	17,81	17,46	17,07	16,69	23,89	0
10/08/2020 12:00:00	22,39	21,65	20,82	20,36	19,91	19,48	19,09	18,76	18,46	18,15	17,79	17,38	16,98	24,83	0
10/08/2020 12:05:00	22,54	22,03	21,22	20,61	20,03	19,47	18,99	18,59	18,24	17,87	17,47	17,03	16,60	25,31	0
10/08/2020 12:10:00	22,47	22,00	21,06	20,51	19,96	19,48	19,05	18,68	18,36	18,04	17,69	17,30	16,92	24,33	0
10/08/2020 12:15:00	22,21	22,04	21,32	20,89	20,45	19,99	19,52	19,13	18,79	18,44	18,02	17,57	17,12	24,43	0
10/08/2020 12:20:00	22,15	22,32	21,63	21,04	20,43	19,88	19,36	18,91	18,52	18,13	17,69	17,23	16,77	24,66	0
10/08/2020 12:25:00	22,15	22,27	21,70	21,22	20,70	20,21	19,77	19,38	19,03	18,66	18,24	17,80	17,36	24,46	0
10/08/2020 12:30:00	22,32	22,18	21,42	20,90	20,36	19,89	19,45	19,08	18,75	18,41	18,04	17,64	17,25	24,66	0
10/08/2020 12:35:00	22,39	22,40	21,62	21,04	20,51	20,03	19,59	19,21	18,87	18,55	18,19	17,82	17,44	25,22	0
10/08/2020 12:40:00	22,58	22,54	21,71	21,17	20,57	20,00	19,53	19,12	18,76	18,39	17,99	17,57	17,15	24,91	0
10/08/2020 12:45:00	22,74	22,28	21,67	21,18	20,70	20,17	19,68	19,27	18,91	18,52	18,05	17,55	17,06	25,50	0
10/08/2020 12:50:00	22,20	22,15	21,77	21,31	20,81	20,30	19,84	19,43	19,05	18,64	18,16	17,65	17,15	24,88	0
10/08/2020 12:55:00	22,10	22,34	21,74	21,23	20,70	20,20	19,75	19,35	19,00	18,65	18,26	17,85	17,44	24,16	0
10/08/2020 13:00:00	23,28	22,45	21,60	21,15	20,76	20,34	19,89	19,52	19,22	18,88	18,46	18,00	17,53	25,61	0
10/08/2020 13:05:00	23,14	22,51	21,65	21,10	20,63	20,19	19,78	19,43	19,13	18,82	18,46	18,07	17,68	25,48	0
10/08/2020 13:10:00	22,34	22,45	22,10	21,65	21,16	20,62	20,11	19,67	19,27	18,84	18,33	17,79	17,25	24,98	0
10/08/2020 13:15:00	23,30	22,80	21,99	21,39	20,86	20,29	19,80	19,38	19,03	18,65	18,21	17,74	17,27	25,19	0
10/08/2020 13:20:00	23,61	22,64	21,74	21,21	20,76	20,32	19,92	19,59	19,31	19,00	18,63	18,23	17,82	25,33	0
10/08/2020 13:25:00	23,06	22,61	22,07	21,61	21,17	20,70	20,23	19,84	19,49	19,10	18,64	18,14	17,63	25,36	0
10/08/2020 13:30:00	23,01	22,61	22,06	21,63	21,18	20,71	20,26	19,88	19,54	19,16	18,70	18,21	17,72	25,15	0
10/08/2020 13:35:00	23,29	22,63	21,95	21,45	20,92	20,43	20,01	19,65	19,32	18,96	18,55	18,10	17,65	25,16	0
10/08/2020 13:40:00	23,90	22,85	21,81	21,34	20,91	20,47	20,07	19,76	19,51	19,23	18,91	18,55	18,18	25,32	0
10/08/2020 13:45:00	23,04	22,77	22,23	21,75	21,28	20,80	20,34	19,95	19,59	19,21	18,75	18,25	17,76	24,85	0
10/08/2020 13:50:00	22,63	22,65	22,24	21,80	21,34	20,91	20,48	20,10	19,75	19,38	18,94	18,47	18,00	25,07	0
10/08/2020 13:55:00	22,49	22,42	22,13	21,75	21,36	20,93	20,51	20,13	19,78	19,39	18,92	18,41	17,91	24,62	0
10/08/2020 18:45:00	23,16	23,50	23,27	22,93	22,51	22,06	21,63	21,24	20,87	20,47	19,98	19,47	18,95	24,45	0
10/08/2020 18:50:00	22,91	22,88	22,62	22,38	22,07	21,73	21,38	21,05	20,74	20,38	19,93	19,45	18,96	24,44	0
10/08/2020 18:55:00	22,68	22,81	22,62	22,31	21,90	21,46	21,03	20,64	20,27	19,85	19,33	18,77	18,22	23,81	0
10/08/2020 19:00:00	22,65	22,55	22,13	21,71	21,30	20,94	20,57	20,22	19,90	19,56	19,16	18,72	18,29	23,88	0
10/08/2020 19:05:00	21,80	20,81	20,28	19,85	19,54	19,34	19,21	19,05	18,86	18,67	18,46	18,22	17,98	23,14	0
10/08/2020 19:10:00	20,54	20,71	20,65	20,54	20,42	20,24	19,99	19,75	19,49	19,20	18,83	18,42	18,02	21,06	0
10/08/2020 19:15:00	20,42	20,44	20,43	20,32	20,14	19,98	19,82	19,62	19,38	19,11	18,79	18,42	18,06	20,91	0
10/08/2020 19:20:00	20,32	20,44	20,52	20,40	20,31	20,19	20,06	19,90	19,67	19,43	19,13	18,80	18,46	20,79	0
10/08/2020 19:25:00	20,44	20,58	20,71	20,65	20,59	20,60	20,51	20,38	20,19	19,98	19,72	19,42	19,12	20,72	0
10/08/2020 19:30:00	20,55	20,94	21,20	21,18	21,10	21,01	20,82	20,61	20,35	20,05	19,67	19,24	18,82	20,59	0
10/08/2020 19:35:00	20,75	21,04	21,07	20,97	20,85	20,71	20,51	20,29	20,04	19,77	19,43	19,04	18,66	20,82	0
10/08/2020 19:40:00	20,73	20,94	20,99	20,89	20,79	20,70	20,56	20,38	20,15	19,91	19,60	19,26	18,92	20,84	0
10/08/2020 19:45:00	20,54	20,71	20,81	20,79	20,75	20,69	20,59	20,45	20,24	20,00	19,71	19,37	19,03	20,57	0
10/08/2020 19:50:00	20,33	20,60	20,72	20,67	20,62	20,59	20,46	20,30	20,09	19,85	19,56	19,23	18,89	20,56	0
10/08/2020 19:55:00	20,34	20,62	20,79	20,70	20,63	20,58	20,50	20,36	20,15	19,93	19,66	19,35	19,04	20,36	0
10/08/2020 20:00:00	20,32	20,69	20,85	20,83	20,79	20,70	20,54	20,35	20,11	19,84	19,50	19,11	18,73	20,27	0
10/08/2020 20:05:00	20,22	20,62	20,78	20,68	20,53	20,31	20,10	19,86	19,57	19,26	18,87	18,45	18,02	20,35	0
10/08/2020 20:10:00	20,21	20,43	20,54	20,47	20,41	20,29	20,12	19,92	19,68	19,41	19,07	18,69	18,31	19,87	0
10/08/2020 20:15:00	20,31	20,43	20,45	20,35	20,26	20,18	20,05	19,88	19,67	19,43	19,14	18,82	18,49	19,62	0
10/08/2020 20:20:00	20,22	20,47	20,54	20,45	20,39	20,32	20,17	19,99	19,77	19,53	19,23	18,89	18,55	19,74	0
10/08/2020 20:25:00	20,02	20,44	20,57	20,52	20,42	20,32	20,15	19,96	19,71	19,45	19,12	18,75	18,38	19,90	0
10/08/2020 20:30:00	19,87	20,49	20,79	20,78	20,70	20,60	20,42	20,20	19,94	19,64	19,27	18,85	18,44	19,41	0
10/08/2020 20:35:00	19,80	20,54	20,73	20,71	20,62	20,47	20,26	20,02	19,75	19,45	19,08	18,67	18,26	19,24	0
10/08/2020 20:40:00	19,69	20,57	20,81	20,81	20,75	20,64	20,44	20,22	19,95	19,66	19,30	18,90	18,50	19,09	0
10/08/2020 20:45:00	19,33	20,18	20,53	20,54	20,45	20,33	20,11	19,85	19,56	19,23	18,83	18,38	17,94	19,02	0
10/08/2020 20:50:00	19,30	20,03	20,41	20,41	20,36	20,29	20,14	19,94	19,68	19,39	19,04	18,65	18,25	18,93	0
10/08/2020 20:55:00	19,00	19,74	20,22	20,21	20,14	20,09	19,90	19,67	19,39	19,07	18,67	18,24	17,81	18,89	0
10/08/2020 21:00:00	18,77	19,66	20,12	20,20	20,14	20,02	19,80	19,55	19,25	18,90	18,47	18,00	17,53	18,76	0
10/08/2020 21:05:00	18,69	19,58	20,04	20,08	20,00	19,86	19,64	19,39	19,08	18,74	18,31	17,85	17,39	18,64	0
10/08/2020 21:10:00	18,54	19,40	19,91	19,99	19,93	19,78	19,58	19,33	19,03	18,68	18,24	17,77	17,30	18,55	0
10/08/2020 21:15:00	18,46	19,31	19,82	19,91	19,85	19,76	19,58	19,35	19,06	18,73	18,32	17,86	17,41	18,58	0
10/08/2020 21:20:00	18,47	19,31	19,76	19,84	19,83	19,69	19,49	19,25	18,97	18,63	18,22	17,77	17,31	18,41	0
10/08/2020 21:25:00	18,28	19,24	19,75	19,82	19,76	19,62	19,41	19,15	18,85	18,50	18,06	17,59	17,12	18,28	0
10/08/2020 21:30:00	18,21	19,15	19,76	19,84	19,81	19,73	19,53	19,29	18,99	18,65	18,21	17,74	17,27	18,27	0
10/08/2020 21:35:00	18,14	19,26	19,87	19,96	19,95	19,89	19,68	19,43	19,13	18,79	18,37	17,91	17,45	18,15	0
10/08/2020 21:40:00	18,17	19,13	19,69	19,77	19,76	19,70	19,51	19,28	18,99	18,66	18,25	17,81	17,36	18,29	0
10/08/2020 21:45:00	18,06	19,19	19,79	19,87	19,82	19,70	19,51	19,26	18,95	18,60	18,17	17,71	17,25	18,05	0
10/08/2020 21:50:00	18,06	19,18	19,75	19,84	19,80	19,70	19,50	19,26	18,96	18,62	18,20	17,75	17,30	17,82	0
10/08/2020 21:55:00	18,15	19,18	19,76	19,85	19,84	19,68	19,47	19,21	18,90	18,54	18,10	17,61	17,13	18,04	0
10/08/2020 22:00:00	18,14	19,14	19,73	19,80	19,77	19,67	19,47	19,22	18,92	18,57	18,14	17,68	17,21	17,84	0
10/08/2020 22:05:00	18,26	19,22	19,71	19,77	19,74	19,65	19,43	19,18	18,89	18,56	18,14	17,69	17,25	18,04	0
10/08/2020 22:10:00	18,26	19,21	19,70	19,72	19,68	19,58	19,38	19,15	18,85	18,53	18,13	17,70	17,27	18,30	0
10/08/2020 22:15:00	18,31	19,23	19,78	19,82	19,79	19,70	19,46	19,19	18,89	18,53	18,09	17,62	17,14	18,29	0
10/08/2020 22:20:00	18,15	19,08	19,64	19,72	19,70	19,59	19,38	19,14	18,84	18,50	18,07	17,61	17,14	18,16	0
10/08/2020 22:25:00	18,10	19,06	19,62	19,69	19,62	19,48	19,28	19,03	18,72	18,37	17,93	17,46	16,99	18,06	0
10/08/2020 22:30:00	18,02	18,94	19,51	19,58	19,56	19,47	19,25	19,00	18,70	18,35	17,92	17,45	16,98	18,02	0
10/08/2020 22:35:00	17,98	19,01	19,52	19,55	19,49	19,33	19,11	18,85	18,54	18,19	17,76	17,31	16,85	17,92	0
10/08/2020 22:40:00	17,90	18,94	19,49	19,50	19,41	19,26	19,03	18,77	18,45	18,09	17,66	17,20	16,73	17,94	0
10/08/2020 22:45:00	17,96	19,06	19,59	19,58	19,46	19,27	19,02	18,73	18,39	18,01	17,56	17,08	16,60	17,92	0
10/08/2020 22:50:00	17,89	18,97	19,53	19,56	19,48	19,33	19,09	18,82	18,49	18,13	17,68	17,21	16,74	17,88	0
10/08/2020 22:55:00	17,90	19,13	19,58	19,59	19,46	19,21	18,96	18,66	18,32	17,95	17,51	17,04	16,57	17,86	0
10/08/2020 23:00:00	17,96	19,08	19,41	19,38	19,29	19,15	18,91	18,65	18,35	18,03	17,66	17,26	16,86	17,91	0
10/08/2020 23:05:00	17,90	18,89	19,25	19,28	19,27	19,16	18,95	18,71	18,43	18,12	17,74	17,33	16,92	17,88	0
10/08/2020 23:10:00	18,00	18,95	19,33	19,36	19,28	19,15	18,94	18,69	18,40	18,08	17,70	17,28	16,85	17,91	0
10/08/2020 23:15:00	18,07	18,96	19,30	19,33	19,21	19,08	18,87	18,62	18,33	18,00	17,62	17,19	16,77	18,20	0
10/08/2020 23:20:00	18,22	19,05	19,35	19,34	19,27	19,18	18,99	18,77	18,50	18,21	17,87	17,49	17,11	18,21	0
10/08/2020 23:25:00	18,32	19,11	19,40	19,42	19,40	19,27	19,05	18,81	18,54	18,23	17,85	17,43	17,02	18,39	0
10/08/2020 23:30:00	18,25	19,05	19,36	19,34	19,27	19,15	18,92	18,67	18,39	18,07	17,69	17,28	16,86	18,32	0
10/08/2020 23:35:00	18,18	18,91	19,31	19,28	19,14	19,01	18,80	18,56	18,26	17,93	17,54	17,11	16,69	18,10	0
10/08/2020 23:40:00	18,03	19,00	19,41	19,44	19,32	19,13	18,89	18,62	18,31	17,95	17,52	17,06	16,60	18,01	0
10/08/2020 23:45:00	17,89	18,91	19,30	19,31	19,28	19,14	18,87	18,59	18,28	17,94	17,52	17,07	16,62	17,92	0
10/08/2020 23:50:00	17,92	18,81	19,16	19,14	18,99	18,81	18,59	18,33	18,02	17,69	17,29	16,86	16,43	17,93	0
10/08/2020 23:55:00	17,95	18,95	19,29	19,27	19,10	18,90	18,62	18,32	17,99	17,62	17,19	16,72	16,26	17,91	0
