FileFormat:0002.2 file with temperature of atmosphere
200
local	GMT or Local
0	GMT-Local=[hours]
0	Height[m]
0	0	0	Longitude                [grd]               [min]               [sec]
0	0	0	Latitude                [grd]               [min]               [sec]
N	NS
59,40	Freq[GHz]
0,00	dTemostat[K]
0,150	MessErr[K]
0,248	//[grad/step]
version 14.0.20110218
MTP5H033F5940K-33.00D180214+A1.1
Commentary:
enter comment
End Of Commentary

SYSTEM\summer.dat
data time	0	50	100	150	200	250	300	350	400	450	500	550	600	OutsideTemperature	Quality
20/07/2020 00:00:00	16,27	16,44	16,50	16,34	16,26	16,11	15,92	15,71	15,46	15,20	14,91	14,59	14,27	15,77	0
20/07/2020 00:05:00	16,00	16,13	16,25	16,18	16,13	16,01	15,80	15,58	15,33	15,05	14,73	14,37	14,01	15,79	0
20/07/2020 00:10:00	15,76	15,94	16,04	15,91	15,83	15,65	15,39	15,13	14,85	14,55	14,20	13,82	13,44	15,74	0
20/07/2020 00:15:00	15,83	15,90	15,87	15,72	15,60	15,49	15,30	15,09	14,85	14,61	14,34	14,04	13,74	15,87	0
20/07/2020 00:20:00	15,87	15,93	16,04	15,92	15,82	15,65	15,41	15,16	14,89	14,59	14,24	13,86	13,48	15,88	0
20/07/2020 00:25:00	15,80	15,91	15,98	15,83	15,73	15,61	15,36	15,12	14,85	14,58	14,26	13,91	13,56	15,84	0
20/07/2020 00:30:00	15,96	15,99	16,05	15,88	15,76	15,60	15,37	15,13	14,87	14,59	14,27	13,92	13,57	15,92	0
20/07/2020 00:35:00	15,91	15,89	15,89	15,71	15,60	15,48	15,26	15,04	14,79	14,53	14,24	13,91	13,59	15,82	0
20/07/2020 00:40:00	15,84	15,84	15,85	15,65	15,56	15,43	15,24	15,03	14,79	14,55	14,28	13,98	13,68	15,86	0
20/07/2020 00:45:00	15,92	15,92	15,87	15,69	15,58	15,40	15,18	14,95	14,69	14,43	14,13	13,80	13,47	15,94	0
20/07/2020 00:50:00	16,01	16,03	16,06	15,92	15,82	15,69	15,47	15,24	14,99	14,72	14,42	14,08	13,74	15,99	0
20/07/2020 00:55:00	15,92	15,96	15,99	15,85	15,74	15,59	15,36	15,12	14,86	14,58	14,26	13,91	13,55	15,91	0
20/07/2020 01:00:00	15,86	15,91	16,01	15,84	15,70	15,57	15,34	15,10	14,83	14,54	14,22	13,87	13,51	15,85	0
20/07/2020 01:05:00	15,83	15,93	16,04	15,91	15,77	15,58	15,34	15,09	14,81	14,50	14,15	13,77	13,39	15,80	0
20/07/2020 01:10:00	15,78	15,93	15,97	15,81	15,72	15,54	15,29	15,04	14,77	14,49	14,17	13,82	13,46	15,70	0
20/07/2020 01:15:00	15,63	15,77	15,79	15,64	15,53	15,36	15,13	14,89	14,63	14,35	14,04	13,70	13,37	15,64	0
20/07/2020 01:20:00	15,61	15,75	15,75	15,62	15,50	15,33	15,07	14,81	14,54	14,26	13,93	13,58	13,22	15,61	0
20/07/2020 01:25:00	15,70	15,81	15,91	15,78	15,68	15,52	15,30	15,06	14,79	14,51	14,18	13,83	13,47	15,74	0
20/07/2020 01:30:00	15,77	15,88	16,04	15,92	15,85	15,70	15,46	15,21	14,94	14,64	14,29	13,92	13,54	15,83	0
20/07/2020 01:35:00	15,71	15,89	16,12	16,03	15,91	15,71	15,51	15,27	14,98	14,67	14,31	13,92	13,53	15,73	0
20/07/2020 01:40:00	15,63	15,90	16,18	16,09	16,03	15,85	15,59	15,32	15,03	14,70	14,32	13,90	13,48	15,64	0
20/07/2020 01:45:00	15,54	15,82	16,02	15,93	15,77	15,57	15,33	15,06	14,76	14,44	14,06	13,66	13,26	15,47	0
20/07/2020 01:50:00	15,38	15,66	15,90	15,80	15,71	15,55	15,30	15,03	14,74	14,43	14,06	13,67	13,27	15,42	0
20/07/2020 01:55:00	15,33	15,67	15,94	15,87	15,77	15,60	15,38	15,13	14,84	14,53	14,17	13,78	13,38	15,13	0
20/07/2020 02:00:00	15,21	15,49	15,80	15,79	15,71	15,56	15,33	15,08	14,79	14,47	14,09	13,67	13,26	15,24	0
20/07/2020 02:05:00	15,18	15,51	15,80	15,75	15,69	15,55	15,30	15,04	14,76	14,44	14,07	13,66	13,26	15,09	0
20/07/2020 02:10:00	15,03	15,46	15,84	15,82	15,70	15,55	15,34	15,09	14,79	14,46	14,08	13,67	13,25	15,09	0
20/07/2020 02:15:00	15,13	15,49	15,86	15,84	15,79	15,59	15,36	15,10	14,80	14,46	14,06	13,63	13,20	15,08	0
20/07/2020 02:20:00	15,11	15,44	15,73	15,74	15,66	15,48	15,27	15,03	14,74	14,42	14,05	13,64	13,23	14,90	0
20/07/2020 02:25:00	15,19	15,48	15,79	15,76	15,75	15,61	15,37	15,12	14,84	14,53	14,16	13,76	13,35	14,97	0
20/07/2020 02:30:00	15,04	15,29	15,67	15,71	15,66	15,55	15,30	15,05	14,76	14,43	14,03	13,59	13,16	15,10	0
20/07/2020 02:35:00	15,11	15,36	15,71	15,70	15,62	15,47	15,27	15,03	14,74	14,42	14,04	13,62	13,21	15,11	0
20/07/2020 02:40:00	15,15	15,35	15,61	15,58	15,54	15,43	15,21	14,97	14,70	14,41	14,05	13,67	13,28	15,27	0
20/07/2020 02:45:00	15,39	15,62	15,94	15,88	15,77	15,64	15,40	15,15	14,86	14,54	14,15	13,74	13,33	15,33	0
20/07/2020 02:50:00	15,38	15,64	15,99	15,95	15,90	15,76	15,48	15,20	14,90	14,56	14,15	13,70	13,26	15,12	0
20/07/2020 02:55:00	15,33	15,61	15,92	15,87	15,84	15,72	15,50	15,27	14,99	14,69	14,33	13,94	13,55	15,01	0
20/07/2020 03:00:00	15,05	15,30	15,59	15,59	15,59	15,44	15,25	15,03	14,76	14,46	14,10	13,71	13,32	14,99	0
20/07/2020 03:05:00	15,00	15,21	15,50	15,54	15,47	15,42	15,22	15,00	14,74	14,45	14,10	13,72	13,34	15,00	0
20/07/2020 03:10:00	14,99	15,31	15,70	15,73	15,70	15,55	15,35	15,12	14,84	14,51	14,12	13,70	13,28	15,02	0
20/07/2020 03:15:00	14,91	15,24	15,64	15,67	15,64	15,50	15,30	15,07	14,79	14,47	14,08	13,67	13,25	14,92	0
20/07/2020 03:20:00	14,83	15,24	15,64	15,65	15,61	15,48	15,27	15,03	14,75	14,43	14,05	13,64	13,23	14,92	0
20/07/2020 03:25:00	14,83	15,22	15,72	15,88	15,91	15,79	15,58	15,35	15,07	14,73	14,31	13,85	13,39	14,77	0
20/07/2020 03:30:00	14,79	15,13	15,60	15,69	15,72	15,65	15,47	15,26	15,00	14,69	14,32	13,91	13,50	14,59	0
20/07/2020 03:35:00	14,56	14,89	15,34	15,41	15,41	15,32	15,14	14,93	14,66	14,35	13,98	13,57	13,17	14,54	0
20/07/2020 03:40:00	14,53	14,92	15,45	15,50	15,53	15,42	15,20	14,96	14,67	14,34	13,94	13,51	13,07	14,56	0
20/07/2020 03:45:00	14,49	14,84	15,28	15,39	15,41	15,39	15,25	15,07	14,83	14,55	14,22	13,85	13,49	14,47	0
20/07/2020 03:50:00	14,47	14,77	15,26	15,34	15,37	15,30	15,09	14,85	14,58	14,26	13,87	13,44	13,02	14,44	0
20/07/2020 03:55:00	14,36	14,75	15,20	15,25	15,23	15,14	14,97	14,76	14,49	14,19	13,83	13,43	13,04	14,18	0
20/07/2020 04:00:00	14,24	14,66	15,09	15,07	15,08	15,01	14,80	14,56	14,29	13,99	13,64	13,26	12,88	14,26	0
20/07/2020 04:05:00	14,22	14,59	15,06	15,12	15,09	15,01	14,86	14,66	14,39	14,10	13,74	13,36	12,97	14,23	0
20/07/2020 04:10:00	14,29	14,64	15,19	15,22	15,25	15,19	15,02	14,81	14,53	14,23	13,86	13,45	13,05	14,33	0
20/07/2020 04:15:00	14,32	14,69	15,19	15,30	15,32	15,22	15,05	14,84	14,57	14,26	13,87	13,45	13,04	14,31	0
20/07/2020 04:20:00	14,22	14,67	15,23	15,26	15,24	15,16	14,95	14,71	14,42	14,09	13,69	13,26	12,84	14,24	0
20/07/2020 04:25:00	14,18	14,61	15,15	15,25	15,26	15,16	14,99	14,77	14,49	14,17	13,78	13,36	12,94	14,11	0
20/07/2020 04:30:00	14,09	14,50	14,98	15,02	15,04	14,97	14,77	14,54	14,27	13,96	13,59	13,20	12,80	14,09	0
20/07/2020 04:35:00	14,11	14,51	14,95	14,96	14,96	14,91	14,72	14,50	14,23	13,94	13,59	13,22	12,84	14,09	0
20/07/2020 04:40:00	14,07	14,54	15,00	14,99	14,97	14,86	14,64	14,39	14,11	13,79	13,42	13,02	12,63	13,97	0
20/07/2020 04:45:00	13,93	14,42	14,84	14,90	14,89	14,80	14,59	14,35	14,07	13,76	13,40	13,00	12,60	13,96	0
20/07/2020 04:50:00	14,04	14,37	14,74	14,79	14,80	14,76	14,58	14,37	14,12	13,84	13,51	13,14	12,78	13,92	0
20/07/2020 04:55:00	13,90	14,18	14,57	14,62	14,63	14,58	14,36	14,13	13,87	13,57	13,22	12,83	12,44	13,87	0
20/07/2020 05:00:00	14,03	14,27	14,60	14,59	14,57	14,46	14,30	14,10	13,84	13,56	13,23	12,87	12,51	14,05	0
20/07/2020 05:05:00	14,17	14,38	14,62	14,64	14,66	14,56	14,36	14,14	13,89	13,62	13,29	12,93	12,57	14,17	0
20/07/2020 05:10:00	14,23	14,36	14,58	14,56	14,52	14,42	14,24	14,03	13,78	13,50	13,18	12,83	12,48	14,36	0
20/07/2020 05:15:00	14,38	14,47	14,67	14,62	14,57	14,47	14,27	14,05	13,79	13,52	13,20	12,85	12,50	14,41	0
20/07/2020 05:20:00	14,47	14,57	14,76	14,76	14,74	14,62	14,43	14,21	13,96	13,68	13,36	13,00	12,64	14,48	0
20/07/2020 05:25:00	14,53	14,61	14,69	14,60	14,54	14,42	14,22	14,01	13,76	13,50	13,21	12,88	12,56	14,55	0
20/07/2020 05:30:00	14,75	14,65	14,66	14,57	14,54	14,47	14,31	14,13	13,91	13,68	13,43	13,14	12,85	14,70	0
20/07/2020 05:35:00	14,90	14,83	14,73	14,65	14,54	14,42	14,24	14,04	13,81	13,57	13,31	13,01	12,72	14,91	0
20/07/2020 05:40:00	15,17	15,02	14,73	14,60	14,55	14,39	14,21	14,02	13,81	13,60	13,37	13,11	12,85	15,09	0
20/07/2020 05:45:00	15,15	14,94	14,75	14,67	14,58	14,46	14,29	14,11	13,89	13,68	13,43	13,15	12,88	15,17	0
20/07/2020 05:50:00	15,15	14,98	14,76	14,61	14,51	14,41	14,26	14,09	13,89	13,69	13,49	13,25	13,01	15,34	0
20/07/2020 05:55:00	15,17	14,93	14,76	14,60	14,53	14,43	14,24	14,05	13,84	13,62	13,39	13,12	12,86	15,49	0
20/07/2020 06:00:00	15,18	15,08	14,82	14,65	14,57	14,40	14,19	13,99	13,76	13,54	13,30	13,03	12,76	15,57	0
20/07/2020 06:05:00	15,56	15,36	15,19	15,03	14,89	14,76	14,55	14,33	14,10	13,86	13,60	13,30	13,00	15,54	0
20/07/2020 06:10:00	15,60	15,43	15,25	15,10	14,95	14,78	14,57	14,35	14,11	13,87	13,59	13,29	12,98	15,74	0
20/07/2020 06:15:00	15,82	15,52	15,23	15,07	14,92	14,78	14,58	14,38	14,16	13,94	13,69	13,41	13,14	15,81	0
20/07/2020 06:20:00	15,90	15,61	15,32	15,13	15,04	14,90	14,70	14,51	14,30	14,09	13,86	13,60	13,34	15,84	0
20/07/2020 06:25:00	15,83	15,65	15,32	15,12	14,99	14,85	14,66	14,46	14,24	14,04	13,82	13,57	13,32	15,83	0
20/07/2020 06:30:00	15,88	15,74	15,46	15,31	15,19	15,02	14,83	14,62	14,40	14,18	13,93	13,66	13,38	15,98	0
20/07/2020 06:35:00	16,16	15,83	15,51	15,34	15,21	15,08	14,89	14,70	14,48	14,27	14,03	13,76	13,49	16,15	0
20/07/2020 06:40:00	16,08	15,80	15,51	15,35	15,24	15,08	14,87	14,66	14,44	14,22	13,97	13,68	13,40	16,19	0
20/07/2020 06:45:00	16,05	15,82	15,54	15,41	15,28	15,15	14,95	14,75	14,53	14,31	14,06	13,78	13,50	16,13	0
20/07/2020 06:50:00	16,05	15,81	15,58	15,44	15,33	15,18	14,97	14,76	14,53	14,30	14,03	13,73	13,42	16,20	0
20/07/2020 06:55:00	16,27	16,16	15,94	15,76	15,60	15,43	15,19	14,95	14,70	14,45	14,17	13,85	13,54	16,32	0
20/07/2020 07:00:00	16,32	16,13	15,94	15,82	15,68	15,51	15,30	15,09	14,85	14,60	14,31	13,99	13,67	16,37	0
20/07/2020 07:05:00	16,28	16,09	15,91	15,77	15,70	15,58	15,37	15,16	14,94	14,70	14,44	14,13	13,83	16,22	0
20/07/2020 07:10:00	16,24	16,18	16,01	15,88	15,84	15,69	15,47	15,26	15,03	14,79	14,52	14,21	13,90	16,29	0
20/07/2020 07:15:00	16,24	16,09	15,94	15,80	15,68	15,54	15,33	15,12	14,89	14,65	14,37	14,06	13,75	16,24	0
20/07/2020 07:20:00	16,27	16,12	15,85	15,66	15,52	15,38	15,14	14,92	14,69	14,46	14,20	13,91	13,62	16,29	0
20/07/2020 07:25:00	16,33	16,18	15,88	15,73	15,64	15,44	15,20	14,98	14,75	14,51	14,24	13,93	13,63	16,30	0
20/07/2020 07:30:00	16,47	16,22	15,93	15,78	15,64	15,45	15,23	15,01	14,77	14,53	14,26	13,94	13,63	16,53	0
20/07/2020 07:35:00	16,58	16,30	15,97	15,80	15,65	15,45	15,28	15,09	14,86	14,64	14,39	14,12	13,84	16,52	0
20/07/2020 07:40:00	16,62	16,34	16,10	15,94	15,82	15,65	15,43	15,21	14,97	14,73	14,44	14,12	13,80	16,72	0
20/07/2020 07:45:00	16,83	16,59	16,27	16,05	15,89	15,70	15,46	15,24	15,00	14,76	14,49	14,19	13,90	16,89	0
20/07/2020 07:50:00	16,85	16,61	16,29	16,05	15,86	15,68	15,41	15,17	14,92	14,67	14,39	14,08	13,77	17,01	0
20/07/2020 07:55:00	17,11	16,90	16,57	16,34	16,20	15,97	15,72	15,47	15,23	14,98	14,69	14,38	14,06	17,12	0
20/07/2020 08:00:00	17,15	16,98	16,64	16,32	16,11	15,91	15,63	15,38	15,12	14,87	14,60	14,30	14,00	17,24	0
20/07/2020 08:05:00	17,30	17,03	16,65	16,35	16,12	15,88	15,60	15,35	15,09	14,83	14,55	14,24	13,93	17,38	0
20/07/2020 08:10:00	17,30	17,04	16,61	16,34	16,14	15,92	15,66	15,42	15,18	14,93	14,67	14,37	14,08	17,39	0
20/07/2020 08:15:00	17,52	17,27	16,89	16,61	16,42	16,22	15,97	15,73	15,49	15,24	14,98	14,68	14,38	17,54	0
20/07/2020 08:20:00	17,59	17,36	16,93	16,63	16,38	16,13	15,85	15,60	15,34	15,09	14,81	14,50	14,19	17,70	0
20/07/2020 08:25:00	17,77	17,50	17,03	16,67	16,41	16,15	15,86	15,60	15,34	15,09	14,82	14,52	14,23	18,09	0
20/07/2020 08:30:00	17,80	17,51	16,99	16,65	16,44	16,21	15,95	15,71	15,47	15,24	15,00	14,73	14,45	18,14	0
20/07/2020 08:35:00	17,90	17,63	17,07	16,64	16,33	16,04	15,75	15,48	15,22	14,98	14,72	14,45	14,18	18,23	0
20/07/2020 08:40:00	18,17	17,89	17,22	16,78	16,45	16,09	15,77	15,47	15,20	14,94	14,67	14,38	14,09	18,72	0
20/07/2020 08:45:00	18,42	18,11	17,39	16,83	16,41	16,06	15,71	15,40	15,12	14,86	14,61	14,33	14,06	19,03	0
20/07/2020 08:50:00	18,93	18,55	17,26	16,58	16,12	15,73	15,42	15,15	14,92	14,76	14,65	14,53	14,41	19,27	0
20/07/2020 08:55:00	19,71	19,11	17,31	16,52	15,94	15,49	15,14	14,86	14,65	14,53	14,48	14,42	14,36	19,43	0
20/07/2020 09:00:00	19,36	18,95	17,60	16,87	16,36	15,89	15,49	15,15	14,89	14,68	14,51	14,33	14,14	19,62	0
20/07/2020 09:05:00	18,86	18,46	17,71	17,11	16,64	16,24	15,89	15,57	15,28	15,01	14,74	14,46	14,17	19,23	0
20/07/2020 09:10:00	18,72	18,33	17,68	17,13	16,74	16,38	16,02	15,69	15,40	15,12	14,83	14,52	14,21	19,17	0
20/07/2020 09:15:00	18,67	18,37	17,64	17,03	16,58	16,22	15,86	15,54	15,25	14,98	14,72	14,44	14,17	19,07	0
20/07/2020 09:20:00	18,65	18,31	17,60	17,00	16,60	16,22	15,85	15,52	15,23	14,95	14,68	14,39	14,10	19,32	0
20/07/2020 09:25:00	18,78	18,36	17,56	16,95	16,55	16,16	15,82	15,52	15,25	15,01	14,77	14,52	14,26	19,36	0
20/07/2020 09:30:00	18,84	18,62	17,81	17,17	16,68	16,23	15,85	15,50	15,20	14,92	14,66	14,38	14,10	19,50	0
20/07/2020 09:35:00	18,80	18,40	17,64	17,10	16,68	16,30	15,96	15,65	15,37	15,11	14,85	14,56	14,28	19,39	0
20/07/2020 09:40:00	19,01	18,62	17,72	17,11	16,70	16,26	15,86	15,51	15,22	14,95	14,68	14,39	14,10	19,32	0
20/07/2020 09:45:00	19,24	18,89	17,75	17,08	16,58	16,17	15,78	15,45	15,18	14,94	14,74	14,52	14,30	19,68	0
20/07/2020 09:50:00	19,48	19,15	17,99	17,26	16,69	16,18	15,76	15,40	15,10	14,84	14,61	14,37	14,13	20,24	0
20/07/2020 09:55:00	19,65	19,27	17,95	17,21	16,67	16,11	15,67	15,31	15,02	14,78	14,56	14,34	14,11	20,79	0
20/07/2020 10:00:00	19,73	19,18	17,97	17,20	16,69	16,21	15,82	15,49	15,22	14,99	14,80	14,59	14,39	20,59	0
20/07/2020 10:05:00	19,91	19,33	18,09	17,39	16,91	16,46	16,04	15,71	15,44	15,20	14,99	14,75	14,52	20,37	0
20/07/2020 10:10:00	20,07	19,63	18,33	17,51	16,92	16,39	15,95	15,59	15,30	15,05	14,85	14,63	14,42	20,79	0
20/07/2020 10:15:00	20,32	19,63	18,24	17,43	16,86	16,39	15,98	15,64	15,38	15,16	14,98	14,78	14,58	20,61	0
20/07/2020 10:20:00	20,17	19,78	18,52	17,78	17,19	16,65	16,23	15,88	15,58	15,33	15,11	14,87	14,64	20,71	0
20/07/2020 10:25:00	20,42	19,75	18,36	17,53	16,90	16,34	15,86	15,48	15,17	14,91	14,68	14,43	14,18	21,16	0
20/07/2020 10:30:00	19,99	19,67	18,26	17,46	16,87	16,37	15,97	15,63	15,36	15,15	14,99	14,83	14,66	21,43	0
20/07/2020 10:35:00	19,83	19,43	18,36	17,62	17,08	16,62	16,21	15,87	15,58	15,33	15,10	14,86	14,62	21,98	0
20/07/2020 10:40:00	19,81	19,27	18,40	17,82	17,46	17,31	17,17	17,02	16,85	16,73	16,66	16,57	16,48	21,84	0
20/07/2020 10:45:00	19,53	19,24	18,72	18,24	17,90	17,58	17,26	16,97	16,69	16,42	16,12	15,80	15,49	20,80	0
20/07/2020 10:50:00	19,34	18,99	18,56	18,17	17,90	17,59	17,28	16,99	16,71	16,43	16,10	15,75	15,40	19,79	0
20/07/2020 10:55:00	19,25	19,00	18,63	18,21	17,85	17,50	17,17	16,86	16,56	16,24	15,89	15,51	15,14	20,09	0
20/07/2020 11:00:00	19,21	18,98	18,54	18,06	17,68	17,33	16,97	16,65	16,34	16,02	15,68	15,32	14,96	19,92	0
20/07/2020 11:05:00	19,08	18,98	18,58	18,09	17,69	17,27	16,90	16,55	16,21	15,88	15,51	15,13	14,74	19,67	0
20/07/2020 11:10:00	19,18	19,02	18,54	18,04	17,64	17,21	16,83	16,48	16,16	15,83	15,47	15,10	14,72	19,99	0
20/07/2020 11:15:00	19,21	18,99	18,48	17,97	17,56	17,17	16,79	16,45	16,13	15,81	15,47	15,11	14,74	19,96	0
20/07/2020 11:20:00	19,12	18,82	18,27	17,84	17,48	17,13	16,80	16,49	16,20	15,91	15,60	15,26	14,92	19,86	0
20/07/2020 11:25:00	19,12	18,94	18,36	17,88	17,50	17,10	16,73	16,39	16,09	15,78	15,46	15,11	14,77	19,79	0
20/07/2020 11:30:00	19,15	18,94	18,42	18,04	17,71	17,30	16,95	16,63	16,32	16,01	15,67	15,29	14,92	19,82	0
20/07/2020 11:35:00	19,20	18,97	18,46	17,98	17,59	17,22	16,89	16,59	16,29	16,00	15,68	15,35	15,02	19,88	0
20/07/2020 11:40:00	19,43	19,27	18,47	17,93	17,49	17,05	16,67	16,33	16,03	15,74	15,45	15,14	14,83	19,99	0
20/07/2020 11:45:00	19,71	19,40	18,29	17,58	17,05	16,59	16,21	15,89	15,61	15,38	15,17	14,96	14,75	20,13	0
20/07/2020 11:50:00	20,19	19,52	18,25	17,55	17,08	16,70	16,34	16,05	15,82	15,63	15,47	15,30	15,12	20,80	0
20/07/2020 11:55:00	20,44	19,72	18,39	17,63	17,13	16,72	16,34	16,03	15,79	15,59	15,42	15,24	15,06	21,02	0
20/07/2020 12:00:00	20,56	19,83	18,37	17,64	17,13	16,68	16,33	16,04	15,81	15,63	15,48	15,32	15,16	21,06	0
20/07/2020 12:05:00	20,65	20,04	18,70	17,94	17,41	16,98	16,60	16,29	16,04	15,84	15,68	15,50	15,32	21,69	0
20/07/2020 12:10:00	20,81	20,23	18,92	18,10	17,57	17,09	16,67	16,33	16,06	15,84	15,66	15,45	15,25	21,98	0
20/07/2020 12:15:00	20,99	20,39	19,33	18,65	18,15	17,68	17,25	16,90	16,60	16,32	16,03	15,72	15,42	23,60	0
20/07/2020 12:20:00	20,60	20,16	19,51	18,92	18,52	18,11	17,68	17,32	17,00	16,68	16,32	15,94	15,56	22,28	0
20/07/2020 12:25:00	20,49	20,16	19,52	18,98	18,55	18,15	17,81	17,49	17,20	16,91	16,60	16,28	15,95	21,82	0
20/07/2020 12:30:00	20,32	20,23	19,62	18,99	18,48	18,01	17,65	17,31	16,99	16,69	16,39	16,07	15,76	21,41	0
20/07/2020 12:35:00	20,26	20,14	19,68	19,17	18,76	18,28	17,85	17,47	17,13	16,76	16,36	15,93	15,50	21,34	0
20/07/2020 12:40:00	20,38	20,25	19,85	19,28	18,85	18,38	17,96	17,57	17,22	16,86	16,45	16,03	15,60	21,70	0
20/07/2020 12:45:00	20,43	20,67	19,92	19,27	18,76	18,24	17,75	17,34	16,98	16,64	16,29	15,93	15,57	21,72	0
20/07/2020 12:50:00	21,05	20,67	19,82	19,14	18,66	18,22	17,82	17,48	17,18	16,89	16,61	16,30	16,00	22,57	0
20/07/2020 13:30:00	21,33	21,22	20,89	20,48	20,05	19,56	19,11	18,71	18,34	17,93	17,45	16,94	16,43	22,85	0
20/07/2020 13:35:00	20,91	21,26	21,07	20,68	20,20	19,70	19,22	18,78	18,37	17,93	17,42	16,88	16,34	21,99	0
20/07/2020 13:40:00	21,76	21,59	20,79	20,32	19,80	19,27	18,87	18,52	18,19	17,87	17,51	17,13	16,74	22,17	0
20/07/2020 13:45:00	22,70	21,70	20,75	20,13	19,63	19,20	18,81	18,48	18,20	17,91	17,58	17,23	16,87	22,87	0
20/07/2020 13:50:00	22,97	21,80	20,72	20,11	19,61	19,14	18,81	18,53	18,28	18,04	17,78	17,48	17,19	23,49	0
20/07/2020 13:55:00	22,85	21,59	20,69	20,15	19,64	19,14	18,74	18,40	18,11	17,78	17,40	16,98	16,56	22,81	0
20/07/2020 14:00:00	21,15	21,35	21,08	20,73	20,31	19,83	19,39	18,99	18,62	18,21	17,72	17,21	16,70	22,09	0
20/07/2020 14:05:00	21,09	21,43	20,95	20,51	20,04	19,56	19,13	18,74	18,38	18,03	17,63	17,21	16,79	21,92	0
20/07/2020 14:10:00	21,11	21,05	20,69	20,28	19,85	19,40	18,98	18,60	18,24	17,86	17,41	16,93	16,45	21,96	0
20/07/2020 14:15:00	21,08	21,05	20,73	20,31	19,92	19,47	19,02	18,62	18,25	17,85	17,38	16,88	16,38	21,84	0
20/07/2020 14:20:00	21,07	21,07	20,74	20,38	20,02	19,60	19,15	18,76	18,41	18,02	17,55	17,05	16,55	21,67	0
20/07/2020 14:25:00	21,12	21,19	20,84	20,38	19,94	19,46	18,99	18,58	18,21	17,80	17,34	16,85	16,36	22,13	0
20/07/2020 14:30:00	21,04	21,14	20,83	20,35	19,86	19,37	18,92	18,50	18,12	17,71	17,24	16,75	16,25	21,82	0
20/07/2020 14:35:00	20,80	20,94	20,63	20,27	19,81	19,39	18,98	18,60	18,24	17,85	17,40	16,92	16,44	21,62	0
20/07/2020 14:40:00	21,02	21,17	20,89	20,51	20,15	19,76	19,34	18,97	18,62	18,25	17,81	17,34	16,87	21,43	0
20/07/2020 14:45:00	21,20	21,24	20,95	20,57	20,10	19,62	19,19	18,79	18,41	18,00	17,52	17,00	16,49	21,74	0
20/07/2020 14:50:00	21,35	21,11	20,60	20,23	19,87	19,48	19,13	18,82	18,52	18,20	17,83	17,42	17,01	21,85	0
20/07/2020 14:55:00	21,93	21,19	20,39	19,96	19,57	19,16	18,84	18,55	18,29	18,01	17,69	17,34	16,98	22,07	0
20/07/2020 15:00:00	21,47	21,12	20,62	20,22	19,83	19,43	19,08	18,76	18,46	18,14	17,76	17,35	16,94	21,64	0
20/07/2020 15:05:00	22,63	21,37	20,53	20,03	19,62	19,27	18,92	18,64	18,38	18,09	17,75	17,37	17,00	22,41	0
20/07/2020 15:10:00	22,52	21,55	20,58	20,04	19,64	19,28	18,94	18,66	18,41	18,17	17,89	17,58	17,27	22,48	0
20/07/2020 15:15:00	22,64	21,78	20,81	20,28	19,83	19,46	19,14	18,86	18,61	18,36	18,08	17,77	17,45	23,04	0
20/07/2020 15:20:00	22,67	21,87	21,01	20,49	20,03	19,57	19,18	18,86	18,57	18,26	17,92	17,54	17,16	23,13	0
20/07/2020 15:25:00	22,63	21,91	20,99	20,45	20,00	19,63	19,28	18,99	18,73	18,47	18,19	17,87	17,56	22,92	0
20/07/2020 15:30:00	22,59	22,05	21,25	20,63	20,05	19,54	19,10	18,72	18,38	18,04	17,66	17,25	16,85	23,04	0
20/07/2020 15:35:00	22,45	21,81	20,92	20,40	19,96	19,56	19,18	18,87	18,60	18,32	18,02	17,67	17,33	22,93	0
20/07/2020 15:40:00	22,52	22,08	21,22	20,66	20,14	19,67	19,22	18,84	18,52	18,19	17,82	17,42	17,01	22,91	0
20/07/2020 15:45:00	22,68	22,02	21,26	20,80	20,32	19,87	19,47	19,13	18,82	18,49	18,10	17,67	17,25	23,40	0
20/07/2020 15:50:00	22,78	22,18	21,28	20,76	20,24	19,80	19,45	19,14	18,86	18,57	18,25	17,91	17,56	23,39	0
20/07/2020 15:55:00	22,71	22,11	21,23	20,66	20,16	19,73	19,35	19,03	18,74	18,45	18,13	17,79	17,45	23,53	0
20/07/2020 16:00:00	22,73	22,13	21,38	20,85	20,38	19,91	19,52	19,17	18,86	18,54	18,17	17,78	17,38	22,92	0
20/07/2020 16:05:00	23,06	22,36	21,69	21,24	20,83	20,44	20,05	19,72	19,42	19,09	18,69	18,25	17,81	23,25	0
20/07/2020 16:10:00	23,17	22,55	21,67	21,17	20,64	20,17	19,77	19,42	19,12	18,79	18,43	18,03	17,63	23,10	0
20/07/2020 16:15:00	22,84	22,41	21,74	21,20	20,73	20,30	19,92	19,59	19,29	18,97	18,62	18,24	17,86	23,41	0
20/07/2020 16:20:00	22,94	22,32	21,57	21,04	20,57	20,16	19,76	19,42	19,12	18,82	18,46	18,08	17,70	24,00	0
20/07/2020 16:25:00	22,99	22,52	21,72	21,13	20,55	20,09	19,70	19,35	19,04	18,73	18,39	18,03	17,66	23,54	0
20/07/2020 16:30:00	22,48	22,33	21,98	21,54	21,10	20,66	20,22	19,83	19,48	19,08	18,62	18,12	17,63	23,57	0
20/07/2020 16:35:00	21,92	22,10	21,85	21,46	21,04	20,58	20,16	19,77	19,40	19,00	18,53	18,03	17,52	22,69	0
20/07/2020 16:40:00	21,80	22,06	21,79	21,45	21,04	20,55	20,11	19,71	19,33	18,92	18,43	17,90	17,38	22,76	0
20/07/2020 16:45:00	21,64	21,85	21,67	21,35	20,95	20,49	20,07	19,68	19,31	18,90	18,40	17,88	17,36	22,44	0
20/07/2020 16:50:00	21,50	21,79	21,65	21,40	21,02	20,60	20,21	19,83	19,47	19,06	18,57	18,05	17,52	22,27	0
20/07/2020 16:55:00	21,76	22,17	22,02	21,70	21,30	20,84	20,41	20,02	19,64	19,23	18,73	18,21	17,68	22,24	0
20/07/2020 17:00:00	22,08	22,40	22,28	21,99	21,63	21,22	20,82	20,45	20,09	19,69	19,20	18,68	18,16	22,15	0
20/07/2020 17:05:00	22,28	22,61	22,45	22,19	21,83	21,39	20,99	20,61	20,25	19,84	19,35	18,82	18,29	22,25	0
20/07/2020 17:10:00	22,30	22,62	22,48	22,19	21,80	21,39	20,99	20,61	20,25	19,84	19,35	18,82	18,30	22,33	0
20/07/2020 17:15:00	22,58	22,64	22,35	21,98	21,54	21,12	20,72	20,35	20,01	19,63	19,19	18,71	18,23	22,43	0
20/07/2020 17:20:00	22,49	22,66	22,37	22,04	21,61	21,16	20,77	20,40	20,05	19,67	19,21	18,72	18,23	22,60	0
20/07/2020 17:25:00	23,05	22,75	22,20	21,78	21,35	20,97	20,60	20,27	19,96	19,63	19,24	18,81	18,38	22,94	0
20/07/2020 17:30:00	22,64	22,71	22,42	22,07	21,69	21,25	20,83	20,45	20,09	19,69	19,20	18,68	18,16	23,13	0
20/07/2020 17:35:00	22,75	22,81	22,44	22,03	21,59	21,18	20,78	20,42	20,08	19,72	19,29	18,84	18,38	22,77	0
20/07/2020 17:40:00	23,11	23,06	22,58	22,13	21,69	21,26	20,85	20,48	20,15	19,79	19,36	18,91	18,45	23,38	0
20/07/2020 17:45:00	23,33	23,28	22,76	22,31	21,81	21,32	20,91	20,53	20,19	19,83	19,40	18,95	18,51	24,26	0
20/07/2020 17:50:00	22,56	22,46	22,04	21,64	21,27	20,88	20,50	20,15	19,83	19,48	19,07	18,62	18,17	22,76	0
20/07/2020 17:55:00	20,64	20,11	20,00	20,04	20,05	20,07	19,98	19,87	19,71	19,50	19,22	18,88	18,54	21,74	0
20/07/2020 18:00:00	18,93	19,29	19,61	19,82	20,04	20,17	20,22	20,19	20,06	19,90	19,69	19,43	19,16	18,49	0
20/07/2020 18:05:00	19,05	19,57	20,09	20,13	20,17	20,25	20,20	20,08	19,87	19,64	19,34	19,00	18,66	17,87	0
20/07/2020 18:10:00	18,89	19,51	20,02	20,18	20,25	20,29	20,21	20,06	19,84	19,57	19,23	18,84	18,45	17,61	0
20/07/2020 18:15:00	18,95	19,58	20,03	20,10	20,12	20,17	20,12	20,00	19,79	19,55	19,26	18,93	18,60	17,51	0
20/07/2020 18:20:00	18,88	19,35	19,69	19,72	19,80	19,89	19,80	19,67	19,48	19,26	18,99	18,68	18,36	17,41	0
20/07/2020 18:25:00	18,38	18,82	19,29	19,57	19,69	19,71	19,68	19,58	19,37	19,13	18,79	18,40	18,02	17,12	0
20/07/2020 18:30:00	17,92	18,52	19,17	19,53	19,74	19,83	19,82	19,73	19,54	19,29	18,94	18,54	18,14	16,79	0
20/07/2020 18:35:00	18,25	18,93	19,54	19,71	19,81	19,81	19,71	19,55	19,31	19,02	18,65	18,23	17,81	17,01	0
20/07/2020 18:40:00	18,12	18,68	19,21	19,36	19,44	19,48	19,39	19,25	19,02	18,76	18,42	18,03	17,65	17,14	0
20/07/2020 18:45:00	18,29	18,75	19,23	19,38	19,51	19,59	19,52	19,40	19,20	18,96	18,64	18,28	17,92	17,22	0
20/07/2020 18:50:00	18,19	18,71	19,22	19,38	19,48	19,49	19,39	19,24	19,01	18,74	18,39	17,99	17,59	17,35	0
20/07/2020 18:55:00	18,38	18,90	19,36	19,52	19,55	19,51	19,40	19,24	19,00	18,71	18,34	17,93	17,51	17,51	0
20/07/2020 19:00:00	18,57	19,15	19,62	19,68	19,65	19,55	19,35	19,12	18,84	18,50	18,08	17,62	17,16	17,94	0
20/07/2020 19:05:00	18,73	19,16	19,47	19,49	19,41	19,26	19,06	18,83	18,55	18,23	17,82	17,38	16,94	18,12	0
20/07/2020 19:10:00	18,78	19,02	19,35	19,40	19,34	19,28	19,15	18,98	18,73	18,45	18,08	17,68	17,27	18,22	0
20/07/2020 19:15:00	18,82	19,14	19,43	19,41	19,27	19,14	18,95	18,71	18,43	18,11	17,71	17,27	16,84	18,34	0
20/07/2020 19:20:00	18,83	19,03	19,16	19,18	19,24	19,19	19,04	18,88	18,66	18,42	18,11	17,76	17,41	18,47	0
20/07/2020 19:25:00	18,72	18,93	19,12	19,14	19,15	19,09	18,95	18,77	18,55	18,29	17,96	17,59	17,22	18,26	0
20/07/2020 19:30:00	18,80	19,11	19,42	19,45	19,42	19,35	19,19	18,99	18,74	18,45	18,09	17,68	17,28	18,47	0
20/07/2020 19:35:00	18,74	19,19	19,45	19,38	19,28	19,14	18,94	18,70	18,43	18,12	17,74	17,33	16,92	18,48	0
20/07/2020 19:40:00	18,54	19,07	19,42	19,37	19,24	19,06	18,82	18,56	18,26	17,91	17,49	17,03	16,58	18,49	0
20/07/2020 19:45:00	18,46	19,03	19,43	19,35	19,26	19,12	18,88	18,61	18,31	17,97	17,55	17,10	16,65	18,42	0
20/07/2020 19:50:00	18,35	19,09	19,46	19,37	19,22	19,07	18,83	18,56	18,25	17,91	17,50	17,06	16,62	18,23	0
20/07/2020 19:55:00	18,07	18,78	19,24	19,21	19,07	18,91	18,68	18,42	18,10	17,75	17,32	16,86	16,40	18,14	0
20/07/2020 20:00:00	17,95	18,90	19,37	19,36	19,24	19,05	18,76	18,45	18,11	17,72	17,25	16,75	16,25	17,91	0
20/07/2020 20:05:00	17,93	18,90	19,33	19,28	19,14	18,94	18,70	18,42	18,10	17,74	17,32	16,87	16,42	17,96	0
20/07/2020 20:10:00	17,91	18,82	19,26	19,21	19,07	18,88	18,61	18,31	17,98	17,61	17,17	16,70	16,23	17,97	0
20/07/2020 20:15:00	18,01	18,83	19,23	19,19	19,02	18,81	18,53	18,22	17,89	17,51	17,05	16,57	16,08	18,31	0
20/07/2020 20:20:00	17,98	18,76	19,27	19,21	19,07	18,90	18,63	18,33	17,99	17,61	17,15	16,66	16,16	17,99	0
20/07/2020 20:25:00	17,91	18,79	19,23	19,19	19,00	18,79	18,55	18,27	17,94	17,57	17,13	16,67	16,20	17,85	0
20/07/2020 20:30:00	17,87	18,74	19,31	19,27	19,10	18,90	18,64	18,35	18,00	17,61	17,13	16,63	16,13	17,56	0
20/07/2020 20:35:00	17,75	18,60	19,16	19,17	19,09	18,90	18,65	18,37	18,04	17,66	17,20	16,70	16,20	17,63	0
20/07/2020 20:40:00	17,64	18,69	19,24	19,18	19,09	18,90	18,60	18,28	17,93	17,55	17,08	16,58	16,08	17,58	0
20/07/2020 20:45:00	17,60	18,78	19,31	19,31	19,15	18,88	18,54	18,20	17,82	17,40	16,88	16,34	15,80	17,35	0
20/07/2020 20:50:00	17,31	18,37	19,00	18,97	18,82	18,63	18,37	18,07	17,71	17,32	16,84	16,34	15,85	17,29	0
20/07/2020 20:55:00	17,27	18,52	19,08	19,11	18,97	18,74	18,41	18,07	17,70	17,29	16,79	16,25	15,72	17,15	0
20/07/2020 21:00:00	17,09	18,14	18,82	18,81	18,71	18,54	18,24	17,92	17,56	17,15	16,65	16,12	15,60	17,12	0
20/07/2020 21:05:00	17,04	18,42	18,98	18,95	18,78	18,49	18,14	17,77	17,38	16,95	16,43	15,89	15,35	17,13	0
20/07/2020 21:10:00	17,16	18,36	19,03	19,01	18,83	18,56	18,26	17,92	17,54	17,10	16,58	16,04	15,50	17,07	0
20/07/2020 21:15:00	17,15	18,31	18,91	18,94	18,79	18,55	18,28	17,96	17,60	17,19	16,70	16,18	15,66	17,02	0
20/07/2020 21:20:00	17,10	18,32	18,84	18,85	18,69	18,42	18,11	17,78	17,40	16,99	16,50	15,98	15,45	17,05	0
20/07/2020 21:25:00	17,01	18,16	18,58	18,54	18,39	18,16	17,86	17,54	17,19	16,81	16,36	15,89	15,42	17,08	0
20/07/2020 21:30:00	17,00	18,19	18,75	18,76	18,56	18,31	17,97	17,61	17,22	16,79	16,27	15,72	15,17	17,29	0
20/07/2020 21:35:00	17,31	18,31	18,84	18,89	18,83	18,65	18,37	18,07	17,73	17,35	16,87	16,37	15,86	17,23	0
20/07/2020 21:40:00	17,20	18,49	18,96	18,96	18,75	18,50	18,18	17,84	17,48	17,07	16,59	16,08	15,58	17,19	0
20/07/2020 21:45:00	17,10	18,25	18,73	18,71	18,63	18,43	18,12	17,80	17,45	17,07	16,61	16,12	15,63	17,16	0
20/07/2020 21:50:00	17,14	18,22	18,74	18,73	18,63	18,40	18,10	17,79	17,44	17,05	16,57	16,08	15,58	17,15	0
20/07/2020 21:55:00	17,16	18,21	18,73	18,71	18,60	18,38	18,10	17,80	17,45	17,07	16,61	16,13	15,64	17,16	0
20/07/2020 22:00:00	17,05	18,24	18,75	18,73	18,52	18,22	17,91	17,56	17,18	16,76	16,26	15,73	15,21	17,02	0
20/07/2020 22:05:00	17,06	18,10	18,62	18,57	18,38	18,15	17,88	17,56	17,21	16,82	16,35	15,87	15,38	17,03	0
20/07/2020 22:10:00	16,93	17,97	18,51	18,51	18,37	18,12	17,83	17,51	17,16	16,76	16,27	15,76	15,25	16,94	0
20/07/2020 22:15:00	16,82	17,96	18,45	18,45	18,35	18,13	17,83	17,52	17,17	16,78	16,32	15,83	15,34	16,86	0
20/07/2020 22:20:00	16,74	18,08	18,62	18,65	18,47	18,23	17,87	17,51	17,13	16,71	16,20	15,67	15,14	16,71	0
20/07/2020 22:25:00	16,76	18,09	18,55	18,54	18,42	18,16	17,82	17,47	17,11	16,71	16,23	15,73	15,22	16,34	0
20/07/2020 22:30:00	16,69	17,96	18,50	18,54	18,41	18,19	17,87	17,53	17,17	16,77	16,28	15,76	15,25	16,57	0
20/07/2020 22:35:00	16,57	17,91	18,43	18,43	18,27	18,00	17,66	17,30	16,92	16,50	16,01	15,49	14,96	16,52	0
20/07/2020 22:40:00	16,47	17,79	18,33	18,42	18,25	17,96	17,60	17,24	16,85	16,41	15,88	15,32	14,76	16,53	0
20/07/2020 22:45:00	16,48	17,79	18,27	18,25	18,07	17,82	17,50	17,16	16,80	16,40	15,93	15,44	14,95	16,88	0
20/07/2020 22:50:00	16,75	18,09	18,55	18,51	18,32	18,01	17,74	17,42	17,05	16,66	16,20	15,73	15,26	16,89	0
20/07/2020 22:55:00	16,91	18,22	18,72	18,67	18,45	18,17	17,78	17,40	17,00	16,57	16,05	15,51	14,97	16,84	0
20/07/2020 23:00:00	17,01	18,19	18,57	18,46	18,26	17,99	17,69	17,35	17,00	16,62	16,18	15,72	15,26	16,70	0
20/07/2020 23:05:00	16,83	18,13	18,58	18,52	18,35	18,06	17,71	17,35	16,97	16,56	16,07	15,56	15,05	16,44	0
20/07/2020 23:10:00	16,85	18,02	18,48	18,46	18,27	18,05	17,76	17,45	17,09	16,71	16,25	15,77	15,30	16,88	0
20/07/2020 23:15:00	16,83	18,02	18,46	18,43	18,29	18,07	17,73	17,39	17,03	16,64	16,17	15,68	15,19	16,82	0
20/07/2020 23:20:00	16,70	18,04	18,44	18,40	18,24	17,97	17,66	17,33	16,97	16,58	16,13	15,66	15,19	16,74	0
20/07/2020 23:25:00	16,70	17,99	18,46	18,43	18,23	17,98	17,71	17,39	17,03	16,65	16,20	15,74	15,27	16,59	0
20/07/2020 23:30:00	16,44	17,73	18,20	18,15	17,95	17,69	17,32	16,95	16,57	16,15	15,65	15,14	14,62	16,46	0
20/07/2020 23:35:00	16,45	17,74	18,09	18,01	17,82	17,57	17,25	16,91	16,55	16,18	15,74	15,29	14,84	16,70	0
20/07/2020 23:40:00	16,47	17,69	18,10	18,03	17,78	17,49	17,16	16,81	16,43	16,02	15,55	15,06	14,58	16,47	0
20/07/2020 23:45:00	16,57	17,70	18,06	17,99	17,73	17,42	17,07	16,71	16,33	15,91	15,43	14,93	14,42	16,47	0
20/07/2020 23:50:00	16,53	17,75	18,11	18,02	17,80	17,49	17,13	16,76	16,38	15,98	15,50	15,00	14,51	16,67	0
20/07/2020 23:55:00	16,51	17,68	18,04	17,95	17,73	17,46	17,13	16,79	16,42	16,04	15,59	15,12	14,65	16,97	0
