FileFormat:0002.2 file with temperature of atmosphere
200
local	GMT or Local
0	GMT-Local=[hours]
0	Height[m]
0	0	0	Longitude                [grd]               [min]               [sec]
0	0	0	Latitude                [grd]               [min]               [sec]
N	NS
59,40	Freq[GHz]
0,00	dTemostat[K]
0,150	MessErr[K]
0,248	//[grad/step]
version 14.0.20110218
MTP5H033F5940K-33.00D180214+A1.1
Commentary:
enter comment
End Of Commentary

SYSTEM\summer.dat
data time	0	50	100	150	200	250	300	350	400	450	500	550	600	OutsideTemperature	Quality
24/09/2020 00:00:00	12,24	14,90	16,69	17,37	17,69	17,79	17,66	17,42	17,07	16,64	16,08	15,48	14,88	12,15	0
24/09/2020 00:05:00	12,16	14,97	16,75	17,38	17,68	17,68	17,53	17,27	16,88	16,42	15,84	15,22	14,60	11,92	0
24/09/2020 00:10:00	12,04	14,79	16,62	17,28	17,63	17,69	17,56	17,31	16,95	16,50	15,93	15,32	14,71	11,82	0
24/09/2020 00:15:00	11,76	14,56	16,45	17,12	17,40	17,43	17,30	17,05	16,66	16,19	15,59	14,96	14,33	11,79	0
24/09/2020 00:20:00	11,76	14,47	16,40	17,03	17,34	17,44	17,29	17,03	16,65	16,20	15,61	14,98	14,36	11,71	0
24/09/2020 00:25:00	11,75	14,40	16,26	16,95	17,33	17,49	17,34	17,10	16,75	16,33	15,77	15,17	14,58	11,72	0
24/09/2020 00:30:00	11,87	14,60	16,48	17,19	17,52	17,61	17,50	17,27	16,90	16,46	15,88	15,27	14,66	11,90	0
24/09/2020 00:35:00	11,83	14,59	16,44	17,09	17,38	17,49	17,38	17,14	16,78	16,34	15,78	15,19	14,60	11,75	0
24/09/2020 00:40:00	11,65	14,39	16,18	16,85	17,20	17,31	17,16	16,91	16,55	16,12	15,57	14,98	14,39	11,54	0
24/09/2020 00:45:00	11,58	14,28	16,07	16,80	17,19	17,29	17,22	17,02	16,69	16,28	15,75	15,18	14,61	11,42	0
24/09/2020 00:50:00	11,59	14,28	16,12	16,92	17,30	17,46	17,34	17,12	16,78	16,36	15,80	15,20	14,60	11,65	0
24/09/2020 00:55:00	11,62	14,40	16,18	16,87	17,22	17,32	17,20	16,97	16,62	16,20	15,65	15,07	14,49	11,62	0
24/09/2020 01:00:00	11,56	14,30	16,06	16,77	17,09	17,24	17,09	16,85	16,51	16,09	15,55	14,98	14,41	11,50	0
24/09/2020 01:05:00	11,54	14,33	16,03	16,65	16,95	17,03	16,87	16,62	16,26	15,83	15,30	14,73	14,16	11,60	0
24/09/2020 01:10:00	11,62	14,27	15,77	16,39	16,74	16,78	16,66	16,43	16,10	15,72	15,23	14,71	14,19	11,62	0
24/09/2020 01:15:00	11,72	14,28	15,83	16,42	16,74	16,94	16,86	16,67	16,37	16,03	15,59	15,13	14,66	11,60	0
24/09/2020 01:20:00	11,71	14,44	16,00	16,69	17,03	17,12	17,05	16,85	16,53	16,16	15,68	15,16	14,65	11,76	0
24/09/2020 01:25:00	11,71	14,52	16,04	16,65	16,92	16,99	16,88	16,65	16,32	15,93	15,45	14,93	14,42	11,67	0
24/09/2020 01:30:00	11,58	14,36	15,96	16,72	17,05	17,19	17,03	16,80	16,47	16,08	15,57	15,02	14,48	11,62	0
24/09/2020 01:35:00	11,66	14,32	15,90	16,59	16,95	17,09	16,99	16,78	16,47	16,10	15,62	15,10	14,58	11,68	0
24/09/2020 01:40:00	11,64	14,15	15,84	16,61	17,00	17,13	17,03	16,83	16,51	16,12	15,60	15,03	14,47	11,63	0
24/09/2020 01:45:00	11,60	14,25	15,99	16,73	17,13	17,19	17,14	16,95	16,62	16,21	15,68	15,11	14,53	11,63	0
24/09/2020 01:50:00	11,68	14,29	16,05	16,86	17,30	17,45	17,33	17,11	16,79	16,39	15,85	15,26	14,68	11,73	0
24/09/2020 01:55:00	11,77	14,32	15,98	16,70	17,05	17,21	17,13	16,94	16,63	16,25	15,76	15,22	14,69	11,49	0
24/09/2020 02:00:00	11,73	14,37	16,05	16,83	17,25	17,37	17,30	17,12	16,80	16,42	15,91	15,35	14,80	11,30	0
24/09/2020 02:05:00	11,44	14,01	15,79	16,60	16,99	17,15	17,07	16,88	16,56	16,16	15,63	15,06	14,48	11,40	0
24/09/2020 02:10:00	11,37	13,92	15,75	16,62	17,09	17,24	17,21	17,04	16,74	16,35	15,82	15,25	14,68	11,28	0
24/09/2020 02:15:00	11,30	13,85	15,68	16,48	16,94	17,12	17,07	16,90	16,59	16,20	15,69	15,13	14,57	11,33	0
24/09/2020 02:20:00	11,23	13,75	15,64	16,50	16,95	17,10	17,09	16,94	16,63	16,23	15,69	15,11	14,53	11,24	0
24/09/2020 02:25:00	11,24	13,71	15,50	16,27	16,72	16,93	16,91	16,77	16,48	16,11	15,63	15,11	14,59	11,08	0
24/09/2020 02:30:00	11,19	13,67	15,49	16,34	16,80	17,03	16,98	16,81	16,52	16,14	15,64	15,08	14,53	10,83	0
24/09/2020 02:35:00	10,93	13,38	15,24	16,04	16,51	16,74	16,67	16,50	16,20	15,82	15,31	14,75	14,20	10,84	0
24/09/2020 02:40:00	10,90	13,37	15,15	15,95	16,37	16,60	16,58	16,43	16,15	15,79	15,31	14,80	14,28	10,90	0
24/09/2020 02:45:00	10,90	13,29	15,11	15,96	16,38	16,66	16,66	16,53	16,25	15,89	15,42	14,89	14,37	10,63	0
24/09/2020 02:50:00	10,67	13,18	14,92	15,76	16,25	16,43	16,40	16,25	15,96	15,60	15,12	14,59	14,07	10,75	0
24/09/2020 02:55:00	10,90	13,38	15,10	15,87	16,28	16,50	16,48	16,34	16,05	15,70	15,23	14,73	14,23	10,85	0
24/09/2020 03:00:00	10,71	13,29	15,00	15,77	16,19	16,32	16,25	16,07	15,76	15,38	14,88	14,34	13,80	10,73	0
24/09/2020 03:05:00	10,71	13,22	14,84	15,60	16,02	16,29	16,23	16,06	15,79	15,46	15,02	14,55	14,08	10,88	0
24/09/2020 03:10:00	10,99	13,58	15,17	15,89	16,28	16,46	16,39	16,21	15,92	15,57	15,12	14,63	14,14	11,05	0
24/09/2020 03:15:00	11,00	13,47	15,09	15,87	16,31	16,53	16,50	16,35	16,08	15,75	15,31	14,82	14,34	10,98	0
24/09/2020 03:20:00	10,97	13,33	14,96	15,77	16,21	16,40	16,45	16,35	16,09	15,76	15,33	14,85	14,37	10,82	0
24/09/2020 03:25:00	10,95	13,30	14,97	15,79	16,30	16,53	16,56	16,45	16,19	15,87	15,44	14,96	14,49	10,77	0
24/09/2020 03:30:00	10,89	13,39	15,07	15,87	16,40	16,63	16,62	16,48	16,22	15,89	15,46	14,98	14,50	10,88	0
24/09/2020 03:35:00	10,86	13,36	15,19	16,00	16,45	16,71	16,70	16,55	16,27	15,91	15,43	14,91	14,39	10,57	0
24/09/2020 03:40:00	10,82	13,22	15,09	16,00	16,53	16,84	16,86	16,75	16,49	16,15	15,68	15,16	14,64	10,75	0
24/09/2020 03:45:00	10,80	13,26	15,07	16,00	16,53	16,81	16,83	16,72	16,46	16,13	15,67	15,16	14,65	10,64	0
24/09/2020 03:50:00	10,66	13,14	14,92	15,77	16,24	16,47	16,48	16,35	16,07	15,72	15,25	14,74	14,23	10,62	0
24/09/2020 03:55:00	10,59	13,04	14,86	15,75	16,29	16,56	16,61	16,51	16,25	15,92	15,47	14,98	14,49	10,60	0
24/09/2020 04:00:00	10,73	13,27	15,06	15,93	16,47	16,71	16,73	16,61	16,35	16,01	15,56	15,06	14,56	10,73	0
24/09/2020 04:05:00	10,69	13,17	14,99	15,89	16,39	16,67	16,71	16,60	16,34	16,01	15,55	15,05	14,55	10,47	0
24/09/2020 04:10:00	10,56	12,99	14,82	15,72	16,25	16,59	16,62	16,52	16,27	15,95	15,51	15,02	14,54	10,55	0
24/09/2020 04:15:00	10,55	12,97	14,76	15,68	16,27	16,60	16,62	16,53	16,29	15,98	15,55	15,07	14,60	10,30	0
24/09/2020 04:20:00	10,51	12,98	14,82	15,76	16,31	16,61	16,65	16,55	16,30	15,97	15,52	15,02	14,52	9,97	0
24/09/2020 04:25:00	10,49	12,90	14,74	15,66	16,20	16,52	16,55	16,45	16,19	15,87	15,42	14,92	14,42	10,20	0
24/09/2020 04:30:00	10,49	12,93	14,75	15,64	16,14	16,41	16,50	16,42	16,16	15,84	15,40	14,92	14,43	10,37	0
24/09/2020 04:35:00	10,37	12,75	14,62	15,52	16,09	16,38	16,40	16,29	16,03	15,70	15,24	14,73	14,22	10,39	0
24/09/2020 04:40:00	10,32	12,84	14,63	15,55	16,07	16,34	16,36	16,25	15,99	15,66	15,21	14,71	14,21	10,33	0
24/09/2020 04:45:00	10,24	12,66	14,50	15,43	15,97	16,30	16,32	16,22	15,97	15,65	15,20	14,71	14,21	10,25	0
24/09/2020 04:50:00	10,39	12,79	14,56	15,45	16,03	16,38	16,42	16,33	16,10	15,80	15,39	14,93	14,47	10,34	0
24/09/2020 04:55:00	10,33	12,84	14,61	15,53	16,05	16,36	16,36	16,24	15,99	15,66	15,22	14,74	14,25	10,37	0
24/09/2020 05:00:00	10,41	12,95	14,70	15,59	16,10	16,34	16,34	16,22	15,96	15,62	15,17	14,67	14,17	10,39	0
24/09/2020 05:05:00	10,32	12,82	14,54	15,41	15,94	16,24	16,27	16,17	15,93	15,62	15,21	14,75	14,30	10,27	0
24/09/2020 05:10:00	10,30	12,73	14,44	15,33	15,86	16,14	16,20	16,12	15,88	15,57	15,16	14,70	14,24	9,97	0
24/09/2020 05:15:00	9,94	12,45	14,18	15,11	15,64	15,89	15,94	15,84	15,59	15,28	14,85	14,37	13,90	9,99	0
24/09/2020 05:20:00	9,94	12,46	14,24	15,16	15,70	15,97	16,00	15,90	15,65	15,32	14,88	14,40	13,92	10,07	0
24/09/2020 05:25:00	9,97	12,37	14,18	15,13	15,63	15,91	15,93	15,82	15,56	15,22	14,76	14,24	13,73	9,78	0
24/09/2020 05:30:00	9,95	12,42	14,23	15,18	15,74	15,95	15,98	15,88	15,61	15,26	14,79	14,28	13,76	10,21	0
24/09/2020 05:35:00	9,90	12,33	14,11	15,05	15,60	15,86	15,92	15,83	15,58	15,26	14,82	14,34	13,85	10,09	0
24/09/2020 05:40:00	10,04	12,41	14,22	15,18	15,72	15,99	16,03	15,94	15,69	15,36	14,90	14,40	13,90	10,05	0
24/09/2020 05:45:00	9,98	12,39	14,16	15,09	15,64	15,91	15,99	15,91	15,67	15,35	14,93	14,45	13,98	9,77	0
24/09/2020 05:50:00	9,95	12,28	14,12	15,03	15,63	15,96	16,01	15,92	15,68	15,37	14,95	14,48	14,00	9,43	0
24/09/2020 05:55:00	9,92	12,27	14,08	15,04	15,58	15,86	15,92	15,84	15,59	15,26	14,81	14,32	13,82	9,35	0
24/09/2020 06:00:00	9,89	12,17	13,98	14,95	15,51	15,81	15,89	15,82	15,59	15,27	14,84	14,36	13,87	9,43	0
24/09/2020 06:05:00	9,87	12,17	13,87	14,84	15,40	15,72	15,77	15,70	15,47	15,18	14,78	14,32	13,87	9,82	0
24/09/2020 06:10:00	9,82	12,13	13,85	14,80	15,36	15,69	15,75	15,67	15,45	15,15	14,75	14,30	13,85	10,02	0
24/09/2020 06:15:00	9,80	12,06	13,89	14,91	15,50	15,80	15,89	15,83	15,60	15,29	14,85	14,36	13,87	9,50	0
24/09/2020 06:20:00	9,75	12,16	14,05	15,02	15,53	15,84	15,92	15,84	15,58	15,25	14,80	14,30	13,80	9,40	0
24/09/2020 06:25:00	9,75	12,16	14,01	15,00	15,58	15,92	15,90	15,77	15,53	15,20	14,75	14,24	13,73	9,90	0
24/09/2020 06:30:00	10,01	12,21	13,99	14,97	15,61	15,95	15,99	15,90	15,68	15,39	14,96	14,49	14,01	9,98	0
24/09/2020 06:35:00	9,91	12,20	13,92	14,86	15,44	15,71	15,82	15,76	15,53	15,24	14,83	14,38	13,92	9,93	0
24/09/2020 06:40:00	9,93	12,17	13,91	14,79	15,33	15,66	15,72	15,65	15,42	15,12	14,72	14,26	13,81	9,91	0
24/09/2020 06:45:00	9,91	12,07	13,70	14,61	15,17	15,50	15,62	15,58	15,38	15,11	14,75	14,33	13,92	9,86	0
24/09/2020 06:50:00	9,84	12,04	13,62	14,58	15,20	15,54	15,59	15,53	15,34	15,08	14,72	14,30	13,89	9,88	0
24/09/2020 06:55:00	9,90	12,08	13,71	14,65	15,22	15,56	15,66	15,62	15,42	15,15	14,79	14,37	13,95	9,95	0
24/09/2020 07:00:00	10,04	12,03	13,49	14,36	14,95	15,31	15,43	15,41	15,23	15,01	14,70	14,35	13,99	10,08	0
24/09/2020 07:05:00	10,05	12,06	13,43	14,22	14,89	15,21	15,30	15,27	15,10	14,90	14,62	14,28	13,95	10,03	0
24/09/2020 07:10:00	10,09	11,98	13,37	14,21	14,70	15,03	15,15	15,12	14,94	14,71	14,39	14,03	13,67	10,12	0
24/09/2020 07:15:00	10,23	12,05	13,21	14,00	14,48	14,82	14,92	14,89	14,73	14,53	14,28	13,97	13,67	10,23	0
24/09/2020 07:20:00	10,40	12,08	13,28	14,04	14,49	14,80	14,93	14,92	14,75	14,54	14,27	13,95	13,63	10,49	0
24/09/2020 07:25:00	10,47	12,12	13,23	13,91	14,35	14,64	14,85	14,88	14,73	14,55	14,33	14,07	13,81	10,50	0
24/09/2020 07:30:00	10,67	12,35	13,33	14,04	14,49	14,88	14,97	14,96	14,82	14,67	14,47	14,22	13,97	10,75	0
24/09/2020 07:35:00	10,88	12,46	13,45	14,17	14,61	14,95	15,06	15,05	14,91	14,74	14,52	14,24	13,97	10,87	0
24/09/2020 07:40:00	10,98	12,53	13,51	14,23	14,69	15,00	15,14	15,15	15,01	14,85	14,63	14,36	14,10	11,05	0
24/09/2020 07:45:00	11,20	12,63	13,74	14,50	14,99	15,33	15,43	15,42	15,27	15,08	14,82	14,50	14,19	11,22	0
24/09/2020 07:50:00	11,35	12,67	13,77	14,58	15,08	15,40	15,53	15,54	15,40	15,22	14,95	14,63	14,30	11,36	0
24/09/2020 07:55:00	11,48	12,75	13,92	14,70	15,22	15,53	15,66	15,67	15,52	15,32	15,03	14,68	14,34	11,38	0
24/09/2020 08:00:00	11,45	12,72	13,68	14,39	14,83	15,13	15,24	15,24	15,10	14,92	14,67	14,37	14,07	11,48	0
24/09/2020 08:05:00	11,62	12,76	13,38	13,94	14,32	14,61	14,68	14,66	14,54	14,41	14,23	14,01	13,79	11,57	0
24/09/2020 08:10:00	11,79	12,71	13,40	13,96	14,38	14,75	14,87	14,89	14,79	14,68	14,53	14,33	14,13	11,73	0
24/09/2020 08:15:00	11,87	12,93	13,54	14,09	14,53	14,79	14,90	14,91	14,80	14,68	14,52	14,31	14,10	11,92	0
24/09/2020 08:20:00	12,16	12,97	13,38	13,88	14,31	14,62	14,77	14,82	14,75	14,68	14,59	14,45	14,31	12,05	0
24/09/2020 08:25:00	12,10	12,90	13,30	13,85	14,27	14,59	14,61	14,59	14,50	14,40	14,26	14,07	13,87	12,17	0
24/09/2020 08:30:00	12,19	12,99	13,34	13,83	14,20	14,44	14,49	14,47	14,37	14,27	14,13	13,95	13,76	12,42	0
24/09/2020 08:35:00	12,37	13,03	13,34	13,82	14,16	14,46	14,54	14,55	14,46	14,38	14,27	14,11	13,95	12,29	0
24/09/2020 08:40:00	12,73	13,16	13,34	13,78	14,08	14,33	14,40	14,41	14,33	14,24	14,13	13,97	13,81	12,61	0
24/09/2020 08:45:00	12,96	13,28	13,38	13,75	14,02	14,29	14,39	14,41	14,34	14,28	14,21	14,09	13,96	12,89	0
24/09/2020 08:50:00	13,15	13,40	13,44	13,75	13,95	14,17	14,27	14,29	14,20	14,13	14,05	13,93	13,80	13,30	0
24/09/2020 08:55:00	13,39	13,54	13,45	13,74	13,98	14,20	14,24	14,24	14,17	14,11	14,04	13,93	13,81	14,03	0
24/09/2020 09:00:00	13,60	13,72	13,60	13,82	14,04	14,19	14,20	14,17	14,08	14,00	13,92	13,78	13,64	14,62	0
24/09/2020 09:05:00	13,95	13,85	13,61	13,86	14,12	14,28	14,29	14,27	14,21	14,15	14,08	13,96	13,83	14,85	0
24/09/2020 09:10:00	14,28	14,26	14,18	14,42	14,61	14,76	14,78	14,74	14,65	14,55	14,44	14,27	14,10	14,74	0
24/09/2020 09:15:00	14,44	14,37	14,23	14,47	14,65	14,75	14,74	14,69	14,58	14,47	14,34	14,15	13,96	14,93	0
24/09/2020 09:20:00	14,57	14,41	14,26	14,41	14,60	14,73	14,71	14,66	14,56	14,46	14,35	14,18	14,01	15,41	0
24/09/2020 09:25:00	15,04	14,75	14,57	14,75	14,90	15,05	15,08	15,06	14,98	14,89	14,80	14,65	14,50	15,45	0
24/09/2020 09:30:00	15,22	14,81	14,71	14,87	15,08	15,22	15,25	15,23	15,14	15,04	14,92	14,74	14,56	15,58	0
24/09/2020 09:35:00	15,30	14,90	14,88	15,01	15,19	15,30	15,31	15,27	15,16	15,04	14,88	14,68	14,47	15,86	0
24/09/2020 09:40:00	15,97	15,16	15,08	15,26	15,41	15,54	15,56	15,54	15,44	15,32	15,15	14,92	14,69	16,02	0
24/09/2020 09:45:00	15,80	15,41	15,28	15,35	15,52	15,64	15,60	15,53	15,42	15,30	15,15	14,95	14,75	16,12	0
24/09/2020 09:50:00	16,05	15,45	15,29	15,34	15,40	15,49	15,48	15,43	15,31	15,18	15,03	14,83	14,63	16,37	0
24/09/2020 09:55:00	16,02	15,58	15,41	15,41	15,53	15,58	15,52	15,43	15,31	15,17	15,01	14,80	14,60	16,55	0
24/09/2020 10:00:00	16,40	15,93	15,74	15,68	15,64	15,64	15,61	15,53	15,38	15,23	15,06	14,85	14,64	16,60	0
24/09/2020 10:05:00	16,54	16,20	16,13	16,15	16,18	16,23	16,14	16,03	15,88	15,70	15,49	15,23	14,97	16,74	0
24/09/2020 10:10:00	16,81	16,49	16,30	16,29	16,33	16,38	16,34	16,26	16,13	15,99	15,83	15,63	15,42	16,76	0
24/09/2020 10:15:00	17,02	16,55	16,35	16,29	16,32	16,36	16,30	16,21	16,07	15,92	15,75	15,54	15,33	16,84	0
24/09/2020 10:20:00	17,27	16,65	16,37	16,31	16,35	16,38	16,32	16,24	16,11	15,98	15,82	15,61	15,41	17,07	0
24/09/2020 10:25:00	17,32	16,77	16,51	16,45	16,42	16,41	16,33	16,22	16,07	15,90	15,71	15,47	15,24	17,51	0
24/09/2020 10:30:00	17,43	17,00	16,61	16,47	16,44	16,40	16,27	16,14	15,98	15,82	15,65	15,43	15,21	17,71	0
24/09/2020 10:35:00	17,75	17,05	16,53	16,40	16,37	16,39	16,31	16,22	16,09	15,98	15,85	15,68	15,50	18,16	0
24/09/2020 10:40:00	17,71	17,22	16,68	16,52	16,40	16,32	16,22	16,11	15,96	15,82	15,67	15,49	15,31	18,42	0
24/09/2020 10:45:00	18,06	17,69	17,11	16,83	16,68	16,59	16,47	16,34	16,18	16,05	15,92	15,76	15,60	18,27	0
24/09/2020 10:50:00	18,06	17,78	17,33	17,11	16,97	16,87	16,73	16,58	16,40	16,23	16,06	15,85	15,64	18,59	0
24/09/2020 10:55:00	18,31	17,98	17,44	17,27	17,13	16,96	16,76	16,58	16,38	16,19	15,98	15,72	15,46	19,16	0
24/09/2020 11:00:00	18,79	18,14	17,46	17,21	16,99	16,87	16,69	16,52	16,34	16,17	15,99	15,76	15,54	19,66	0
24/09/2020 11:05:00	18,88	18,32	17,60	17,32	17,11	16,94	16,74	16,55	16,36	16,19	16,00	15,77	15,54	19,52	0
24/09/2020 11:10:00	19,13	18,58	17,80	17,45	17,18	16,95	16,73	16,53	16,33	16,15	15,96	15,74	15,52	19,43	0
24/09/2020 11:15:00	19,15	18,67	17,92	17,60	17,39	17,17	16,93	16,72	16,52	16,33	16,12	15,88	15,64	20,15	0
24/09/2020 11:20:00	19,48	18,91	18,09	17,72	17,44	17,23	17,00	16,80	16,60	16,43	16,25	16,03	15,82	20,99	0
24/09/2020 11:25:00	19,68	19,14	18,24	17,83	17,52	17,25	16,98	16,76	16,55	16,36	16,17	15,95	15,73	21,28	0
24/09/2020 11:30:00	19,74	19,21	18,44	18,03	17,75	17,49	17,21	16,97	16,75	16,54	16,31	16,05	15,79	21,72	0
24/09/2020 11:35:00	19,80	19,46	18,74	18,29	17,91	17,59	17,28	16,99	16,74	16,49	16,23	15,95	15,66	20,94	0
24/09/2020 11:40:00	19,82	19,40	18,80	18,43	18,10	17,80	17,48	17,20	16,93	16,66	16,35	16,01	15,67	20,69	0
24/09/2020 11:45:00	19,73	19,81	19,15	18,77	18,38	17,97	17,59	17,26	16,95	16,65	16,32	15,96	15,61	20,49	0
24/09/2020 11:50:00	19,70	19,88	19,25	18,86	18,48	18,08	17,70	17,36	17,06	16,76	16,44	16,09	15,74	20,77	0
24/09/2020 11:55:00	19,62	19,97	19,39	18,99	18,55	18,13	17,73	17,37	17,05	16,73	16,39	16,03	15,67	21,33	0
24/09/2020 12:00:00	19,66	20,19	19,59	19,22	18,77	18,29	17,86	17,47	17,13	16,79	16,42	16,03	15,64	21,41	0
24/09/2020 12:05:00	19,85	20,39	19,83	19,39	18,90	18,44	18,00	17,60	17,25	16,91	16,54	16,15	15,77	21,78	0
24/09/2020 12:10:00	19,99	20,36	19,79	19,37	18,92	18,46	18,02	17,63	17,28	16,94	16,56	16,16	15,76	21,92	0
24/09/2020 12:15:00	20,03	20,52	19,92	19,47	18,97	18,48	18,00	17,58	17,21	16,85	16,45	16,04	15,62	21,47	0
24/09/2020 12:20:00	20,06	20,59	19,97	19,51	19,03	18,56	18,10	17,69	17,34	16,99	16,63	16,24	15,85	21,94	0
24/09/2020 12:25:00	20,34	20,70	20,11	19,65	19,17	18,69	18,25	17,85	17,50	17,14	16,76	16,36	15,96	22,29	0
24/09/2020 12:30:00	20,40	20,71	20,10	19,62	19,10	18,61	18,17	17,77	17,41	17,06	16,68	16,28	15,88	21,86	0
24/09/2020 12:35:00	20,67	20,56	19,98	19,47	19,04	18,64	18,25	17,90	17,59	17,28	16,93	16,57	16,20	21,56	0
24/09/2020 12:40:00	20,60	20,65	20,11	19,68	19,25	18,79	18,37	18,00	17,67	17,32	16,93	16,52	16,10	21,56	0
24/09/2020 12:45:00	20,97	20,73	20,11	19,63	19,19	18,76	18,33	17,95	17,63	17,28	16,90	16,48	16,07	21,91	0
24/09/2020 12:50:00	20,81	20,78	20,16	19,72	19,27	18,80	18,37	18,00	17,67	17,33	16,94	16,53	16,12	21,86	0
24/09/2020 12:55:00	21,17	20,91	20,26	19,76	19,28	18,79	18,36	17,98	17,64	17,29	16,90	16,47	16,05	22,11	0
24/09/2020 13:00:00	21,18	20,90	20,28	19,84	19,37	18,94	18,53	18,18	17,85	17,50	17,11	16,69	16,27	21,99	0
24/09/2020 13:05:00	21,44	20,79	20,02	19,53	19,11	18,68	18,32	18,00	17,72	17,42	17,09	16,73	16,37	22,46	0
24/09/2020 13:10:00	21,25	20,78	20,21	19,78	19,36	18,97	18,60	18,27	17,97	17,65	17,28	16,88	16,48	22,10	0
24/09/2020 13:15:00	20,62	20,77	20,39	19,98	19,54	19,10	18,68	18,29	17,94	17,57	17,15	16,70	16,26	21,75	0
24/09/2020 13:20:00	20,29	20,57	20,38	20,05	19,70	19,27	18,85	18,47	18,11	17,72	17,26	16,77	16,29	21,47	0
24/09/2020 13:25:00	20,35	20,92	20,77	20,41	20,01	19,57	19,14	18,74	18,36	17,96	17,50	17,02	16,53	21,29	0
24/09/2020 13:30:00	20,48	21,16	21,13	20,86	20,47	20,00	19,56	19,15	18,75	18,31	17,80	17,26	16,72	21,26	0
24/09/2020 13:35:00	20,77	21,44	21,37	21,07	20,66	20,24	19,82	19,42	19,03	18,62	18,13	17,62	17,11	21,22	0
24/09/2020 13:40:00	21,21	21,56	21,48	21,23	20,89	20,51	20,13	19,77	19,42	19,02	18,55	18,05	17,54	21,24	0
24/09/2020 13:45:00	21,06	21,61	21,55	21,27	20,86	20,42	20,03	19,65	19,27	18,86	18,37	17,86	17,36	21,20	0
24/09/2020 13:50:00	21,24	21,63	21,50	21,20	20,83	20,42	20,01	19,63	19,26	18,86	18,39	17,88	17,38	21,36	0
24/09/2020 13:55:00	21,46	21,75	21,55	21,21	20,83	20,44	20,03	19,66	19,30	18,91	18,46	17,97	17,48	21,63	0
24/09/2020 14:00:00	22,21	22,00	21,37	20,90	20,46	20,04	19,64	19,29	18,97	18,64	18,25	17,84	17,43	22,41	0
24/09/2020 14:05:00	22,06	21,87	21,36	20,90	20,48	20,08	19,70	19,36	19,04	18,71	18,34	17,93	17,52	22,49	0
24/09/2020 14:10:00	22,39	21,94	21,37	20,94	20,57	20,20	19,85	19,53	19,24	18,92	18,55	18,14	17,73	22,63	0
24/09/2020 14:15:00	22,43	22,16	21,50	21,04	20,58	20,17	19,79	19,46	19,15	18,83	18,47	18,09	17,70	22,78	0
24/09/2020 14:20:00	22,76	22,26	21,54	21,16	20,74	20,34	19,98	19,67	19,38	19,07	18,71	18,30	17,90	22,55	0
24/09/2020 14:25:00	22,89	22,31	21,64	21,25	20,86	20,46	20,10	19,80	19,51	19,20	18,83	18,42	18,01	22,80	0
24/09/2020 14:30:00	22,66	22,35	21,73	21,25	20,80	20,40	20,02	19,69	19,38	19,06	18,70	18,30	17,91	22,48	0
24/09/2020 14:35:00	22,10	22,16	21,82	21,45	21,05	20,60	20,18	19,80	19,44	19,05	18,59	18,09	17,60	21,91	0
24/09/2020 14:40:00	22,19	22,12	21,72	21,34	20,93	20,53	20,15	19,80	19,47	19,12	18,70	18,25	17,81	22,11	0
24/09/2020 14:45:00	22,08	22,09	21,82	21,46	21,07	20,65	20,26	19,91	19,57	19,20	18,75	18,27	17,79	22,16	0
24/09/2020 14:50:00	21,85	22,06	21,84	21,50	21,11	20,71	20,30	19,93	19,57	19,18	18,72	18,22	17,73	21,82	0
24/09/2020 14:55:00	21,71	22,08	21,90	21,58	21,21	20,77	20,37	20,00	19,64	19,24	18,78	18,28	17,79	21,94	0
24/09/2020 15:00:00	21,93	22,12	21,87	21,49	21,08	20,70	20,31	19,94	19,59	19,21	18,77	18,29	17,82	21,68	0
24/09/2020 15:05:00	22,16	22,15	21,86	21,53	21,15	20,76	20,38	20,04	19,71	19,35	18,92	18,45	17,99	22,14	0
24/09/2020 15:10:00	22,44	22,34	21,95	21,58	21,16	20,76	20,38	20,04	19,71	19,35	18,92	18,46	18,01	23,01	0
24/09/2020 15:15:00	22,46	22,30	21,82	21,38	20,93	20,51	20,14	19,81	19,49	19,15	18,76	18,34	17,92	22,30	0
24/09/2020 15:20:00	22,47	22,33	21,85	21,42	21,01	20,59	20,21	19,87	19,54	19,20	18,80	18,37	17,94	22,29	0
24/09/2020 15:25:00	21,98	22,19	21,96	21,61	21,23	20,84	20,45	20,09	19,75	19,38	18,93	18,46	17,99	21,97	0
24/09/2020 15:30:00	21,86	22,16	21,96	21,62	21,19	20,79	20,40	20,04	19,69	19,30	18,86	18,38	17,91	21,87	0
24/09/2020 15:35:00	21,85	22,10	21,88	21,54	21,15	20,72	20,31	19,94	19,58	19,19	18,72	18,23	17,73	21,85	0
24/09/2020 15:40:00	21,85	22,15	21,94	21,53	21,13	20,72	20,31	19,93	19,57	19,19	18,74	18,27	17,80	21,89	0
24/09/2020 15:45:00	22,03	22,15	21,92	21,57	21,21	20,80	20,40	20,03	19,67	19,29	18,82	18,33	17,83	21,96	0
24/09/2020 15:50:00	22,44	22,33	21,87	21,48	21,09	20,68	20,31	19,98	19,66	19,32	18,92	18,49	18,05	22,68	0
24/09/2020 15:55:00	22,29	22,39	22,06	21,65	21,20	20,74	20,31	19,91	19,55	19,16	18,69	18,20	17,71	22,38	0
24/09/2020 16:00:00	22,28	22,33	21,93	21,57	21,19	20,80	20,43	20,10	19,78	19,43	19,03	18,59	18,16	22,43	0
24/09/2020 16:05:00	22,31	22,37	21,97	21,55	21,13	20,72	20,32	19,96	19,62	19,26	18,85	18,40	17,96	22,51	0
24/09/2020 16:10:00	22,22	22,30	21,94	21,61	21,23	20,85	20,50	20,17	19,86	19,52	19,12	18,69	18,26	22,23	0
24/09/2020 16:15:00	22,19	22,26	21,97	21,62	21,23	20,83	20,45	20,09	19,74	19,36	18,91	18,42	17,93	22,18	0
24/09/2020 16:20:00	22,06	22,29	21,99	21,62	21,21	20,82	20,44	20,09	19,75	19,39	18,98	18,53	18,08	22,04	0
24/09/2020 16:25:00	22,14	22,44	22,29	21,97	21,56	21,14	20,73	20,34	19,97	19,57	19,08	18,55	18,03	22,03	0
24/09/2020 16:30:00	21,86	22,46	22,37	22,09	21,71	21,30	20,88	20,49	20,12	19,71	19,22	18,70	18,17	21,86	0
24/09/2020 16:35:00	21,93	22,48	22,34	22,03	21,65	21,22	20,79	20,40	20,03	19,62	19,13	18,61	18,09	21,79	0
24/09/2020 16:40:00	21,62	22,39	22,37	22,08	21,78	21,38	20,94	20,55	20,17	19,76	19,27	18,74	18,22	21,69	0
24/09/2020 16:45:00	21,35	22,29	22,41	22,12	21,72	21,32	20,90	20,49	20,09	19,65	19,14	18,59	18,05	21,60	0
24/09/2020 16:50:00	21,48	22,28	22,34	22,03	21,67	21,29	20,87	20,47	20,08	19,66	19,16	18,63	18,11	21,44	0
24/09/2020 16:55:00	21,28	22,12	22,37	22,20	21,89	21,46	21,02	20,60	20,18	19,71	19,12	18,51	17,89	21,49	0
24/09/2020 17:00:00	20,94	22,34	22,54	22,30	21,90	21,41	20,95	20,50	20,07	19,59	19,04	18,46	17,88	21,11	0
24/09/2020 17:05:00	20,96	22,21	22,47	22,25	21,91	21,51	21,05	20,61	20,18	19,72	19,16	18,58	17,99	21,14	0
24/09/2020 17:10:00	21,02	22,34	22,76	22,59	22,28	21,89	21,45	21,02	20,59	20,11	19,53	18,91	18,30	21,12	0
24/09/2020 17:15:00	20,77	22,32	22,72	22,59	22,28	21,89	21,45	21,02	20,59	20,11	19,53	18,92	18,32	20,69	0
24/09/2020 17:20:00	20,59	22,39	23,06	22,97	22,66	22,20	21,75	21,29	20,81	20,28	19,63	18,95	18,28	20,58	0
24/09/2020 17:25:00	20,63	22,47	22,99	22,82	22,49	22,02	21,57	21,12	20,67	20,17	19,58	18,98	18,37	19,89	0
24/09/2020 17:30:00	20,25	22,33	22,97	22,84	22,57	22,19	21,70	21,23	20,76	20,25	19,63	18,98	18,34	19,70	0
24/09/2020 17:35:00	20,36	22,54	22,99	22,83	22,44	21,97	21,48	21,00	20,53	20,03	19,44	18,83	18,23	19,44	0
24/09/2020 17:40:00	19,95	22,08	22,63	22,44	22,13	21,69	21,22	20,74	20,27	19,77	19,18	18,58	17,98	19,31	0
24/09/2020 17:45:00	19,44	21,64	22,37	22,34	22,07	21,61	21,12	20,63	20,14	19,59	18,92	18,23	17,55	19,17	0
24/09/2020 17:50:00	19,34	21,45	22,28	22,25	21,97	21,52	21,06	20,58	20,08	19,53	18,85	18,15	17,45	18,85	0
24/09/2020 17:55:00	19,08	21,38	22,21	22,21	21,96	21,56	21,11	20,65	20,17	19,64	19,00	18,33	17,67	18,27	0
24/09/2020 18:00:00	18,77	21,28	22,27	22,28	22,02	21,57	21,09	20,59	20,08	19,50	18,80	18,08	17,36	18,11	0
24/09/2020 18:05:00	18,57	21,16	22,12	22,16	21,95	21,57	21,10	20,62	20,13	19,58	18,92	18,23	17,55	17,78	0
24/09/2020 18:10:00	18,50	21,04	22,07	22,22	22,03	21,67	21,21	20,74	20,24	19,68	18,98	18,26	17,53	17,59	0
24/09/2020 18:15:00	18,33	21,18	22,12	22,16	21,94	21,53	21,06	20,57	20,07	19,53	18,88	18,21	17,54	17,39	0
24/09/2020 18:20:00	17,82	20,57	21,71	21,84	21,69	21,31	20,87	20,40	19,90	19,33	18,64	17,93	17,22	17,20	0
24/09/2020 18:25:00	17,72	20,41	21,72	21,92	21,78	21,43	20,98	20,51	19,99	19,40	18,65	17,89	17,12	16,82	0
24/09/2020 18:30:00	17,22	20,03	21,37	21,58	21,46	21,14	20,68	20,20	19,69	19,09	18,36	17,59	16,83	16,59	0
24/09/2020 18:35:00	17,07	19,94	21,38	21,58	21,44	21,11	20,67	20,19	19,67	19,07	18,32	17,56	16,79	16,26	0
24/09/2020 18:40:00	16,63	19,57	21,07	21,28	21,19	20,85	20,37	19,86	19,32	18,70	17,92	17,13	16,33	16,13	0
24/09/2020 18:45:00	16,51	19,45	21,02	21,28	21,20	20,83	20,39	19,90	19,36	18,73	17,95	17,14	16,33	15,74	0
24/09/2020 18:50:00	16,15	19,17	20,79	21,03	20,91	20,54	20,08	19,57	19,02	18,37	17,57	16,75	15,94	15,66	0
24/09/2020 18:55:00	15,61	18,75	20,45	20,73	20,66	20,35	19,87	19,35	18,80	18,15	17,34	16,52	15,69	15,58	0
24/09/2020 19:00:00	15,59	18,75	20,39	20,66	20,50	20,16	19,71	19,21	18,65	18,01	17,22	16,41	15,61	15,31	0
24/09/2020 19:05:00	15,05	18,28	20,13	20,45	20,36	20,03	19,60	19,10	18,53	17,87	17,04	16,20	15,36	15,14	0
24/09/2020 19:10:00	15,00	18,27	20,19	20,52	20,43	20,08	19,61	19,09	18,50	17,81	16,95	16,07	15,19	14,92	0
24/09/2020 19:15:00	14,89	18,07	19,94	20,29	20,30	20,03	19,61	19,13	18,59	17,95	17,15	16,33	15,51	14,59	0
24/09/2020 19:20:00	14,79	18,01	19,89	20,26	20,21	19,91	19,51	19,04	18,49	17,84	17,03	16,21	15,38	14,20	0
24/09/2020 19:25:00	14,64	17,88	19,83	20,28	20,24	20,03	19,63	19,17	18,63	17,99	17,17	16,34	15,51	14,26	0
24/09/2020 19:30:00	14,56	17,85	19,70	20,15	20,23	19,97	19,57	19,12	18,59	17,97	17,18	16,37	15,56	14,10	0
24/09/2020 19:35:00	14,20	17,44	19,41	19,89	19,98	19,79	19,41	18,96	18,44	17,82	17,03	16,22	15,41	14,05	0
24/09/2020 19:40:00	14,02	17,43	19,29	19,80	19,82	19,54	19,13	18,65	18,12	17,48	16,67	15,85	15,02	14,07	0
24/09/2020 19:45:00	13,98	17,40	19,28	19,74	19,72	19,46	19,05	18,58	18,03	17,39	16,59	15,78	14,96	14,04	0
24/09/2020 19:50:00	13,96	17,30	19,26	19,73	19,75	19,52	19,11	18,63	18,09	17,45	16,64	15,81	14,97	13,99	0
24/09/2020 19:55:00	14,02	17,32	19,23	19,68	19,73	19,53	19,18	18,74	18,23	17,62	16,86	16,08	15,29	13,99	0
24/09/2020 20:00:00	13,93	17,37	19,34	19,83	19,90	19,67	19,26	18,79	18,26	17,62	16,81	15,99	15,16	13,94	0
24/09/2020 20:05:00	13,83	17,22	19,19	19,70	19,81	19,60	19,20	18,75	18,23	17,60	16,81	15,99	15,18	13,82	0
24/09/2020 20:10:00	13,72	17,06	19,03	19,59	19,65	19,44	19,10	18,68	18,16	17,54	16,75	15,94	15,13	13,73	0
24/09/2020 20:15:00	13,57	16,85	18,80	19,40	19,54	19,38	19,03	18,62	18,12	17,53	16,76	15,96	15,17	13,56	0
24/09/2020 20:20:00	13,56	16,74	18,69	19,25	19,36	19,16	18,86	18,46	17,96	17,36	16,59	15,80	15,02	13,49	0
24/09/2020 20:25:00	13,42	16,69	18,65	19,18	19,33	19,20	18,87	18,46	17,97	17,39	16,65	15,88	15,12	13,22	0
24/09/2020 20:30:00	13,36	16,74	18,79	19,30	19,45	19,25	18,84	18,37	17,84	17,20	16,39	15,56	14,73	12,96	0
24/09/2020 20:35:00	13,03	16,46	18,37	18,91	19,01	18,81	18,44	18,01	17,49	16,89	16,13	15,35	14,57	12,97	0
24/09/2020 20:40:00	13,03	16,25	18,25	18,85	19,00	18,86	18,54	18,13	17,64	17,04	16,28	15,48	14,69	13,14	0
24/09/2020 20:45:00	13,05	16,44	18,34	18,86	18,93	18,73	18,37	17,93	17,41	16,80	16,04	15,26	14,48	13,03	0
24/09/2020 20:50:00	12,95	16,38	18,33	18,86	18,98	18,82	18,45	18,01	17,50	16,90	16,15	15,37	14,59	12,76	0
24/09/2020 20:55:00	12,94	16,19	18,20	18,78	18,93	18,82	18,51	18,11	17,63	17,05	16,31	15,54	14,78	12,40	0
24/09/2020 21:00:00	12,93	16,38	18,30	18,81	18,95	18,77	18,38	17,94	17,43	16,83	16,08	15,31	14,54	12,54	0
24/09/2020 21:05:00	12,90	16,32	18,29	18,81	18,92	18,77	18,42	17,99	17,49	16,89	16,15	15,38	14,62	12,55	0
24/09/2020 21:10:00	12,60	16,10	18,13	18,65	18,74	18,54	18,19	17,76	17,23	16,62	15,85	15,06	14,27	12,67	0
24/09/2020 21:15:00	12,66	16,22	18,14	18,68	18,71	18,54	18,22	17,80	17,28	16,69	15,96	15,20	14,45	12,74	0
24/09/2020 21:20:00	12,82	16,26	18,29	18,81	18,96	18,75	18,37	17,91	17,38	16,76	15,97	15,16	14,35	12,81	0
24/09/2020 21:25:00	12,60	15,96	18,00	18,60	18,74	18,61	18,30	17,90	17,41	16,82	16,06	15,29	14,52	12,87	0
24/09/2020 21:30:00	12,58	16,01	17,98	18,57	18,69	18,56	18,22	17,81	17,31	16,72	15,98	15,22	14,45	12,39	0
24/09/2020 21:35:00	12,58	15,88	17,91	18,57	18,74	18,60	18,32	17,94	17,46	16,88	16,13	15,36	14,58	12,65	0
24/09/2020 21:40:00	12,64	15,90	17,93	18,59	18,77	18,73	18,51	18,17	17,72	17,18	16,48	15,76	15,04	12,69	0
24/09/2020 21:45:00	12,68	15,92	17,90	18,49	18,69	18,62	18,36	18,00	17,54	16,99	16,29	15,57	14,84	12,59	0
24/09/2020 21:50:00	12,50	15,69	17,72	18,39	18,62	18,59	18,39	18,07	17,63	17,10	16,41	15,70	14,99	12,51	0
24/09/2020 21:55:00	12,41	15,68	17,74	18,43	18,66	18,60	18,34	17,99	17,53	16,97	16,25	15,51	14,76	12,42	0
24/09/2020 22:00:00	12,34	15,55	17,66	18,33	18,63	18,65	18,38	18,04	17,59	17,05	16,35	15,62	14,89	12,26	0
24/09/2020 22:05:00	12,20	15,53	17,63	18,37	18,67	18,64	18,38	18,04	17,59	17,04	16,33	15,59	14,84	12,07	0
24/09/2020 22:10:00	12,19	15,46	17,61	18,38	18,63	18,61	18,36	18,02	17,56	17,00	16,26	15,49	14,73	11,84	0
24/09/2020 22:15:00	11,83	15,12	17,27	18,02	18,29	18,24	17,99	17,63	17,17	16,61	15,88	15,12	14,36	11,65	0
24/09/2020 22:20:00	11,80	15,06	17,24	17,98	18,31	18,30	18,07	17,73	17,29	16,74	16,03	15,28	14,53	11,75	0
24/09/2020 22:25:00	11,78	15,04	17,25	18,02	18,34	18,33	18,11	17,79	17,35	16,79	16,07	15,31	14,56	11,40	0
24/09/2020 22:30:00	11,72	15,04	17,20	17,99	18,27	18,28	18,08	17,76	17,32	16,78	16,08	15,34	14,60	11,28	0
24/09/2020 22:35:00	11,68	15,00	17,21	18,02	18,34	18,38	18,16	17,83	17,40	16,86	16,16	15,42	14,68	11,23	0
24/09/2020 22:40:00	11,32	14,69	16,97	17,77	18,12	18,10	17,85	17,50	17,04	16,47	15,73	14,95	14,17	11,12	0
24/09/2020 22:45:00	11,33	14,59	16,78	17,54	17,91	17,87	17,68	17,37	16,94	16,40	15,70	14,96	14,22	10,95	0
24/09/2020 22:50:00	11,31	14,61	16,83	17,63	18,01	17,95	17,78	17,48	17,03	16,49	15,77	15,02	14,27	11,02	0
24/09/2020 22:55:00	11,28	14,63	16,85	17,70	18,02	18,04	17,81	17,48	17,04	16,49	15,77	15,02	14,26	11,37	0
24/09/2020 23:00:00	11,23	14,60	16,87	17,74	18,08	18,08	17,87	17,54	17,10	16,54	15,81	15,04	14,27	11,29	0
24/09/2020 23:05:00	11,19	14,43	16,77	17,63	18,00	18,03	17,82	17,51	17,07	16,51	15,77	15,00	14,22	11,02	0
24/09/2020 23:10:00	11,10	14,39	16,70	17,64	18,02	18,03	17,83	17,52	17,09	16,53	15,78	15,00	14,22	10,81	0
24/09/2020 23:15:00	11,13	14,48	16,83	17,66	18,02	17,99	17,81	17,50	17,05	16,48	15,74	14,97	14,19	10,94	0
24/09/2020 23:20:00	11,10	14,50	16,84	17,63	17,95	17,94	17,70	17,35	16,89	16,31	15,56	14,78	13,99	11,10	0
24/09/2020 23:25:00	11,07	14,44	16,71	17,55	17,86	17,83	17,62	17,30	16,84	16,27	15,53	14,76	13,98	11,08	0
24/09/2020 23:30:00	11,01	14,32	16,55	17,41	17,75	17,82	17,65	17,36	16,94	16,42	15,74	15,02	14,30	11,00	0
24/09/2020 23:35:00	10,98	14,34	16,66	17,51	17,91	17,92	17,73	17,42	16,98	16,43	15,71	14,95	14,19	10,91	0
24/09/2020 23:40:00	11,00	14,33	16,60	17,41	17,76	17,80	17,62	17,32	16,88	16,34	15,64	14,91	14,17	11,04	0
24/09/2020 23:45:00	11,07	14,30	16,52	17,39	17,83	17,97	17,77	17,48	17,09	16,59	15,93	15,23	14,53	11,12	0
24/09/2020 23:50:00	11,10	14,36	16,73	17,65	18,00	18,10	17,98	17,71	17,30	16,77	16,06	15,32	14,58	11,13	0
24/09/2020 23:55:00	10,99	14,27	16,63	17,56	17,97	18,10	17,94	17,66	17,25	16,73	16,03	15,29	14,55	11,00	0
