FileFormat:0002.2 file with temperature of atmosphere
200
local	GMT or Local
0	GMT-Local=[hours]
0	Height[m]
0	0	0	Longitude                [grd]               [min]               [sec]
0	0	0	Latitude                [grd]               [min]               [sec]
N	NS
59,40	Freq[GHz]
0,00	dTemostat[K]
0,150	MessErr[K]
0,248	//[grad/step]
version 14.0.20110218
MTP5H033F5940K-33.00D180214+A1.1
Commentary:
enter comment
End Of Commentary

SYSTEM\summer.dat
data time	0	50	100	150	200	250	300	350	400	450	500	550	600	OutsideTemperature	Quality
17/06/2020 00:00:00	23,75	25,76	26,78	26,92	26,90	26,75	26,46	26,13	25,75	25,28	24,66	24,00	23,34	23,76	0
17/06/2020 00:05:00	24,01	25,60	26,45	26,49	26,44	26,31	26,06	25,77	25,42	24,99	24,44	23,84	23,25	23,92	0
17/06/2020 00:10:00	23,69	25,56	26,50	26,61	26,53	26,38	26,13	25,82	25,45	25,00	24,42	23,80	23,17	23,82	0
17/06/2020 00:15:00	23,86	25,50	26,35	26,44	26,42	26,29	26,03	25,73	25,37	24,94	24,36	23,73	23,11	23,75	0
17/06/2020 00:20:00	23,59	25,46	26,47	26,60	26,51	26,32	26,05	25,72	25,33	24,86	24,25	23,60	22,95	23,61	0
17/06/2020 00:25:00	23,54	25,37	26,40	26,51	26,47	26,36	26,10	25,80	25,44	25,00	24,42	23,81	23,20	23,48	0
17/06/2020 00:30:00	23,33	25,33	26,41	26,56	26,53	26,37	26,09	25,77	25,38	24,91	24,29	23,63	22,98	23,41	0
17/06/2020 00:35:00	22,93	25,41	26,57	26,66	26,55	26,36	26,08	25,73	25,31	24,84	24,23	23,60	22,96	23,08	0
17/06/2020 00:40:00	23,37	25,31	26,35	26,49	26,47	26,30	26,03	25,72	25,33	24,87	24,26	23,61	22,96	23,42	0
17/06/2020 00:45:00	23,85	25,39	26,07	26,10	26,02	25,91	25,67	25,40	25,07	24,68	24,19	23,65	23,12	23,49	0
17/06/2020 00:50:00	23,82	25,33	26,07	26,16	26,09	25,95	25,71	25,43	25,09	24,69	24,16	23,59	23,03	23,66	0
17/06/2020 00:55:00	23,67	25,30	26,00	26,08	26,03	25,89	25,65	25,37	25,04	24,66	24,17	23,64	23,10	23,68	0
17/06/2020 01:00:00	23,44	25,27	26,08	26,18	26,14	25,97	25,70	25,40	25,04	24,63	24,09	23,51	22,93	23,53	0
17/06/2020 01:05:00	23,64	25,19	25,79	25,88	25,83	25,72	25,54	25,30	24,99	24,64	24,18	23,67	23,17	23,44	0
17/06/2020 01:10:00	23,46	25,23	25,90	25,98	25,91	25,77	25,53	25,24	24,90	24,51	24,00	23,45	22,90	23,24	0
17/06/2020 01:15:00	23,39	24,82	25,51	25,65	25,62	25,49	25,28	25,02	24,71	24,33	23,83	23,28	22,73	23,38	0
17/06/2020 01:20:00	23,26	24,77	25,45	25,56	25,55	25,45	25,26	25,02	24,72	24,35	23,88	23,36	22,85	23,40	0
17/06/2020 01:25:00	23,26	24,84	25,51	25,61	25,63	25,53	25,30	25,03	24,71	24,33	23,84	23,30	22,76	23,25	0
17/06/2020 01:30:00	23,23	24,73	25,40	25,52	25,53	25,43	25,23	24,98	24,67	24,30	23,82	23,29	22,76	23,26	0
17/06/2020 01:35:00	23,05	24,42	24,95	25,04	25,03	24,94	24,75	24,51	24,22	23,88	23,43	22,94	22,46	23,21	0
17/06/2020 01:40:00	22,83	24,51	25,08	25,14	25,11	25,03	24,83	24,58	24,28	23,94	23,52	23,05	22,59	23,17	0
17/06/2020 01:45:00	23,14	24,45	24,95	24,98	24,95	24,90	24,70	24,47	24,18	23,85	23,42	22,94	22,47	23,11	0
17/06/2020 01:50:00	23,00	24,43	25,01	25,10	25,13	25,06	24,88	24,65	24,36	24,02	23,58	23,10	22,61	23,11	0
17/06/2020 01:55:00	23,27	24,68	25,18	25,29	25,30	25,28	25,09	24,87	24,60	24,29	23,88	23,43	22,97	23,06	0
17/06/2020 02:00:00	22,94	24,55	25,24	25,40	25,45	25,36	25,16	24,91	24,61	24,26	23,78	23,27	22,75	23,04	0
17/06/2020 02:05:00	22,96	24,40	25,09	25,23	25,26	25,20	25,04	24,82	24,54	24,20	23,75	23,26	22,77	22,83	0
17/06/2020 02:10:00	22,93	24,40	25,07	25,17	25,19	25,15	25,00	24,79	24,50	24,18	23,75	23,28	22,81	22,80	0
17/06/2020 02:15:00	22,61	24,36	25,05	25,20	25,19	25,14	24,97	24,74	24,44	24,10	23,66	23,18	22,70	22,85	0
17/06/2020 02:20:00	22,67	24,35	25,11	25,30	25,32	25,29	25,11	24,88	24,59	24,24	23,78	23,28	22,78	22,78	0
17/06/2020 02:25:00	22,56	24,19	25,01	25,20	25,32	25,29	25,12	24,89	24,59	24,24	23,75	23,23	22,70	22,48	0
17/06/2020 02:30:00	22,48	24,26	25,17	25,44	25,53	25,50	25,35	25,13	24,83	24,46	23,97	23,43	22,88	22,48	0
17/06/2020 02:35:00	22,59	24,12	25,08	25,33	25,47	25,54	25,41	25,21	24,93	24,59	24,11	23,58	23,06	22,40	0
17/06/2020 02:40:00	22,21	24,27	25,38	25,72	25,84	25,80	25,62	25,37	25,05	24,64	24,10	23,50	22,91	22,37	0
17/06/2020 02:45:00	22,06	24,36	25,60	25,92	26,02	26,00	25,81	25,55	25,21	24,79	24,23	23,63	23,03	22,22	0
17/06/2020 02:50:00	21,96	24,25	25,58	25,94	26,06	26,04	25,87	25,61	25,27	24,84	24,26	23,64	23,02	21,97	0
17/06/2020 02:55:00	21,78	24,13	25,43	25,75	25,91	25,95	25,78	25,53	25,20	24,79	24,25	23,66	23,07	21,54	0
17/06/2020 03:00:00	21,42	23,94	25,45	25,90	26,09	26,10	25,93	25,67	25,32	24,87	24,26	23,61	22,95	21,04	0
17/06/2020 03:05:00	21,44	23,57	25,22	25,73	25,98	26,08	26,00	25,81	25,49	25,06	24,47	23,82	23,17	20,69	0
17/06/2020 03:10:00	21,13	23,55	25,26	25,79	26,09	26,17	26,07	25,87	25,54	25,11	24,50	23,85	23,20	20,44	0
17/06/2020 03:15:00	20,84	23,46	25,32	25,95	26,26	26,36	26,22	25,99	25,64	25,17	24,52	23,81	23,10	20,16	0
17/06/2020 03:20:00	20,92	23,37	25,27	25,80	26,11	26,22	26,07	25,83	25,47	25,00	24,34	23,63	22,92	19,82	0
17/06/2020 03:25:00	20,84	23,21	25,10	25,66	25,93	26,04	25,96	25,77	25,43	24,99	24,36	23,69	23,02	19,66	0
17/06/2020 03:30:00	20,55	23,09	25,10	25,71	26,07	26,23	26,12	25,90	25,56	25,10	24,44	23,72	23,01	19,44	0
17/06/2020 03:35:00	20,44	23,01	25,01	25,67	26,03	26,21	26,14	25,96	25,63	25,19	24,56	23,87	23,19	19,31	0
17/06/2020 03:40:00	20,44	22,97	25,02	25,67	25,99	26,14	26,05	25,85	25,49	25,02	24,35	23,63	22,91	19,15	0
17/06/2020 03:45:00	20,40	22,81	24,89	25,59	25,96	26,12	26,04	25,84	25,50	25,03	24,35	23,62	22,88	19,05	0
17/06/2020 03:50:00	19,91	22,50	24,66	25,32	25,74	25,93	25,84	25,63	25,29	24,82	24,16	23,43	22,71	18,93	0
17/06/2020 03:55:00	19,78	22,39	24,59	25,32	25,72	25,92	25,87	25,69	25,35	24,89	24,23	23,51	22,79	18,67	0
17/06/2020 04:00:00	19,70	22,26	24,52	25,24	25,68	25,91	25,86	25,69	25,36	24,90	24,23	23,51	22,79	18,36	0
17/06/2020 04:05:00	19,71	22,28	24,49	25,24	25,64	25,87	25,81	25,63	25,29	24,82	24,15	23,43	22,70	18,07	0
17/06/2020 04:10:00	19,73	22,22	24,50	25,27	25,70	25,91	25,86	25,68	25,34	24,87	24,18	23,43	22,68	18,20	0
17/06/2020 04:15:00	19,40	21,92	24,13	24,88	25,31	25,52	25,49	25,32	24,99	24,54	23,88	23,17	22,45	18,06	0
17/06/2020 04:20:00	19,33	21,85	24,01	24,74	25,21	25,48	25,45	25,30	24,99	24,56	23,94	23,27	22,59	17,84	0
17/06/2020 04:25:00	19,09	21,58	23,73	24,49	24,95	25,19	25,18	25,03	24,72	24,29	23,67	22,99	22,31	17,84	0
17/06/2020 04:30:00	18,75	21,32	23,48	24,26	24,71	24,92	24,86	24,68	24,35	23,90	23,24	22,52	21,81	17,77	0
17/06/2020 04:35:00	18,46	20,98	23,11	23,90	24,36	24,56	24,51	24,33	24,01	23,56	22,91	22,20	21,49	17,69	0
17/06/2020 04:40:00	18,21	20,62	22,78	23,49	23,88	24,06	24,04	23,87	23,54	23,09	22,46	21,77	21,08	17,70	0
17/06/2020 04:45:00	17,90	20,24	22,39	23,20	23,64	23,85	23,83	23,67	23,36	22,92	22,27	21,57	20,87	17,70	0
17/06/2020 04:50:00	17,78	20,17	22,29	23,07	23,54	23,74	23,68	23,49	23,17	22,71	22,06	21,34	20,63	17,79	0
17/06/2020 04:55:00	17,76	20,11	22,13	22,88	23,36	23,59	23,54	23,38	23,08	22,66	22,06	21,39	20,73	17,74	0
17/06/2020 05:00:00	17,81	20,21	22,31	23,02	23,42	23,61	23,57	23,39	23,07	22,62	22,00	21,32	20,64	17,84	0
17/06/2020 05:05:00	17,86	20,19	22,21	22,91	23,36	23,60	23,53	23,36	23,04	22,62	22,01	21,35	20,68	17,87	0
17/06/2020 05:10:00	18,02	20,17	22,12	22,83	23,25	23,48	23,44	23,28	22,98	22,56	21,96	21,31	20,65	18,10	0
17/06/2020 05:15:00	18,20	20,21	22,12	22,90	23,34	23,58	23,57	23,44	23,16	22,76	22,17	21,52	20,87	18,14	0
17/06/2020 05:20:00	18,22	20,09	21,93	22,67	23,14	23,36	23,35	23,22	22,94	22,55	21,97	21,33	20,69	18,22	0
17/06/2020 05:25:00	18,37	20,17	22,03	22,74	23,20	23,44	23,41	23,27	22,99	22,59	22,00	21,35	20,70	18,36	0
17/06/2020 05:30:00	18,58	20,16	21,86	22,55	23,02	23,23	23,21	23,08	22,81	22,43	21,86	21,23	20,60	18,81	0
17/06/2020 05:35:00	19,07	20,26	21,64	22,27	22,69	22,94	22,95	22,86	22,64	22,31	21,83	21,28	20,72	19,88	0
17/06/2020 05:40:00	19,30	20,37	21,61	22,24	22,62	22,80	22,82	22,74	22,52	22,20	21,72	21,18	20,64	20,24	0
17/06/2020 05:45:00	19,52	20,46	21,54	22,12	22,51	22,74	22,74	22,66	22,46	22,16	21,72	21,21	20,70	21,17	0
17/06/2020 05:50:00	19,65	20,62	21,62	22,11	22,42	22,60	22,59	22,49	22,28	21,98	21,56	21,07	20,58	21,24	0
17/06/2020 05:55:00	19,98	20,78	21,56	21,97	22,27	22,43	22,42	22,33	22,13	21,87	21,48	21,04	20,60	21,88	0
17/06/2020 06:00:00	20,07	20,89	21,58	21,96	22,20	22,38	22,35	22,26	22,07	21,81	21,45	21,02	20,60	21,79	0
17/06/2020 06:05:00	20,34	21,09	21,67	21,92	22,10	22,25	22,19	22,07	21,86	21,61	21,26	20,85	20,45	22,47	0
17/06/2020 06:10:00	20,44	21,28	21,83	22,08	22,23	22,33	22,28	22,16	21,95	21,70	21,35	20,95	20,55	22,71	0
17/06/2020 06:15:00	20,60	21,46	21,96	22,16	22,29	22,32	22,22	22,07	21,84	21,57	21,20	20,78	20,36	22,68	0
17/06/2020 06:20:00	21,01	21,56	21,87	22,01	22,09	22,16	22,07	21,93	21,73	21,49	21,17	20,79	20,42	22,54	0
17/06/2020 06:25:00	21,22	21,65	21,84	21,98	22,14	22,17	22,07	21,94	21,76	21,53	21,22	20,85	20,48	22,52	0
17/06/2020 06:30:00	21,41	21,74	21,90	21,92	22,02	22,08	21,98	21,86	21,68	21,47	21,19	20,86	20,53	22,69	0
17/06/2020 06:35:00	21,85	21,68	21,79	21,90	21,94	22,02	22,00	21,92	21,77	21,57	21,29	20,96	20,62	23,49	0
17/06/2020 06:40:00	21,95	21,76	21,81	21,86	21,95	22,03	21,97	21,88	21,73	21,53	21,25	20,92	20,58	22,94	0
17/06/2020 06:45:00	21,80	21,94	21,97	21,99	22,02	22,02	21,92	21,79	21,61	21,39	21,09	20,75	20,41	22,67	0
17/06/2020 06:50:00	22,05	21,97	22,00	21,98	22,01	22,02	21,92	21,79	21,60	21,39	21,09	20,75	20,40	22,89	0
17/06/2020 06:55:00	22,31	22,03	21,95	21,94	21,99	21,98	21,88	21,76	21,58	21,37	21,07	20,72	20,37	23,59	0
17/06/2020 07:00:00	22,25	22,15	22,05	22,00	21,97	21,95	21,84	21,72	21,54	21,33	21,06	20,74	20,43	23,03	0
17/06/2020 07:05:00	22,52	22,21	22,01	21,93	21,91	21,91	21,82	21,71	21,55	21,36	21,11	20,80	20,50	23,48	0
17/06/2020 07:10:00	22,56	22,33	22,13	22,05	22,02	22,05	21,96	21,86	21,70	21,51	21,27	20,98	20,68	23,52	0
17/06/2020 07:15:00	22,50	22,38	22,24	22,18	22,14	22,15	22,04	21,91	21,72	21,50	21,21	20,87	20,53	23,52	0
17/06/2020 07:20:00	22,44	22,35	22,28	22,25	22,24	22,19	22,06	21,91	21,72	21,49	21,19	20,83	20,48	23,31	0
17/06/2020 07:25:00	22,49	22,57	22,46	22,39	22,24	22,11	21,97	21,81	21,59	21,34	21,03	20,68	20,33	23,31	0
17/06/2020 07:30:00	22,42	22,54	22,39	22,30	22,26	22,17	22,01	21,84	21,64	21,40	21,10	20,75	20,39	23,68	0
17/06/2020 07:35:00	22,67	22,69	22,52	22,36	22,22	22,08	21,93	21,75	21,54	21,30	21,00	20,66	20,33	23,79	0
17/06/2020 07:40:00	22,75	22,72	22,56	22,35	22,21	22,14	21,98	21,80	21,59	21,36	21,07	20,74	20,41	24,49	0
17/06/2020 07:45:00	22,79	22,79	22,66	22,44	22,33	22,21	21,99	21,77	21,53	21,27	20,93	20,55	20,17	23,98	0
17/06/2020 07:50:00	23,30	23,15	22,97	22,80	22,70	22,49	22,26	22,03	21,78	21,48	21,10	20,67	20,23	23,79	0
17/06/2020 07:55:00	23,59	23,24	22,98	22,80	22,64	22,46	22,26	22,05	21,82	21,55	21,20	20,80	20,40	24,52	0
17/06/2020 08:00:00	23,78	23,31	23,07	22,80	22,52	22,33	22,15	21,95	21,71	21,45	21,11	20,73	20,35	24,63	0
17/06/2020 08:05:00	23,77	23,48	23,18	22,94	22,71	22,50	22,25	22,02	21,76	21,48	21,11	20,70	20,30	24,09	0
17/06/2020 08:10:00	23,83	23,46	23,19	22,89	22,72	22,52	22,30	22,08	21,84	21,57	21,23	20,84	20,46	24,44	0
17/06/2020 08:15:00	23,85	23,54	23,25	22,99	22,81	22,59	22,38	22,18	21,94	21,66	21,32	20,93	20,54	24,38	0
17/06/2020 08:20:00	23,92	23,63	23,32	23,09	22,88	22,64	22,41	22,18	21,93	21,65	21,30	20,90	20,50	24,64	0
17/06/2020 08:25:00	24,29	23,65	23,34	23,07	22,87	22,66	22,44	22,22	21,98	21,69	21,32	20,91	20,49	24,86	0
17/06/2020 08:30:00	24,05	23,88	23,57	23,27	23,03	22,78	22,51	22,25	21,99	21,68	21,31	20,89	20,48	24,80	0
17/06/2020 08:35:00	24,17	23,95	23,60	23,31	23,13	22,90	22,64	22,39	22,14	21,86	21,50	21,09	20,69	24,68	0
17/06/2020 08:40:00	24,24	24,08	23,75	23,45	23,15	22,90	22,63	22,36	22,08	21,78	21,39	20,97	20,55	25,19	0
17/06/2020 08:45:00	24,48	24,12	23,76	23,48	23,24	22,95	22,65	22,38	22,11	21,79	21,39	20,94	20,49	25,23	0
17/06/2020 08:50:00	24,36	24,22	23,96	23,62	23,34	23,03	22,71	22,43	22,14	21,82	21,42	20,98	20,55	25,47	0
17/06/2020 08:55:00	24,70	24,47	24,10	23,78	23,41	23,03	22,75	22,48	22,19	21,86	21,45	21,01	20,57	25,66	0
17/06/2020 09:00:00	24,74	24,57	24,21	23,87	23,51	23,19	22,88	22,59	22,29	21,96	21,54	21,09	20,64	25,83	0
17/06/2020 09:05:00	24,95	24,68	24,25	23,83	23,47	23,15	22,83	22,53	22,23	21,90	21,49	21,05	20,60	25,67	0
17/06/2020 09:10:00	24,80	24,61	24,22	23,89	23,59	23,25	22,95	22,65	22,36	22,02	21,61	21,15	20,69	25,66	0
17/06/2020 09:15:00	24,89	24,80	24,29	23,90	23,52	23,17	22,85	22,55	22,26	21,94	21,56	21,14	20,72	25,63	0
17/06/2020 09:20:00	25,14	24,88	24,37	24,02	23,62	23,28	22,96	22,66	22,37	22,04	21,65	21,21	20,78	25,88	0
17/06/2020 09:25:00	25,11	24,98	24,52	24,15	23,76	23,39	23,06	22,75	22,45	22,11	21,70	21,25	20,80	25,92	0
17/06/2020 09:30:00	25,16	25,05	24,61	24,24	23,84	23,43	23,09	22,78	22,47	22,12	21,70	21,25	20,80	26,86	0
17/06/2020 09:35:00	25,36	25,32	24,72	24,29	23,82	23,38	22,97	22,61	22,29	21,94	21,52	21,08	20,63	26,29	0
17/06/2020 09:40:00	25,37	25,36	24,95	24,50	24,02	23,56	23,19	22,84	22,50	22,13	21,70	21,23	20,76	26,54	0
17/06/2020 09:45:00	25,51	25,45	24,89	24,46	24,03	23,58	23,20	22,87	22,54	22,19	21,77	21,31	20,85	26,13	0
17/06/2020 09:50:00	25,58	25,52	24,91	24,50	24,11	23,74	23,36	23,02	22,71	22,37	21,95	21,50	21,05	26,33	0
17/06/2020 09:55:00	25,80	25,70	25,13	24,62	24,13	23,70	23,29	22,93	22,59	22,23	21,80	21,34	20,88	26,95	0
17/06/2020 10:00:00	25,76	25,82	25,31	24,81	24,31	23,82	23,37	22,98	22,61	22,21	21,74	21,23	20,73	26,57	0
17/06/2020 10:05:00	26,18	25,89	25,20	24,72	24,25	23,84	23,42	23,06	22,74	22,40	21,98	21,53	21,08	27,33	0
17/06/2020 10:10:00	26,60	25,86	25,07	24,60	24,17	23,76	23,39	23,07	22,77	22,44	22,04	21,59	21,13	28,15	0
17/06/2020 10:15:00	26,10	26,04	25,40	24,89	24,38	23,90	23,49	23,11	22,76	22,39	21,94	21,46	20,98	26,99	0
17/06/2020 10:20:00	26,23	25,88	25,27	24,78	24,36	23,95	23,57	23,23	22,91	22,55	22,12	21,65	21,18	27,03	0
17/06/2020 10:25:00	26,50	25,88	25,22	24,74	24,33	23,92	23,54	23,22	22,92	22,58	22,17	21,71	21,26	27,30	0
17/06/2020 10:30:00	26,56	26,10	25,46	24,99	24,53	24,06	23,67	23,32	22,99	22,62	22,16	21,66	21,16	27,70	0
17/06/2020 10:35:00	26,17	26,24	25,66	25,20	24,71	24,20	23,79	23,42	23,07	22,70	22,26	21,78	21,30	27,91	0
17/06/2020 10:40:00	26,45	26,29	25,77	25,34	24,89	24,43	23,98	23,60	23,24	22,84	22,35	21,82	21,29	27,92	0
17/06/2020 10:45:00	26,27	26,39	25,73	25,29	24,77	24,26	23,79	23,38	23,01	22,62	22,14	21,64	21,13	28,29	0
17/06/2020 10:50:00	26,49	26,31	25,78	25,29	24,82	24,37	23,95	23,58	23,25	22,87	22,42	21,93	21,45	27,96	0
17/06/2020 10:55:00	27,29	26,42	25,37	24,76	24,25	23,83	23,47	23,19	22,94	22,70	22,40	22,07	21,73	28,10	0
17/06/2020 11:00:00	26,75	26,63	25,92	25,39	24,83	24,34	23,88	23,48	23,13	22,75	22,30	21,82	21,33	27,43	0
17/06/2020 11:05:00	26,83	26,38	25,82	25,42	25,01	24,56	24,18	23,84	23,51	23,13	22,64	22,10	21,57	28,15	0
17/06/2020 11:10:00	27,01	26,50	25,91	25,42	24,97	24,52	24,12	23,77	23,44	23,05	22,58	22,06	21,55	27,91	0
17/06/2020 11:15:00	27,14	26,78	26,14	25,69	25,23	24,78	24,34	23,97	23,63	23,24	22,75	22,23	21,70	28,07	0
17/06/2020 11:20:00	26,97	26,70	26,22	25,78	25,34	24,86	24,43	24,04	23,68	23,26	22,74	22,18	21,62	28,43	0
17/06/2020 11:25:00	27,08	26,90	26,35	25,84	25,37	24,91	24,49	24,11	23,76	23,36	22,87	22,34	21,81	28,90	0
17/06/2020 11:30:00	27,05	26,76	26,14	25,62	25,12	24,67	24,24	23,87	23,53	23,15	22,70	22,20	21,71	29,05	0
17/06/2020 11:35:00	26,96	26,81	26,31	25,84	25,41	24,94	24,51	24,13	23,77	23,36	22,86	22,32	21,78	28,40	0
17/06/2020 11:40:00	27,15	26,97	26,53	26,08	25,62	25,12	24,66	24,26	23,89	23,46	22,93	22,36	21,79	28,95	0
17/06/2020 11:45:00	26,96	26,97	26,60	26,13	25,65	25,15	24,72	24,32	23,95	23,54	23,02	22,48	21,93	28,36	0
17/06/2020 11:50:00	27,00	27,05	26,56	26,10	25,63	25,11	24,69	24,32	23,96	23,57	23,10	22,59	22,08	28,33	0
17/06/2020 11:55:00	27,41	27,12	26,51	26,02	25,59	25,16	24,74	24,37	24,05	23,67	23,22	22,72	22,22	28,66	0
17/06/2020 12:00:00	27,17	27,14	26,66	26,18	25,76	25,32	24,89	24,51	24,16	23,77	23,28	22,76	22,24	28,79	0
17/06/2020 12:05:00	27,27	27,18	26,78	26,30	25,77	25,33	24,90	24,51	24,15	23,74	23,24	22,70	22,16	28,92	0
17/06/2020 12:10:00	27,33	27,49	26,86	26,37	25,87	25,35	24,93	24,55	24,19	23,81	23,36	22,87	22,38	28,93	0
17/06/2020 12:15:00	27,59	27,34	26,93	26,49	26,05	25,58	25,10	24,69	24,31	23,87	23,31	22,71	22,11	29,38	0
17/06/2020 12:20:00	27,34	27,46	26,86	26,38	25,86	25,36	24,91	24,51	24,14	23,73	23,22	22,69	22,15	28,51	0
17/06/2020 12:25:00	27,47	27,47	27,01	26,52	26,08	25,55	25,09	24,69	24,33	23,92	23,41	22,87	22,33	28,43	0
17/06/2020 12:30:00	27,50	27,32	26,81	26,33	25,89	25,47	25,05	24,68	24,34	23,94	23,45	22,92	22,39	29,01	0
17/06/2020 12:35:00	28,23	27,36	26,74	26,30	25,84	25,44	25,08	24,75	24,44	24,06	23,57	23,03	22,49	29,08	0
17/06/2020 12:40:00	27,65	27,28	27,01	26,59	26,17	25,78	25,38	25,02	24,68	24,28	23,76	23,21	22,65	28,68	0
17/06/2020 12:45:00	27,82	26,97	26,97	26,67	26,35	26,05	25,71	25,40	25,06	24,63	24,04	23,39	22,74	29,28	0
17/06/2020 12:50:00	27,62	27,02	26,87	26,50	26,14	25,83	25,47	25,14	24,81	24,40	23,86	23,27	22,68	29,32	0
17/06/2020 12:55:00	27,52	27,07	27,21	26,90	26,64	26,31	25,92	25,57	25,21	24,75	24,14	23,47	22,81	29,31	0
17/06/2020 13:00:00	27,79	27,21	26,98	26,60	26,25	25,88	25,50	25,15	24,80	24,37	23,81	23,20	22,59	29,33	0
17/06/2020 13:05:00	27,46	27,06	27,24	26,96	26,67	26,29	25,89	25,52	25,13	24,63	23,97	23,25	22,54	28,93	0
17/06/2020 13:10:00	27,33	27,40	27,63	27,25	26,84	26,44	26,01	25,60	25,18	24,66	23,99	23,28	22,57	29,19	0
17/06/2020 13:15:00	27,25	27,90	27,83	27,47	27,03	26,57	26,07	25,61	25,17	24,66	24,01	23,32	22,64	29,00	0
17/06/2020 13:20:00	26,82	28,16	27,99	27,64	27,17	26,59	26,03	25,53	25,07	24,57	23,95	23,30	22,65	29,01	0
17/06/2020 13:25:00	27,19	28,40	27,93	27,41	26,79	26,18	25,65	25,16	24,73	24,28	23,76	23,22	22,68	29,21	0
17/06/2020 13:30:00	27,18	28,07	27,52	27,12	26,59	26,06	25,54	25,09	24,69	24,26	23,75	23,21	22,67	28,74	0
17/06/2020 13:35:00	27,78	27,81	27,42	27,06	26,67	26,23	25,82	25,45	25,10	24,70	24,18	23,62	23,06	28,61	0
17/06/2020 13:40:00	27,66	27,85	27,38	26,92	26,49	26,01	25,60	25,23	24,87	24,48	23,99	23,47	22,95	28,81	0
17/06/2020 13:45:00	27,89	27,94	27,29	26,83	26,40	25,98	25,59	25,25	24,93	24,57	24,13	23,66	23,18	29,15	0
17/06/2020 13:50:00	28,06	28,12	27,74	27,36	26,89	26,38	25,92	25,50	25,11	24,65	24,07	23,45	22,82	29,53	0
17/06/2020 13:55:00	27,99	28,13	27,57	27,07	26,54	26,05	25,58	25,17	24,80	24,39	23,89	23,37	22,84	29,31	0
17/06/2020 14:00:00	28,49	28,18	27,52	27,05	26,60	26,11	25,70	25,34	25,01	24,64	24,17	23,66	23,16	30,23	0
17/06/2020 14:05:00	28,56	28,24	27,68	27,17	26,66	26,20	25,76	25,37	25,01	24,60	24,08	23,53	22,98	30,26	0
17/06/2020 14:10:00	28,13	28,62	28,10	27,60	27,04	26,45	25,97	25,54	25,14	24,70	24,18	23,63	23,08	29,57	0
17/06/2020 14:15:00	28,58	28,26	27,57	27,11	26,66	26,24	25,86	25,53	25,21	24,84	24,38	23,88	23,38	29,89	0
17/06/2020 14:20:00	28,62	28,41	27,81	27,32	26,75	26,21	25,74	25,33	24,96	24,54	24,02	23,47	22,91	30,01	0
17/06/2020 14:25:00	28,54	28,50	28,00	27,56	27,06	26,58	26,13	25,73	25,35	24,92	24,38	23,79	23,21	29,86	0
17/06/2020 14:30:00	28,73	28,50	27,83	27,28	26,76	26,26	25,85	25,49	25,15	24,78	24,33	23,85	23,36	30,09	0
17/06/2020 14:35:00	28,50	28,59	27,92	27,40	26,81	26,27	25,77	25,34	24,95	24,52	24,00	23,45	22,90	30,12	0
17/06/2020 14:40:00	28,37	28,38	27,80	27,29	26,84	26,36	25,92	25,53	25,18	24,79	24,31	23,78	23,26	29,55	0
17/06/2020 14:45:00	28,79	28,56	27,90	27,41	26,90	26,48	26,05	25,68	25,35	24,98	24,53	24,03	23,53	29,88	0
17/06/2020 14:50:00	28,54	28,65	28,06	27,58	27,06	26,54	26,07	25,66	25,28	24,86	24,34	23,79	23,24	29,87	0
17/06/2020 14:55:00	28,44	28,48	27,94	27,39	26,93	26,37	25,93	25,53	25,17	24,76	24,26	23,73	23,20	29,71	0
17/06/2020 15:00:00	28,31	28,51	28,13	27,77	27,34	26,82	26,40	26,01	25,64	25,20	24,65	24,05	23,46	29,64	0
17/06/2020 15:05:00	28,67	28,56	27,81	27,35	26,82	26,39	25,94	25,55	25,22	24,84	24,38	23,87	23,37	29,91	0
17/06/2020 15:10:00	28,50	28,65	28,26	27,79	27,31	26,75	26,24	25,80	25,39	24,93	24,34	23,72	23,09	30,13	0
17/06/2020 15:15:00	28,80	28,77	28,17	27,69	27,18	26,68	26,21	25,80	25,44	25,03	24,52	23,98	23,43	30,62	0
17/06/2020 15:20:00	28,88	28,78	28,33	27,88	27,42	26,94	26,46	26,05	25,67	25,22	24,65	24,04	23,42	30,27	0
17/06/2020 15:25:00	28,75	28,59	28,03	27,61	27,20	26,72	26,31	25,94	25,59	25,17	24,63	24,05	23,47	30,76	0
17/06/2020 15:30:00	28,46	28,78	28,24	27,76	27,31	26,81	26,32	25,89	25,51	25,09	24,57	24,01	23,45	30,00	0
17/06/2020 15:35:00	28,71	28,95	28,52	28,06	27,53	26,99	26,52	26,10	25,71	25,26	24,70	24,11	23,52	29,96	0
17/06/2020 15:40:00	28,47	28,82	28,45	28,03	27,57	27,07	26,58	26,15	25,75	25,30	24,73	24,12	23,51	30,01	0
17/06/2020 15:45:00	28,63	28,79	28,34	27,88	27,45	26,95	26,47	26,06	25,68	25,26	24,72	24,15	23,57	29,86	0
17/06/2020 15:50:00	28,66	28,89	28,42	28,02	27,58	27,15	26,67	26,26	25,89	25,46	24,92	24,35	23,77	30,09	0
17/06/2020 15:55:00	28,81	28,83	28,41	27,99	27,54	27,08	26,63	26,23	25,86	25,43	24,88	24,29	23,70	30,77	0
17/06/2020 16:00:00	28,97	29,00	28,36	27,82	27,31	26,77	26,31	25,90	25,53	25,10	24,58	24,03	23,47	30,86	0
17/06/2020 16:05:00	28,70	29,19	28,68	28,16	27,61	27,04	26,56	26,12	25,71	25,27	24,73	24,16	23,59	30,80	0
17/06/2020 16:10:00	28,73	28,97	28,44	27,94	27,42	26,92	26,44	26,02	25,63	25,20	24,67	24,11	23,54	30,38	0
17/06/2020 16:15:00	28,82	28,99	28,68	28,21	27,75	27,26	26,81	26,40	26,01	25,57	25,01	24,42	23,82	30,19	0
17/06/2020 16:20:00	28,72	29,15	28,63	28,20	27,73	27,23	26,75	26,33	25,94	25,50	24,95	24,37	23,78	30,28	0
17/06/2020 16:25:00	28,41	29,02	28,68	28,26	27,86	27,35	26,85	26,41	26,01	25,54	24,96	24,35	23,73	29,95	0
17/06/2020 16:30:00	28,90	29,02	28,67	28,26	27,84	27,37	26,88	26,46	26,07	25,60	25,01	24,37	23,73	30,79	0
17/06/2020 16:35:00	28,40	29,09	28,79	28,33	27,85	27,34	26,85	26,41	26,00	25,54	24,97	24,37	23,77	30,38	0
17/06/2020 16:40:00	28,84	29,04	28,72	28,40	27,95	27,49	27,05	26,64	26,26	25,80	25,21	24,57	23,94	30,98	0
17/06/2020 16:45:00	28,54	29,09	28,76	28,46	28,02	27,54	27,05	26,62	26,21	25,74	25,13	24,49	23,84	31,02	0
17/06/2020 16:50:00	28,87	29,13	28,84	28,44	27,94	27,44	26,95	26,51	26,11	25,64	25,05	24,42	23,78	31,05	0
17/06/2020 16:55:00	28,51	29,13	28,84	28,42	27,93	27,41	26,97	26,56	26,16	25,72	25,18	24,61	24,03	30,68	0
17/06/2020 17:00:00	28,65	28,93	28,73	28,38	27,99	27,67	27,22	26,82	26,46	26,03	25,48	24,89	24,29	31,25	0
17/06/2020 17:05:00	28,24	28,99	28,93	28,57	28,15	27,65	27,13	26,66	26,24	25,74	25,10	24,43	23,75	30,52	0
17/06/2020 17:10:00	28,21	28,87	28,81	28,41	27,99	27,55	27,13	26,73	26,33	25,88	25,30	24,70	24,09	30,74	0
17/06/2020 17:15:00	28,19	28,87	28,85	28,51	28,07	27,63	27,17	26,74	26,33	25,85	25,24	24,59	23,94	30,49	0
17/06/2020 17:20:00	28,12	28,96	28,84	28,46	28,02	27,50	27,02	26,59	26,17	25,70	25,11	24,49	23,87	30,57	0
17/06/2020 17:25:00	28,32	28,98	28,85	28,43	27,96	27,47	27,03	26,61	26,21	25,75	25,18	24,58	23,97	30,48	0
17/06/2020 17:30:00	28,50	28,90	28,74	28,33	27,84	27,36	26,90	26,48	26,08	25,62	25,03	24,41	23,79	30,80	0
17/06/2020 17:35:00	28,33	28,85	28,70	28,39	27,94	27,46	27,01	26,59	26,18	25,71	25,10	24,45	23,81	30,77	0
17/06/2020 17:40:00	28,32	29,00	28,80	28,41	27,94	27,44	26,95	26,51	26,10	25,63	25,03	24,41	23,78	30,72	0
17/06/2020 17:45:00	27,97	28,83	28,86	28,61	28,19	27,72	27,26	26,83	26,42	25,93	25,30	24,63	23,97	30,46	0
17/06/2020 17:50:00	27,63	28,64	28,96	28,70	28,36	27,93	27,46	27,02	26,58	26,06	25,39	24,68	23,97	30,78	0
17/06/2020 17:55:00	27,15	28,53	29,04	28,86	28,55	28,11	27,63	27,18	26,72	26,16	25,45	24,70	23,94	30,20	0
17/06/2020 18:00:00	27,07	28,38	29,09	28,91	28,70	28,28	27,82	27,37	26,91	26,35	25,60	24,81	24,03	30,18	0
17/06/2020 18:05:00	27,02	28,48	29,05	28,91	28,54	28,09	27,59	27,11	26,64	26,07	25,34	24,57	23,80	30,25	0
17/06/2020 18:10:00	26,83	28,59	29,04	28,84	28,48	27,98	27,48	27,00	26,52	25,97	25,27	24,53	23,80	29,91	0
17/06/2020 18:15:00	26,88	28,51	28,96	28,78	28,46	27,99	27,50	27,03	26,56	26,02	25,31	24,58	23,84	29,53	0
17/06/2020 18:20:00	26,89	28,52	28,98	28,77	28,45	27,97	27,46	26,97	26,50	25,95	25,25	24,51	23,77	30,05	0
17/06/2020 18:25:00	26,87	28,49	28,91	28,71	28,33	27,85	27,37	26,90	26,43	25,88	25,19	24,46	23,73	29,81	0
17/06/2020 18:30:00	26,80	28,41	28,87	28,68	28,32	27,83	27,33	26,85	26,38	25,83	25,14	24,41	23,68	29,54	0
17/06/2020 18:35:00	26,89	28,61	29,22	29,09	28,73	28,28	27,78	27,30	26,81	26,24	25,50	24,73	23,96	29,56	0
17/06/2020 18:40:00	26,83	28,71	29,23	29,08	28,71	28,21	27,69	27,20	26,71	26,14	25,42	24,67	23,92	29,41	0
17/06/2020 18:45:00	26,90	28,57	29,18	29,08	28,77	28,35	27,86	27,38	26,91	26,34	25,60	24,83	24,05	29,61	0
17/06/2020 18:50:00	26,87	28,54	29,22	29,07	28,79	28,34	27,85	27,37	26,89	26,30	25,55	24,75	23,96	29,51	0
17/06/2020 18:55:00	27,07	28,88	29,49	29,37	29,04	28,61	28,12	27,65	27,18	26,62	25,91	25,16	24,41	29,47	0
17/06/2020 19:00:00	27,22	28,73	29,44	29,29	28,95	28,54	28,08	27,62	27,14	26,56	25,80	25,01	24,22	29,46	0
17/06/2020 19:05:00	26,87	28,75	29,47	29,29	28,99	28,56	28,05	27,55	27,07	26,49	25,75	24,98	24,21	29,50	0
17/06/2020 19:10:00	26,89	28,81	29,45	29,33	28,95	28,52	28,02	27,52	27,03	26,45	25,70	24,93	24,15	29,27	0
17/06/2020 19:15:00	27,13	29,16	29,72	29,55	29,19	28,69	28,20	27,72	27,24	26,68	25,97	25,24	24,50	29,15	0
17/06/2020 19:20:00	26,94	29,03	29,76	29,69	29,35	28,88	28,39	27,90	27,40	26,81	26,05	25,27	24,48	29,23	0
17/06/2020 19:25:00	26,90	28,75	29,66	29,64	29,36	28,94	28,49	28,03	27,54	26,94	26,16	25,33	24,50	29,08	0
17/06/2020 19:30:00	27,23	29,30	30,00	29,82	29,48	29,02	28,53	28,05	27,56	26,99	26,26	25,51	24,76	29,07	0
17/06/2020 19:35:00	27,30	29,47	30,32	30,24	29,96	29,52	29,04	28,56	28,06	27,46	26,69	25,88	25,07	29,01	0
17/06/2020 19:40:00	27,53	29,82	30,63	30,49	30,22	29,80	29,28	28,78	28,30	27,72	26,98	26,21	25,44	28,93	0
17/06/2020 19:45:00	27,48	29,79	30,67	30,59	30,31	29,84	29,37	28,88	28,38	27,78	27,00	26,19	25,39	28,81	0
17/06/2020 19:50:00	27,28	29,60	30,67	30,61	30,35	29,97	29,47	28,97	28,46	27,85	27,04	26,20	25,36	28,73	0
17/06/2020 19:55:00	27,64	30,15	30,96	30,83	30,51	30,03	29,55	29,06	28,55	27,96	27,21	26,43	25,65	28,65	0
17/06/2020 20:00:00	27,75	29,88	30,75	30,63	30,32	29,87	29,41	28,94	28,46	27,89	27,14	26,37	25,60	28,53	0
17/06/2020 20:05:00	27,77	30,06	31,13	31,04	30,75	30,35	29,91	29,44	28,94	28,34	27,56	26,75	25,94	28,56	0
17/06/2020 20:10:00	28,09	30,38	31,30	31,28	31,02	30,56	30,11	29,65	29,16	28,57	27,81	27,00	26,20	28,47	0
17/06/2020 20:15:00	28,36	30,68	31,62	31,58	31,26	30,85	30,35	29,86	29,37	28,77	27,99	27,17	26,36	28,44	0
17/06/2020 20:20:00	28,39	30,49	31,43	31,42	31,14	30,77	30,33	29,88	29,40	28,81	28,04	27,23	26,41	28,38	0
17/06/2020 20:25:00	28,19	30,51	31,46	31,42	31,16	30,77	30,30	29,83	29,35	28,77	28,00	27,21	26,41	28,17	0
17/06/2020 20:30:00	28,29	30,29	31,12	31,11	30,82	30,45	30,04	29,61	29,15	28,59	27,85	27,08	26,30	28,16	0
17/06/2020 20:35:00	28,20	30,28	31,16	31,11	30,84	30,49	30,06	29,62	29,15	28,59	27,85	27,08	26,30	27,99	0
17/06/2020 20:40:00	27,99	30,28	31,17	31,08	30,83	30,45	29,99	29,53	29,07	28,51	27,80	27,05	26,31	27,90	0
17/06/2020 20:45:00	27,80	30,09	31,33	31,33	31,15	30,79	30,36	29,91	29,42	28,82	28,02	27,19	26,36	27,92	0
17/06/2020 20:50:00	27,85	30,15	31,21	31,18	30,93	30,58	30,15	29,70	29,22	28,64	27,88	27,09	26,29	27,77	0
17/06/2020 20:55:00	27,94	30,19	31,03	30,98	30,74	30,35	29,93	29,49	29,02	28,47	27,74	26,98	26,21	27,86	0
17/06/2020 21:00:00	27,93	30,20	31,05	30,94	30,66	30,24	29,80	29,34	28,87	28,32	27,60	26,86	26,12	27,75	0
17/06/2020 21:05:00	28,22	30,05	30,85	30,79	30,56	30,19	29,77	29,34	28,89	28,35	27,63	26,88	26,12	27,55	0
17/06/2020 21:10:00	27,49	29,88	31,00	31,01	30,80	30,44	30,03	29,59	29,11	28,52	27,75	26,95	26,14	27,40	0
17/06/2020 21:15:00	27,37	29,68	30,87	30,91	30,68	30,33	29,92	29,47	28,99	28,41	27,63	26,82	26,01	27,32	0
17/06/2020 21:20:00	27,25	29,76	31,09	31,19	31,00	30,67	30,26	29,81	29,32	28,71	27,90	27,06	26,22	27,21	0
17/06/2020 21:25:00	27,14	29,66	31,06	31,11	30,94	30,65	30,25	29,81	29,32	28,72	27,92	27,08	26,25	27,00	0
17/06/2020 21:30:00	26,76	29,30	30,93	31,09	30,96	30,69	30,28	29,83	29,33	28,70	27,85	26,95	26,06	26,91	0
17/06/2020 21:35:00	26,50	29,32	30,89	31,04	30,93	30,62	30,19	29,72	29,20	28,56	27,71	26,82	25,92	26,48	0
17/06/2020 21:40:00	26,45	28,94	30,70	30,96	30,94	30,70	30,36	29,96	29,47	28,83	27,96	27,05	26,13	26,04	0
17/06/2020 21:45:00	26,17	29,05	30,85	31,03	30,91	30,64	30,25	29,80	29,29	28,64	27,77	26,87	25,96	25,74	0
17/06/2020 21:50:00	26,09	28,95	30,72	30,95	30,85	30,57	30,17	29,73	29,21	28,56	27,69	26,78	25,87	25,79	0
17/06/2020 21:55:00	26,21	29,08	30,61	30,78	30,65	30,40	30,01	29,58	29,09	28,49	27,68	26,85	26,01	25,93	0
17/06/2020 22:00:00	26,09	29,10	30,68	30,84	30,75	30,45	30,04	29,58	29,07	28,45	27,62	26,75	25,89	25,91	0
17/06/2020 22:05:00	26,11	28,99	30,51	30,69	30,61	30,36	29,99	29,58	29,10	28,50	27,71	26,88	26,05	25,87	0
17/06/2020 22:10:00	25,88	29,03	30,41	30,60	30,56	30,30	29,93	29,51	29,04	28,47	27,71	26,92	26,12	25,66	0
17/06/2020 22:15:00	25,83	28,84	30,39	30,61	30,53	30,32	29,97	29,56	29,09	28,51	27,74	26,94	26,13	25,66	0
17/06/2020 22:20:00	26,05	28,81	30,31	30,54	30,50	30,24	29,89	29,48	29,01	28,43	27,64	26,82	25,99	25,74	0
17/06/2020 22:25:00	25,90	28,81	30,32	30,52	30,45	30,21	29,83	29,41	28,93	28,35	27,57	26,75	25,93	25,52	0
17/06/2020 22:30:00	25,86	28,49	30,06	30,32	30,34	30,20	29,90	29,54	29,09	28,53	27,76	26,95	26,14	25,66	0
17/06/2020 22:35:00	25,51	28,55	30,28	30,55	30,54	30,34	29,97	29,54	29,05	28,44	27,61	26,75	25,88	25,11	0
17/06/2020 22:40:00	25,49	28,51	30,18	30,48	30,48	30,24	29,87	29,45	28,96	28,36	27,54	26,68	25,82	24,96	0
17/06/2020 22:45:00	25,33	28,37	30,09	30,37	30,39	30,24	29,91	29,52	29,05	28,46	27,67	26,84	26,01	24,76	0
17/06/2020 22:50:00	25,26	28,10	30,00	30,40	30,45	30,26	29,94	29,55	29,07	28,44	27,58	26,67	25,76	24,41	0
17/06/2020 22:55:00	25,14	28,05	29,93	30,30	30,36	30,24	29,93	29,56	29,10	28,51	27,70	26,84	25,99	24,13	0
17/06/2020 23:00:00	25,03	28,02	29,96	30,39	30,49	30,32	30,00	29,60	29,13	28,51	27,65	26,75	25,84	23,88	0
17/06/2020 23:05:00	25,04	28,13	29,98	30,30	30,33	30,15	29,83	29,44	28,95	28,34	27,52	26,65	25,78	23,68	0
17/06/2020 23:10:00	25,02	27,72	29,65	30,13	30,27	30,18	29,92	29,58	29,14	28,55	27,73	26,85	25,97	23,46	0
17/06/2020 23:15:00	24,50	27,27	29,38	29,85	29,96	29,85	29,61	29,27	28,81	28,21	27,38	26,50	25,61	23,51	0
17/06/2020 23:20:00	24,48	27,37	29,41	29,84	29,94	29,85	29,54	29,16	28,69	28,08	27,23	26,33	25,43	23,24	0
17/06/2020 23:25:00	24,33	27,26	29,44	29,93	30,05	29,95	29,67	29,31	28,83	28,21	27,34	26,42	25,50	22,92	0
17/06/2020 23:30:00	23,95	26,84	29,05	29,54	29,74	29,66	29,38	29,03	28,56	27,94	27,07	26,16	25,24	22,90	0
17/06/2020 23:35:00	23,85	26,75	28,91	29,42	29,61	29,56	29,28	28,92	28,46	27,85	26,99	26,08	25,17	23,08	0
17/06/2020 23:40:00	23,84	26,66	28,85	29,36	29,55	29,52	29,27	28,93	28,49	27,88	27,04	26,15	25,25	22,74	0
17/06/2020 23:45:00	23,73	26,60	28,83	29,38	29,59	29,55	29,30	28,95	28,50	27,89	27,02	26,10	25,19	22,54	0
17/06/2020 23:50:00	23,72	26,70	28,85	29,37	29,54	29,49	29,21	28,85	28,39	27,78	26,92	26,01	25,10	22,15	0
17/06/2020 23:55:00	23,44	26,31	28,47	29,01	29,16	29,12	28,86	28,52	28,06	27,46	26,62	25,73	24,84	22,19	0
