FileFormat:0002.2 file with temperature of atmosphere
200
local	GMT or Local
0	GMT-Local=[hours]
0	Height[m]
0	0	0	Longitude                [grd]               [min]               [sec]
0	0	0	Latitude                [grd]               [min]               [sec]
N	NS
59,40	Freq[GHz]
0,00	dTemostat[K]
0,150	MessErr[K]
0,248	//[grad/step]
version 14.0.20110218
MTP5H033F5940K-33.00D180214+A1.1
Commentary:
enter comment
End Of Commentary

SYSTEM\summer.dat
data time	0	50	100	150	200	250	300	350	400	450	500	550	600	OutsideTemperature	Quality
11/09/2020 00:00:00	11,14	11,26	11,17	10,95	10,70	10,40	9,99	9,63	9,30	8,97	8,62	8,25	7,88	11,12	0
11/09/2020 00:05:00	10,99	11,29	11,19	10,92	10,57	10,20	9,86	9,51	9,17	8,83	8,50	8,16	7,81	11,15	0
11/09/2020 00:10:00	11,10	11,32	11,17	10,85	10,59	10,27	9,88	9,53	9,19	8,88	8,56	8,24	7,91	11,00	0
11/09/2020 00:15:00	10,92	11,20	11,07	10,82	10,48	10,09	9,74	9,39	9,04	8,71	8,36	8,01	7,66	10,90	0
11/09/2020 00:20:00	10,88	11,22	11,08	10,83	10,52	10,12	9,75	9,39	9,04	8,69	8,35	7,99	7,63	10,92	0
11/09/2020 00:25:00	10,93	11,11	10,98	10,74	10,48	10,15	9,81	9,47	9,15	8,83	8,51	8,18	7,85	10,94	0
11/09/2020 00:30:00	11,01	11,01	10,88	10,60	10,29	10,00	9,66	9,33	9,01	8,69	8,38	8,05	7,72	10,92	0
11/09/2020 00:35:00	10,84	11,02	10,92	10,68	10,40	10,03	9,76	9,46	9,14	8,82	8,50	8,18	7,85	10,92	0
11/09/2020 00:40:00	10,92	11,06	10,88	10,59	10,32	9,98	9,65	9,33	9,01	8,71	8,41	8,11	7,80	10,78	0
11/09/2020 00:45:00	10,63	10,85	10,64	10,43	10,10	9,75	9,41	9,08	8,76	8,45	8,14	7,82	7,50	10,75	0
11/09/2020 00:50:00	10,72	10,86	10,71	10,46	10,15	9,86	9,47	9,12	8,79	8,48	8,16	7,83	7,50	10,70	0
11/09/2020 00:55:00	10,67	10,90	10,74	10,44	10,13	9,79	9,43	9,08	8,74	8,43	8,11	7,79	7,47	10,59	0
11/09/2020 01:00:00	10,56	10,78	10,63	10,37	10,07	9,75	9,37	9,01	8,68	8,37	8,05	7,73	7,40	10,60	0
11/09/2020 01:05:00	10,70	10,81	10,71	10,44	10,11	9,76	9,39	9,03	8,68	8,34	7,99	7,63	7,27	10,50	0
11/09/2020 01:10:00	10,36	10,66	10,59	10,37	10,02	9,62	9,25	8,88	8,52	8,16	7,79	7,41	7,04	10,44	0
11/09/2020 01:15:00	10,36	10,46	10,38	10,11	9,80	9,54	9,22	8,91	8,59	8,29	7,99	7,68	7,38	10,36	0
11/09/2020 01:20:00	10,22	10,54	10,41	10,17	9,86	9,53	9,20	8,87	8,54	8,22	7,91	7,59	7,28	10,35	0
11/09/2020 01:25:00	10,25	10,49	10,32	10,03	9,75	9,42	9,06	8,72	8,40	8,09	7,80	7,49	7,18	10,30	0
11/09/2020 01:30:00	10,18	10,43	10,40	10,15	9,84	9,58	9,22	8,88	8,56	8,24	7,92	7,60	7,27	10,23	0
11/09/2020 01:35:00	10,14	10,43	10,34	10,04	9,73	9,36	9,02	8,67	8,33	8,00	7,67	7,34	7,00	10,19	0
11/09/2020 01:40:00	10,29	10,54	10,40	10,17	9,79	9,51	9,14	8,79	8,45	8,13	7,81	7,49	7,17	10,22	0
11/09/2020 01:45:00	10,16	10,35	10,22	9,93	9,59	9,31	8,94	8,59	8,26	7,94	7,63	7,31	7,00	10,14	0
11/09/2020 01:50:00	10,16	10,37	10,19	9,83	9,55	9,22	8,85	8,50	8,18	7,87	7,59	7,29	7,00	10,17	0
11/09/2020 01:55:00	10,10	10,32	10,16	9,90	9,62	9,32	8,97	8,64	8,32	8,01	7,72	7,42	7,12	10,12	0
11/09/2020 02:00:00	10,00	10,24	10,06	9,78	9,50	9,17	8,83	8,50	8,18	7,88	7,59	7,29	6,99	10,00	0
11/09/2020 02:05:00	9,95	10,05	9,85	9,58	9,30	9,06	8,72	8,40	8,10	7,83	7,56	7,29	7,02	9,93	0
11/09/2020 02:10:00	9,82	9,98	9,80	9,57	9,32	9,06	8,78	8,50	8,21	7,94	7,69	7,44	7,18	9,85	0
11/09/2020 02:15:00	9,84	9,94	9,82	9,58	9,31	9,04	8,71	8,39	8,08	7,79	7,50	7,20	6,89	9,78	0
11/09/2020 02:20:00	9,79	9,85	9,70	9,49	9,22	8,90	8,57	8,25	7,94	7,64	7,34	7,02	6,71	9,78	0
11/09/2020 02:25:00	9,70	9,90	9,74	9,49	9,18	8,81	8,51	8,19	7,86	7,56	7,26	6,95	6,64	9,75	0
11/09/2020 02:30:00	9,62	9,91	9,81	9,57	9,32	8,93	8,61	8,29	7,96	7,64	7,33	7,01	6,69	9,77	0
11/09/2020 02:35:00	9,67	9,85	9,75	9,57	9,26	8,89	8,58	8,27	7,93	7,61	7,28	6,94	6,61	9,67	0
11/09/2020 02:40:00	9,64	9,86	9,72	9,45	9,21	8,87	8,53	8,21	7,89	7,59	7,30	7,00	6,70	9,59	0
11/09/2020 02:45:00	9,72	9,75	9,54	9,33	9,06	8,71	8,39	8,07	7,76	7,46	7,16	6,86	6,55	9,57	0
11/09/2020 02:50:00	9,72	9,74	9,47	9,20	8,85	8,51	8,15	7,81	7,49	7,19	6,90	6,60	6,30	9,74	0
11/09/2020 02:55:00	9,80	9,77	9,57	9,30	8,92	8,56	8,24	7,92	7,59	7,27	6,96	6,65	6,33	9,75	0
11/09/2020 03:00:00	9,80	9,66	9,36	9,09	8,77	8,38	8,03	7,70	7,38	7,07	6,77	6,46	6,15	9,80	0
11/09/2020 03:05:00	9,83	9,70	9,40	9,11	8,72	8,33	8,00	7,68	7,35	7,04	6,74	6,43	6,12	9,83	0
11/09/2020 03:10:00	9,85	9,74	9,45	9,13	8,78	8,44	8,09	7,76	7,45	7,15	6,87	6,58	6,29	9,89	0
11/09/2020 03:15:00	9,80	9,79	9,49	9,20	8,89	8,54	8,14	7,78	7,46	7,16	6,87	6,56	6,26	9,83	0
11/09/2020 03:20:00	9,89	9,77	9,54	9,21	8,87	8,49	8,12	7,78	7,44	7,13	6,81	6,49	6,18	9,80	0
11/09/2020 03:25:00	9,85	9,79	9,53	9,19	8,80	8,43	8,04	7,68	7,33	7,01	6,69	6,37	6,04	9,84	0
11/09/2020 03:30:00	9,89	9,83	9,54	9,24	8,87	8,49	8,09	7,72	7,38	7,05	6,73	6,41	6,08	9,88	0
11/09/2020 03:35:00	9,75	9,80	9,58	9,25	8,85	8,48	8,10	7,74	7,39	7,07	6,75	6,43	6,10	9,82	0
11/09/2020 03:40:00	9,80	9,81	9,47	9,14	8,75	8,36	7,98	7,63	7,29	6,98	6,69	6,39	6,09	9,78	0
11/09/2020 03:45:00	9,78	9,73	9,46	9,20	8,85	8,56	8,13	7,76	7,43	7,13	6,82	6,51	6,20	9,80	0
11/09/2020 03:50:00	9,82	9,64	9,34	9,05	8,74	8,37	8,02	7,68	7,37	7,07	6,78	6,47	6,17	9,74	0
11/09/2020 03:55:00	9,72	9,61	9,30	8,94	8,56	8,24	7,83	7,46	7,13	6,83	6,54	6,24	5,95	9,75	0
11/09/2020 04:00:00	9,60	9,57	9,28	8,97	8,62	8,32	7,96	7,63	7,31	7,02	6,75	6,47	6,20	9,65	0
11/09/2020 04:05:00	9,68	9,64	9,38	9,04	8,68	8,33	7,85	7,45	7,10	6,77	6,44	6,10	5,77	9,67	0
11/09/2020 04:10:00	9,59	9,71	9,55	9,24	8,83	8,40	8,01	7,63	7,26	6,90	6,54	6,18	5,82	9,69	0
11/09/2020 04:15:00	9,62	9,59	9,41	9,17	8,90	8,61	8,18	7,81	7,49	7,17	6,86	6,53	6,21	9,53	0
11/09/2020 04:20:00	9,64	9,68	9,51	9,19	8,90	8,59	8,19	7,83	7,50	7,19	6,89	6,58	6,27	9,48	0
11/09/2020 04:25:00	9,38	9,68	9,54	9,27	8,97	8,61	8,16	7,77	7,42	7,08	6,74	6,40	6,06	9,46	0
11/09/2020 04:30:00	9,43	9,62	9,43	9,09	8,73	8,35	7,96	7,59	7,24	6,91	6,60	6,28	5,97	9,43	0
11/09/2020 04:35:00	9,42	9,48	9,31	9,06	8,73	8,35	8,01	7,67	7,33	7,01	6,68	6,36	6,03	9,42	0
11/09/2020 04:40:00	9,49	9,54	9,34	9,01	8,70	8,29	7,90	7,53	7,19	6,86	6,53	6,21	5,88	9,35	0
11/09/2020 04:45:00	9,28	9,40	9,24	8,96	8,64	8,26	7,85	7,47	7,12	6,79	6,45	6,11	5,77	9,33	0
11/09/2020 04:50:00	9,24	9,35	9,14	8,79	8,47	8,15	7,77	7,42	7,09	6,79	6,51	6,22	5,93	9,27	0
11/09/2020 04:55:00	9,25	9,31	9,12	8,80	8,51	8,17	7,81	7,48	7,15	6,85	6,56	6,26	5,97	9,27	0
11/09/2020 05:00:00	9,12	9,35	9,22	8,93	8,58	8,18	7,76	7,37	7,01	6,66	6,31	5,96	5,61	9,25	0
11/09/2020 05:05:00	9,32	9,38	9,13	8,81	8,47	8,07	7,70	7,35	7,01	6,69	6,38	6,07	5,76	9,20	0
11/09/2020 05:10:00	9,24	9,43	9,29	8,98	8,58	8,17	7,76	7,38	7,01	6,65	6,31	5,96	5,61	9,24	0
11/09/2020 05:15:00	9,25	9,26	9,12	8,83	8,50	8,13	7,74	7,37	7,02	6,68	6,35	6,00	5,66	9,20	0
11/09/2020 05:20:00	9,25	9,30	9,14	8,85	8,51	8,21	7,81	7,45	7,12	6,80	6,50	6,19	5,88	9,22	0
11/09/2020 05:25:00	9,23	9,34	9,18	8,93	8,61	8,23	7,87	7,52	7,18	6,85	6,53	6,21	5,88	9,19	0
11/09/2020 05:30:00	9,20	9,39	9,26	8,97	8,60	8,19	7,89	7,56	7,21	6,88	6,57	6,25	5,93	9,20	0
11/09/2020 05:35:00	9,21	9,41	9,36	9,12	8,81	8,43	8,05	7,69	7,33	6,98	6,63	6,27	5,91	9,16	0
11/09/2020 05:40:00	9,11	9,33	9,15	8,88	8,53	8,10	7,72	7,35	7,00	6,66	6,33	5,99	5,66	9,18	0
11/09/2020 05:45:00	9,13	9,43	9,25	8,95	8,57	8,17	7,86	7,52	7,18	6,86	6,55	6,25	5,95	9,28	0
11/09/2020 05:50:00	9,19	9,41	9,22	8,90	8,52	8,14	7,77	7,41	7,06	6,74	6,43	6,12	5,80	9,20	0
11/09/2020 05:55:00	9,23	9,45	9,26	8,92	8,60	8,20	7,81	7,43	7,08	6,75	6,44	6,12	5,81	9,18	0
11/09/2020 06:00:00	9,27	9,42	9,25	8,98	8,65	8,39	7,99	7,63	7,31	7,01	6,72	6,42	6,13	9,18	0
11/09/2020 06:05:00	9,19	9,37	9,25	8,99	8,69	8,28	7,89	7,52	7,16	6,82	6,48	6,13	5,78	9,18	0
11/09/2020 06:10:00	9,22	9,30	9,11	8,82	8,48	8,19	7,81	7,46	7,14	6,83	6,54	6,24	5,95	9,10	0
11/09/2020 06:15:00	9,07	9,22	9,13	8,85	8,53	8,15	7,82	7,47	7,13	6,80	6,47	6,15	5,82	9,15	0
11/09/2020 06:20:00	9,05	9,31	9,17	8,82	8,50	8,13	7,77	7,42	7,08	6,75	6,45	6,15	5,84	9,17	0
11/09/2020 06:25:00	9,28	9,40	9,27	8,93	8,61	8,18	7,81	7,45	7,09	6,75	6,42	6,09	5,75	9,14	0
11/09/2020 06:30:00	9,12	9,36	9,09	8,81	8,45	8,09	7,65	7,26	6,92	6,59	6,29	5,97	5,66	9,20	0
11/09/2020 06:35:00	9,21	9,39	9,13	8,81	8,38	8,01	7,65	7,30	6,95	6,64	6,34	6,05	5,75	9,21	0
11/09/2020 06:40:00	9,35	9,36	9,05	8,72	8,37	7,99	7,61	7,25	6,92	6,61	6,32	6,03	5,73	9,25	0
11/09/2020 06:45:00	9,32	9,38	9,08	8,72	8,34	7,97	7,60	7,25	6,91	6,61	6,32	6,04	5,75	9,25	0
11/09/2020 06:50:00	9,32	9,38	9,10	8,78	8,35	7,96	7,56	7,18	6,83	6,50	6,19	5,87	5,55	9,34	0
11/09/2020 06:55:00	9,39	9,43	8,99	8,60	8,26	7,90	7,51	7,16	6,85	6,58	6,34	6,10	5,85	9,45	0
11/09/2020 07:00:00	9,49	9,47	9,05	8,67	8,31	8,01	7,61	7,26	6,95	6,68	6,45	6,21	5,97	9,45	0
11/09/2020 07:05:00	9,63	9,55	9,05	8,65	8,29	7,91	7,51	7,15	6,84	6,56	6,31	6,06	5,81	9,59	0
11/09/2020 07:10:00	9,53	9,56	9,13	8,77	8,41	8,07	7,67	7,31	7,00	6,72	6,48	6,22	5,97	9,61	0
11/09/2020 07:15:00	9,60	9,46	9,14	8,84	8,47	8,12	7,71	7,34	7,02	6,71	6,41	6,10	5,79	9,58	0
11/09/2020 07:20:00	9,68	9,48	9,02	8,67	8,31	8,03	7,70	7,39	7,11	6,86	6,64	6,42	6,19	9,54	0
11/09/2020 07:25:00	9,75	9,54	9,08	8,75	8,37	8,04	7,67	7,33	7,03	6,76	6,51	6,25	5,99	9,63	0
11/09/2020 07:30:00	9,76	9,57	9,04	8,66	8,32	7,90	7,61	7,32	7,02	6,77	6,54	6,32	6,09	9,74	0
11/09/2020 07:35:00	9,91	9,70	9,16	8,77	8,37	7,93	7,54	7,19	6,87	6,58	6,32	6,05	5,78	9,88	0
11/09/2020 07:40:00	10,06	9,67	9,09	8,65	8,22	7,75	7,43	7,12	6,81	6,53	6,28	6,03	5,78	9,96	0
11/09/2020 07:45:00	9,84	9,59	9,22	8,83	8,42	7,98	7,65	7,32	6,98	6,67	6,38	6,08	5,79	9,98	0
11/09/2020 07:50:00	10,06	9,77	9,44	9,07	8,72	8,29	7,91	7,56	7,23	6,91	6,60	6,28	5,96	10,09	0
11/09/2020 07:55:00	10,01	9,92	9,60	9,20	8,85	8,38	7,95	7,57	7,21	6,87	6,54	6,20	5,87	10,04	0
11/09/2020 08:00:00	10,15	9,97	9,65	9,26	8,89	8,44	7,98	7,58	7,22	6,87	6,52	6,16	5,81	10,15	0
11/09/2020 08:05:00	10,25	10,00	9,63	9,28	8,85	8,36	8,01	7,67	7,32	6,99	6,66	6,33	6,00	10,20	0
11/09/2020 08:10:00	10,69	10,17	9,59	9,17	8,75	8,34	7,97	7,63	7,33	7,05	6,79	6,53	6,26	10,38	0
11/09/2020 08:15:00	11,12	10,20	9,50	8,98	8,59	8,25	7,88	7,56	7,28	7,04	6,83	6,60	6,37	10,74	0
11/09/2020 08:20:00	10,42	10,24	9,88	9,48	9,07	8,53	8,09	7,69	7,32	6,96	6,60	6,23	5,87	10,61	0
11/09/2020 08:25:00	10,76	10,22	9,78	9,36	8,91	8,50	8,10	7,74	7,41	7,09	6,78	6,47	6,15	10,70	0
11/09/2020 08:30:00	10,80	10,25	9,77	9,35	8,94	8,55	8,20	7,87	7,56	7,27	6,99	6,71	6,42	10,56	0
11/09/2020 08:35:00	11,29	10,29	9,65	9,28	8,83	8,44	8,09	7,78	7,49	7,21	6,94	6,66	6,37	10,82	0
11/09/2020 08:40:00	11,06	10,39	9,71	9,30	8,87	8,45	8,07	7,74	7,44	7,16	6,91	6,64	6,37	10,83	0
11/09/2020 08:45:00	10,93	10,16	9,45	8,99	8,55	8,18	7,81	7,48	7,19	6,93	6,70	6,46	6,22	10,87	0
11/09/2020 08:50:00	10,92	10,23	9,55	9,06	8,60	8,16	7,77	7,43	7,12	6,84	6,59	6,33	6,07	10,88	0
11/09/2020 08:55:00	10,90	10,45	9,83	9,43	9,00	8,51	8,12	7,77	7,45	7,15	6,86	6,56	6,26	10,93	0
11/09/2020 09:00:00	11,02	10,34	9,76	9,30	8,89	8,51	8,19	7,88	7,59	7,33	7,09	6,84	6,59	11,03	0
11/09/2020 09:05:00	11,34	10,71	10,10	9,66	9,19	8,67	8,30	7,96	7,63	7,32	7,01	6,71	6,40	11,01	0
11/09/2020 09:10:00	11,06	10,79	10,32	9,88	9,44	8,96	8,53	8,14	7,79	7,46	7,14	6,81	6,49	11,20	0
11/09/2020 09:15:00	11,35	10,85	10,32	9,87	9,49	9,06	8,63	8,25	7,93	7,62	7,32	7,00	6,69	11,42	0
11/09/2020 09:20:00	11,33	10,95	10,43	9,97	9,50	9,02	8,56	8,15	7,79	7,45	7,12	6,78	6,44	11,23	0
11/09/2020 09:25:00	11,22	10,92	10,50	10,07	9,60	9,12	8,64	8,22	7,85	7,48	7,12	6,75	6,38	11,28	0
11/09/2020 09:30:00	11,29	10,99	10,55	10,16	9,71	9,24	8,79	8,39	8,04	7,69	7,35	6,99	6,64	11,33	0
11/09/2020 09:35:00	11,43	11,05	10,53	10,13	9,70	9,23	8,84	8,49	8,15	7,84	7,53	7,22	6,90	11,53	0
11/09/2020 09:40:00	12,31	11,18	10,48	9,95	9,47	8,98	8,61	8,27	7,96	7,66	7,36	7,06	6,75	11,65	0
11/09/2020 09:45:00	11,66	11,16	10,62	10,17	9,74	9,28	8,84	8,45	8,12	7,79	7,48	7,15	6,82	12,00	0
11/09/2020 09:50:00	12,33	11,16	10,50	10,05	9,57	9,16	8,79	8,46	8,16	7,86	7,57	7,26	6,95	11,85	0
11/09/2020 09:55:00	12,13	11,37	10,77	10,27	9,81	9,40	8,94	8,55	8,22	7,90	7,59	7,27	6,95	12,07	0
11/09/2020 10:00:00	11,79	11,29	10,86	10,39	9,90	9,39	8,93	8,52	8,15	7,79	7,42	7,04	6,66	12,04	0
11/09/2020 10:05:00	11,58	11,28	10,89	10,52	10,05	9,58	9,14	8,74	8,37	8,01	7,64	7,26	6,88	11,93	0
11/09/2020 10:10:00	11,56	11,31	10,97	10,56	10,09	9,61	9,14	8,72	8,35	7,97	7,59	7,20	6,81	11,78	0
11/09/2020 10:15:00	11,55	11,36	11,00	10,60	10,18	9,69	9,24	8,83	8,47	8,10	7,73	7,35	6,97	11,80	0
11/09/2020 10:20:00	11,60	11,39	11,02	10,58	10,10	9,60	9,15	8,73	8,36	7,99	7,62	7,24	6,86	11,79	0
11/09/2020 10:25:00	11,99	11,70	11,31	10,88	10,45	9,97	9,53	9,13	8,77	8,41	8,04	7,67	7,30	11,92	0
11/09/2020 10:30:00	12,04	11,70	11,28	10,88	10,45	9,93	9,49	9,09	8,73	8,36	7,99	7,60	7,22	12,04	0
11/09/2020 10:35:00	11,98	11,62	11,19	10,79	10,30	9,90	9,43	9,03	8,68	8,34	7,99	7,64	7,28	11,95	0
11/09/2020 10:40:00	12,04	11,68	11,25	10,81	10,30	9,79	9,35	8,94	8,57	8,20	7,83	7,45	7,07	12,19	0
11/09/2020 10:45:00	12,05	11,78	11,32	10,89	10,44	9,89	9,44	9,03	8,66	8,29	7,92	7,53	7,15	12,17	0
11/09/2020 10:50:00	12,05	11,74	11,30	10,89	10,43	9,96	9,52	9,12	8,76	8,41	8,06	7,69	7,33	12,13	0
11/09/2020 10:55:00	12,12	11,69	11,35	10,94	10,47	10,00	9,57	9,18	8,81	8,45	8,07	7,68	7,29	12,08	0
11/09/2020 11:00:00	11,98	11,75	11,37	10,97	10,53	10,03	9,57	9,16	8,80	8,43	8,05	7,67	7,28	12,09	0
11/09/2020 11:05:00	11,96	11,79	11,44	10,98	10,49	9,99	9,55	9,14	8,77	8,40	8,02	7,65	7,27	12,00	0
11/09/2020 11:10:00	11,99	11,78	11,42	11,01	10,60	10,15	9,66	9,24	8,87	8,51	8,14	7,75	7,36	12,12	0
11/09/2020 11:15:00	11,98	11,78	11,43	11,04	10,56	10,07	9,65	9,26	8,89	8,52	8,14	7,76	7,38	12,05	0
11/09/2020 11:20:00	12,06	11,92	11,55	11,20	10,75	10,29	9,80	9,37	9,00	8,63	8,24	7,85	7,45	12,12	0
11/09/2020 11:25:00	12,08	11,86	11,55	11,13	10,71	10,25	9,80	9,40	9,03	8,67	8,29	7,91	7,52	12,12	0
11/09/2020 11:30:00	12,02	11,89	11,57	11,24	10,80	10,29	9,87	9,48	9,11	8,74	8,35	7,95	7,56	12,14	0
11/09/2020 11:35:00	11,99	11,96	11,70	11,27	10,90	10,41	9,93	9,50	9,12	8,74	8,35	7,95	7,55	12,13	0
11/09/2020 11:40:00	12,15	12,03	11,78	11,42	10,99	10,53	10,06	9,63	9,25	8,87	8,46	8,04	7,62	12,10	0
11/09/2020 11:45:00	12,24	12,05	11,71	11,33	10,93	10,42	10,01	9,63	9,26	8,90	8,53	8,14	7,75	12,20	0
11/09/2020 11:50:00	12,35	12,11	11,73	11,34	10,89	10,38	9,95	9,55	9,19	8,82	8,44	8,06	7,67	12,20	0
11/09/2020 11:55:00	12,66	12,11	11,62	11,24	10,82	10,37	9,96	9,60	9,27	8,94	8,60	8,24	7,88	12,35	0
11/09/2020 12:00:00	12,84	12,26	11,68	11,22	10,80	10,28	9,87	9,51	9,17	8,84	8,51	8,17	7,82	12,65	0
11/09/2020 12:05:00	12,88	12,43	11,86	11,39	10,89	10,43	9,97	9,57	9,23	8,89	8,55	8,20	7,85	12,68	0
11/09/2020 12:10:00	13,10	12,41	11,79	11,32	10,82	10,32	9,89	9,52	9,17	8,83	8,49	8,13	7,78	12,66	0
11/09/2020 12:15:00	13,04	12,35	11,78	11,35	10,88	10,41	10,01	9,65	9,32	8,99	8,66	8,31	7,96	12,95	0
11/09/2020 12:20:00	13,21	12,46	11,78	11,26	10,77	10,31	9,86	9,48	9,15	8,83	8,52	8,20	7,87	12,83	0
11/09/2020 12:25:00	12,89	12,50	12,07	11,66	11,18	10,68	10,19	9,77	9,39	9,01	8,60	8,19	7,77	12,82	0
11/09/2020 12:30:00	13,70	12,66	11,98	11,52	11,10	10,65	10,14	9,72	9,40	9,05	8,69	8,30	7,91	13,47	0
11/09/2020 12:35:00	14,08	13,03	12,07	11,50	11,03	10,52	10,08	9,71	9,41	9,13	8,85	8,56	8,26	13,47	0
11/09/2020 12:40:00	14,38	13,20	12,11	11,49	10,93	10,37	9,94	9,58	9,28	9,01	8,75	8,47	8,20	14,50	0
11/09/2020 12:45:00	13,78	13,05	12,39	11,86	11,42	10,89	10,46	10,08	9,74	9,41	9,07	8,72	8,37	13,41	0
11/09/2020 12:50:00	13,99	13,16	12,44	11,86	11,33	10,89	10,47	10,10	9,78	9,47	9,18	8,87	8,56	13,80	0
11/09/2020 12:55:00	13,62	13,14	12,61	12,12	11,63	11,14	10,69	10,30	9,94	9,59	9,23	8,86	8,49	13,64	0
11/09/2020 13:00:00	13,37	13,08	12,70	12,31	11,85	11,35	10,87	10,45	10,07	9,69	9,27	8,85	8,43	13,57	0
11/09/2020 13:05:00	13,30	12,97	12,59	12,17	11,73	11,23	10,76	10,34	9,97	9,59	9,19	8,77	8,36	13,39	0
11/09/2020 13:10:00	13,19	12,95	12,56	12,16	11,76	11,30	10,84	10,44	10,08	9,72	9,34	8,95	8,56	13,49	0
11/09/2020 13:15:00	13,20	13,06	12,71	12,30	11,88	11,42	10,92	10,49	10,12	9,75	9,35	8,94	8,53	13,27	0
11/09/2020 13:20:00	13,25	13,05	12,71	12,32	11,87	11,40	10,95	10,54	10,17	9,80	9,40	9,00	8,59	13,34	0
11/09/2020 13:25:00	13,37	13,15	12,80	12,40	12,00	11,52	11,07	10,67	10,31	9,94	9,55	9,15	8,75	13,34	0
11/09/2020 13:30:00	13,35	13,22	12,90	12,50	12,02	11,52	11,05	10,62	10,24	9,84	9,43	9,00	8,57	13,45	0
11/09/2020 13:35:00	13,58	13,28	12,91	12,53	12,07	11,58	11,13	10,72	10,35	9,97	9,57	9,15	8,73	13,46	0
11/09/2020 13:40:00	13,91	13,38	12,82	12,36	11,89	11,40	10,96	10,56	10,22	9,87	9,51	9,14	8,77	13,72	0
11/09/2020 13:45:00	13,91	13,42	12,88	12,47	11,95	11,46	11,03	10,64	10,28	9,93	9,56	9,18	8,80	13,83	0
11/09/2020 13:50:00	13,78	13,44	12,95	12,46	11,97	11,47	10,97	10,53	10,16	9,78	9,40	9,00	8,60	13,77	0
11/09/2020 13:55:00	13,62	13,39	12,97	12,52	12,07	11,59	11,13	10,73	10,37	10,01	9,63	9,25	8,87	13,80	0
11/09/2020 14:00:00	13,72	13,44	13,01	12,59	12,14	11,67	11,19	10,77	10,40	10,03	9,64	9,23	8,82	13,77	0
11/09/2020 14:05:00	13,84	13,42	12,96	12,55	12,15	11,67	11,21	10,82	10,47	10,12	9,74	9,34	8,95	13,98	0
11/09/2020 14:10:00	13,96	13,54	12,99	12,52	12,08	11,61	11,18	10,80	10,47	10,13	9,80	9,45	9,10	14,12	0
11/09/2020 14:15:00	14,20	13,59	13,02	12,52	12,03	11,54	11,11	10,72	10,37	10,03	9,68	9,31	8,94	14,12	0
11/09/2020 14:20:00	14,21	13,61	13,11	12,65	12,18	11,71	11,26	10,86	10,51	10,15	9,78	9,39	9,00	14,37	0
11/09/2020 14:25:00	14,12	13,60	13,11	12,69	12,28	11,80	11,32	10,90	10,55	10,19	9,80	9,39	8,98	14,15	0
11/09/2020 14:30:00	13,91	13,55	13,10	12,64	12,20	11,69	11,27	10,88	10,52	10,17	9,80	9,42	9,04	14,12	0
11/09/2020 14:35:00	13,98	13,58	13,10	12,67	12,24	11,81	11,36	10,97	10,63	10,29	9,93	9,56	9,19	14,04	0
11/09/2020 14:40:00	14,12	13,65	13,19	12,72	12,28	11,83	11,39	11,00	10,65	10,30	9,94	9,56	9,18	14,21	0
11/09/2020 14:45:00	14,08	13,72	13,27	12,84	12,41	11,87	11,41	11,00	10,63	10,25	9,84	9,42	9,00	14,43	0
11/09/2020 14:50:00	14,32	13,85	13,28	12,85	12,36	11,80	11,32	10,90	10,53	10,15	9,75	9,33	8,92	14,84	0
11/09/2020 14:55:00	14,45	13,87	13,21	12,72	12,23	11,73	11,29	10,90	10,56	10,22	9,88	9,52	9,16	14,72	0
11/09/2020 15:00:00	14,56	13,94	13,26	12,72	12,20	11,69	11,25	10,86	10,52	10,19	9,85	9,50	9,15	14,65	0
11/09/2020 15:05:00	14,95	13,88	13,10	12,60	12,19	11,71	11,30	10,95	10,65	10,34	10,02	9,68	9,34	14,95	0
11/09/2020 15:10:00	14,28	13,81	13,30	12,88	12,41	11,92	11,48	11,09	10,73	10,38	10,00	9,61	9,22	14,79	0
11/09/2020 15:15:00	14,62	13,90	13,24	12,79	12,35	11,83	11,40	11,03	10,70	10,37	10,02	9,65	9,28	14,57	0
11/09/2020 15:20:00	14,84	14,02	13,38	12,89	12,38	11,89	11,42	11,03	10,68	10,33	9,96	9,57	9,18	14,70	0
11/09/2020 15:25:00	15,03	14,00	13,32	12,83	12,40	11,94	11,49	11,11	10,79	10,46	10,11	9,74	9,37	14,83	0
11/09/2020 15:30:00	14,76	14,24	13,59	13,08	12,59	12,09	11,61	11,21	10,86	10,52	10,16	9,79	9,42	14,77	0
11/09/2020 15:35:00	15,09	14,26	13,50	12,98	12,52	12,13	11,73	11,39	11,10	10,82	10,54	10,25	9,96	15,02	0
11/09/2020 15:40:00	14,67	14,15	13,59	13,17	12,67	12,13	11,69	11,30	10,94	10,57	10,18	9,77	9,37	15,31	0
11/09/2020 15:45:00	14,85	14,20	13,63	13,16	12,72	12,19	11,70	11,28	10,92	10,55	10,15	9,73	9,32	15,12	0
11/09/2020 15:50:00	15,25	14,25	13,58	13,08	12,62	12,11	11,65	11,26	10,93	10,58	10,20	9,80	9,41	15,26	0
11/09/2020 15:55:00	14,50	14,12	13,67	13,23	12,81	12,35	11,86	11,45	11,09	10,72	10,33	9,92	9,51	14,95	0
11/09/2020 16:00:00	14,33	14,09	13,62	13,16	12,74	12,26	11,78	11,36	11,00	10,64	10,26	9,87	9,48	14,62	0
11/09/2020 16:05:00	14,45	14,10	13,60	13,15	12,63	12,18	11,70	11,29	10,93	10,57	10,20	9,81	9,42	14,84	0
11/09/2020 16:10:00	14,69	14,09	13,53	13,09	12,66	12,20	11,76	11,38	11,04	10,71	10,35	9,98	9,60	14,99	0
11/09/2020 16:15:00	14,30	14,05	13,67	13,28	12,77	12,31	11,84	11,42	11,05	10,66	10,25	9,82	9,40	14,72	0
11/09/2020 16:20:00	14,26	14,02	13,66	13,24	12,79	12,30	11,83	11,42	11,04	10,66	10,25	9,82	9,40	14,62	0
11/09/2020 16:25:00	14,26	14,06	13,73	13,34	12,90	12,39	11,93	11,52	11,14	10,75	10,33	9,89	9,45	14,46	0
11/09/2020 16:30:00	14,69	14,34	13,92	13,50	13,08	12,66	12,20	11,80	11,45	11,09	10,71	10,31	9,91	14,67	0
11/09/2020 16:35:00	14,64	14,39	13,98	13,55	13,08	12,59	12,17	11,78	11,41	11,05	10,66	10,26	9,86	14,79	0
11/09/2020 16:40:00	14,55	14,37	14,04	13,69	13,24	12,76	12,28	11,86	11,48	11,08	10,65	10,20	9,75	14,58	0
11/09/2020 16:45:00	14,46	14,35	14,03	13,68	13,24	12,77	12,28	11,85	11,47	11,08	10,65	10,20	9,76	14,52	0
11/09/2020 16:50:00	14,67	14,49	14,01	13,58	13,12	12,65	12,19	11,78	11,43	11,07	10,70	10,31	9,92	14,68	0
11/09/2020 16:55:00	14,73	14,56	14,14	13,67	13,24	12,75	12,31	11,92	11,56	11,20	10,83	10,44	10,05	15,04	0
11/09/2020 17:00:00	14,78	14,64	14,28	13,87	13,40	12,87	12,37	11,93	11,54	11,13	10,69	10,23	9,77	15,12	0
11/09/2020 17:05:00	14,79	14,85	14,57	14,19	13,74	13,26	12,77	12,34	11,95	11,55	11,11	10,66	10,22	14,95	0
11/09/2020 17:10:00	14,77	14,82	14,53	14,14	13,69	13,23	12,76	12,33	11,95	11,57	11,15	10,72	10,28	15,00	0
11/09/2020 17:15:00	14,91	14,80	14,47	14,06	13,65	13,17	12,73	12,33	11,96	11,59	11,18	10,77	10,35	15,04	0
11/09/2020 17:20:00	14,75	14,82	14,55	14,19	13,75	13,25	12,76	12,32	11,92	11,52	11,07	10,61	10,14	14,99	0
11/09/2020 17:25:00	14,67	14,77	14,59	14,22	13,76	13,28	12,79	12,35	11,95	11,53	11,07	10,60	10,13	14,74	0
11/09/2020 17:30:00	14,64	14,77	14,49	14,14	13,70	13,20	12,71	12,27	11,88	11,47	11,03	10,57	10,12	14,59	0
11/09/2020 17:35:00	14,49	14,72	14,61	14,27	13,86	13,37	12,87	12,42	12,02	11,59	11,12	10,63	10,14	14,65	0
11/09/2020 17:40:00	14,60	14,83	14,66	14,30	13,89	13,40	12,92	12,48	12,09	11,68	11,23	10,76	10,30	14,51	0
11/09/2020 17:45:00	14,53	14,73	14,59	14,31	13,88	13,40	12,94	12,52	12,12	11,71	11,24	10,77	10,29	14,51	0
11/09/2020 17:50:00	14,69	14,88	14,58	14,16	13,77	13,31	12,83	12,41	12,03	11,66	11,26	10,85	10,43	14,88	0
11/09/2020 17:55:00	14,70	14,90	14,68	14,31	13,85	13,31	12,84	12,41	12,00	11,59	11,14	10,67	10,21	15,07	0
11/09/2020 18:00:00	14,63	14,91	14,69	14,30	13,85	13,36	12,85	12,40	12,00	11,59	11,14	10,69	10,23	15,00	0
11/09/2020 18:05:00	14,61	14,82	14,67	14,29	13,82	13,31	12,85	12,42	12,01	11,59	11,13	10,67	10,20	14,65	0
11/09/2020 18:10:00	14,36	14,83	14,69	14,33	13,91	13,39	12,89	12,44	12,03	11,60	11,14	10,67	10,20	14,52	0
11/09/2020 18:15:00	14,53	14,80	14,70	14,36	13,99	13,55	13,06	12,63	12,23	11,82	11,36	10,89	10,42	14,52	0
11/09/2020 18:20:00	14,40	14,80	14,76	14,46	14,09	13,59	13,12	12,68	12,27	11,84	11,36	10,87	10,37	14,52	0
11/09/2020 18:25:00	14,42	14,84	14,70	14,35	13,91	13,47	13,00	12,56	12,17	11,77	11,33	10,89	10,45	14,27	0
11/09/2020 18:30:00	14,22	14,56	14,51	14,20	13,78	13,34	12,87	12,44	12,04	11,62	11,15	10,68	10,20	14,20	0
11/09/2020 18:35:00	14,10	14,65	14,68	14,43	14,02	13,57	13,08	12,63	12,22	11,78	11,29	10,79	10,29	14,10	0
11/09/2020 18:40:00	13,84	14,35	14,35	14,09	13,75	13,32	12,88	12,47	12,08	11,68	11,23	10,78	10,32	13,97	0
11/09/2020 18:45:00	13,93	14,33	14,35	14,06	13,70	13,28	12,81	12,38	11,98	11,57	11,11	10,64	10,16	13,95	0
11/09/2020 18:50:00	13,72	14,35	14,42	14,14	13,77	13,31	12,85	12,42	12,00	11,57	11,10	10,62	10,13	13,83	0
11/09/2020 18:55:00	13,91	14,31	14,31	14,04	13,68	13,24	12,78	12,35	11,95	11,53	11,07	10,60	10,12	13,90	0
11/09/2020 19:00:00	13,79	14,20	14,24	13,96	13,62	13,19	12,76	12,35	11,96	11,56	11,11	10,65	10,19	13,80	0
11/09/2020 19:05:00	13,73	14,35	14,34	14,04	13,65	13,22	12,79	12,38	11,98	11,58	11,16	10,72	10,28	13,75	0
11/09/2020 19:10:00	13,63	14,19	14,29	14,09	13,77	13,35	12,91	12,50	12,11	11,69	11,22	10,74	10,25	13,65	0
11/09/2020 19:15:00	13,52	14,15	14,20	13,96	13,63	13,16	12,69	12,25	11,85	11,42	10,94	10,46	9,97	13,56	0
11/09/2020 19:20:00	13,50	14,20	14,37	14,15	13,80	13,37	12,93	12,51	12,10	11,67	11,19	10,70	10,21	13,49	0
11/09/2020 19:25:00	13,47	14,11	14,18	13,95	13,62	13,19	12,74	12,31	11,91	11,50	11,04	10,57	10,10	13,34	0
11/09/2020 19:30:00	13,35	14,02	14,16	14,03	13,70	13,25	12,81	12,40	12,00	11,57	11,09	10,59	10,09	13,30	0
11/09/2020 19:35:00	13,14	13,84	13,92	13,66	13,33	12,95	12,51	12,09	11,70	11,30	10,87	10,42	9,98	13,20	0
11/09/2020 19:40:00	13,15	13,92	14,03	13,84	13,50	13,10	12,64	12,21	11,81	11,40	10,94	10,46	9,99	13,25	0
11/09/2020 19:45:00	13,25	13,99	14,06	13,85	13,51	13,11	12,67	12,25	11,85	11,44	11,00	10,54	10,08	13,31	0
11/09/2020 19:50:00	13,32	13,74	13,78	13,54	13,22	12,82	12,41	12,03	11,65	11,26	10,83	10,39	9,94	13,17	0
11/09/2020 19:55:00	13,18	13,64	13,69	13,43	13,07	12,63	12,21	11,81	11,42	11,01	10,57	10,11	9,66	13,22	0
11/09/2020 20:00:00	13,20	13,58	13,51	13,27	12,96	12,60	12,18	11,80	11,44	11,08	10,68	10,27	9,86	13,15	0
11/09/2020 20:05:00	13,05	13,35	13,32	13,14	12,81	12,41	12,02	11,65	11,28	10,90	10,48	10,04	9,61	13,14	0
11/09/2020 20:10:00	13,24	13,51	13,54	13,33	13,00	12,60	12,21	11,83	11,45	11,06	10,62	10,17	9,72	13,20	0
11/09/2020 20:15:00	13,10	13,48	13,48	13,23	12,92	12,58	12,18	11,80	11,44	11,07	10,67	10,26	9,85	13,17	0
11/09/2020 20:20:00	13,14	13,49	13,43	13,23	12,91	12,53	12,11	11,72	11,36	10,98	10,57	10,14	9,71	13,09	0
11/09/2020 20:25:00	13,06	13,50	13,55	13,35	13,01	12,65	12,23	11,84	11,46	11,07	10,64	10,19	9,75	13,07	0
11/09/2020 20:30:00	12,92	13,33	13,35	13,12	12,86	12,50	12,10	11,72	11,36	10,99	10,59	10,17	9,75	13,04	0
11/09/2020 20:35:00	13,05	13,45	13,51	13,27	12,98	12,63	12,25	11,88	11,52	11,15	10,75	10,33	9,92	12,95	0
11/09/2020 20:40:00	13,13	13,42	13,40	13,21	12,90	12,57	12,21	11,87	11,53	11,18	10,80	10,40	10,00	13,06	0
11/09/2020 20:45:00	13,00	13,42	13,44	13,26	12,95	12,60	12,20	11,82	11,46	11,08	10,67	10,24	9,81	12,97	0
11/09/2020 20:50:00	12,91	13,26	13,29	13,08	12,75	12,40	12,02	11,66	11,30	10,93	10,53	10,11	9,69	12,90	0
11/09/2020 20:55:00	12,82	13,26	13,27	13,06	12,77	12,43	12,04	11,67	11,32	10,95	10,56	10,16	9,75	12,90	0
11/09/2020 21:00:00	12,96	13,20	13,24	13,04	12,79	12,42	12,00	11,62	11,25	10,87	10,44	9,99	9,54	12,87	0
11/09/2020 21:05:00	12,87	13,25	13,18	12,97	12,68	12,31	11,93	11,58	11,23	10,87	10,49	10,09	9,69	12,89	0
11/09/2020 21:10:00	12,79	13,17	13,23	13,07	12,79	12,45	12,10	11,75	11,40	11,03	10,63	10,21	9,79	12,86	0
11/09/2020 21:15:00	12,69	13,14	13,13	12,96	12,71	12,36	11,97	11,61	11,26	10,90	10,52	10,11	9,71	12,79	0
11/09/2020 21:20:00	12,80	13,18	13,15	13,00	12,80	12,40	12,03	11,67	11,32	10,96	10,56	10,14	9,73	12,89	0
11/09/2020 21:25:00	12,90	13,12	13,11	12,95	12,66	12,36	12,00	11,66	11,32	10,97	10,59	10,19	9,79	12,81	0
11/09/2020 21:30:00	12,81	13,15	13,17	13,00	12,78	12,43	12,06	11,72	11,37	11,02	10,63	10,22	9,81	12,84	0
11/09/2020 21:35:00	12,84	13,22	13,25	13,07	12,81	12,42	12,05	11,69	11,33	10,95	10,54	10,11	9,68	12,91	0
11/09/2020 21:40:00	12,87	13,32	13,36	13,20	12,91	12,56	12,19	11,83	11,48	11,11	10,71	10,29	9,87	12,84	0
11/09/2020 21:45:00	12,85	13,34	13,38	13,17	12,92	12,54	12,13	11,75	11,39	11,02	10,61	10,18	9,75	12,83	0
11/09/2020 21:50:00	12,90	13,13	13,15	12,92	12,64	12,32	11,91	11,53	11,17	10,81	10,40	9,98	9,56	12,81	0
11/09/2020 21:55:00	12,86	13,08	13,04	12,85	12,57	12,25	11,85	11,48	11,14	10,78	10,39	9,98	9,57	12,75	0
11/09/2020 22:00:00	12,74	13,17	13,14	12,92	12,61	12,28	11,91	11,56	11,21	10,86	10,49	10,10	9,71	12,76	0
11/09/2020 22:05:00	12,73	13,05	13,04	12,82	12,57	12,26	11,93	11,60	11,27	10,94	10,59	10,22	9,85	12,83	0
11/09/2020 22:10:00	12,75	13,03	12,99	12,82	12,58	12,23	11,88	11,54	11,21	10,87	10,49	10,10	9,71	12,75	0
11/09/2020 22:15:00	12,63	13,11	13,11	12,94	12,63	12,31	11,93	11,57	11,21	10,86	10,47	10,07	9,67	12,70	0
11/09/2020 22:20:00	12,53	13,11	13,16	12,92	12,62	12,23	11,84	11,46	11,09	10,71	10,31	9,90	9,48	12,66	0
11/09/2020 22:25:00	12,61	13,07	13,07	12,86	12,60	12,23	11,85	11,48	11,12	10,75	10,36	9,95	9,54	12,52	0
11/09/2020 22:30:00	12,59	12,98	12,95	12,72	12,48	12,07	11,74	11,41	11,06	10,71	10,34	9,96	9,58	12,62	0
11/09/2020 22:35:00	12,52	12,92	12,92	12,71	12,48	12,11	11,78	11,45	11,11	10,76	10,39	10,01	9,63	12,56	0
11/09/2020 22:40:00	12,55	12,98	13,12	13,03	12,81	12,50	12,18	11,85	11,50	11,14	10,74	10,32	9,90	12,59	0
11/09/2020 22:45:00	12,42	12,98	13,07	12,92	12,68	12,43	12,07	11,73	11,39	11,05	10,69	10,30	9,92	12,44	0
11/09/2020 22:50:00	12,43	12,97	12,99	12,82	12,58	12,27	11,93	11,59	11,26	10,92	10,56	10,19	9,82	12,37	0
11/09/2020 22:55:00	12,39	12,94	13,00	12,82	12,62	12,32	11,98	11,64	11,31	10,97	10,61	10,23	9,86	12,30	0
11/09/2020 23:00:00	12,24	12,77	12,84	12,64	12,35	12,04	11,68	11,33	10,97	10,62	10,24	9,85	9,46	12,26	0
11/09/2020 23:05:00	12,11	12,64	12,77	12,65	12,40	12,14	11,77	11,42	11,08	10,73	10,34	9,94	9,54	12,16	0
11/09/2020 23:10:00	12,07	12,58	12,62	12,53	12,33	12,03	11,74	11,43	11,11	10,79	10,44	10,08	9,71	12,07	0
11/09/2020 23:15:00	12,17	12,48	12,51	12,36	12,15	11,86	11,64	11,38	11,08	10,78	10,47	10,14	9,81	12,15	0
11/09/2020 23:20:00	12,17	12,49	12,53	12,42	12,22	11,93	11,61	11,29	10,97	10,64	10,28	9,90	9,52	12,07	0
11/09/2020 23:25:00	12,11	12,40	12,46	12,29	12,10	11,87	11,61	11,33	11,03	10,73	10,42	10,09	9,75	12,07	0
11/09/2020 23:30:00	12,01	12,44	12,46	12,33	12,09	11,78	11,51	11,22	10,90	10,58	10,25	9,91	9,56	12,03	0
11/09/2020 23:35:00	11,87	12,41	12,50	12,38	12,16	11,91	11,60	11,28	10,96	10,63	10,29	9,93	9,57	11,95	0
11/09/2020 23:40:00	11,80	12,44	12,55	12,41	12,14	11,83	11,46	11,09	10,74	10,38	9,99	9,59	9,19	11,86	0
11/09/2020 23:45:00	11,75	12,30	12,35	12,18	12,02	11,72	11,38	11,06	10,73	10,41	10,07	9,71	9,35	11,71	0
11/09/2020 23:50:00	11,80	12,22	12,28	12,17	11,99	11,71	11,40	11,09	10,77	10,45	10,10	9,74	9,37	11,59	0
11/09/2020 23:55:00	11,56	11,96	12,03	11,89	11,72	11,44	11,11	10,78	10,46	10,14	9,79	9,42	9,06	11,57	0
