FileFormat:0002.2 file with temperature of atmosphere
200
local	GMT or Local
0	GMT-Local=[hours]
0	Height[m]
0	0	0	Longitude                [grd]               [min]               [sec]
0	0	0	Latitude                [grd]               [min]               [sec]
N	NS
59,40	Freq[GHz]
0,00	dTemostat[K]
0,150	MessErr[K]
0,248	//[grad/step]
version 14.0.20110218
MTP5H033F5940K-33.00D180214+A1.1
Commentary:
enter comment
End Of Commentary

SYSTEM\alaska.dat
data time	0	50	100	150	200	250	300	350	400	450	500	550	600	OutsideTemperature	Quality
27/02/2020 00:00:00	1,71	3,21	3,41	2,82	1,97	1,00	0,15	-0,39	-0,66	-0,88	-1,00	-1,01	-1,01	1,74	0
27/02/2020 00:05:00	1,77	3,11	3,33	2,92	2,19	1,16	0,22	-0,43	-0,78	-1,07	-1,28	-1,40	-1,52	1,69	0
27/02/2020 00:10:00	1,76	3,06	3,35	2,94	2,23	1,22	0,23	-0,46	-0,83	-1,13	-1,34	-1,45	-1,56	1,65	0
27/02/2020 00:15:00	1,65	3,08	3,26	2,78	1,93	0,92	-0,03	-0,65	-0,98	-1,25	-1,43	-1,51	-1,58	1,63	0
27/02/2020 00:20:00	1,65	3,00	3,17	2,69	1,89	0,86	-0,14	-0,81	-1,15	-1,43	-1,63	-1,73	-1,83	1,66	0
27/02/2020 00:25:00	1,78	2,84	2,94	2,49	1,77	0,78	-0,17	-0,81	-1,14	-1,41	-1,60	-1,71	-1,81	1,63	0
27/02/2020 00:30:00	1,71	2,84	3,02	2,64	1,95	1,00	0,11	-0,51	-0,84	-1,13	-1,33	-1,46	-1,58	1,74	0
27/02/2020 00:35:00	1,71	2,92	3,17	2,72	2,06	1,05	0,16	-0,46	-0,80	-1,08	-1,28	-1,38	-1,47	1,84	0
27/02/2020 00:40:00	1,72	3,11	3,33	2,96	2,16	1,21	0,27	-0,38	-0,72	-1,02	-1,24	-1,36	-1,49	1,77	0
27/02/2020 00:45:00	1,63	3,19	3,48	2,96	2,19	1,15	0,19	-0,46	-0,80	-1,08	-1,27	-1,35	-1,44	1,68	0
27/02/2020 00:50:00	1,75	3,06	3,23	2,73	1,93	0,92	-0,01	-0,62	-0,93	-1,19	-1,35	-1,41	-1,47	1,76	0
27/02/2020 00:55:00	1,67	3,22	3,54	3,08	2,27	1,27	0,36	-0,26	-0,60	-0,88	-1,05	-1,11	-1,18	1,78	0
27/02/2020 01:00:00	1,71	3,18	3,55	3,19	2,48	1,48	0,52	-0,15	-0,53	-0,84	-1,06	-1,18	-1,30	1,71	0
27/02/2020 01:05:00	1,63	3,19	3,61	3,25	2,51	1,48	0,50	-0,19	-0,58	-0,90	-1,11	-1,22	-1,32	1,64	0
27/02/2020 01:10:00	1,62	3,23	3,63	3,34	2,54	1,49	0,52	-0,17	-0,57	-0,90	-1,12	-1,24	-1,35	1,63	0
27/02/2020 01:15:00	1,66	3,27	3,63	3,23	2,52	1,47	0,51	-0,15	-0,51	-0,81	-1,01	-1,11	-1,21	1,59	0
27/02/2020 01:20:00	1,62	3,11	3,55	3,17	2,39	1,43	0,43	-0,26	-0,64	-0,94	-1,13	-1,21	-1,28	1,62	0
27/02/2020 01:25:00	1,58	3,32	3,68	3,20	2,38	1,31	0,38	-0,23	-0,57	-0,84	-1,00	-1,05	-1,09	1,59	0
27/02/2020 01:30:00	1,57	3,31	3,68	3,24	2,41	1,38	0,47	-0,13	-0,46	-0,72	-0,88	-0,92	-0,96	1,53	0
27/02/2020 01:35:00	1,51	3,28	3,59	3,13	2,36	1,36	0,44	-0,16	-0,47	-0,74	-0,92	-1,00	-1,08	1,49	0
27/02/2020 01:40:00	1,49	3,09	3,52	3,13	2,40	1,40	0,40	-0,28	-0,66	-0,96	-1,16	-1,26	-1,35	1,54	0
27/02/2020 01:45:00	1,62	3,39	3,71	3,17	2,34	1,31	0,36	-0,24	-0,54	-0,79	-0,93	-0,95	-0,97	1,61	0
27/02/2020 01:50:00	1,41	3,19	3,59	3,24	2,64	1,70	0,81	0,23	-0,07	-0,35	-0,54	-0,65	-0,77	1,44	0
27/02/2020 01:55:00	1,36	3,30	3,90	3,61	2,99	2,00	1,06	0,41	0,04	-0,27	-0,49	-0,60	-0,71	1,35	0
27/02/2020 02:00:00	1,24	3,25	3,88	3,69	3,00	2,04	1,07	0,39	-0,01	-0,34	-0,56	-0,68	-0,80	1,05	0
27/02/2020 02:05:00	1,04	3,01	3,64	3,45	2,84	1,86	0,89	0,21	-0,17	-0,49	-0,71	-0,83	-0,95	0,97	0
27/02/2020 02:10:00	0,90	2,92	3,61	3,38	2,69	1,72	0,76	0,10	-0,28	-0,58	-0,77	-0,83	-0,89	0,89	0
27/02/2020 02:15:00	0,88	3,23	3,90	3,67	2,91	1,89	0,89	0,21	-0,17	-0,49	-0,70	-0,79	-0,89	0,92	0
27/02/2020 02:20:00	0,86	3,28	3,99	3,63	2,87	1,79	0,75	0,06	-0,32	-0,62	-0,80	-0,84	-0,89	0,74	0
27/02/2020 02:25:00	0,75	3,11	3,69	3,30	2,57	1,46	0,46	-0,20	-0,55	-0,84	-1,03	-1,11	-1,19	0,61	0
27/02/2020 02:30:00	0,80	3,11	3,67	3,33	2,52	1,53	0,56	-0,08	-0,42	-0,71	-0,90	-0,98	-1,06	0,58	0
27/02/2020 02:35:00	0,88	3,14	3,67	3,17	2,33	1,30	0,33	-0,29	-0,61	-0,87	-1,02	-1,05	-1,07	0,78	0
27/02/2020 02:40:00	0,86	3,04	3,55	3,23	2,50	1,46	0,54	-0,08	-0,42	-0,71	-0,91	-1,01	-1,11	0,83	0
27/02/2020 02:45:00	0,77	2,77	3,49	3,24	2,59	1,62	0,65	-0,03	-0,43	-0,75	-0,97	-1,06	-1,16	0,76	0
27/02/2020 02:50:00	0,88	2,71	3,32	3,18	2,59	1,69	0,79	0,15	-0,20	-0,50	-0,70	-0,80	-0,90	0,98	0
27/02/2020 02:55:00	0,95	2,96	3,68	3,48	2,91	1,95	1,05	0,42	0,04	-0,27	-0,47	-0,56	-0,65	0,99	0
27/02/2020 03:00:00	0,86	2,97	3,65	3,46	2,88	1,98	1,09	0,51	0,19	-0,08	-0,25	-0,32	-0,38	0,97	0
27/02/2020 03:05:00	1,00	2,98	3,67	3,61	3,03	2,16	1,26	0,63	0,26	-0,05	-0,28	-0,40	-0,52	0,99	0
27/02/2020 03:10:00	0,90	2,89	3,60	3,48	2,93	2,04	1,17	0,56	0,21	-0,10	-0,30	-0,40	-0,50	0,90	0
27/02/2020 03:15:00	0,78	2,78	3,52	3,42	2,86	1,91	1,00	0,35	-0,03	-0,35	-0,56	-0,66	-0,77	0,88	0
27/02/2020 03:20:00	0,71	2,88	3,53	3,19	2,58	1,66	0,75	0,18	-0,11	-0,35	-0,50	-0,52	-0,55	0,70	0
27/02/2020 03:25:00	0,69	2,92	3,57	3,20	2,56	1,57	0,66	0,07	-0,23	-0,48	-0,62	-0,64	-0,66	0,65	0
27/02/2020 03:30:00	0,53	2,68	3,44	3,32	2,70	1,68	0,61	-0,15	-0,57	-0,91	-1,15	-1,28	-1,40	0,48	0
27/02/2020 03:35:00	0,39	2,46	3,37	3,29	2,77	1,74	0,74	-0,02	-0,48	-0,84	-1,10	-1,22	-1,35	0,44	0
27/02/2020 03:40:00	0,44	2,57	3,38	3,27	2,65	1,61	0,61	-0,09	-0,50	-0,82	-1,01	-1,07	-1,13	0,41	0
27/02/2020 03:45:00	0,45	2,41	3,34	3,37	2,85	1,83	0,77	-0,04	-0,54	-0,94	-1,21	-1,37	-1,53	0,39	0
27/02/2020 03:50:00	0,37	2,41	3,28	3,19	2,62	1,64	0,63	-0,11	-0,54	-0,88	-1,11	-1,20	-1,30	0,30	0
27/02/2020 03:55:00	0,23	2,08	3,00	3,02	2,58	1,58	0,52	-0,27	-0,73	-1,09	-1,34	-1,47	-1,59	0,19	0
27/02/2020 04:00:00	0,25	1,87	2,64	2,58	2,05	1,07	0,07	-0,69	-1,14	-1,49	-1,72	-1,83	-1,95	0,21	0
27/02/2020 04:05:00	0,58	2,16	2,59	2,26	1,56	0,64	-0,24	-0,82	-1,13	-1,36	-1,50	-1,52	-1,54	0,64	0
27/02/2020 04:10:00	0,67	2,19	2,59	2,30	1,60	0,66	-0,24	-0,86	-1,19	-1,45	-1,62	-1,68	-1,75	1,01	0
27/02/2020 04:15:00	0,77	2,30	2,64	2,26	1,56	0,58	-0,26	-0,82	-1,12	-1,36	-1,51	-1,55	-1,59	1,13	0
27/02/2020 04:20:00	0,82	2,26	2,53	2,16	1,57	0,63	-0,21	-0,75	-1,03	-1,26	-1,43	-1,50	-1,58	1,21	0
27/02/2020 04:25:00	0,94	2,36	2,67	2,27	1,55	0,61	-0,30	-0,90	-1,22	-1,47	-1,64	-1,70	-1,77	1,55	0
27/02/2020 04:30:00	0,95	2,27	2,49	2,01	1,36	0,41	-0,45	-0,99	-1,25	-1,47	-1,60	-1,63	-1,66	1,74	0
27/02/2020 04:35:00	1,25	2,62	2,84	2,40	1,70	0,77	-0,11	-0,69	-0,99	-1,23	-1,41	-1,49	-1,58	1,61	0
27/02/2020 04:40:00	1,52	2,90	3,04	2,56	1,79	0,91	0,11	-0,38	-0,63	-0,84	-0,97	-1,01	-1,05	1,66	0
27/02/2020 04:45:00	1,82	3,02	3,14	2,77	2,10	1,22	0,42	-0,10	-0,38	-0,63	-0,82	-0,93	-1,05	1,80	0
27/02/2020 04:50:00	1,78	3,09	3,16	2,66	1,95	1,09	0,36	-0,06	-0,25	-0,43	-0,53	-0,55	-0,57	1,69	0
27/02/2020 04:55:00	1,70	2,94	3,20	2,84	2,10	1,23	0,37	-0,21	-0,54	-0,81	-1,00	-1,09	-1,18	1,66	0
27/02/2020 05:00:00	1,68	3,06	3,21	2,64	1,95	1,07	0,29	-0,17	-0,38	-0,56	-0,67	-0,68	-0,70	1,68	0
27/02/2020 05:05:00	1,60	2,92	3,07	2,61	1,94	1,07	0,32	-0,15	-0,39	-0,61	-0,76	-0,82	-0,89	1,57	0
27/02/2020 05:10:00	1,50	2,63	2,99	2,80	2,24	1,36	0,53	-0,07	-0,41	-0,71	-0,93	-1,06	-1,19	1,01	0
27/02/2020 05:15:00	1,47	2,46	2,84	2,56	2,08	1,23	0,42	-0,16	-0,49	-0,77	-0,97	-1,08	-1,19	0,94	0
27/02/2020 05:20:00	1,20	2,38	2,60	2,21	1,52	0,64	-0,16	-0,69	-0,96	-1,19	-1,33	-1,37	-1,42	0,94	0
27/02/2020 05:25:00	1,10	2,19	2,44	2,11	1,51	0,62	-0,20	-0,77	-1,07	-1,32	-1,49	-1,57	-1,66	1,13	0
27/02/2020 05:30:00	1,14	2,27	2,47	2,13	1,53	0,72	-0,09	-0,62	-0,88	-1,12	-1,29	-1,38	-1,48	1,16	0
27/02/2020 05:35:00	1,22	2,42	2,61	2,26	1,69	0,82	0,12	-0,35	-0,60	-0,83	-0,99	-1,07	-1,15	1,34	0
27/02/2020 05:40:00	1,16	2,34	2,66	2,48	1,94	1,12	0,37	-0,18	-0,49	-0,78	-0,99	-1,13	-1,27	1,16	0
27/02/2020 05:45:00	1,15	2,38	2,74	2,48	1,94	1,08	0,18	-0,44	-0,77	-1,04	-1,25	-1,37	-1,50	1,20	0
27/02/2020 05:50:00	1,45	2,52	2,71	2,30	1,67	0,81	0,01	-0,52	-0,81	-1,05	-1,22	-1,30	-1,39	1,33	0
27/02/2020 05:55:00	1,45	2,68	2,71	2,15	1,49	0,61	-0,13	-0,57	-0,77	-0,96	-1,09	-1,14	-1,19	1,53	0
27/02/2020 06:00:00	1,54	2,59	2,65	2,25	1,63	0,74	-0,05	-0,55	-0,80	-1,02	-1,18	-1,27	-1,36	1,49	0
27/02/2020 06:05:00	1,63	2,54	2,59	2,18	1,53	0,71	-0,06	-0,56	-0,81	-1,03	-1,18	-1,26	-1,34	1,60	0
27/02/2020 06:10:00	1,66	2,60	2,65	2,17	1,56	0,64	-0,14	-0,66	-0,93	-1,17	-1,35	-1,45	-1,56	1,66	0
27/02/2020 06:15:00	1,62	2,74	2,65	2,08	1,27	0,45	-0,20	-0,56	-0,72	-0,88	-0,96	-0,96	-0,97	1,64	0
27/02/2020 06:20:00	1,59	2,67	2,67	1,99	1,28	0,44	-0,30	-0,73	-0,92	-1,10	-1,20	-1,21	-1,23	1,59	0
27/02/2020 06:25:00	1,62	2,41	2,32	1,82	1,17	0,39	-0,29	-0,70	-0,88	-1,06	-1,17	-1,23	-1,28	1,57	0
27/02/2020 06:30:00	1,53	2,15	2,05	1,64	1,09	0,40	-0,20	-0,55	-0,71	-0,87	-0,99	-1,06	-1,12	1,54	0
27/02/2020 06:35:00	1,54	2,21	2,04	1,52	0,85	0,20	-0,34	-0,62	-0,71	-0,82	-0,87	-0,85	-0,83	1,38	0
27/02/2020 06:40:00	1,32	2,12	2,08	1,57	0,99	0,32	-0,30	-0,65	-0,79	-0,94	-1,04	-1,08	-1,11	1,40	0
27/02/2020 06:45:00	1,42	2,18	2,06	1,54	0,87	0,19	-0,39	-0,70	-0,81	-0,93	-1,00	-0,99	-0,98	1,31	0
27/02/2020 06:50:00	1,34	2,02	1,87	1,27	0,69	-0,08	-0,62	-0,91	-1,02	-1,12	-1,17	-1,15	-1,12	1,29	0
27/02/2020 06:55:00	1,33	1,95	1,82	1,36	0,86	0,15	-0,42	-0,74	-0,87	-1,01	-1,11	-1,15	-1,20	1,28	0
27/02/2020 07:00:00	1,25	1,97	1,80	1,27	0,63	-0,07	-0,63	-0,91	-1,01	-1,11	-1,16	-1,14	-1,11	1,24	0
27/02/2020 07:05:00	1,23	1,99	1,80	1,26	0,67	0,03	-0,54	-0,82	-0,89	-0,98	-1,04	-1,04	-1,03	1,26	0
27/02/2020 07:10:00	1,15	1,80	1,67	1,24	0,70	0,04	-0,46	-0,74	-0,84	-0,97	-1,05	-1,07	-1,09	1,12	0
27/02/2020 07:15:00	1,25	1,66	1,50	1,17	0,64	-0,02	-0,60	-0,96	-1,11	-1,27	-1,38	-1,45	-1,52	1,11	0
27/02/2020 07:20:00	1,08	1,77	1,56	1,03	0,42	-0,26	-0,82	-1,11	-1,20	-1,31	-1,37	-1,38	-1,39	1,14	0
27/02/2020 07:25:00	1,19	1,67	1,61	1,18	0,65	0,01	-0,58	-0,94	-1,10	-1,26	-1,37	-1,42	-1,46	1,14	0
27/02/2020 07:30:00	1,05	1,62	1,40	0,95	0,32	-0,30	-0,78	-1,03	-1,11	-1,21	-1,27	-1,28	-1,28	1,09	0
27/02/2020 07:35:00	1,15	1,64	1,41	0,93	0,42	-0,24	-0,70	-0,93	-1,01	-1,12	-1,19	-1,20	-1,22	1,07	0
27/02/2020 07:40:00	1,03	1,57	1,41	1,00	0,44	-0,21	-0,73	-1,03	-1,15	-1,29	-1,39	-1,43	-1,47	1,10	0
27/02/2020 07:45:00	1,06	1,54	1,39	0,89	0,33	-0,35	-0,88	-1,18	-1,31	-1,44	-1,52	-1,53	-1,55	1,11	0
27/02/2020 07:50:00	1,13	1,70	1,57	1,07	0,48	-0,23	-0,79	-1,12	-1,25	-1,38	-1,45	-1,46	-1,47	1,09	0
27/02/2020 07:55:00	1,16	1,78	1,67	1,11	0,57	-0,17	-0,78	-1,12	-1,26	-1,39	-1,47	-1,49	-1,51	1,11	0
27/02/2020 08:00:00	1,08	1,67	1,54	1,01	0,43	-0,24	-0,82	-1,15	-1,27	-1,39	-1,47	-1,48	-1,48	1,07	0
27/02/2020 08:05:00	1,13	1,77	1,66	1,21	0,64	-0,15	-0,82	-1,23	-1,41	-1,59	-1,71	-1,77	-1,84	1,16	0
27/02/2020 08:10:00	1,25	1,85	1,72	1,28	0,76	0,08	-0,50	-0,84	-0,97	-1,12	-1,23	-1,28	-1,33	1,25	0
27/02/2020 08:15:00	1,36	1,94	1,79	1,30	0,63	-0,02	-0,59	-0,89	-1,00	-1,10	-1,14	-1,11	-1,07	1,24	0
27/02/2020 08:20:00	1,30	1,90	1,77	1,29	0,68	0,04	-0,55	-0,88	-1,01	-1,14	-1,24	-1,27	-1,30	1,31	0
27/02/2020 08:25:00	1,23	1,88	1,63	1,13	0,57	-0,09	-0,58	-0,82	-0,89	-1,00	-1,07	-1,10	-1,13	1,32	0
27/02/2020 08:30:00	1,27	1,98	1,89	1,40	0,82	0,11	-0,50	-0,84	-0,98	-1,13	-1,22	-1,25	-1,28	1,33	0
27/02/2020 08:35:00	1,40	1,88	1,75	1,35	0,81	0,24	-0,31	-0,61	-0,72	-0,85	-0,94	-0,97	-1,01	1,34	0
27/02/2020 08:40:00	1,31	1,87	1,75	1,30	0,84	0,27	-0,24	-0,51	-0,59	-0,71	-0,80	-0,83	-0,87	1,39	0
27/02/2020 08:45:00	1,34	1,99	1,85	1,33	0,75	0,10	-0,47	-0,78	-0,88	-1,00	-1,07	-1,08	-1,09	1,38	0
27/02/2020 08:50:00	1,42	2,07	1,89	1,35	0,73	0,04	-0,50	-0,79	-0,89	-1,00	-1,06	-1,06	-1,06	1,36	0
27/02/2020 08:55:00	1,37	1,94	1,80	1,37	0,77	0,17	-0,40	-0,72	-0,84	-0,97	-1,06	-1,09	-1,13	1,38	0
27/02/2020 09:00:00	1,45	1,83	1,66	1,28	0,83	0,38	-0,08	-0,31	-0,36	-0,46	-0,53	-0,56	-0,59	1,41	0
27/02/2020 09:05:00	1,39	1,75	1,65	1,29	0,84	0,22	-0,32	-0,65	-0,80	-0,96	-1,08	-1,15	-1,22	1,36	0
27/02/2020 09:10:00	1,30	1,67	1,38	0,81	0,29	-0,29	-0,68	-0,84	-0,86	-0,91	-0,93	-0,89	-0,85	1,26	0
27/02/2020 09:15:00	1,20	1,55	1,33	0,89	0,36	-0,23	-0,69	-0,95	-1,04	-1,15	-1,23	-1,25	-1,28	1,28	0
27/02/2020 09:20:00	1,27	1,69	1,47	1,04	0,56	0,02	-0,45	-0,68	-0,74	-0,84	-0,91	-0,94	-0,98	1,28	0
27/02/2020 09:25:00	1,40	1,71	1,44	1,06	0,61	0,06	-0,44	-0,69	-0,76	-0,87	-0,96	-1,01	-1,07	1,26	0
27/02/2020 09:30:00	1,42	1,60	1,35	0,94	0,47	-0,12	-0,61	-0,88	-0,98	-1,10	-1,20	-1,24	-1,29	1,38	0
27/02/2020 09:35:00	1,45	1,58	1,39	1,04	0,64	0,12	-0,42	-0,74	-0,86	-1,01	-1,13	-1,22	-1,32	1,46	0
27/02/2020 09:40:00	1,45	1,66	1,43	1,06	0,54	-0,05	-0,60	-0,93	-1,06	-1,20	-1,31	-1,37	-1,44	1,44	0
27/02/2020 09:45:00	1,42	1,55	1,18	0,70	0,24	-0,30	-0,78	-1,02	-1,06	-1,15	-1,23	-1,27	-1,31	1,41	0
27/02/2020 09:50:00	1,51	1,68	1,35	0,85	0,37	-0,20	-0,70	-0,95	-1,00	-1,09	-1,15	-1,17	-1,19	1,50	0
27/02/2020 09:55:00	1,50	1,79	1,54	1,05	0,52	-0,12	-0,59	-0,85	-0,95	-1,07	-1,14	-1,17	-1,19	1,60	0
27/02/2020 10:00:00	1,54	1,84	1,61	1,15	0,61	-0,04	-0,57	-0,89	-1,02	-1,16	-1,26	-1,32	-1,37	1,60	0
27/02/2020 10:05:00	1,51	1,87	1,67	1,25	0,73	0,06	-0,55	-0,92	-1,07	-1,23	-1,35	-1,43	-1,51	1,66	0
27/02/2020 10:10:00	1,57	2,17	2,10	1,69	1,09	0,37	-0,22	-0,59	-0,77	-0,94	-1,05	-1,10	-1,14	1,66	0
27/02/2020 10:15:00	1,74	1,87	1,57	1,14	0,66	0,07	-0,44	-0,71	-0,79	-0,90	-0,98	-1,02	-1,05	1,64	0
27/02/2020 10:20:00	1,61	2,00	1,83	1,38	0,88	0,24	-0,28	-0,58	-0,69	-0,83	-0,92	-0,96	-1,00	1,64	0
27/02/2020 10:25:00	1,63	2,03	1,81	1,32	0,76	0,09	-0,49	-0,81	-0,93	-1,06	-1,15	-1,18	-1,21	1,63	0
27/02/2020 10:30:00	1,66	1,93	1,69	1,11	0,58	-0,01	-0,51	-0,76	-0,83	-0,92	-0,96	-0,95	-0,93	1,66	0
27/02/2020 10:35:00	1,67	1,84	1,58	1,14	0,68	0,14	-0,37	-0,63	-0,72	-0,83	-0,92	-0,96	-1,01	1,67	0
27/02/2020 10:40:00	1,59	1,84	1,61	1,12	0,64	0,06	-0,37	-0,58	-0,65	-0,75	-0,80	-0,80	-0,80	1,64	0
27/02/2020 10:45:00	1,77	1,94	1,72	1,28	0,84	0,28	-0,19	-0,44	-0,52	-0,64	-0,71	-0,74	-0,76	1,68	0
27/02/2020 10:50:00	1,68	1,75	1,52	1,05	0,61	0,08	-0,35	-0,58	-0,65	-0,75	-0,81	-0,81	-0,82	1,76	0
27/02/2020 10:55:00	1,58	1,80	1,63	1,22	0,76	0,24	-0,27	-0,56	-0,65	-0,78	-0,86	-0,90	-0,94	1,69	0
27/02/2020 11:00:00	1,70	1,85	1,60	1,24	0,71	0,21	-0,21	-0,44	-0,52	-0,62	-0,69	-0,71	-0,73	1,64	0
27/02/2020 11:05:00	1,67	1,85	1,63	1,28	0,80	0,23	-0,14	-0,35	-0,45	-0,57	-0,66	-0,69	-0,72	1,68	0
27/02/2020 11:10:00	1,73	1,98	1,78	1,39	0,95	0,40	-0,05	-0,29	-0,37	-0,48	-0,56	-0,60	-0,63	1,69	0
27/02/2020 11:15:00	1,67	1,84	1,68	1,38	0,88	0,40	-0,07	-0,35	-0,46	-0,59	-0,69	-0,73	-0,78	1,61	0
27/02/2020 11:20:00	1,56	1,78	1,61	1,25	0,82	0,34	-0,09	-0,30	-0,37	-0,47	-0,54	-0,56	-0,58	1,54	0
27/02/2020 11:25:00	1,49	1,73	1,56	1,24	0,84	0,40	-0,01	-0,21	-0,27	-0,37	-0,44	-0,47	-0,51	1,58	0
27/02/2020 11:30:00	1,41	1,69	1,58	1,20	0,74	0,28	-0,15	-0,37	-0,44	-0,54	-0,60	-0,61	-0,61	1,44	0
27/02/2020 11:35:00	1,36	1,51	1,29	0,92	0,56	0,13	-0,20	-0,35	-0,38	-0,45	-0,51	-0,52	-0,54	1,38	0
27/02/2020 11:40:00	1,34	1,59	1,39	0,87	0,41	-0,10	-0,45	-0,59	-0,63	-0,69	-0,70	-0,66	-0,61	1,33	0
27/02/2020 11:45:00	1,51	1,46	1,24	1,00	0,70	0,31	-0,04	-0,22	-0,26	-0,36	-0,44	-0,49	-0,54	1,45	0
27/02/2020 11:50:00	1,54	1,54	1,37	1,03	0,68	0,23	-0,11	-0,29	-0,36	-0,46	-0,53	-0,55	-0,58	1,56	0
27/02/2020 11:55:00	1,41	1,54	1,31	0,83	0,41	-0,01	-0,26	-0,33	-0,31	-0,34	-0,33	-0,26	-0,19	1,46	0
27/02/2020 12:00:00	1,50	1,49	1,29	0,85	0,51	0,15	-0,12	-0,21	-0,20	-0,24	-0,24	-0,20	-0,16	1,53	0
27/02/2020 12:05:00	1,36	1,50	1,37	0,96	0,56	0,06	-0,40	-0,66	-0,76	-0,87	-0,96	-0,98	-1,01	1,44	0
27/02/2020 12:10:00	1,41	1,46	1,23	0,87	0,53	0,06	-0,23	-0,36	-0,39	-0,46	-0,50	-0,50	-0,50	1,48	0
27/02/2020 12:15:00	1,42	1,53	1,35	1,08	0,68	0,26	-0,14	-0,36	-0,43	-0,53	-0,62	-0,66	-0,70	1,48	0
27/02/2020 12:20:00	1,41	1,55	1,30	0,91	0,43	-0,05	-0,40	-0,55	-0,59	-0,65	-0,68	-0,64	-0,61	1,39	0
27/02/2020 12:25:00	1,36	1,56	1,32	0,91	0,42	-0,02	-0,35	-0,49	-0,50	-0,56	-0,58	-0,54	-0,50	1,36	0
27/02/2020 12:30:00	1,48	1,41	1,16	0,82	0,46	0,00	-0,34	-0,52	-0,58	-0,68	-0,75	-0,78	-0,80	1,43	0
27/02/2020 12:35:00	1,59	1,41	1,11	0,76	0,44	0,02	-0,31	-0,47	-0,51	-0,59	-0,66	-0,69	-0,73	1,37	0
27/02/2020 12:40:00	1,55	0,94	0,57	0,36	0,03	-0,30	-0,58	-0,75	-0,80	-0,90	-0,98	-1,04	-1,10	1,29	0
27/02/2020 12:45:00	1,39	1,01	0,70	0,33	-0,01	-0,40	-0,73	-0,89	-0,92	-0,98	-1,02	-1,00	-0,99	1,44	0
27/02/2020 12:50:00	1,22	1,11	0,79	0,42	0,00	-0,44	-0,75	-0,88	-0,90	-0,95	-0,98	-0,95	-0,93	1,52	0
27/02/2020 12:55:00	1,49	1,39	1,09	0,68	0,31	-0,16	-0,49	-0,64	-0,67	-0,74	-0,78	-0,78	-0,78	1,46	0
27/02/2020 13:00:00	1,36	1,46	1,15	0,71	0,31	-0,15	-0,50	-0,63	-0,62	-0,67	-0,69	-0,67	-0,65	1,45	0
27/02/2020 13:05:00	1,46	1,47	1,20	0,74	0,34	-0,12	-0,43	-0,55	-0,55	-0,60	-0,62	-0,58	-0,54	1,44	0
27/02/2020 13:10:00	1,44	1,41	1,15	0,79	0,35	-0,11	-0,46	-0,63	-0,68	-0,76	-0,81	-0,81	-0,80	1,44	0
27/02/2020 13:15:00	1,32	1,49	1,24	0,80	0,29	-0,22	-0,54	-0,68	-0,72	-0,79	-0,81	-0,78	-0,74	1,31	0
27/02/2020 13:20:00	1,29	1,59	1,42	0,86	0,39	-0,16	-0,57	-0,76	-0,80	-0,87	-0,89	-0,83	-0,78	1,33	0
27/02/2020 13:25:00	1,23	1,55	1,35	0,85	0,28	-0,15	-0,54	-0,69	-0,70	-0,74	-0,74	-0,67	-0,59	1,28	0
27/02/2020 13:30:00	1,30	1,54	1,31	0,84	0,34	-0,06	-0,38	-0,48	-0,48	-0,51	-0,51	-0,45	-0,39	1,33	0
27/02/2020 13:35:00	1,16	1,33	1,14	0,74	0,37	-0,07	-0,34	-0,45	-0,46	-0,52	-0,54	-0,51	-0,49	1,21	0
27/02/2020 13:40:00	1,12	1,28	1,14	0,82	0,45	0,02	-0,32	-0,49	-0,53	-0,60	-0,65	-0,64	-0,63	1,11	0
27/02/2020 13:45:00	1,08	1,50	1,29	0,80	0,27	-0,22	-0,45	-0,49	-0,47	-0,48	-0,44	-0,33	-0,22	1,05	0
27/02/2020 13:50:00	1,05	1,39	1,28	0,94	0,49	0,06	-0,29	-0,45	-0,50	-0,59	-0,64	-0,63	-0,63	1,11	0
27/02/2020 13:55:00	1,02	1,44	1,35	1,01	0,65	0,20	-0,17	-0,32	-0,34	-0,41	-0,43	-0,41	-0,38	1,11	0
27/02/2020 14:00:00	1,09	1,36	1,30	1,02	0,66	0,19	-0,14	-0,31	-0,37	-0,46	-0,51	-0,51	-0,50	1,10	0
27/02/2020 14:05:00	1,03	1,48	1,32	0,93	0,43	-0,05	-0,39	-0,53	-0,55	-0,61	-0,63	-0,60	-0,56	1,03	0
27/02/2020 14:10:00	1,06	1,42	1,28	0,92	0,45	0,01	-0,33	-0,48	-0,52	-0,60	-0,63	-0,61	-0,59	1,04	0
27/02/2020 14:15:00	1,15	1,41	1,31	1,00	0,52	0,00	-0,39	-0,61	-0,70	-0,81	-0,88	-0,87	-0,87	1,13	0
27/02/2020 14:20:00	1,14	1,41	1,23	0,81	0,34	-0,10	-0,44	-0,56	-0,56	-0,60	-0,60	-0,53	-0,47	1,13	0
27/02/2020 14:25:00	1,19	1,40	1,22	0,84	0,38	-0,10	-0,43	-0,58	-0,63	-0,71	-0,75	-0,74	-0,73	1,16	0
27/02/2020 14:30:00	1,15	1,31	1,04	0,59	0,19	-0,18	-0,42	-0,45	-0,40	-0,40	-0,37	-0,28	-0,20	1,16	0
27/02/2020 14:35:00	1,20	1,33	1,16	0,72	0,29	-0,16	-0,48	-0,61	-0,64	-0,70	-0,72	-0,67	-0,62	1,18	0
27/02/2020 14:40:00	1,19	1,38	1,23	0,82	0,45	0,01	-0,35	-0,50	-0,52	-0,58	-0,61	-0,58	-0,55	1,24	0
27/02/2020 14:45:00	1,28	1,40	1,22	0,81	0,47	0,08	-0,17	-0,25	-0,24	-0,27	-0,27	-0,21	-0,16	1,19	0
27/02/2020 14:50:00	1,26	1,34	1,20	0,85	0,51	0,08	-0,22	-0,37	-0,42	-0,50	-0,55	-0,55	-0,55	1,28	0
27/02/2020 14:55:00	1,33	1,35	1,14	0,79	0,46	0,04	-0,27	-0,39	-0,40	-0,46	-0,48	-0,46	-0,43	1,34	0
27/02/2020 15:00:00	1,29	1,34	1,12	0,76	0,36	-0,05	-0,32	-0,42	-0,42	-0,47	-0,48	-0,44	-0,39	1,31	0
27/02/2020 15:05:00	1,32	1,47	1,25	0,87	0,43	-0,07	-0,46	-0,63	-0,67	-0,74	-0,78	-0,76	-0,73	1,36	0
27/02/2020 15:10:00	1,33	1,48	1,23	0,93	0,49	0,02	-0,29	-0,43	-0,47	-0,55	-0,60	-0,61	-0,61	1,37	0
27/02/2020 15:15:00	1,37	1,58	1,42	0,96	0,53	0,05	-0,27	-0,42	-0,47	-0,54	-0,57	-0,55	-0,52	1,44	0
27/02/2020 15:20:00	1,37	1,60	1,38	0,94	0,40	-0,06	-0,41	-0,56	-0,58	-0,64	-0,65	-0,60	-0,55	1,40	0
27/02/2020 15:25:00	1,35	1,60	1,44	1,12	0,72	0,22	-0,20	-0,42	-0,49	-0,59	-0,67	-0,70	-0,73	1,35	0
27/02/2020 15:30:00	1,41	1,63	1,44	1,09	0,61	0,15	-0,22	-0,41	-0,47	-0,56	-0,62	-0,63	-0,64	1,46	0
27/02/2020 15:35:00	1,43	1,74	1,56	1,14	0,73	0,18	-0,22	-0,42	-0,48	-0,58	-0,65	-0,66	-0,67	1,44	0
27/02/2020 15:40:00	1,41	1,65	1,41	1,01	0,48	0,02	-0,33	-0,48	-0,50	-0,57	-0,59	-0,55	-0,51	1,43	0
27/02/2020 15:45:00	1,44	1,65	1,54	1,15	0,71	0,15	-0,34	-0,63	-0,74	-0,87	-0,95	-0,97	-1,00	1,41	0
27/02/2020 15:50:00	1,39	1,77	1,53	1,08	0,55	0,02	-0,33	-0,47	-0,50	-0,56	-0,58	-0,54	-0,50	1,44	0
27/02/2020 15:55:00	1,43	1,70	1,55	1,15	0,64	0,11	-0,28	-0,49	-0,56	-0,66	-0,71	-0,69	-0,68	1,42	0
27/02/2020 16:00:00	1,40	1,71	1,52	1,12	0,64	0,14	-0,26	-0,44	-0,48	-0,56	-0,60	-0,57	-0,55	1,41	0
27/02/2020 16:05:00	1,39	1,71	1,54	1,12	0,74	0,24	-0,13	-0,30	-0,33	-0,41	-0,46	-0,46	-0,46	1,43	0
27/02/2020 16:10:00	1,47	1,79	1,63	1,29	0,79	0,29	-0,19	-0,45	-0,55	-0,67	-0,75	-0,79	-0,83	1,46	0
27/02/2020 16:15:00	1,59	1,88	1,74	1,32	0,86	0,30	-0,16	-0,41	-0,50	-0,62	-0,68	-0,69	-0,70	1,48	0
27/02/2020 16:20:00	1,50	1,86	1,74	1,38	0,92	0,40	-0,09	-0,35	-0,44	-0,56	-0,64	-0,67	-0,70	1,52	0
27/02/2020 16:25:00	1,53	1,83	1,72	1,38	1,01	0,48	0,02	-0,24	-0,34	-0,48	-0,58	-0,64	-0,70	1,53	0
27/02/2020 16:30:00	1,51	1,85	1,76	1,42	1,00	0,49	0,03	-0,22	-0,31	-0,43	-0,51	-0,54	-0,56	1,57	0
27/02/2020 16:35:00	1,60	1,92	1,85	1,44	1,06	0,49	0,02	-0,24	-0,34	-0,47	-0,55	-0,58	-0,61	1,63	0
27/02/2020 16:40:00	1,61	1,97	1,78	1,44	0,98	0,46	0,05	-0,15	-0,22	-0,32	-0,39	-0,42	-0,45	1,61	0
27/02/2020 16:45:00	1,57	1,91	1,74	1,42	0,96	0,49	0,14	-0,03	-0,09	-0,19	-0,26	-0,28	-0,29	1,60	0
27/02/2020 16:50:00	1,59	1,88	1,68	1,30	0,80	0,41	0,15	0,08	0,10	0,06	0,06	0,13	0,20	1,61	0
27/02/2020 16:55:00	1,63	1,90	1,77	1,42	1,03	0,55	0,20	0,03	-0,01	-0,10	-0,15	-0,15	-0,14	1,68	0
27/02/2020 17:00:00	1,60	1,95	1,78	1,40	0,98	0,53	0,14	-0,02	-0,05	-0,12	-0,16	-0,14	-0,12	1,64	0
27/02/2020 17:05:00	1,67	2,05	1,91	1,55	1,07	0,58	0,24	0,07	0,02	-0,08	-0,13	-0,12	-0,12	1,72	0
27/02/2020 17:10:00	1,68	2,04	1,94	1,52	1,07	0,58	0,19	0,01	-0,05	-0,15	-0,19	-0,17	-0,16	1,69	0
27/02/2020 17:15:00	1,68	2,05	1,88	1,52	1,13	0,63	0,24	0,06	0,01	-0,09	-0,15	-0,17	-0,20	1,73	0
27/02/2020 17:20:00	1,75	2,09	1,94	1,57	1,17	0,72	0,43	0,32	0,30	0,23	0,20	0,22	0,24	1,71	0
27/02/2020 17:25:00	1,72	2,08	1,95	1,61	1,26	0,75	0,39	0,21	0,15	0,05	-0,02	-0,06	-0,09	1,76	0
27/02/2020 17:30:00	1,72	2,14	1,99	1,50	1,09	0,61	0,38	0,32	0,32	0,27	0,27	0,33	0,40	1,74	0
27/02/2020 17:35:00	1,79	2,17	2,01	1,59	1,15	0,71	0,45	0,37	0,37	0,33	0,32	0,38	0,43	1,76	0
27/02/2020 17:40:00	1,79	2,19	2,05	1,60	1,08	0,59	0,28	0,15	0,13	0,07	0,06	0,13	0,20	1,82	0
27/02/2020 17:45:00	1,87	2,24	2,11	1,79	1,34	0,87	0,52	0,37	0,32	0,22	0,17	0,17	0,18	1,85	0
27/02/2020 17:50:00	1,90	2,38	2,27	1,86	1,41	0,89	0,49	0,31	0,25	0,16	0,10	0,11	0,11	1,87	0
27/02/2020 17:55:00	1,88	2,31	2,24	1,90	1,50	1,06	0,61	0,38	0,31	0,19	0,11	0,08	0,04	1,93	0
27/02/2020 18:00:00	1,90	2,30	2,19	1,83	1,36	0,87	0,56	0,42	0,37	0,28	0,24	0,26	0,28	1,88	0
27/02/2020 18:05:00	1,90	2,35	2,29	1,95	1,49	1,01	0,67	0,50	0,44	0,33	0,28	0,29	0,30	1,88	0
27/02/2020 18:10:00	1,89	2,31	2,17	1,85	1,44	1,01	0,67	0,52	0,49	0,41	0,35	0,34	0,33	1,91	0
27/02/2020 18:15:00	1,90	2,40	2,30	1,96	1,47	0,97	0,60	0,41	0,34	0,22	0,15	0,14	0,12	1,91	0
27/02/2020 18:20:00	1,93	2,31	2,21	1,98	1,63	1,15	0,70	0,45	0,36	0,22	0,11	0,04	-0,04	1,93	0
27/02/2020 18:25:00	1,95	2,39	2,35	2,02	1,61	1,08	0,69	0,48	0,37	0,24	0,14	0,11	0,07	1,94	0
27/02/2020 18:30:00	1,97	2,52	2,46	2,13	1,63	1,10	0,71	0,51	0,42	0,31	0,24	0,24	0,24	2,00	0
27/02/2020 18:35:00	2,10	2,53	2,51	2,25	1,91	1,36	0,90	0,63	0,51	0,35	0,23	0,16	0,09	2,00	0
27/02/2020 18:40:00	2,02	2,57	2,58	2,32	1,86	1,32	0,77	0,45	0,31	0,15	0,03	-0,03	-0,09	2,02	0
27/02/2020 18:45:00	2,08	2,66	2,64	2,36	1,95	1,45	0,99	0,74	0,64	0,50	0,40	0,34	0,28	2,10	0
27/02/2020 18:50:00	2,10	2,77	2,69	2,21	1,74	1,17	0,79	0,64	0,60	0,52	0,50	0,55	0,60	2,11	0
27/02/2020 18:55:00	2,13	2,67	2,69	2,47	2,06	1,54	1,03	0,73	0,60	0,43	0,31	0,25	0,18	2,13	0
27/02/2020 19:00:00	2,19	2,66	2,63	2,31	1,93	1,46	1,05	0,85	0,77	0,65	0,57	0,54	0,51	2,16	0
27/02/2020 19:05:00	2,19	2,67	2,67	2,46	2,08	1,55	1,14	0,91	0,79	0,63	0,51	0,45	0,39	2,17	0
27/02/2020 19:10:00	2,25	2,77	2,66	2,27	1,89	1,42	1,07	0,94	0,93	0,85	0,81	0,82	0,83	2,24	0
27/02/2020 19:15:00	2,23	2,79	2,78	2,45	2,02	1,49	1,08	0,87	0,78	0,66	0,58	0,58	0,57	2,25	0
27/02/2020 19:20:00	2,36	2,94	2,86	2,44	2,05	1,53	1,15	0,98	0,94	0,85	0,80	0,80	0,81	2,30	0
27/02/2020 19:25:00	2,23	2,89	2,96	2,60	2,13	1,61	1,20	0,99	0,89	0,77	0,71	0,73	0,76	2,31	0
27/02/2020 19:30:00	2,36	2,88	2,86	2,59	2,23	1,75	1,40	1,25	1,20	1,09	1,04	1,04	1,04	2,34	0
27/02/2020 19:35:00	2,39	2,93	3,03	2,84	2,48	1,96	1,51	1,22	1,07	0,88	0,74	0,65	0,56	2,41	0
27/02/2020 19:40:00	2,42	2,88	2,99	2,95	2,61	2,12	1,65	1,32	1,14	0,92	0,74	0,61	0,48	2,46	0
27/02/2020 19:45:00	2,46	3,18	3,22	2,92	2,42	1,86	1,39	1,13	1,01	0,85	0,75	0,71	0,67	2,46	0
27/02/2020 19:50:00	2,55	3,13	3,20	2,95	2,56	2,08	1,68	1,45	1,35	1,20	1,10	1,07	1,03	2,55	0
27/02/2020 19:55:00	2,49	3,25	3,21	2,84	2,37	1,88	1,45	1,26	1,21	1,10	1,04	1,04	1,04	2,60	0
27/02/2020 20:00:00	2,70	3,34	3,47	3,19	2,81	2,23	1,66	1,31	1,13	0,94	0,80	0,72	0,64	2,66	0
27/02/2020 20:05:00	2,77	3,45	3,55	3,24	2,78	2,18	1,60	1,25	1,07	0,88	0,74	0,67	0,61	2,72	0
27/02/2020 20:10:00	2,79	3,58	3,68	3,40	2,89	2,30	1,67	1,28	1,10	0,90	0,76	0,68	0,61	2,71	0
27/02/2020 20:15:00	2,88	3,66	3,80	3,47	2,95	2,26	1,59	1,17	0,96	0,75	0,61	0,55	0,50	2,90	0
27/02/2020 20:20:00	3,01	3,77	3,86	3,50	2,92	2,25	1,62	1,23	1,03	0,83	0,70	0,65	0,59	3,01	0
27/02/2020 20:25:00	3,13	3,85	4,04	3,79	3,30	2,47	1,72	1,19	0,86	0,57	0,34	0,20	0,05	3,08	0
27/02/2020 20:30:00	3,09	3,95	4,11	3,78	3,19	2,39	1,68	1,19	0,90	0,63	0,44	0,34	0,23	3,13	0
27/02/2020 20:35:00	3,15	3,98	4,17	3,81	3,24	2,45	1,65	1,10	0,80	0,51	0,30	0,17	0,04	3,18	0
27/02/2020 20:40:00	3,26	4,11	4,22	3,88	3,20	2,42	1,72	1,25	0,98	0,72	0,54	0,45	0,36	3,16	0
27/02/2020 20:45:00	3,16	4,14	4,31	3,99	3,40	2,60	1,78	1,22	0,91	0,62	0,41	0,26	0,11	3,25	0
27/02/2020 20:50:00	3,24	4,15	4,22	3,86	3,25	2,41	1,66	1,15	0,88	0,60	0,40	0,27	0,13	3,20	0
27/02/2020 20:55:00	3,26	4,12	4,22	3,86	3,30	2,46	1,74	1,26	0,97	0,70	0,50	0,37	0,24	3,25	0
27/02/2020 21:00:00	3,21	4,12	4,22	3,84	3,24	2,45	1,64	1,10	0,83	0,56	0,36	0,23	0,09	3,23	0
27/02/2020 21:05:00	3,23	4,12	4,26	3,89	3,32	2,48	1,69	1,17	0,88	0,61	0,41	0,29	0,17	3,21	0
27/02/2020 21:10:00	3,20	4,07	4,19	3,77	3,09	2,24	1,49	0,98	0,70	0,44	0,27	0,19	0,11	3,27	0
27/02/2020 21:15:00	3,26	4,18	4,23	3,83	3,12	2,29	1,50	0,99	0,72	0,47	0,29	0,20	0,11	3,22	0
27/02/2020 21:20:00	3,16	4,13	4,27	3,90	3,26	2,36	1,59	1,06	0,74	0,45	0,24	0,11	-0,02	3,25	0
27/02/2020 21:25:00	3,24	4,17	4,24	3,89	3,24	2,39	1,59	1,06	0,76	0,47	0,25	0,10	-0,05	3,14	0
27/02/2020 21:30:00	3,21	4,16	4,21	3,75	3,09	2,16	1,35	0,82	0,53	0,27	0,08	-0,03	-0,13	3,16	0
27/02/2020 21:35:00	3,18	4,05	4,07	3,60	3,00	2,17	1,43	0,97	0,73	0,51	0,35	0,27	0,18	3,16	0
27/02/2020 21:40:00	3,15	4,11	4,25	3,84	3,18	2,27	1,41	0,83	0,50	0,21	-0,01	-0,14	-0,26	3,16	0
27/02/2020 21:45:00	3,10	3,98	4,13	3,79	3,05	2,24	1,43	0,88	0,56	0,27	0,07	-0,03	-0,14	3,12	0
27/02/2020 21:50:00	3,19	4,11	4,18	3,76	3,08	2,27	1,47	0,95	0,67	0,40	0,21	0,08	-0,04	3,16	0
27/02/2020 21:55:00	3,08	4,02	4,09	3,76	3,01	2,21	1,44	0,93	0,66	0,40	0,23	0,13	0,04	3,13	0
27/02/2020 22:00:00	3,16	4,08	4,14	3,72	3,07	2,31	1,58	1,13	0,91	0,69	0,55	0,49	0,43	3,17	0
27/02/2020 22:05:00	3,14	4,06	4,18	3,81	3,23	2,45	1,75	1,30	1,05	0,81	0,64	0,54	0,45	3,11	0
27/02/2020 22:10:00	3,07	3,83	3,87	3,46	2,96	2,24	1,62	1,25	1,07	0,87	0,73	0,67	0,60	3,00	0
27/02/2020 22:15:00	3,00	3,88	3,89	3,40	2,84	2,11	1,47	1,10	0,93	0,75	0,64	0,61	0,58	3,05	0
27/02/2020 22:20:00	3,04	3,90	4,00	3,62	3,04	2,27	1,65	1,25	1,03	0,82	0,68	0,63	0,57	3,06	0
27/02/2020 22:25:00	3,04	3,85	4,02	3,57	3,04	2,26	1,61	1,18	0,94	0,72	0,58	0,53	0,49	3,03	0
27/02/2020 22:30:00	3,00	3,79	3,84	3,44	2,82	2,07	1,44	1,05	0,83	0,62	0,49	0,45	0,40	2,98	0
27/02/2020 22:35:00	2,93	3,85	3,96	3,57	2,96	2,20	1,46	0,99	0,75	0,52	0,36	0,28	0,20	2,98	0
27/02/2020 22:40:00	2,90	3,86	3,98	3,64	2,99	2,17	1,47	1,02	0,77	0,53	0,37	0,31	0,24	2,98	0
27/02/2020 22:45:00	3,01	3,78	3,94	3,65	3,03	2,30	1,58	1,09	0,83	0,58	0,41	0,34	0,26	2,94	0
27/02/2020 22:50:00	2,90	3,78	3,97	3,75	3,15	2,42	1,65	1,13	0,84	0,56	0,36	0,23	0,10	3,02	0
27/02/2020 22:55:00	2,94	3,96	4,12	3,77	3,14	2,32	1,57	1,07	0,80	0,55	0,38	0,29	0,20	2,98	0
27/02/2020 23:00:00	3,03	4,09	4,23	3,82	3,18	2,33	1,45	0,88	0,59	0,31	0,12	0,00	-0,12	2,99	0
27/02/2020 23:05:00	2,91	3,93	4,14	3,79	3,11	2,24	1,32	0,69	0,35	0,05	-0,17	-0,31	-0,44	2,98	0
27/02/2020 23:10:00	2,98	3,92	4,06	3,80	3,15	2,17	1,34	0,72	0,35	0,02	-0,24	-0,42	-0,60	2,93	0
27/02/2020 23:15:00	2,91	3,96	4,13	3,68	2,97	1,99	1,08	0,44	0,07	-0,25	-0,47	-0,61	-0,75	2,92	0
27/02/2020 23:20:00	2,90	3,83	4,06	3,78	3,09	2,16	1,17	0,46	0,06	-0,28	-0,53	-0,70	-0,86	2,89	0
27/02/2020 23:25:00	2,94	3,96	4,11	3,77	3,10	2,15	1,19	0,52	0,15	-0,18	-0,43	-0,61	-0,79	2,90	0
27/02/2020 23:30:00	2,81	4,04	4,20	3,69	2,96	1,92	1,02	0,40	0,06	-0,23	-0,43	-0,54	-0,65	2,96	0
27/02/2020 23:35:00	3,02	4,00	4,02	3,56	2,83	1,91	1,10	0,58	0,31	0,06	-0,11	-0,20	-0,28	2,93	0
27/02/2020 23:40:00	2,89	3,82	4,01	3,56	2,94	2,00	1,05	0,39	0,02	-0,30	-0,53	-0,69	-0,84	2,90	0
27/02/2020 23:45:00	2,94	3,92	4,02	3,54	2,82	1,87	0,95	0,33	0,00	-0,28	-0,48	-0,59	-0,69	2,80	0
27/02/2020 23:50:00	2,78	3,61	3,64	3,21	2,56	1,66	0,80	0,22	-0,07	-0,34	-0,54	-0,66	-0,79	2,67	0
27/02/2020 23:55:00	2,22	3,26	3,29	2,76	1,96	1,00	0,14	-0,42	-0,71	-0,95	-1,11	-1,18	-1,25	2,62	0
