FileFormat:0002.2 file with temperature of atmosphere
200
local	GMT or Local
0	GMT-Local=[hours]
0	Height[m]
0	0	0	Longitude                [grd]               [min]               [sec]
0	0	0	Latitude                [grd]               [min]               [sec]
N	NS
59,40	Freq[GHz]
0,00	dTemostat[K]
0,150	MessErr[K]
0,248	//[grad/step]
version 14.0.20110218
MTP5H033F5940K-33.00D180214+A1.1
Commentary:
enter comment
End Of Commentary

SYSTEM\alaska.dat
data time	0	50	100	150	200	250	300	350	400	450	500	550	600	OutsideTemperature	Quality
14/02/2020 00:00:00	-1,24	-1,09	-1,31	-1,63	-2,10	-2,76	-3,33	-3,68	-3,81	-3,92	-4,01	-4,05	-4,10	-1,26	0
14/02/2020 00:05:00	-1,20	-1,06	-1,34	-1,76	-2,26	-2,88	-3,37	-3,66	-3,74	-3,82	-3,87	-3,88	-3,88	-1,16	0
14/02/2020 00:10:00	-1,28	-1,04	-1,32	-1,71	-2,14	-2,71	-3,21	-3,47	-3,51	-3,57	-3,61	-3,61	-3,62	-1,26	0
14/02/2020 00:15:00	-1,24	-1,08	-1,28	-1,57	-2,00	-2,63	-3,17	-3,52	-3,66	-3,77	-3,88	-3,95	-4,01	-1,23	0
14/02/2020 00:20:00	-1,29	-1,15	-1,36	-1,68	-2,09	-2,63	-3,11	-3,39	-3,47	-3,55	-3,62	-3,66	-3,69	-1,26	0
14/02/2020 00:25:00	-1,26	-1,11	-1,38	-1,83	-2,27	-2,78	-3,21	-3,43	-3,45	-3,48	-3,50	-3,48	-3,46	-1,24	0
14/02/2020 00:30:00	-1,23	-1,07	-1,36	-1,78	-2,27	-2,83	-3,32	-3,58	-3,64	-3,70	-3,75	-3,75	-3,75	-1,24	0
14/02/2020 00:35:00	-1,26	-1,07	-1,35	-1,77	-2,30	-2,89	-3,40	-3,68	-3,74	-3,80	-3,83	-3,81	-3,79	-1,30	0
14/02/2020 00:40:00	-1,25	-1,16	-1,39	-1,72	-2,19	-2,73	-3,23	-3,52	-3,61	-3,69	-3,75	-3,77	-3,80	-1,24	0
14/02/2020 00:45:00	-1,24	-1,14	-1,33	-1,70	-2,14	-2,76	-3,26	-3,59	-3,72	-3,83	-3,92	-3,96	-4,00	-1,27	0
14/02/2020 00:50:00	-1,28	-1,14	-1,39	-1,82	-2,28	-2,85	-3,41	-3,72	-3,78	-3,84	-3,88	-3,88	-3,88	-1,25	0
14/02/2020 00:55:00	-1,30	-1,22	-1,52	-1,96	-2,38	-2,92	-3,39	-3,64	-3,67	-3,72	-3,75	-3,75	-3,75	-1,34	0
14/02/2020 01:00:00	-1,38	-1,15	-1,49	-1,89	-2,38	-2,87	-3,26	-3,44	-3,44	-3,46	-3,47	-3,45	-3,43	-1,36	0
14/02/2020 01:05:00	-1,34	-1,27	-1,54	-1,92	-2,31	-2,84	-3,33	-3,60	-3,65	-3,71	-3,76	-3,79	-3,81	-1,37	0
14/02/2020 01:10:00	-1,30	-1,25	-1,49	-1,92	-2,32	-2,85	-3,26	-3,48	-3,52	-3,55	-3,57	-3,54	-3,51	-1,31	0
14/02/2020 01:15:00	-1,31	-1,12	-1,38	-1,81	-2,30	-2,84	-3,31	-3,55	-3,60	-3,65	-3,68	-3,66	-3,64	-1,26	0
14/02/2020 01:20:00	-1,28	-1,14	-1,39	-1,84	-2,30	-2,84	-3,26	-3,47	-3,51	-3,55	-3,57	-3,53	-3,50	-1,29	0
14/02/2020 01:25:00	-1,23	-1,23	-1,46	-1,77	-2,13	-2,58	-2,99	-3,20	-3,25	-3,30	-3,35	-3,35	-3,36	-1,32	0
14/02/2020 01:30:00	-1,30	-1,24	-1,45	-1,82	-2,23	-2,76	-3,21	-3,46	-3,53	-3,60	-3,64	-3,65	-3,65	-1,32	0
14/02/2020 01:35:00	-1,31	-1,12	-1,41	-1,87	-2,38	-2,93	-3,36	-3,57	-3,60	-3,62	-3,63	-3,58	-3,53	-1,27	0
14/02/2020 01:40:00	-1,22	-1,11	-1,38	-1,78	-2,21	-2,76	-3,27	-3,55	-3,60	-3,65	-3,69	-3,69	-3,69	-1,28	0
14/02/2020 01:45:00	-1,21	-1,14	-1,37	-1,74	-2,22	-2,75	-3,26	-3,56	-3,65	-3,73	-3,80	-3,82	-3,84	-1,25	0
14/02/2020 01:50:00	-1,25	-1,04	-1,33	-1,72	-2,27	-2,87	-3,40	-3,69	-3,76	-3,83	-3,87	-3,86	-3,86	-1,24	0
14/02/2020 01:55:00	-1,19	-1,16	-1,42	-1,74	-2,16	-2,69	-3,13	-3,38	-3,45	-3,53	-3,59	-3,62	-3,64	-1,21	0
14/02/2020 02:00:00	-1,19	-1,07	-1,33	-1,75	-2,11	-2,59	-2,98	-3,16	-3,17	-3,20	-3,22	-3,21	-3,21	-1,18	0
14/02/2020 02:05:00	-1,22	-1,07	-1,30	-1,67	-2,12	-2,64	-3,11	-3,36	-3,41	-3,46	-3,50	-3,50	-3,49	-1,20	0
14/02/2020 02:10:00	-1,24	-1,18	-1,43	-1,80	-2,16	-2,58	-2,88	-3,00	-2,99	-3,00	-3,00	-2,96	-2,92	-1,22	0
14/02/2020 02:15:00	-1,29	-1,19	-1,45	-1,76	-2,08	-2,51	-2,88	-3,06	-3,06	-3,09	-3,13	-3,14	-3,16	-1,29	0
14/02/2020 02:20:00	-1,26	-1,14	-1,42	-1,79	-2,15	-2,60	-2,97	-3,14	-3,13	-3,14	-3,15	-3,13	-3,11	-1,24	0
14/02/2020 02:25:00	-1,27	-1,18	-1,47	-1,86	-2,27	-2,66	-3,00	-3,14	-3,12	-3,14	-3,15	-3,13	-3,10	-1,27	0
14/02/2020 02:30:00	-1,26	-1,17	-1,41	-1,79	-2,20	-2,72	-3,17	-3,42	-3,48	-3,54	-3,60	-3,62	-3,64	-1,27	0
14/02/2020 02:35:00	-1,26	-1,12	-1,37	-1,84	-2,31	-2,86	-3,25	-3,45	-3,50	-3,54	-3,57	-3,54	-3,51	-1,24	0
14/02/2020 02:40:00	-1,19	-1,11	-1,35	-1,64	-2,17	-2,78	-3,30	-3,64	-3,78	-3,90	-4,00	-4,06	-4,11	-1,22	0
14/02/2020 02:45:00	-1,14	-1,08	-1,30	-1,58	-2,02	-2,58	-3,12	-3,46	-3,58	-3,69	-3,80	-3,87	-3,94	-1,19	0
14/02/2020 02:50:00	-1,13	-0,98	-1,18	-1,57	-2,05	-2,57	-3,11	-3,42	-3,49	-3,56	-3,61	-3,61	-3,62	-1,14	0
14/02/2020 02:55:00	-1,14	-1,05	-1,29	-1,61	-1,92	-2,37	-2,76	-2,96	-2,98	-3,02	-3,06	-3,06	-3,07	-1,17	0
14/02/2020 03:00:00	-1,15	-1,04	-1,31	-1,62	-2,05	-2,54	-2,98	-3,22	-3,26	-3,33	-3,38	-3,39	-3,41	-1,16	0
14/02/2020 03:05:00	-1,15	-0,92	-1,21	-1,61	-2,08	-2,62	-3,05	-3,26	-3,30	-3,34	-3,38	-3,37	-3,36	-1,11	0
14/02/2020 03:10:00	-1,16	-1,07	-1,32	-1,58	-1,95	-2,48	-3,01	-3,32	-3,40	-3,50	-3,60	-3,67	-3,75	-1,12	0
14/02/2020 03:15:00	-1,12	-1,03	-1,34	-1,66	-2,08	-2,55	-2,97	-3,19	-3,22	-3,27	-3,31	-3,33	-3,35	-1,15	0
14/02/2020 03:20:00	-1,17	-1,02	-1,30	-1,71	-2,13	-2,59	-2,94	-3,08	-3,07	-3,08	-3,09	-3,04	-3,00	-1,17	0
14/02/2020 03:25:00	-1,17	-1,07	-1,36	-1,76	-2,13	-2,64	-2,98	-3,13	-3,14	-3,17	-3,19	-3,17	-3,15	-1,21	0
14/02/2020 03:30:00	-1,14	-1,03	-1,31	-1,67	-2,04	-2,59	-3,08	-3,33	-3,38	-3,43	-3,48	-3,50	-3,52	-1,17	0
14/02/2020 03:35:00	-1,16	-1,05	-1,28	-1,68	-2,15	-2,63	-3,02	-3,22	-3,25	-3,29	-3,30	-3,26	-3,22	-1,15	0
14/02/2020 03:40:00	-1,13	-1,05	-1,39	-1,81	-2,20	-2,64	-3,01	-3,16	-3,14	-3,15	-3,17	-3,16	-3,15	-1,15	0
14/02/2020 03:45:00	-1,13	-1,03	-1,26	-1,59	-2,03	-2,52	-2,94	-3,17	-3,22	-3,29	-3,34	-3,35	-3,36	-1,13	0
14/02/2020 03:50:00	-1,11	-1,10	-1,33	-1,54	-1,91	-2,39	-2,83	-3,10	-3,18	-3,28	-3,37	-3,44	-3,50	-1,14	0
14/02/2020 03:55:00	-1,11	-1,00	-1,24	-1,57	-2,02	-2,49	-2,93	-3,16	-3,20	-3,26	-3,30	-3,31	-3,31	-1,09	0
14/02/2020 04:00:00	-1,17	-1,06	-1,31	-1,65	-2,08	-2,54	-2,94	-3,15	-3,19	-3,24	-3,29	-3,30	-3,31	-1,16	0
14/02/2020 04:05:00	-1,25	-1,19	-1,41	-1,75	-2,12	-2,63	-3,06	-3,31	-3,37	-3,44	-3,50	-3,52	-3,54	-1,23	0
14/02/2020 04:10:00	-1,28	-1,20	-1,43	-1,78	-2,19	-2,71	-3,15	-3,39	-3,45	-3,51	-3,56	-3,57	-3,58	-1,27	0
14/02/2020 04:15:00	-1,33	-1,15	-1,45	-1,81	-2,27	-2,74	-3,13	-3,32	-3,33	-3,37	-3,40	-3,40	-3,40	-1,31	0
14/02/2020 04:20:00	-1,36	-1,36	-1,60	-1,85	-2,18	-2,62	-2,94	-3,10	-3,13	-3,17	-3,21	-3,22	-3,23	-1,39	0
14/02/2020 04:25:00	-1,37	-1,38	-1,65	-1,91	-2,23	-2,61	-2,94	-3,09	-3,09	-3,13	-3,16	-3,17	-3,19	-1,42	0
14/02/2020 04:30:00	-1,44	-1,52	-1,72	-1,92	-2,14	-2,53	-2,87	-3,07	-3,11	-3,18	-3,26	-3,33	-3,39	-1,40	0
14/02/2020 04:35:00	-1,40	-1,40	-1,62	-1,90	-2,18	-2,59	-2,98	-3,17	-3,18	-3,22	-3,26	-3,27	-3,28	-1,42	0
14/02/2020 04:40:00	-1,37	-1,31	-1,57	-1,89	-2,22	-2,62	-2,93	-3,07	-3,06	-3,08	-3,11	-3,10	-3,09	-1,39	0
14/02/2020 04:45:00	-1,41	-1,45	-1,66	-1,82	-2,07	-2,41	-2,75	-2,93	-2,95	-3,00	-3,06	-3,11	-3,15	-1,39	0
14/02/2020 04:50:00	-1,29	-1,38	-1,58	-1,80	-2,03	-2,43	-2,79	-2,98	-3,01	-3,07	-3,13	-3,17	-3,22	-1,37	0
14/02/2020 04:55:00	-1,31	-1,27	-1,50	-1,76	-2,14	-2,58	-2,97	-3,18	-3,23	-3,30	-3,36	-3,39	-3,42	-1,31	0
14/02/2020 05:00:00	-1,33	-1,26	-1,40	-1,70	-2,06	-2,51	-2,97	-3,25	-3,33	-3,42	-3,50	-3,54	-3,59	-1,32	0
14/02/2020 05:05:00	-1,29	-1,28	-1,47	-1,78	-2,13	-2,57	-2,96	-3,16	-3,20	-3,25	-3,28	-3,28	-3,28	-1,32	0
14/02/2020 05:10:00	-1,31	-1,22	-1,40	-1,61	-1,97	-2,50	-2,92	-3,20	-3,31	-3,42	-3,53	-3,61	-3,68	-1,28	0
14/02/2020 05:15:00	-1,27	-1,23	-1,37	-1,53	-1,83	-2,33	-2,82	-3,14	-3,27	-3,39	-3,51	-3,61	-3,70	-1,22	0
14/02/2020 05:20:00	-1,18	-1,11	-1,21	-1,50	-1,87	-2,43	-2,96	-3,30	-3,43	-3,55	-3,64	-3,69	-3,74	-1,21	0
14/02/2020 05:25:00	-1,18	-1,10	-1,24	-1,54	-1,91	-2,37	-2,80	-3,05	-3,13	-3,21	-3,27	-3,30	-3,32	-1,16	0
14/02/2020 05:30:00	-1,08	-0,94	-1,10	-1,39	-1,80	-2,28	-2,74	-3,01	-3,09	-3,18	-3,25	-3,28	-3,31	-1,11	0
14/02/2020 05:35:00	-1,04	-0,87	-1,02	-1,38	-1,75	-2,30	-2,77	-3,04	-3,11	-3,19	-3,24	-3,25	-3,26	-1,06	0
14/02/2020 05:40:00	-1,09	-0,97	-1,13	-1,41	-1,75	-2,19	-2,61	-2,83	-2,87	-2,92	-2,97	-2,97	-2,97	-1,15	0
14/02/2020 05:45:00	-1,18	-1,00	-1,15	-1,39	-1,77	-2,27	-2,70	-2,95	-3,03	-3,11	-3,18	-3,20	-3,23	-1,15	0
14/02/2020 05:50:00	-1,16	-0,98	-1,10	-1,33	-1,71	-2,20	-2,64	-2,92	-3,02	-3,13	-3,22	-3,27	-3,32	-1,08	0
14/02/2020 05:55:00	-1,05	-0,99	-1,09	-1,34	-1,62	-2,10	-2,50	-2,76	-2,86	-2,97	-3,07	-3,13	-3,20	-1,09	0
14/02/2020 06:00:00	-1,04	-0,87	-1,02	-1,31	-1,69	-2,19	-2,59	-2,82	-2,90	-2,98	-3,04	-3,06	-3,08	-1,03	0
14/02/2020 06:05:00	-1,05	-0,89	-0,94	-1,28	-1,65	-2,15	-2,60	-2,88	-2,97	-3,06	-3,11	-3,11	-3,11	-1,07	0
14/02/2020 06:10:00	-0,99	-0,86	-0,89	-1,16	-1,54	-2,03	-2,49	-2,78	-2,89	-2,99	-3,06	-3,08	-3,10	-1,00	0
14/02/2020 06:15:00	-0,96	-0,93	-0,98	-1,14	-1,40	-1,93	-2,41	-2,72	-2,85	-2,97	-3,07	-3,13	-3,19	-1,02	0
14/02/2020 06:20:00	-0,98	-0,80	-0,93	-1,14	-1,55	-2,08	-2,57	-2,87	-2,98	-3,08	-3,17	-3,21	-3,25	-0,93	0
14/02/2020 06:25:00	-0,89	-0,74	-0,79	-1,07	-1,45	-2,02	-2,51	-2,83	-2,96	-3,08	-3,17	-3,21	-3,25	-0,86	0
14/02/2020 06:30:00	-0,90	-0,72	-0,78	-1,01	-1,34	-1,88	-2,42	-2,78	-2,92	-3,05	-3,17	-3,25	-3,33	-0,86	0
14/02/2020 06:35:00	-0,80	-0,58	-0,65	-0,92	-1,35	-1,94	-2,52	-2,88	-3,02	-3,15	-3,24	-3,28	-3,32	-0,82	0
14/02/2020 06:40:00	-0,85	-0,59	-0,65	-0,98	-1,41	-2,00	-2,48	-2,79	-2,92	-3,04	-3,12	-3,14	-3,16	-0,82	0
14/02/2020 06:45:00	-0,76	-0,60	-0,69	-0,95	-1,30	-1,83	-2,30	-2,60	-2,71	-2,82	-2,91	-2,95	-3,00	-0,72	0
14/02/2020 06:50:00	-0,68	-0,47	-0,56	-0,88	-1,33	-1,89	-2,38	-2,69	-2,82	-2,94	-3,02	-3,05	-3,07	-0,67	0
14/02/2020 06:55:00	-0,54	-0,34	-0,50	-0,76	-1,21	-1,78	-2,28	-2,60	-2,72	-2,83	-2,93	-2,97	-3,02	-0,56	0
14/02/2020 07:00:00	-0,49	-0,37	-0,53	-0,74	-1,08	-1,61	-2,07	-2,36	-2,47	-2,59	-2,70	-2,78	-2,85	-0,53	0
14/02/2020 07:05:00	-0,46	-0,23	-0,31	-0,60	-1,03	-1,63	-2,17	-2,52	-2,67	-2,81	-2,91	-2,96	-3,01	-0,44	0
14/02/2020 07:10:00	-0,34	-0,17	-0,25	-0,47	-0,90	-1,56	-2,16	-2,58	-2,77	-2,93	-3,07	-3,16	-3,24	-0,39	0
14/02/2020 07:15:00	-0,41	-0,09	-0,10	-0,41	-0,86	-1,44	-2,06	-2,45	-2,60	-2,73	-2,83	-2,87	-2,91	-0,37	0
14/02/2020 07:20:00	-0,32	-0,14	-0,19	-0,41	-0,88	-1,48	-2,09	-2,50	-2,70	-2,87	-3,01	-3,09	-3,18	-0,35	0
14/02/2020 07:25:00	-0,34	-0,09	-0,07	-0,33	-0,77	-1,42	-2,00	-2,42	-2,64	-2,81	-2,95	-3,02	-3,10	-0,34	0
14/02/2020 07:30:00	-0,32	-0,11	-0,14	-0,35	-0,74	-1,35	-1,92	-2,32	-2,51	-2,68	-2,82	-2,92	-3,02	-0,36	0
14/02/2020 07:35:00	-0,35	-0,13	-0,16	-0,32	-0,66	-1,24	-1,79	-2,18	-2,37	-2,54	-2,70	-2,83	-2,95	-0,32	0
14/02/2020 07:40:00	-0,29	0,05	-0,05	-0,24	-0,75	-1,35	-1,90	-2,26	-2,42	-2,56	-2,68	-2,75	-2,81	-0,27	0
14/02/2020 07:45:00	-0,19	0,03	0,11	-0,02	-0,35	-1,01	-1,80	-2,38	-2,66	-2,91	-3,14	-3,34	-3,54	-0,25	0
14/02/2020 07:50:00	-0,19	0,11	0,16	-0,05	-0,44	-1,16	-1,92	-2,47	-2,74	-2,97	-3,17	-3,32	-3,48	-0,16	0
14/02/2020 07:55:00	-0,16	0,23	0,21	-0,09	-0,59	-1,31	-1,97	-2,43	-2,65	-2,83	-2,98	-3,06	-3,14	-0,18	0
14/02/2020 08:00:00	-0,20	0,26	0,22	-0,04	-0,55	-1,25	-1,96	-2,43	-2,64	-2,82	-2,97	-3,07	-3,17	-0,16	0
14/02/2020 08:05:00	-0,12	0,29	0,28	-0,03	-0,55	-1,22	-1,92	-2,38	-2,59	-2,76	-2,89	-2,97	-3,04	-0,14	0
14/02/2020 08:10:00	-0,06	0,31	0,30	0,05	-0,43	-1,13	-1,84	-2,33	-2,57	-2,77	-2,94	-3,06	-3,18	-0,07	0
14/02/2020 08:15:00	0,02	0,32	0,28	0,09	-0,39	-1,12	-1,78	-2,26	-2,51	-2,73	-2,91	-3,04	-3,18	0,00	0
14/02/2020 08:20:00	0,02	0,47	0,47	0,12	-0,40	-1,16	-1,90	-2,40	-2,63	-2,82	-2,97	-3,05	-3,13	0,04	0
14/02/2020 08:25:00	0,11	0,54	0,59	0,32	-0,15	-0,93	-1,72	-2,28	-2,56	-2,79	-2,99	-3,12	-3,26	0,08	0
14/02/2020 08:30:00	0,09	0,59	0,58	0,20	-0,36	-1,16	-1,85	-2,33	-2,56	-2,75	-2,88	-2,95	-3,01	0,14	0
14/02/2020 08:35:00	0,18	0,61	0,51	0,22	-0,34	-1,10	-1,79	-2,26	-2,48	-2,68	-2,84	-2,94	-3,05	0,18	0
14/02/2020 08:40:00	0,26	0,71	0,62	0,17	-0,41	-1,15	-1,82	-2,24	-2,42	-2,57	-2,67	-2,69	-2,72	0,23	0
14/02/2020 08:45:00	0,26	0,72	0,65	0,27	-0,20	-0,95	-1,65	-2,09	-2,28	-2,44	-2,56	-2,63	-2,70	0,24	0
14/02/2020 08:50:00	0,28	0,66	0,62	0,34	-0,20	-0,93	-1,66	-2,16	-2,41	-2,62	-2,79	-2,91	-3,03	0,31	0
14/02/2020 08:55:00	0,31	0,74	0,61	0,24	-0,34	-1,09	-1,80	-2,26	-2,46	-2,63	-2,77	-2,85	-2,92	0,28	0
14/02/2020 09:00:00	0,27	0,72	0,64	0,16	-0,44	-1,22	-1,95	-2,42	-2,63	-2,81	-2,93	-2,98	-3,03	0,26	0
14/02/2020 09:05:00	0,30	0,70	0,54	0,15	-0,42	-1,16	-1,81	-2,22	-2,38	-2,53	-2,63	-2,68	-2,73	0,30	0
14/02/2020 09:10:00	0,29	0,70	0,53	0,15	-0,46	-1,20	-1,89	-2,33	-2,53	-2,70	-2,84	-2,92	-2,99	0,26	0
14/02/2020 09:15:00	0,30	0,72	0,59	0,23	-0,42	-1,18	-1,97	-2,48	-2,71	-2,91	-3,06	-3,15	-3,24	0,29	0
14/02/2020 09:20:00	0,33	0,71	0,67	0,32	-0,21	-1,04	-1,83	-2,38	-2,66	-2,89	-3,07	-3,19	-3,32	0,34	0
14/02/2020 09:25:00	0,32	0,84	0,71	0,20	-0,42	-1,22	-1,94	-2,39	-2,58	-2,74	-2,85	-2,89	-2,94	0,34	0
14/02/2020 09:30:00	0,43	0,86	0,71	0,32	-0,28	-1,00	-1,69	-2,14	-2,33	-2,50	-2,64	-2,72	-2,80	0,43	0
14/02/2020 09:35:00	0,46	0,93	0,81	0,36	-0,22	-1,02	-1,70	-2,15	-2,35	-2,53	-2,66	-2,72	-2,79	0,40	0
14/02/2020 09:40:00	0,42	0,97	0,90	0,40	-0,20	-0,96	-1,73	-2,22	-2,42	-2,58	-2,71	-2,76	-2,82	0,51	0
14/02/2020 09:45:00	0,58	1,02	0,97	0,66	0,12	-0,70	-1,49	-2,05	-2,34	-2,59	-2,80	-2,96	-3,12	0,53	0
14/02/2020 09:50:00	0,58	1,07	0,98	0,60	0,02	-0,75	-1,48	-1,96	-2,19	-2,39	-2,54	-2,64	-2,74	0,59	0
14/02/2020 09:55:00	0,63	1,13	1,08	0,73	0,16	-0,65	-1,49	-2,06	-2,34	-2,58	-2,79	-2,94	-3,10	0,61	0
14/02/2020 10:00:00	0,70	1,13	0,98	0,66	0,03	-0,70	-1,48	-2,00	-2,22	-2,42	-2,58	-2,70	-2,81	0,74	0
14/02/2020 10:05:00	0,72	1,32	1,19	0,75	0,03	-0,86	-1,63	-2,16	-2,42	-2,64	-2,80	-2,90	-2,99	0,75	0
14/02/2020 10:10:00	0,82	1,25	1,17	0,76	0,21	-0,65	-1,43	-1,97	-2,25	-2,48	-2,68	-2,81	-2,94	0,79	0
14/02/2020 10:15:00	0,84	1,38	1,27	0,75	0,10	-0,74	-1,47	-1,95	-2,18	-2,37	-2,51	-2,56	-2,62	0,84	0
14/02/2020 10:20:00	0,88	1,33	1,21	0,76	0,21	-0,56	-1,24	-1,68	-1,88	-2,06	-2,19	-2,27	-2,35	0,78	0
14/02/2020 10:25:00	0,74	1,22	1,07	0,68	0,13	-0,62	-1,25	-1,66	-1,85	-2,02	-2,17	-2,26	-2,36	0,78	0
14/02/2020 10:30:00	0,82	1,29	1,09	0,66	0,04	-0,73	-1,42	-1,85	-2,05	-2,23	-2,37	-2,47	-2,56	0,86	0
14/02/2020 10:35:00	0,98	1,48	1,33	0,85	0,21	-0,59	-1,31	-1,78	-1,99	-2,19	-2,33	-2,42	-2,51	1,02	0
14/02/2020 10:40:00	1,10	1,66	1,44	0,95	0,32	-0,49	-1,29	-1,78	-1,98	-2,17	-2,32	-2,43	-2,54	1,19	0
14/02/2020 10:45:00	1,13	1,67	1,43	0,89	0,24	-0,56	-1,25	-1,67	-1,84	-2,00	-2,13	-2,19	-2,26	1,25	0
14/02/2020 10:50:00	1,13	1,63	1,44	1,00	0,38	-0,48	-1,29	-1,81	-2,04	-2,25	-2,41	-2,53	-2,64	1,21	0
14/02/2020 10:55:00	1,23	1,56	1,42	0,96	0,37	-0,46	-1,23	-1,74	-1,99	-2,21	-2,38	-2,48	-2,58	1,11	0
14/02/2020 11:00:00	1,20	1,76	1,60	1,04	0,25	-0,60	-1,43	-1,97	-2,21	-2,40	-2,54	-2,60	-2,65	1,19	0
14/02/2020 11:05:00	1,17	1,65	1,48	1,10	0,42	-0,41	-1,25	-1,81	-2,08	-2,33	-2,53	-2,69	-2,84	1,14	0
14/02/2020 11:10:00	1,13	1,67	1,49	0,93	0,27	-0,61	-1,44	-1,97	-2,20	-2,40	-2,56	-2,65	-2,75	1,13	0
14/02/2020 11:15:00	1,10	1,63	1,46	0,97	0,27	-0,63	-1,46	-2,02	-2,29	-2,52	-2,71	-2,83	-2,95	1,09	0
14/02/2020 11:20:00	1,14	1,60	1,50	1,10	0,33	-0,56	-1,39	-1,99	-2,32	-2,59	-2,80	-2,95	-3,09	1,17	0
14/02/2020 11:25:00	1,17	1,68	1,51	1,02	0,41	-0,42	-1,18	-1,67	-1,90	-2,11	-2,28	-2,40	-2,52	1,18	0
14/02/2020 11:30:00	1,18	1,62	1,50	1,03	0,32	-0,60	-1,37	-1,91	-2,19	-2,42	-2,59	-2,68	-2,77	1,13	0
14/02/2020 11:35:00	1,05	1,61	1,49	1,05	0,36	-0,52	-1,42	-2,02	-2,31	-2,56	-2,75	-2,89	-3,02	1,08	0
14/02/2020 11:40:00	1,09	1,61	1,43	0,88	0,21	-0,71	-1,57	-2,13	-2,39	-2,61	-2,77	-2,88	-2,98	1,11	0
14/02/2020 11:45:00	1,08	1,52	1,37	0,93	0,25	-0,66	-1,47	-2,02	-2,29	-2,52	-2,69	-2,79	-2,89	1,02	0
14/02/2020 11:50:00	1,05	1,52	1,40	0,92	0,20	-0,66	-1,56	-2,16	-2,44	-2,67	-2,84	-2,94	-3,05	1,02	0
14/02/2020 11:55:00	1,03	1,58	1,31	0,66	-0,08	-0,94	-1,70	-2,16	-2,34	-2,50	-2,61	-2,66	-2,71	1,06	0
14/02/2020 12:00:00	1,16	1,66	1,34	0,77	0,00	-0,89	-1,63	-2,12	-2,35	-2,56	-2,73	-2,85	-2,97	1,22	0
14/02/2020 12:05:00	1,19	1,75	1,44	0,82	0,09	-0,83	-1,62	-2,12	-2,34	-2,54	-2,70	-2,81	-2,92	1,37	0
14/02/2020 12:10:00	1,23	1,77	1,43	0,69	-0,06	-0,92	-1,71	-2,18	-2,36	-2,52	-2,64	-2,70	-2,76	1,36	0
14/02/2020 12:15:00	1,41	2,03	1,66	1,01	0,18	-0,71	-1,53	-2,01	-2,20	-2,38	-2,51	-2,58	-2,65	1,42	0
14/02/2020 12:20:00	1,48	1,99	1,73	1,21	0,38	-0,54	-1,43	-2,03	-2,32	-2,57	-2,76	-2,90	-3,04	1,41	0
14/02/2020 12:25:00	1,51	2,03	1,87	1,35	0,65	-0,30	-1,22	-1,86	-2,17	-2,44	-2,67	-2,83	-3,00	1,51	0
14/02/2020 12:30:00	1,43	1,91	1,64	1,05	0,33	-0,53	-1,29	-1,76	-1,96	-2,15	-2,28	-2,35	-2,43	1,28	0
14/02/2020 12:35:00	1,45	1,81	1,59	1,14	0,49	-0,30	-1,08	-1,58	-1,82	-2,03	-2,20	-2,31	-2,43	1,21	0
14/02/2020 12:40:00	1,46	1,73	1,47	0,93	0,33	-0,37	-1,00	-1,37	-1,53	-1,68	-1,79	-1,84	-1,89	1,31	0
14/02/2020 12:45:00	1,65	2,00	1,72	1,10	0,46	-0,23	-0,83	-1,18	-1,32	-1,46	-1,56	-1,60	-1,65	1,18	0
14/02/2020 12:50:00	1,79	2,22	1,90	1,35	0,52	-0,23	-0,92	-1,34	-1,51	-1,67	-1,78	-1,82	-1,86	1,58	0
14/02/2020 12:55:00	1,92	2,28	1,82	1,09	0,37	-0,44	-1,02	-1,34	-1,46	-1,59	-1,69	-1,73	-1,77	1,70	0
14/02/2020 13:00:00	1,77	2,15	1,94	1,48	0,90	0,08	-0,70	-1,22	-1,46	-1,69	-1,88	-2,04	-2,20	1,53	0
14/02/2020 13:05:00	1,74	2,24	1,95	1,28	0,55	-0,27	-0,99	-1,41	-1,57	-1,73	-1,84	-1,89	-1,93	1,59	0
14/02/2020 13:10:00	1,52	1,85	1,51	0,87	0,14	-0,73	-1,48	-1,95	-2,15	-2,33	-2,47	-2,54	-2,62	1,49	0
14/02/2020 13:15:00	1,32	1,71	1,52	1,02	0,38	-0,44	-1,20	-1,71	-1,95	-2,17	-2,34	-2,46	-2,58	1,34	0
14/02/2020 13:20:00	1,40	1,78	1,60	1,16	0,49	-0,35	-1,22	-1,82	-2,11	-2,37	-2,59	-2,77	-2,94	1,32	0
14/02/2020 13:25:00	1,41	1,90	1,74	1,29	0,59	-0,30	-1,16	-1,76	-2,06	-2,32	-2,54	-2,70	-2,87	1,41	0
14/02/2020 13:30:00	1,43	2,08	1,95	1,43	0,76	-0,19	-1,07	-1,67	-1,96	-2,21	-2,41	-2,56	-2,71	1,63	0
14/02/2020 13:35:00	1,46	2,16	2,04	1,54	0,70	-0,28	-1,15	-1,75	-2,07	-2,33	-2,53	-2,64	-2,76	1,63	0
14/02/2020 13:40:00	1,57	2,15	2,02	1,41	0,73	-0,23	-1,15	-1,76	-2,04	-2,28	-2,45	-2,56	-2,66	1,75	0
14/02/2020 13:45:00	1,92	2,50	2,37	1,86	1,13	0,09	-0,92	-1,63	-1,99	-2,30	-2,54	-2,73	-2,91	1,79	0
14/02/2020 13:50:00	1,82	2,44	2,27	1,70	0,81	-0,18	-1,10	-1,72	-2,03	-2,28	-2,45	-2,54	-2,63	1,79	0
14/02/2020 13:55:00	1,77	2,39	2,24	1,73	0,96	-0,04	-0,99	-1,65	-1,98	-2,26	-2,48	-2,63	-2,78	1,77	0
14/02/2020 14:00:00	1,75	2,39	2,24	1,75	0,96	0,01	-0,96	-1,63	-1,96	-2,24	-2,47	-2,64	-2,81	1,78	0
14/02/2020 14:05:00	1,65	2,32	2,23	1,80	1,03	-0,01	-1,01	-1,73	-2,12	-2,44	-2,71	-2,91	-3,12	1,67	0
14/02/2020 14:10:00	1,77	2,41	2,28	1,83	1,04	0,00	-0,96	-1,65	-2,02	-2,33	-2,58	-2,77	-2,96	1,70	0
14/02/2020 14:15:00	1,77	2,40	2,33	1,86	1,13	0,04	-0,99	-1,73	-2,13	-2,46	-2,73	-2,93	-3,13	1,81	0
14/02/2020 14:20:00	1,72	2,44	2,36	1,77	0,99	-0,06	-1,05	-1,74	-2,10	-2,39	-2,61	-2,76	-2,91	1,71	0
14/02/2020 14:25:00	1,78	2,46	2,37	1,89	1,02	-0,02	-1,06	-1,80	-2,18	-2,49	-2,73	-2,89	-3,05	1,80	0
14/02/2020 14:30:00	1,73	2,39	2,32	1,90	1,17	0,13	-0,87	-1,60	-1,99	-2,33	-2,61	-2,83	-3,05	1,64	0
14/02/2020 14:35:00	1,73	2,41	2,25	1,70	0,88	-0,11	-1,08	-1,75	-2,08	-2,37	-2,60	-2,76	-2,92	1,73	0
14/02/2020 14:40:00	1,74	2,48	2,28	1,76	0,90	-0,13	-1,13	-1,81	-2,14	-2,43	-2,65	-2,81	-2,97	1,86	0
14/02/2020 14:45:00	1,73	2,46	2,28	1,66	0,87	-0,20	-1,12	-1,74	-2,06	-2,33	-2,54	-2,68	-2,82	1,84	0
14/02/2020 14:50:00	1,85	2,59	2,44	1,88	1,10	0,00	-0,98	-1,66	-2,01	-2,30	-2,54	-2,70	-2,87	1,86	0
14/02/2020 14:55:00	1,96	2,53	2,41	1,96	1,20	0,17	-0,84	-1,57	-1,94	-2,26	-2,51	-2,71	-2,91	1,90	0
14/02/2020 15:00:00	1,86	2,63	2,56	2,02	1,23	0,11	-0,95	-1,69	-2,09	-2,41	-2,66	-2,84	-3,01	1,91	0
14/02/2020 15:05:00	1,78	2,53	2,50	2,04	1,24	0,17	-0,83	-1,57	-1,97	-2,30	-2,56	-2,75	-2,94	1,83	0
14/02/2020 15:10:00	1,76	2,49	2,52	2,10	1,28	0,15	-0,93	-1,74	-2,20	-2,57	-2,85	-3,06	-3,27	1,73	0
14/02/2020 15:15:00	1,64	2,47	2,46	2,01	1,25	0,17	-0,86	-1,60	-1,99	-2,32	-2,58	-2,77	-2,96	1,71	0
14/02/2020 15:20:00	1,78	2,55	2,56	2,12	1,37	0,34	-0,70	-1,44	-1,84	-2,17	-2,43	-2,62	-2,82	1,82	0
14/02/2020 15:25:00	1,81	2,64	2,62	2,18	1,38	0,30	-0,68	-1,38	-1,77	-2,10	-2,35	-2,53	-2,71	1,82	0
14/02/2020 15:30:00	1,87	2,71	2,73	2,22	1,45	0,37	-0,67	-1,41	-1,80	-2,12	-2,36	-2,52	-2,68	1,87	0
14/02/2020 15:35:00	1,90	2,76	2,77	2,30	1,56	0,45	-0,58	-1,32	-1,74	-2,08	-2,36	-2,57	-2,78	1,89	0
14/02/2020 15:40:00	2,04	2,92	2,92	2,44	1,55	0,45	-0,55	-1,28	-1,69	-2,02	-2,26	-2,42	-2,58	1,97	0
14/02/2020 15:45:00	2,04	2,89	2,97	2,49	1,75	0,70	-0,43	-1,25	-1,68	-2,04	-2,33	-2,55	-2,76	1,87	0
14/02/2020 15:50:00	1,90	2,66	2,63	2,25	1,51	0,43	-0,57	-1,30	-1,70	-2,03	-2,30	-2,50	-2,70	1,91	0
14/02/2020 15:55:00	1,85	2,60	2,64	2,22	1,57	0,47	-0,58	-1,35	-1,78	-2,13	-2,42	-2,64	-2,87	1,81	0
14/02/2020 16:00:00	1,88	2,64	2,63	2,18	1,41	0,36	-0,69	-1,44	-1,84	-2,16	-2,41	-2,59	-2,77	1,85	0
14/02/2020 16:05:00	1,84	2,46	2,45	2,10	1,43	0,41	-0,67	-1,45	-1,86	-2,20	-2,49	-2,72	-2,95	1,85	0
14/02/2020 16:10:00	1,76	2,43	2,43	1,96	1,15	0,06	-1,00	-1,78	-2,21	-2,55	-2,81	-3,00	-3,18	1,88	0
14/02/2020 16:15:00	1,64	2,21	2,08	1,54	0,75	-0,20	-1,10	-1,70	-2,00	-2,25	-2,43	-2,52	-2,62	1,41	0
14/02/2020 16:20:00	1,38	1,96	1,83	1,44	0,74	-0,17	-1,09	-1,73	-2,04	-2,32	-2,55	-2,72	-2,90	1,32	0
14/02/2020 16:25:00	1,29	1,85	1,85	1,50	0,86	-0,12	-1,07	-1,78	-2,16	-2,48	-2,75	-2,95	-3,15	1,29	0
14/02/2020 16:30:00	1,23	1,76	1,72	1,34	0,70	-0,23	-1,19	-1,87	-2,23	-2,52	-2,77	-2,96	-3,15	1,27	0
14/02/2020 16:35:00	1,08	1,44	1,22	0,76	0,16	-0,69	-1,51	-2,07	-2,34	-2,59	-2,80	-2,97	-3,15	1,13	0
14/02/2020 16:40:00	0,69	0,85	0,62	0,31	-0,23	-0,89	-1,60	-2,06	-2,26	-2,44	-2,61	-2,74	-2,86	0,46	0
14/02/2020 16:45:00	0,47	0,53	0,33	0,08	-0,35	-0,85	-1,34	-1,66	-1,79	-1,93	-2,06	-2,15	-2,25	-0,11	0
14/02/2020 16:50:00	0,18	0,30	0,21	-0,11	-0,44	-0,93	-1,35	-1,60	-1,70	-1,81	-1,89	-1,93	-1,96	-0,14	0
14/02/2020 16:55:00	-0,06	0,01	-0,02	-0,09	-0,30	-0,66	-1,10	-1,39	-1,50	-1,64	-1,77	-1,89	-2,01	-0,01	0
14/02/2020 17:00:00	0,00	0,04	0,13	0,03	-0,23	-0,68	-1,16	-1,51	-1,69	-1,86	-2,00	-2,10	-2,19	-0,07	0
14/02/2020 17:05:00	-0,04	0,08	0,22	0,23	0,01	-0,46	-0,98	-1,38	-1,60	-1,81	-2,00	-2,17	-2,33	-0,11	0
14/02/2020 17:10:00	-0,08	0,18	0,27	0,20	-0,10	-0,53	-1,04	-1,39	-1,54	-1,71	-1,85	-1,95	-2,05	-0,09	0
14/02/2020 17:15:00	-0,05	0,16	0,33	0,30	-0,01	-0,55	-1,13	-1,57	-1,81	-2,02	-2,19	-2,32	-2,44	-0,03	0
14/02/2020 17:20:00	-0,05	0,26	0,31	0,17	-0,18	-0,66	-1,11	-1,40	-1,53	-1,67	-1,77	-1,81	-1,86	0,00	0
14/02/2020 17:25:00	0,06	0,30	0,37	0,21	-0,08	-0,60	-1,14	-1,48	-1,63	-1,77	-1,88	-1,93	-1,98	0,10	0
14/02/2020 17:30:00	0,08	0,33	0,40	0,22	-0,09	-0,65	-1,14	-1,49	-1,66	-1,82	-1,94	-2,01	-2,08	0,10	0
14/02/2020 17:35:00	0,04	0,37	0,45	0,26	-0,14	-0,69	-1,19	-1,53	-1,70	-1,85	-1,96	-2,01	-2,05	0,09	0
14/02/2020 17:40:00	0,12	0,36	0,52	0,44	0,19	-0,42	-1,03	-1,50	-1,74	-1,96	-2,15	-2,30	-2,45	0,13	0
14/02/2020 17:45:00	0,17	0,44	0,54	0,46	0,17	-0,38	-0,96	-1,38	-1,59	-1,80	-1,97	-2,11	-2,25	0,15	0
14/02/2020 17:50:00	0,17	0,50	0,69	0,57	0,25	-0,41	-1,05	-1,53	-1,80	-2,03	-2,21	-2,34	-2,46	0,14	0
14/02/2020 17:55:00	0,15	0,42	0,53	0,42	0,13	-0,46	-1,06	-1,49	-1,71	-1,92	-2,09	-2,22	-2,35	0,15	0
14/02/2020 18:00:00	0,19	0,55	0,62	0,44	0,06	-0,54	-1,12	-1,50	-1,68	-1,85	-1,97	-2,02	-2,08	0,16	0
14/02/2020 18:05:00	0,13	0,50	0,70	0,63	0,33	-0,30	-0,96	-1,45	-1,71	-1,94	-2,13	-2,27	-2,41	0,14	0
14/02/2020 18:10:00	0,05	0,43	0,69	0,63	0,28	-0,37	-1,01	-1,50	-1,78	-2,02	-2,21	-2,32	-2,44	0,01	0
14/02/2020 18:15:00	-0,03	0,43	0,62	0,64	0,25	-0,35	-0,99	-1,47	-1,73	-1,96	-2,15	-2,28	-2,42	-0,02	0
14/02/2020 18:20:00	-0,02	0,38	0,56	0,48	0,11	-0,49	-1,17	-1,64	-1,87	-2,06	-2,21	-2,29	-2,37	-0,04	0
14/02/2020 18:25:00	-0,07	0,41	0,64	0,55	0,15	-0,47	-1,15	-1,64	-1,90	-2,12	-2,28	-2,37	-2,46	-0,06	0
14/02/2020 18:30:00	0,00	0,44	0,73	0,65	0,29	-0,37	-1,07	-1,61	-1,91	-2,16	-2,36	-2,48	-2,61	0,02	0
14/02/2020 18:35:00	0,06	0,46	0,69	0,62	0,31	-0,30	-0,95	-1,44	-1,71	-1,94	-2,13	-2,26	-2,39	0,03	0
14/02/2020 18:40:00	0,11	0,53	0,68	0,66	0,33	-0,29	-0,92	-1,38	-1,63	-1,86	-2,06	-2,20	-2,35	0,14	0
14/02/2020 18:45:00	0,13	0,52	0,78	0,68	0,39	-0,29	-0,98	-1,51	-1,80	-2,06	-2,27	-2,42	-2,57	0,27	0
14/02/2020 18:50:00	0,28	0,76	0,90	0,84	0,44	-0,15	-0,81	-1,28	-1,52	-1,74	-1,92	-2,06	-2,19	0,37	0
14/02/2020 18:55:00	0,31	0,82	1,02	0,86	0,47	-0,17	-0,84	-1,32	-1,59	-1,82	-2,00	-2,13	-2,26	0,38	0
14/02/2020 19:00:00	0,33	0,82	1,02	0,88	0,51	-0,14	-0,77	-1,24	-1,50	-1,74	-1,92	-2,04	-2,17	0,33	0
14/02/2020 19:05:00	0,28	0,73	0,93	0,83	0,48	-0,21	-0,86	-1,36	-1,64	-1,89	-2,10	-2,25	-2,39	0,24	0
14/02/2020 19:10:00	0,34	0,73	0,96	0,90	0,57	-0,13	-0,93	-1,54	-1,86	-2,15	-2,39	-2,58	-2,77	0,34	0
14/02/2020 19:15:00	0,32	0,81	1,02	0,93	0,48	-0,21	-0,98	-1,55	-1,86	-2,11	-2,31	-2,45	-2,58	0,39	0
14/02/2020 19:20:00	0,25	0,84	1,10	0,95	0,53	-0,25	-1,10	-1,73	-2,07	-2,35	-2,57	-2,72	-2,87	0,13	0
14/02/2020 19:25:00	0,23	0,82	1,14	1,03	0,61	-0,24	-1,15	-1,86	-2,25	-2,56	-2,81	-3,00	-3,18	0,03	0
14/02/2020 19:30:00	0,20	0,86	1,05	0,85	0,33	-0,51	-1,37	-1,99	-2,33	-2,60	-2,81	-2,94	-3,08	-0,06	0
14/02/2020 19:35:00	0,11	0,89	1,06	0,76	0,21	-0,62	-1,43	-2,00	-2,30	-2,54	-2,71	-2,82	-2,92	0,16	0
14/02/2020 19:40:00	0,18	0,84	1,05	0,82	0,35	-0,52	-1,45	-2,12	-2,46	-2,74	-2,96	-3,12	-3,27	0,06	0
14/02/2020 19:45:00	0,08	0,77	1,01	0,88	0,35	-0,50	-1,41	-2,10	-2,47	-2,77	-3,01	-3,18	-3,34	-0,04	0
14/02/2020 19:50:00	0,13	0,76	0,93	0,71	0,18	-0,66	-1,52	-2,15	-2,48	-2,75	-2,95	-3,07	-3,20	-0,07	0
14/02/2020 19:55:00	0,05	0,67	1,01	0,86	0,35	-0,58	-1,50	-2,21	-2,63	-2,95	-3,20	-3,35	-3,50	0,13	0
14/02/2020 20:00:00	0,19	0,66	0,86	0,73	0,24	-0,58	-1,48	-2,17	-2,55	-2,85	-3,10	-3,29	-3,48	0,08	0
14/02/2020 20:05:00	0,09	0,78	1,01	0,68	0,11	-0,84	-1,79	-2,50	-2,88	-3,17	-3,38	-3,51	-3,64	0,01	0
14/02/2020 20:10:00	-0,03	0,56	0,83	0,68	0,14	-0,73	-1,68	-2,40	-2,80	-3,12	-3,37	-3,53	-3,70	0,02	0
14/02/2020 20:15:00	-0,08	0,52	0,65	0,38	-0,15	-0,97	-1,77	-2,35	-2,65	-2,89	-3,08	-3,19	-3,31	-0,07	0
14/02/2020 20:20:00	-0,07	0,54	0,77	0,60	0,07	-0,79	-1,68	-2,35	-2,72	-3,01	-3,23	-3,39	-3,54	0,01	0
14/02/2020 20:25:00	-0,07	0,50	0,58	0,42	-0,10	-0,94	-1,74	-2,33	-2,65	-2,90	-3,11	-3,26	-3,40	0,08	0
14/02/2020 20:30:00	-0,12	0,47	0,66	0,38	-0,16	-0,95	-1,80	-2,42	-2,73	-2,98	-3,17	-3,28	-3,39	0,01	0
14/02/2020 20:35:00	-0,15	0,37	0,59	0,51	0,02	-0,78	-1,62	-2,25	-2,60	-2,88	-3,10	-3,25	-3,40	-0,01	0
14/02/2020 20:40:00	-0,24	0,37	0,59	0,46	-0,01	-0,86	-1,73	-2,38	-2,73	-3,00	-3,22	-3,36	-3,51	-0,25	0
14/02/2020 20:45:00	-0,26	0,38	0,61	0,47	-0,01	-0,82	-1,68	-2,32	-2,66	-2,93	-3,15	-3,30	-3,46	-0,26	0
14/02/2020 20:50:00	-0,26	0,42	0,65	0,43	-0,05	-0,88	-1,71	-2,32	-2,64	-2,89	-3,09	-3,21	-3,34	-0,39	0
14/02/2020 20:55:00	-0,16	0,47	0,59	0,34	-0,19	-0,98	-1,78	-2,34	-2,62	-2,84	-3,01	-3,10	-3,20	-0,22	0
14/02/2020 21:00:00	-0,21	0,31	0,45	0,26	-0,22	-0,99	-1,76	-2,33	-2,63	-2,88	-3,07	-3,21	-3,34	-0,24	0
14/02/2020 21:05:00	-0,30	0,31	0,51	0,32	-0,14	-0,93	-1,79	-2,41	-2,72	-2,97	-3,18	-3,32	-3,46	-0,23	0
14/02/2020 21:10:00	-0,33	0,31	0,40	0,07	-0,46	-1,23	-1,92	-2,38	-2,61	-2,80	-2,92	-2,97	-3,02	-0,36	0
14/02/2020 21:15:00	-0,37	0,18	0,30	0,07	-0,37	-1,07	-1,78	-2,27	-2,51	-2,70	-2,86	-2,95	-3,04	-0,39	0
14/02/2020 21:20:00	-0,29	0,28	0,39	0,19	-0,28	-0,98	-1,66	-2,14	-2,38	-2,59	-2,75	-2,85	-2,95	-0,30	0
14/02/2020 21:25:00	-0,30	0,17	0,30	0,12	-0,29	-1,01	-1,68	-2,18	-2,45	-2,67	-2,85	-2,98	-3,10	-0,37	0
14/02/2020 21:30:00	-0,36	0,15	0,20	-0,03	-0,37	-1,00	-1,65	-2,06	-2,24	-2,40	-2,54	-2,64	-2,74	-0,37	0
14/02/2020 21:35:00	-0,31	0,11	0,18	0,08	-0,33	-1,01	-1,73	-2,22	-2,46	-2,66	-2,83	-2,95	-3,07	-0,51	0
14/02/2020 21:40:00	-0,43	0,18	0,27	0,05	-0,46	-1,22	-1,92	-2,41	-2,65	-2,84	-2,98	-3,05	-3,12	-0,69	0
14/02/2020 21:45:00	-0,44	0,09	0,23	0,06	-0,34	-1,05	-1,79	-2,32	-2,58	-2,80	-2,98	-3,10	-3,23	-0,52	0
14/02/2020 21:50:00	-0,49	-0,04	0,12	-0,06	-0,48	-1,18	-1,92	-2,46	-2,73	-2,96	-3,15	-3,28	-3,41	-0,52	0
14/02/2020 21:55:00	-0,51	-0,02	0,11	-0,11	-0,49	-1,26	-2,07	-2,64	-2,91	-3,14	-3,33	-3,47	-3,60	-0,58	0
14/02/2020 22:00:00	-0,55	0,03	0,08	-0,28	-0,70	-1,42	-2,10	-2,52	-2,69	-2,83	-2,92	-2,95	-2,98	-0,49	0
14/02/2020 22:05:00	-0,51	-0,17	-0,04	-0,17	-0,53	-1,10	-1,73	-2,16	-2,37	-2,54	-2,68	-2,77	-2,85	-0,53	0
14/02/2020 22:10:00	-0,55	-0,09	-0,01	-0,23	-0,62	-1,30	-1,88	-2,29	-2,49	-2,67	-2,80	-2,87	-2,95	-0,47	0
14/02/2020 22:15:00	-0,56	-0,18	-0,06	-0,23	-0,59	-1,19	-1,81	-2,24	-2,45	-2,62	-2,76	-2,85	-2,93	-0,61	0
14/02/2020 22:20:00	-0,65	-0,10	-0,01	-0,20	-0,61	-1,27	-1,88	-2,31	-2,52	-2,70	-2,85	-2,95	-3,05	-0,63	0
14/02/2020 22:25:00	-0,64	-0,22	-0,05	-0,12	-0,50	-1,12	-1,71	-2,15	-2,38	-2,57	-2,72	-2,80	-2,89	-0,79	0
14/02/2020 22:30:00	-0,67	-0,13	-0,11	-0,28	-0,75	-1,43	-2,06	-2,50	-2,72	-2,91	-3,06	-3,17	-3,28	-0,75	0
14/02/2020 22:35:00	-0,60	-0,32	-0,13	-0,24	-0,57	-1,18	-1,83	-2,31	-2,57	-2,78	-2,96	-3,08	-3,21	-0,67	0
14/02/2020 22:40:00	-0,60	-0,23	-0,16	-0,29	-0,63	-1,20	-1,79	-2,18	-2,36	-2,52	-2,65	-2,73	-2,81	-0,53	0
14/02/2020 22:45:00	-0,67	-0,22	-0,17	-0,34	-0,67	-1,23	-1,74	-2,08	-2,22	-2,36	-2,48	-2,55	-2,62	-0,67	0
14/02/2020 22:50:00	-0,64	-0,12	-0,05	-0,26	-0,63	-1,24	-1,80	-2,18	-2,36	-2,52	-2,65	-2,73	-2,82	-0,54	0
14/02/2020 22:55:00	-0,69	-0,25	-0,12	-0,13	-0,40	-0,94	-1,53	-1,95	-2,15	-2,35	-2,53	-2,67	-2,82	-0,72	0
14/02/2020 23:00:00	-0,73	-0,18	-0,07	-0,31	-0,74	-1,29	-1,87	-2,24	-2,40	-2,54	-2,64	-2,68	-2,72	-0,73	0
14/02/2020 23:05:00	-0,75	-0,27	-0,24	-0,43	-0,78	-1,36	-1,93	-2,30	-2,45	-2,60	-2,73	-2,81	-2,90	-0,77	0
14/02/2020 23:10:00	-0,65	-0,27	-0,25	-0,37	-0,75	-1,23	-1,72	-2,05	-2,18	-2,32	-2,44	-2,52	-2,60	-0,60	0
14/02/2020 23:15:00	-0,58	-0,11	-0,04	-0,29	-0,64	-1,24	-1,85	-2,26	-2,43	-2,59	-2,72	-2,81	-2,90	-0,54	0
14/02/2020 23:20:00	-0,59	-0,16	-0,10	-0,22	-0,58	-1,16	-1,78	-2,21	-2,41	-2,59	-2,76	-2,89	-3,02	-0,62	0
14/02/2020 23:25:00	-0,48	-0,18	-0,10	-0,20	-0,51	-1,07	-1,67	-2,11	-2,32	-2,53	-2,71	-2,85	-3,00	-0,54	0
14/02/2020 23:30:00	-0,54	-0,09	-0,12	-0,38	-0,82	-1,33	-1,83	-2,12	-2,23	-2,33	-2,41	-2,43	-2,45	-0,56	0
14/02/2020 23:35:00	-0,55	-0,03	-0,04	-0,40	-0,93	-1,62	-2,25	-2,65	-2,83	-2,98	-3,08	-3,12	-3,16	-0,52	0
14/02/2020 23:40:00	-0,56	-0,07	-0,16	-0,41	-0,92	-1,44	-1,95	-2,25	-2,36	-2,46	-2,54	-2,57	-2,60	-0,50	0
14/02/2020 23:45:00	-0,54	-0,08	-0,11	-0,42	-0,86	-1,52	-2,14	-2,54	-2,71	-2,87	-2,99	-3,08	-3,16	-0,64	0
14/02/2020 23:50:00	-0,59	-0,08	-0,09	-0,30	-0,69	-1,24	-1,77	-2,12	-2,26	-2,41	-2,54	-2,63	-2,73	-0,59	0
14/02/2020 23:55:00	-0,57	-0,07	-0,07	-0,37	-0,76	-1,36	-1,86	-2,16	-2,28	-2,39	-2,47	-2,49	-2,51	-0,56	0
