FileFormat:0002.2 file with temperature of atmosphere
200
local	GMT or Local
0	GMT-Local=[hours]
0	Height[m]
0	0	0	Longitude                [grd]               [min]               [sec]
0	0	0	Latitude                [grd]               [min]               [sec]
N	NS
59,40	Freq[GHz]
0,00	dTemostat[K]
0,150	MessErr[K]
0,248	//[grad/step]
version 14.0.20110218
MTP5H033F5940K-33.00D180214+A1.1
Commentary:
enter comment
End Of Commentary

SYSTEM\summer.dat
data time	0	50	100	150	200	250	300	350	400	450	500	550	600	OutsideTemperature	Quality
23/04/2020 00:00:00	4,60	6,91	7,02	6,72	6,19	5,47	4,75	4,09	3,55	3,04	2,56	2,11	1,67	4,22	0
23/04/2020 00:05:00	4,38	6,53	6,72	6,39	5,76	5,07	4,35	3,69	3,12	2,59	2,08	1,60	1,13	4,23	0
23/04/2020 00:10:00	3,90	6,46	6,60	6,25	5,70	4,95	4,23	3,57	3,01	2,49	2,02	1,58	1,14	4,09	0
23/04/2020 00:15:00	4,10	6,37	6,47	6,17	5,73	5,02	4,34	3,72	3,19	2,71	2,27	1,85	1,43	4,06	0
23/04/2020 00:20:00	4,09	6,31	6,46	6,09	5,55	4,77	4,09	3,45	2,88	2,36	1,87	1,41	0,95	3,98	0
23/04/2020 00:25:00	4,23	6,27	6,38	6,06	5,57	4,81	4,11	3,47	2,92	2,41	1,93	1,47	1,01	4,02	0
23/04/2020 00:30:00	3,96	6,22	6,29	5,95	5,43	4,78	4,09	3,46	2,94	2,47	2,04	1,64	1,25	4,00	0
23/04/2020 00:35:00	3,81	6,35	6,52	6,16	5,54	4,79	4,03	3,34	2,76	2,23	1,73	1,26	0,80	3,95	0
23/04/2020 00:40:00	3,84	6,29	6,45	6,16	5,61	4,80	4,08	3,42	2,85	2,32	1,82	1,34	0,87	3,85	0
23/04/2020 00:45:00	4,14	6,12	6,21	5,80	5,27	4,62	3,99	3,40	2,87	2,40	1,97	1,57	1,17	3,88	0
23/04/2020 00:50:00	3,84	6,28	6,42	6,04	5,45	4,73	3,96	3,28	2,70	2,18	1,69	1,25	0,80	3,93	0
23/04/2020 00:55:00	3,65	6,27	6,39	6,01	5,40	4,66	3,90	3,21	2,64	2,12	1,64	1,20	0,76	3,93	0
23/04/2020 01:00:00	4,17	6,05	6,12	5,75	5,15	4,50	3,82	3,20	2,67	2,19	1,74	1,32	0,90	3,90	0
23/04/2020 01:05:00	4,22	6,08	6,18	5,87	5,30	4,58	3,81	3,14	2,58	2,06	1,56	1,08	0,60	3,95	0
23/04/2020 01:10:00	4,00	5,69	5,74	5,45	4,84	4,17	3,51	2,90	2,37	1,87	1,41	0,97	0,53	3,91	0
23/04/2020 01:15:00	3,90	5,75	5,78	5,37	4,84	4,17	3,46	2,83	2,31	1,83	1,40	1,00	0,60	3,86	0
23/04/2020 01:20:00	3,56	5,80	5,90	5,54	4,89	4,13	3,39	2,71	2,13	1,60	1,11	0,65	0,19	3,81	0
23/04/2020 01:25:00	3,56	5,98	6,09	5,66	5,05	4,28	3,51	2,82	2,24	1,71	1,23	0,78	0,33	3,83	0
23/04/2020 01:30:00	3,56	5,69	5,74	5,36	4,78	4,00	3,25	2,58	2,02	1,50	1,03	0,58	0,14	3,80	0
23/04/2020 01:35:00	3,85	5,85	5,97	5,56	5,01	4,31	3,59	2,95	2,40	1,89	1,42	0,99	0,55	3,77	0
23/04/2020 01:40:00	3,45	5,92	6,01	5,69	5,07	4,33	3,61	2,95	2,39	1,88	1,41	0,98	0,55	3,77	0
23/04/2020 01:45:00	3,68	5,78	5,90	5,59	5,02	4,33	3,60	2,96	2,41	1,90	1,43	0,99	0,55	3,72	0
23/04/2020 01:50:00	3,38	6,16	6,32	5,97	5,40	4,62	3,88	3,20	2,62	2,10	1,63	1,19	0,75	3,65	0
23/04/2020 01:55:00	3,30	6,07	6,25	5,81	5,35	4,54	3,77	3,07	2,49	1,97	1,49	1,05	0,60	3,57	0
23/04/2020 02:00:00	3,26	5,84	6,00	5,69	5,06	4,31	3,49	2,77	2,18	1,64	1,14	0,67	0,20	3,54	0
23/04/2020 02:05:00	3,75	6,06	6,14	5,74	5,24	4,48	3,77	3,12	2,57	2,08	1,62	1,20	0,78	3,46	0
23/04/2020 02:10:00	3,74	5,96	6,04	5,71	5,17	4,45	3,83	3,23	2,70	2,21	1,77	1,36	0,96	3,56	0
23/04/2020 02:15:00	3,42	6,00	6,15	5,78	5,22	4,52	3,77	3,09	2,54	2,04	1,58	1,16	0,74	3,37	0
23/04/2020 02:20:00	3,28	6,02	6,22	5,86	5,25	4,58	3,78	3,08	2,50	1,99	1,51	1,08	0,64	3,33	0
23/04/2020 02:25:00	3,80	5,87	5,94	5,57	5,00	4,27	3,62	3,01	2,47	1,98	1,53	1,11	0,69	3,27	0
23/04/2020 02:30:00	3,74	5,83	5,91	5,61	5,02	4,37	3,68	3,05	2,52	2,05	1,61	1,20	0,79	3,08	0
23/04/2020 02:35:00	3,73	5,85	5,89	5,45	4,89	4,28	3,65	3,06	2,55	2,10	1,71	1,36	1,01	3,15	0
23/04/2020 02:40:00	3,76	5,84	5,87	5,53	5,01	4,35	3,66	3,04	2,53	2,06	1,64	1,25	0,86	2,96	0
23/04/2020 02:45:00	3,71	5,89	5,94	5,55	5,05	4,33	3,64	3,01	2,48	2,00	1,56	1,16	0,76	3,16	0
23/04/2020 02:50:00	3,41	5,58	5,60	5,23	4,67	3,95	3,23	2,60	2,06	1,59	1,16	0,76	0,36	3,12	0
23/04/2020 02:55:00	3,28	5,24	5,21	4,83	4,26	3,46	2,80	2,19	1,65	1,16	0,72	0,32	-0,09	3,17	0
23/04/2020 03:00:00	3,17	4,86	4,81	4,51	3,90	3,20	2,51	1,89	1,38	0,91	0,48	0,08	-0,32	3,19	0
23/04/2020 03:05:00	3,34	4,76	4,71	4,29	3,71	3,09	2,46	1,88	1,38	0,94	0,54	0,18	-0,19	3,17	0
23/04/2020 03:10:00	3,21	4,70	4,64	4,23	3,70	3,06	2,38	1,79	1,29	0,85	0,46	0,09	-0,27	3,14	0
23/04/2020 03:15:00	3,23	4,64	4,54	4,16	3,60	2,98	2,32	1,74	1,26	0,83	0,45	0,10	-0,26	3,11	0
23/04/2020 03:20:00	3,19	4,56	4,45	4,16	3,57	2,97	2,35	1,79	1,32	0,90	0,52	0,17	-0,18	3,08	0
23/04/2020 03:25:00	3,06	4,52	4,45	4,07	3,63	3,03	2,39	1,83	1,36	0,95	0,59	0,26	-0,07	3,06	0
23/04/2020 03:30:00	3,14	4,65	4,55	4,17	3,65	2,97	2,38	1,83	1,35	0,92	0,55	0,20	-0,14	3,05	0
23/04/2020 03:35:00	3,07	4,38	4,23	3,84	3,30	2,73	2,21	1,71	1,25	0,86	0,53	0,23	-0,07	3,02	0
23/04/2020 03:40:00	2,99	4,41	4,32	3,97	3,47	2,84	2,25	1,70	1,23	0,82	0,45	0,12	-0,22	3,01	0
23/04/2020 03:45:00	3,06	4,39	4,24	3,94	3,40	2,88	2,23	1,68	1,23	0,85	0,52	0,21	-0,09	3,03	0
23/04/2020 03:50:00	3,03	4,35	4,26	3,84	3,37	2,78	2,22	1,70	1,24	0,84	0,50	0,19	-0,12	3,01	0
23/04/2020 03:55:00	2,91	4,38	4,28	3,94	3,45	2,74	2,10	1,53	1,05	0,61	0,22	-0,15	-0,51	3,04	0
23/04/2020 04:00:00	3,00	4,64	4,55	4,10	3,62	2,90	2,22	1,61	1,11	0,67	0,28	-0,08	-0,44	2,99	0
23/04/2020 04:05:00	2,94	4,65	4,59	4,21	3,73	3,11	2,46	1,88	1,40	0,99	0,62	0,29	-0,04	3,01	0
23/04/2020 04:10:00	2,98	4,59	4,48	4,09	3,61	3,00	2,35	1,78	1,31	0,90	0,55	0,23	-0,09	2,99	0
23/04/2020 04:15:00	2,99	4,65	4,56	4,10	3,56	2,91	2,25	1,66	1,16	0,73	0,35	0,01	-0,33	2,91	0
23/04/2020 04:20:00	2,95	4,59	4,55	4,11	3,52	2,85	2,27	1,71	1,20	0,75	0,36	0,00	-0,35	2,78	0
23/04/2020 04:25:00	2,78	4,37	4,27	3,87	3,32	2,75	2,14	1,58	1,11	0,70	0,36	0,05	-0,25	2,85	0
23/04/2020 04:30:00	2,89	4,35	4,26	3,93	3,35	2,73	2,13	1,57	1,09	0,66	0,29	-0,06	-0,41	2,83	0
23/04/2020 04:35:00	2,89	4,34	4,24	3,93	3,34	2,69	2,02	1,43	0,94	0,50	0,11	-0,26	-0,63	2,81	0
23/04/2020 04:40:00	2,74	4,34	4,23	3,84	3,31	2,68	2,14	1,61	1,13	0,71	0,37	0,05	-0,26	2,79	0
23/04/2020 04:45:00	2,78	4,26	4,10	3,78	3,33	2,77	2,12	1,56	1,12	0,74	0,42	0,13	-0,17	2,59	0
23/04/2020 04:50:00	2,75	3,86	3,75	3,43	2,97	2,46	1,90	1,40	0,98	0,61	0,30	0,01	-0,28	2,54	0
23/04/2020 04:55:00	2,52	3,87	3,75	3,36	2,91	2,27	1,67	1,13	0,67	0,27	-0,08	-0,39	-0,71	2,47	0
23/04/2020 05:00:00	2,48	4,05	3,97	3,62	3,12	2,49	1,86	1,29	0,81	0,39	0,03	-0,30	-0,64	2,46	0
23/04/2020 05:05:00	2,29	3,87	3,79	3,33	2,85	2,20	1,52	0,93	0,44	0,02	-0,33	-0,66	-0,99	2,46	0
23/04/2020 05:10:00	2,56	4,04	3,89	3,45	2,92	2,29	1,67	1,11	0,64	0,24	-0,10	-0,41	-0,72	2,40	0
23/04/2020 05:15:00	2,38	3,80	3,66	3,25	2,67	2,01	1,42	0,87	0,39	-0,03	-0,39	-0,71	-1,04	2,35	0
23/04/2020 05:20:00	2,41	3,57	3,42	3,03	2,59	1,96	1,33	0,78	0,34	-0,06	-0,39	-0,70	-1,01	2,26	0
23/04/2020 05:25:00	2,24	3,63	3,45	3,01	2,43	1,80	1,18	0,62	0,15	-0,26	-0,60	-0,90	-1,21	2,25	0
23/04/2020 05:30:00	2,38	3,67	3,52	3,14	2,57	1,94	1,32	0,76	0,29	-0,13	-0,48	-0,81	-1,14	2,29	0
23/04/2020 05:35:00	2,29	3,62	3,48	3,06	2,54	1,95	1,44	0,94	0,49	0,11	-0,21	-0,49	-0,77	2,26	0
23/04/2020 05:40:00	2,07	3,85	3,72	3,37	2,91	2,27	1,68	1,14	0,67	0,28	-0,05	-0,34	-0,64	2,20	0
23/04/2020 05:45:00	2,03	3,66	3,52	3,14	2,72	2,14	1,57	1,05	0,61	0,24	-0,05	-0,31	-0,57	2,10	0
23/04/2020 05:50:00	2,16	3,91	3,86	3,57	3,03	2,38	1,75	1,19	0,70	0,27	-0,10	-0,44	-0,78	2,10	0
23/04/2020 05:55:00	2,20	3,74	3,58	3,21	2,80	2,22	1,69	1,19	0,76	0,40	0,11	-0,15	-0,41	2,03	0
23/04/2020 06:00:00	2,31	3,27	3,01	2,61	2,22	1,75	1,32	0,90	0,52	0,22	0,00	-0,20	-0,40	2,04	0
23/04/2020 06:05:00	2,16	3,07	2,72	2,34	1,93	1,44	0,95	0,51	0,14	-0,16	-0,37	-0,57	-0,76	2,09	0
23/04/2020 06:10:00	2,06	3,11	2,73	2,39	1,96	1,30	0,71	0,20	-0,21	-0,57	-0,84	-1,10	-1,36	2,20	0
23/04/2020 06:15:00	2,08	3,17	2,81	2,38	1,91	1,34	0,75	0,25	-0,17	-0,50	-0,76	-0,99	-1,22	2,17	0
23/04/2020 06:20:00	2,12	3,19	2,80	2,32	1,85	1,25	0,74	0,26	-0,15	-0,49	-0,73	-0,95	-1,17	2,35	0
23/04/2020 06:25:00	2,14	3,29	2,86	2,42	1,85	1,19	0,57	0,03	-0,42	-0,79	-1,07	-1,33	-1,59	2,37	0
23/04/2020 06:30:00	2,24	3,50	3,00	2,49	1,86	1,18	0,63	0,12	-0,33	-0,70	-0,96	-1,20	-1,43	2,37	0
23/04/2020 06:35:00	2,25	3,45	2,96	2,46	1,86	1,17	0,56	0,01	-0,44	-0,80	-1,08	-1,32	-1,57	2,36	0
23/04/2020 06:40:00	2,51	3,46	2,94	2,46	1,81	1,06	0,40	-0,17	-0,64	-1,03	-1,35	-1,64	-1,93	2,38	0
23/04/2020 06:45:00	2,85	3,43	2,80	2,17	1,55	0,84	0,26	-0,26	-0,70	-1,05	-1,31	-1,54	-1,77	2,45	0
23/04/2020 06:50:00	2,55	3,08	2,43	1,90	1,17	0,55	-0,02	-0,53	-0,96	-1,30	-1,55	-1,77	-1,99	2,49	0
23/04/2020 06:55:00	2,96	3,07	2,35	1,76	1,12	0,51	-0,08	-0,58	-0,97	-1,29	-1,52	-1,72	-1,93	2,63	0
23/04/2020 07:00:00	3,20	3,16	2,34	1,75	1,14	0,56	-0,02	-0,50	-0,86	-1,15	-1,34	-1,51	-1,68	2,62	0
23/04/2020 07:05:00	3,29	3,25	2,43	1,85	1,25	0,61	0,00	-0,50	-0,88	-1,19	-1,40	-1,60	-1,80	2,80	0
23/04/2020 07:10:00	3,09	3,30	2,64	2,03	1,35	0,71	0,10	-0,43	-0,84	-1,19	-1,45	-1,68	-1,91	2,88	0
23/04/2020 07:15:00	3,03	3,28	2,64	2,07	1,44	0,73	0,16	-0,34	-0,77	-1,12	-1,39	-1,64	-1,89	2,83	0
23/04/2020 07:20:00	3,62	3,36	2,48	1,84	1,29	0,64	0,13	-0,32	-0,68	-0,96	-1,15	-1,32	-1,49	2,88	0
23/04/2020 07:25:00	3,21	3,33	2,69	2,08	1,46	0,76	0,22	-0,27	-0,69	-1,04	-1,30	-1,55	-1,79	2,86	0
23/04/2020 07:30:00	3,73	3,34	2,47	1,88	1,27	0,66	0,17	-0,26	-0,61	-0,89	-1,08	-1,25	-1,42	2,93	0
23/04/2020 07:35:00	3,88	3,42	2,47	1,89	1,23	0,64	0,13	-0,30	-0,65	-0,92	-1,09	-1,25	-1,41	3,13	0
23/04/2020 07:40:00	3,52	3,46	2,61	2,03	1,52	0,90	0,37	-0,08	-0,43	-0,70	-0,87	-1,04	-1,20	2,99	0
23/04/2020 07:45:00	4,18	3,47	2,46	1,83	1,33	0,82	0,36	-0,02	-0,31	-0,52	-0,63	-0,73	-0,83	3,21	0
23/04/2020 07:50:00	4,58	3,56	2,54	1,93	1,38	0,83	0,40	0,03	-0,27	-0,50	-0,64	-0,78	-0,92	3,33	0
23/04/2020 07:55:00	5,03	3,54	2,54	1,83	1,26	0,73	0,23	-0,16	-0,47	-0,72	-0,89	-1,06	-1,23	3,33	0
23/04/2020 08:00:00	5,33	3,58	2,44	1,78	1,26	0,85	0,39	0,04	-0,20	-0,39	-0,49	-0,60	-0,70	3,40	0
23/04/2020 08:05:00	4,91	3,72	2,68	2,10	1,54	1,00	0,53	0,15	-0,14	-0,38	-0,54	-0,69	-0,84	3,56	0
23/04/2020 08:10:00	5,29	3,69	2,63	1,95	1,46	0,88	0,43	0,06	-0,22	-0,46	-0,61	-0,77	-0,92	3,54	0
23/04/2020 08:15:00	4,89	3,91	2,93	2,38	1,78	1,25	0,70	0,26	-0,05	-0,32	-0,50	-0,68	-0,87	3,61	0
23/04/2020 08:20:00	5,47	3,83	2,73	2,03	1,47	0,96	0,54	0,20	-0,08	-0,31	-0,45	-0,58	-0,71	3,78	0
23/04/2020 08:25:00	5,21	4,05	2,92	2,27	1,64	1,05	0,57	0,17	-0,14	-0,40	-0,56	-0,71	-0,87	3,96	0
23/04/2020 08:30:00	5,29	4,06	3,01	2,39	1,88	1,31	0,79	0,38	0,08	-0,16	-0,33	-0,50	-0,66	3,95	0
23/04/2020 08:35:00	6,00	4,20	3,05	2,41	1,78	1,23	0,72	0,32	0,03	-0,21	-0,39	-0,57	-0,75	4,23	1
23/04/2020 08:40:00	5,24	4,32	3,38	2,80	2,27	1,64	1,12	0,70	0,37	0,09	-0,13	-0,34	-0,55	4,22	0
23/04/2020 08:45:00	6,37	4,28	3,08	2,45	2,01	1,40	0,95	0,60	0,34	0,11	-0,06	-0,24	-0,41	4,71	1
23/04/2020 08:50:00	7,15	4,38	2,86	2,12	1,61	1,03	0,62	0,31	0,09	-0,09	-0,19	-0,30	-0,42	4,94	1
23/04/2020 08:55:00	7,36	4,44	2,92	2,24	1,72	1,27	0,84	0,55	0,36	0,21	0,13	0,04	-0,05	4,89	1
23/04/2020 09:00:00	7,19	4,68	3,28	2,46	1,87	1,30	0,95	0,66	0,42	0,23	0,13	0,02	-0,08	5,06	1
23/04/2020 09:05:00	7,02	4,70	3,35	2,66	2,06	1,50	1,03	0,68	0,42	0,20	0,05	-0,10	-0,26	5,22	1
23/04/2020 09:10:00	7,74	4,73	3,26	2,63	2,10	1,55	1,16	0,87	0,66	0,48	0,35	0,20	0,06	5,25	1
23/04/2020 09:15:00	7,81	4,99	3,54	2,78	2,25	1,84	1,37	1,04	0,83	0,66	0,56	0,45	0,34	5,21	1
23/04/2020 09:20:00	7,74	5,21	3,81	3,15	2,66	2,04	1,49	1,11	0,85	0,62	0,44	0,24	0,04	5,46	1
23/04/2020 09:25:00	8,10	5,00	3,49	2,71	2,20	1,66	1,30	1,03	0,82	0,65	0,55	0,44	0,33	6,03	1
23/04/2020 09:30:00	7,87	5,16	3,74	3,06	2,46	2,07	1,56	1,21	0,99	0,80	0,67	0,53	0,39	5,45	1
23/04/2020 09:35:00	7,86	5,12	3,63	2,87	2,36	1,88	1,46	1,15	0,95	0,79	0,71	0,61	0,51	5,70	1
23/04/2020 09:40:00	8,05	5,29	3,88	3,11	2,51	2,04	1,52	1,15	0,91	0,71	0,56	0,41	0,26	5,58	1
23/04/2020 09:45:00	8,17	5,23	3,92	3,25	2,61	2,12	1,68	1,35	1,10	0,87	0,69	0,49	0,29	5,63	1
23/04/2020 09:50:00	8,33	5,37	3,89	3,14	2,62	2,05	1,59	1,26	1,04	0,84	0,70	0,54	0,39	5,91	1
23/04/2020 09:55:00	8,62	5,30	3,69	2,98	2,47	2,01	1,65	1,40	1,23	1,10	1,02	0,93	0,84	5,57	1
23/04/2020 10:00:00	9,08	5,56	3,96	3,19	2,63	2,13	1,71	1,43	1,23	1,06	0,94	0,80	0,67	6,19	1
23/04/2020 10:05:00	9,17	5,95	4,11	3,34	2,84	2,46	2,13	1,91	1,79	1,72	1,74	1,74	1,74	6,36	1
23/04/2020 10:10:00	9,67	6,15	4,44	3,59	3,05	2,57	2,06	1,73	1,53	1,36	1,24	1,11	0,97	7,16	1
23/04/2020 10:15:00	9,32	6,43	4,62	3,57	2,85	2,29	1,80	1,44	1,21	1,04	0,97	0,89	0,82	6,76	1
23/04/2020 10:20:00	9,31	6,21	4,51	3,67	3,00	2,50	2,06	1,74	1,52	1,35	1,25	1,14	1,02	7,08	1
23/04/2020 10:25:00	9,23	6,10	4,53	3,81	3,17	2,67	2,24	1,93	1,71	1,52	1,38	1,22	1,07	6,70	1
23/04/2020 10:30:00	9,90	6,32	4,64	3,81	3,32	2,76	2,34	2,06	1,86	1,69	1,56	1,41	1,26	7,56	1
23/04/2020 10:35:00	10,35	6,16	4,50	3,73	3,10	2,70	2,33	2,08	1,91	1,75	1,63	1,49	1,34	6,99	1
23/04/2020 10:40:00	9,67	6,42	4,58	3,76	3,10	2,63	2,20	1,91	1,72	1,58	1,53	1,45	1,38	6,86	1
23/04/2020 10:45:00	9,91	6,59	4,72	3,76	3,09	2,59	2,17	1,88	1,69	1,56	1,51	1,45	1,40	6,80	1
23/04/2020 10:50:00	10,18	6,74	4,91	3,94	3,22	2,63	2,28	2,02	1,81	1,66	1,59	1,52	1,44	7,52	1
23/04/2020 10:55:00	9,78	6,37	4,64	3,80	3,16	2,71	2,27	1,98	1,78	1,62	1,53	1,42	1,32	6,71	1
23/04/2020 11:00:00	9,70	6,24	4,51	3,76	3,26	2,80	2,40	2,13	1,96	1,83	1,76	1,66	1,57	7,01	1
23/04/2020 11:05:00	9,96	6,33	4,52	3,69	3,24	2,76	2,34	2,08	1,93	1,82	1,78	1,70	1,63	6,98	1
23/04/2020 11:10:00	10,83	6,75	4,71	3,79	3,32	2,95	2,61	2,41	2,32	2,27	2,30	2,30	2,30	7,89	1
23/04/2020 11:15:00	10,32	6,59	4,85	4,02	3,58	3,04	2,68	2,43	2,27	2,13	2,04	1,92	1,80	7,89	1
23/04/2020 11:20:00	9,97	6,81	4,93	4,01	3,26	2,74	2,45	2,22	2,04	1,93	1,92	1,89	1,87	7,27	1
23/04/2020 11:25:00	10,54	6,80	4,98	4,17	3,58	3,11	2,74	2,50	2,34	2,22	2,16	2,07	1,98	7,74	1
23/04/2020 11:30:00	10,35	6,90	5,15	4,09	3,40	2,86	2,39	2,06	1,83	1,64	1,53	1,41	1,29	7,95	1
23/04/2020 11:35:00	7,64	7,24	6,24	5,53	4,75	3,87	3,22	2,67	2,23	1,83	1,49	1,16	0,82	7,11	0
23/04/2020 11:40:00	10,70	6,93	5,23	4,47	4,03	3,40	3,05	2,81	2,63	2,46	2,32	2,16	1,99	7,75	1
23/04/2020 11:45:00	10,67	7,12	5,45	4,55	3,80	3,25	2,78	2,43	2,18	1,96	1,78	1,59	1,40	7,72	1
23/04/2020 11:50:00	10,26	7,10	5,44	4,62	3,97	3,34	2,91	2,59	2,36	2,16	2,01	1,84	1,67	7,68	1
23/04/2020 11:55:00	10,40	7,51	5,75	4,70	3,97	3,27	2,73	2,34	2,07	1,84	1,69	1,53	1,36	7,52	1
23/04/2020 12:00:00	10,66	6,93	5,08	4,30	3,71	3,22	2,92	2,71	2,55	2,43	2,38	2,30	2,22	8,46	1
23/04/2020 12:05:00	11,21	6,94	5,02	4,19	3,75	3,35	3,06	2,88	2,78	2,71	2,70	2,65	2,61	8,33	1
23/04/2020 12:10:00	11,38	7,22	5,54	4,73	4,08	3,48	2,92	2,54	2,30	2,04	1,78	1,51	1,23	7,95	1
23/04/2020 12:15:00	11,00	7,02	5,23	4,51	4,02	3,62	3,20	2,94	2,79	2,66	2,56	2,44	2,31	8,07	1
23/04/2020 12:20:00	10,52	7,51	5,89	5,12	4,57	4,05	3,55	3,20	2,99	2,80	2,66	2,49	2,32	7,91	1
23/04/2020 12:25:00	11,59	7,38	5,54	4,62	4,07	3,71	3,33	3,10	2,95	2,83	2,76	2,67	2,58	8,88	1
23/04/2020 12:30:00	10,22	7,16	5,57	4,79	4,25	3,79	3,26	2,90	2,68	2,48	2,33	2,16	2,00	7,89	1
23/04/2020 12:35:00	11,13	7,40	5,73	4,96	4,49	3,81	3,34	3,02	2,80	2,58	2,38	2,14	1,91	8,08	1
23/04/2020 12:40:00	9,46	7,68	6,42	5,71	4,92	4,14	3,53	3,05	2,67	2,31	1,98	1,65	1,32	8,11	1
23/04/2020 12:45:00	9,13	7,63	6,53	5,85	5,20	4,57	3,98	3,51	3,17	2,85	2,57	2,28	2,00	7,87	1
23/04/2020 12:50:00	9,95	7,55	6,15	5,39	4,72	4,01	3,52	3,13	2,81	2,52	2,27	2,02	1,76	8,07	1
23/04/2020 12:55:00	10,60	7,63	6,13	5,31	4,62	4,03	3,53	3,16	2,88	2,62	2,39	2,16	1,93	8,35	1
23/04/2020 13:00:00	10,19	7,77	6,53	5,77	4,98	4,28	3,70	3,23	2,87	2,50	2,15	1,80	1,45	7,97	1
23/04/2020 13:05:00	9,38	8,32	7,06	6,34	5,57	4,86	4,21	3,70	3,31	2,96	2,65	2,36	2,06	8,18	1
23/04/2020 13:10:00	8,90	8,30	6,89	6,09	5,25	4,49	3,86	3,35	2,96	2,65	2,42	2,19	1,97	8,12	1
23/04/2020 13:15:00	9,37	8,77	7,32	6,59	5,85	5,07	4,33	3,78	3,40	3,08	2,83	2,57	2,32	8,25	1
23/04/2020 13:20:00	8,42	8,24	7,19	6,36	5,65	4,89	4,15	3,56	3,13	2,76	2,46	2,17	1,88	8,25	0
23/04/2020 13:25:00	8,89	8,34	7,07	6,24	5,50	4,70	4,02	3,47	3,09	2,76	2,50	2,25	2,00	8,14	0
23/04/2020 13:30:00	10,49	8,41	6,67	5,97	5,38	4,62	4,02	3,60	3,33	3,09	2,90	2,69	2,48	8,62	1
23/04/2020 13:35:00	10,66	8,11	6,36	5,42	4,63	3,96	3,51	3,16	2,90	2,69	2,57	2,43	2,30	8,38	1
23/04/2020 13:40:00	11,36	7,86	6,38	5,64	5,18	4,66	4,39	4,18	3,99	3,80	3,65	3,48	3,30	8,86	1
23/04/2020 13:45:00	11,39	7,85	6,24	5,49	5,00	4,52	4,16	3,91	3,74	3,58	3,46	3,31	3,17	8,80	1
23/04/2020 13:50:00	10,12	7,96	6,62	6,04	5,42	4,75	4,26	3,88	3,58	3,30	3,05	2,78	2,51	9,08	1
23/04/2020 13:55:00	11,57	8,17	6,50	5,84	5,36	4,95	4,46	4,15	3,97	3,81	3,67	3,50	3,32	8,79	1
23/04/2020 14:00:00	9,89	7,99	6,48	5,74	5,21	4,66	4,19	3,84	3,60	3,40	3,28	3,14	3,01	8,63	1
23/04/2020 14:05:00	11,13	8,28	6,58	5,74	5,11	4,54	4,08	3,75	3,52	3,32	3,18	3,02	2,87	8,70	1
23/04/2020 14:10:00	11,13	8,18	6,68	5,84	5,29	4,74	4,32	4,01	3,78	3,57	3,40	3,22	3,04	9,25	1
23/04/2020 14:15:00	10,84	8,00	6,46	5,65	5,09	4,57	4,13	3,80	3,58	3,39	3,25	3,10	2,94	9,15	1
23/04/2020 14:20:00	9,97	8,41	7,21	6,65	6,04	5,35	4,78	4,34	4,01	3,69	3,39	3,08	2,77	8,71	1
23/04/2020 14:25:00	10,97	8,36	6,78	5,93	5,28	4,72	4,22	3,86	3,62	3,41	3,26	3,09	2,93	8,78	1
23/04/2020 14:30:00	8,83	8,49	7,55	6,91	6,31	5,58	4,91	4,38	3,98	3,62	3,29	2,97	2,65	8,68	0
23/04/2020 14:35:00	9,70	8,06	6,88	6,22	5,70	5,21	4,66	4,26	3,98	3,73	3,52	3,30	3,08	9,37	1
23/04/2020 14:40:00	10,62	8,21	6,97	6,33	5,77	5,27	4,75	4,37	4,09	3,82	3,56	3,30	3,03	9,17	1
23/04/2020 14:45:00	8,54	8,50	7,80	7,12	6,32	5,60	4,93	4,35	3,89	3,46	3,07	2,69	2,32	8,79	0
23/04/2020 14:50:00	8,23	8,47	7,79	7,19	6,54	5,74	5,02	4,42	3,95	3,52	3,11	2,72	2,32	8,48	0
23/04/2020 14:55:00	9,39	8,57	7,52	6,85	6,19	5,53	4,96	4,49	4,14	3,82	3,55	3,29	3,02	8,67	0
23/04/2020 15:00:00	12,10	8,51	6,70	5,88	5,34	4,81	4,40	4,13	3,95	3,79	3,67	3,52	3,38	9,58	1
23/04/2020 15:05:00	11,83	8,57	6,75	5,96	5,27	4,72	4,37	4,10	3,90	3,74	3,62	3,50	3,37	9,16	1
23/04/2020 15:10:00	11,36	8,72	7,15	6,42	5,84	5,07	4,50	4,08	3,79	3,50	3,22	2,93	2,64	9,07	1
23/04/2020 15:15:00	12,28	8,57	6,70	5,90	5,34	4,81	4,47	4,24	4,07	3,92	3,83	3,71	3,58	9,98	1
23/04/2020 15:20:00	11,38	8,49	6,93	6,21	5,48	4,92	4,52	4,21	3,97	3,75	3,57	3,37	3,18	9,44	1
23/04/2020 15:25:00	11,93	8,67	7,08	6,23	5,58	5,07	4,66	4,35	4,13	3,93	3,77	3,59	3,41	9,37	1
23/04/2020 15:30:00	11,80	8,94	7,23	6,38	5,81	5,35	4,96	4,69	4,50	4,36	4,28	4,19	4,09	9,53	1
23/04/2020 15:35:00	9,63	9,02	8,11	7,52	6,84	6,13	5,44	4,88	4,47	4,07	3,69	3,31	2,93	9,52	0
23/04/2020 15:40:00	11,92	9,19	7,43	6,57	5,80	5,23	4,67	4,27	4,02	3,80	3,63	3,45	3,27	9,51	1
23/04/2020 15:45:00	11,02	9,51	8,07	7,25	6,53	5,78	5,10	4,59	4,23	3,90	3,61	3,32	3,03	9,62	1
23/04/2020 15:50:00	11,23	8,99	7,29	6,53	5,80	5,18	4,67	4,30	4,04	3,82	3,66	3,49	3,32	9,29	1
23/04/2020 15:55:00	9,18	9,16	8,42	7,82	7,18	6,41	5,62	4,99	4,53	4,09	3,66	3,24	2,81	9,43	0
23/04/2020 16:00:00	11,34	8,73	7,42	6,78	6,05	5,44	4,98	4,61	4,31	4,01	3,73	3,43	3,13	9,41	1
23/04/2020 16:05:00	8,87	9,09	8,40	7,76	7,03	6,11	5,39	4,78	4,28	3,80	3,34	2,89	2,45	9,30	0
23/04/2020 16:10:00	8,55	8,86	8,19	7,58	6,82	6,12	5,38	4,77	4,30	3,86	3,46	3,07	2,69	9,05	0
23/04/2020 16:15:00	9,98	8,72	7,78	7,20	6,62	6,00	5,38	4,89	4,53	4,17	3,82	3,47	3,11	9,00	0
23/04/2020 16:20:00	10,17	8,81	7,65	6,94	6,32	5,74	5,12	4,66	4,33	4,04	3,78	3,52	3,26	9,01	1
23/04/2020 16:25:00	10,23	9,07	7,95	7,31	6,69	6,06	5,35	4,82	4,46	4,11	3,79	3,46	3,13	9,20	0
23/04/2020 16:30:00	11,05	9,04	7,49	6,54	5,90	5,20	4,64	4,21	3,91	3,66	3,47	3,28	3,08	9,70	1
23/04/2020 16:35:00	9,27	9,02	8,09	7,48	6,89	6,31	5,56	5,00	4,62	4,28	3,97	3,67	3,36	9,02	0
23/04/2020 16:40:00	10,83	9,08	7,68	6,93	6,33	5,81	5,12	4,62	4,33	4,06	3,83	3,59	3,35	9,65	1
23/04/2020 16:45:00	9,41	9,03	8,25	7,60	6,97	6,19	5,49	4,91	4,47	4,04	3,63	3,23	2,82	9,31	0
23/04/2020 16:50:00	8,24	9,09	8,54	7,96	7,21	6,33	5,62	4,99	4,47	3,98	3,53	3,09	2,65	9,07	0
23/04/2020 16:55:00	8,63	9,29	8,69	8,13	7,45	6,67	5,84	5,17	4,67	4,20	3,75	3,31	2,86	9,03	0
23/04/2020 17:00:00	8,67	9,12	8,52	7,98	7,32	6,60	5,94	5,37	4,92	4,49	4,09	3,71	3,32	8,92	0
23/04/2020 17:05:00	9,50	9,34	8,58	8,02	7,39	6,66	5,98	5,43	5,00	4,59	4,20	3,82	3,43	8,95	0
23/04/2020 17:10:00	9,73	9,67	8,79	8,14	7,46	6,58	5,90	5,33	4,88	4,46	4,07	3,69	3,30	9,25	0
23/04/2020 17:15:00	9,42	9,45	8,71	8,02	7,44	6,81	6,14	5,60	5,19	4,83	4,50	4,19	3,87	8,86	0
23/04/2020 17:20:00	9,33	9,53	8,89	8,28	7,67	6,86	6,23	5,69	5,23	4,81	4,41	4,02	3,63	9,24	0
23/04/2020 17:25:00	9,97	9,54	8,70	8,08	7,44	6,77	6,00	5,40	4,98	4,58	4,19	3,80	3,41	9,38	0
23/04/2020 17:30:00	8,65	9,73	9,22	8,63	7,81	7,05	6,28	5,62	5,09	4,61	4,15	3,72	3,29	9,11	0
23/04/2020 17:35:00	10,03	9,57	8,71	8,09	7,39	6,65	6,12	5,65	5,24	4,87	4,52	4,18	3,85	9,65	0
23/04/2020 17:40:00	9,37	9,64	8,93	8,29	7,55	6,77	6,01	5,38	4,90	4,45	4,02	3,60	3,19	9,28	0
23/04/2020 17:45:00	9,85	9,52	8,74	8,12	7,52	6,83	6,17	5,64	5,23	4,84	4,48	4,12	3,76	9,46	0
23/04/2020 17:50:00	9,87	9,72	8,87	8,29	7,65	6,98	6,21	5,61	5,19	4,79	4,41	4,04	3,66	9,65	0
23/04/2020 17:55:00	9,26	9,70	9,05	8,46	7,81	7,11	6,42	5,84	5,38	4,97	4,58	4,20	3,82	9,43	0
23/04/2020 18:00:00	8,80	9,61	9,16	8,66	7,95	7,17	6,46	5,85	5,35	4,87	4,41	3,96	3,51	9,17	0
23/04/2020 18:05:00	8,43	9,83	9,38	8,77	8,06	7,15	6,36	5,68	5,13	4,62	4,14	3,68	3,22	9,29	0
23/04/2020 18:10:00	8,19	9,62	9,22	8,70	8,05	7,27	6,43	5,74	5,21	4,72	4,25	3,80	3,35	8,98	0
23/04/2020 18:15:00	8,51	9,38	8,92	8,42	7,79	7,03	6,26	5,62	5,13	4,66	4,21	3,77	3,33	9,05	0
23/04/2020 18:20:00	8,64	9,45	8,95	8,43	7,79	7,10	6,36	5,74	5,27	4,83	4,42	4,01	3,61	9,07	0
23/04/2020 18:25:00	8,55	9,63	9,14	8,54	7,79	7,06	6,29	5,64	5,13	4,66	4,23	3,81	3,40	9,03	0
23/04/2020 18:30:00	8,07	9,43	9,08	8,54	7,82	7,08	6,31	5,65	5,13	4,64	4,18	3,74	3,30	8,93	0
23/04/2020 18:35:00	7,86	9,50	9,17	8,68	7,96	7,13	6,31	5,61	5,06	4,54	4,04	3,57	3,09	8,90	0
23/04/2020 18:40:00	8,09	9,44	9,09	8,62	7,93	7,11	6,33	5,65	5,11	4,60	4,10	3,62	3,14	8,91	0
23/04/2020 18:45:00	7,63	9,60	9,32	8,78	8,05	7,18	6,33	5,61	5,02	4,48	3,96	3,47	2,98	9,15	0
23/04/2020 18:50:00	7,60	9,44	9,18	8,70	7,98	7,18	6,31	5,57	5,00	4,47	3,95	3,46	2,96	8,72	0
23/04/2020 18:55:00	7,15	9,32	9,31	8,93	8,25	7,43	6,63	5,92	5,34	4,78	4,22	3,69	3,16	8,64	0
23/04/2020 19:00:00	7,60	9,56	9,49	9,10	8,44	7,59	6,84	6,17	5,59	5,04	4,49	3,97	3,44	8,54	0
23/04/2020 19:05:00	7,43	9,55	9,52	9,10	8,43	7,67	6,77	6,02	5,43	4,87	4,31	3,78	3,25	8,38	0
23/04/2020 19:10:00	7,29	9,57	9,56	9,14	8,42	7,61	6,77	6,04	5,44	4,86	4,30	3,77	3,24	8,42	0
23/04/2020 19:15:00	7,75	9,79	9,80	9,36	8,73	7,88	7,08	6,37	5,78	5,21	4,64	4,09	3,55	8,50	0
23/04/2020 19:20:00	7,71	9,71	9,68	9,26	8,59	7,77	7,00	6,32	5,74	5,20	4,66	4,14	3,63	8,38	0
23/04/2020 19:25:00	7,82	10,08	10,09	9,68	9,06	8,15	7,38	6,68	6,08	5,50	4,93	4,38	3,83	8,38	0
23/04/2020 19:30:00	7,90	10,32	10,44	10,08	9,38	8,52	7,73	7,01	6,39	5,79	5,18	4,60	4,02	8,30	0
23/04/2020 19:35:00	8,29	10,43	10,54	10,13	9,48	8,67	7,88	7,17	6,57	5,99	5,39	4,82	4,25	8,20	0
23/04/2020 19:40:00	8,23	10,44	10,47	10,00	9,37	8,58	7,77	7,06	6,47	5,91	5,35	4,82	4,29	8,07	0
23/04/2020 19:45:00	7,93	10,77	10,90	10,51	9,85	8,98	8,14	7,39	6,76	6,16	5,56	4,99	4,42	8,11	0
23/04/2020 19:50:00	8,19	10,56	10,71	10,34	9,72	8,89	8,06	7,33	6,72	6,13	5,52	4,93	4,35	8,01	0
23/04/2020 19:55:00	8,00	10,33	10,39	9,99	9,31	8,50	7,67	6,95	6,34	5,76	5,17	4,61	4,05	7,88	0
23/04/2020 20:00:00	7,26	10,33	10,48	10,16	9,42	8,57	7,73	6,98	6,34	5,74	5,15	4,58	4,02	7,67	0
23/04/2020 20:05:00	7,74	10,25	10,43	10,03	9,44	8,63	7,84	7,13	6,53	5,94	5,36	4,80	4,24	7,67	0
23/04/2020 20:10:00	7,24	9,99	10,17	9,75	9,11	8,35	7,48	6,73	6,11	5,53	4,95	4,41	3,86	7,49	0
23/04/2020 20:15:00	7,20	9,89	10,11	9,70	9,09	8,24	7,38	6,63	6,00	5,39	4,78	4,21	3,63	7,45	0
23/04/2020 20:20:00	7,48	9,37	9,35	8,91	8,31	7,57	6,81	6,14	5,59	5,06	4,55	4,06	3,57	7,18	0
23/04/2020 20:25:00	7,15	9,13	9,14	8,72	8,08	7,36	6,57	5,89	5,33	4,80	4,28	3,78	3,29	6,73	0
23/04/2020 20:30:00	7,18	8,74	8,60	8,27	7,66	6,93	6,25	5,64	5,13	4,64	4,17	3,72	3,27	6,33	0
23/04/2020 20:35:00	6,62	8,60	8,57	8,19	7,63	6,89	6,12	5,44	4,90	4,39	3,90	3,43	2,95	6,03	0
23/04/2020 20:40:00	6,41	8,47	8,41	8,04	7,39	6,70	6,02	5,39	4,86	4,37	3,91	3,47	3,04	5,85	0
23/04/2020 20:45:00	5,80	8,07	8,07	7,66	6,91	6,18	5,44	4,76	4,18	3,66	3,16	2,70	2,24	5,75	0
23/04/2020 20:50:00	5,99	7,84	7,71	7,33	6,72	6,05	5,34	4,72	4,20	3,73	3,30	2,89	2,48	5,48	0
23/04/2020 20:55:00	5,53	7,44	7,40	7,01	6,43	5,71	5,02	4,40	3,87	3,39	2,94	2,51	2,09	5,41	0
23/04/2020 21:00:00	5,37	7,70	7,66	7,29	6,66	5,92	5,23	4,59	4,05	3,55	3,10	2,68	2,25	5,34	0
23/04/2020 21:05:00	5,15	8,05	8,08	7,64	7,04	6,28	5,48	4,77	4,19	3,67	3,20	2,76	2,33	5,30	0
23/04/2020 21:10:00	4,91	8,09	8,18	7,81	7,09	6,23	5,42	4,68	4,06	3,50	2,97	2,48	2,00	5,19	0
23/04/2020 21:15:00	5,05	7,71	7,80	7,37	6,73	5,94	5,21	4,53	3,94	3,41	2,91	2,45	1,99	5,16	0
23/04/2020 21:20:00	4,99	7,35	7,41	7,02	6,39	5,70	4,99	4,35	3,79	3,29	2,83	2,40	1,97	5,10	0
23/04/2020 21:25:00	4,85	7,54	7,65	7,31	6,66	5,90	5,12	4,42	3,84	3,30	2,79	2,32	1,84	5,02	0
23/04/2020 21:30:00	4,60	7,93	8,09	7,73	7,07	6,28	5,48	4,75	4,13	3,58	3,08	2,61	2,15	4,91	0
23/04/2020 21:35:00	4,45	8,19	8,45	8,09	7,46	6,59	5,82	5,09	4,45	3,87	3,33	2,84	2,35	4,90	0
23/04/2020 21:40:00	4,92	8,41	8,68	8,35	7,64	6,87	6,09	5,36	4,73	4,15	3,60	3,10	2,60	4,82	0
23/04/2020 21:45:00	4,64	8,80	9,08	8,78	8,13	7,25	6,41	5,64	4,98	4,39	3,83	3,33	2,82	4,76	0
23/04/2020 21:50:00	4,64	8,76	9,05	8,73	8,05	7,18	6,32	5,53	4,87	4,28	3,72	3,21	2,70	4,70	0
23/04/2020 21:55:00	4,39	8,80	9,13	8,80	8,11	7,19	6,35	5,56	4,88	4,27	3,70	3,18	2,67	4,60	0
23/04/2020 22:00:00	4,70	8,61	8,94	8,63	7,99	7,15	6,31	5,53	4,88	4,29	3,73	3,21	2,69	4,33	0
23/04/2020 22:05:00	4,59	8,53	8,94	8,59	7,99	7,20	6,33	5,54	4,90	4,31	3,75	3,24	2,73	4,31	0
23/04/2020 22:10:00	3,95	8,51	9,13	8,90	8,21	7,37	6,52	5,72	5,02	4,37	3,74	3,17	2,60	3,81	0
23/04/2020 22:15:00	3,98	8,32	8,98	8,75	8,13	7,35	6,58	5,83	5,15	4,53	3,93	3,38	2,83	3,50	0
23/04/2020 22:20:00	4,01	8,27	9,00	8,76	8,20	7,40	6,54	5,74	5,06	4,42	3,79	3,21	2,63	3,28	0
23/04/2020 22:25:00	3,72	8,29	9,08	8,93	8,25	7,44	6,70	5,95	5,24	4,58	3,94	3,34	2,75	3,13	0
23/04/2020 22:30:00	3,31	8,06	8,90	8,73	8,14	7,28	6,39	5,55	4,82	4,14	3,46	2,83	2,20	3,02	0
23/04/2020 22:35:00	3,18	7,97	8,84	8,70	8,10	7,28	6,45	5,64	4,93	4,25	3,59	2,97	2,36	2,78	0
23/04/2020 22:40:00	3,14	7,86	8,76	8,61	8,00	7,25	6,41	5,61	4,91	4,24	3,59	2,99	2,39	2,48	0
23/04/2020 22:45:00	2,90	7,57	8,45	8,33	7,72	6,95	6,11	5,31	4,60	3,94	3,29	2,68	2,08	2,72	0
23/04/2020 22:50:00	3,05	7,53	8,43	8,34	7,74	6,93	6,11	5,32	4,62	3,95	3,27	2,65	2,03	2,57	0
23/04/2020 22:55:00	2,83	7,19	8,09	7,93	7,40	6,58	5,75	4,96	4,26	3,60	2,94	2,32	1,71	2,55	0
23/04/2020 23:00:00	2,55	6,89	7,73	7,63	7,05	6,21	5,38	4,59	3,89	3,22	2,56	1,94	1,33	2,55	0
23/04/2020 23:05:00	2,54	6,85	7,70	7,58	6,99	6,15	5,35	4,56	3,86	3,19	2,53	1,91	1,30	2,08	0
23/04/2020 23:10:00	2,44	6,79	7,70	7,68	7,04	6,23	5,42	4,64	3,93	3,25	2,56	1,93	1,29	2,28	0
23/04/2020 23:15:00	2,53	6,82	7,70	7,54	7,00	6,22	5,38	4,58	3,89	3,24	2,59	1,99	1,39	2,38	0
23/04/2020 23:20:00	2,23	6,73	7,67	7,55	6,95	6,09	5,26	4,46	3,73	3,04	2,35	1,71	1,07	2,25	0
23/04/2020 23:25:00	2,14	6,74	7,69	7,57	6,94	6,12	5,25	4,42	3,69	3,00	2,31	1,67	1,03	1,82	0
23/04/2020 23:30:00	2,18	6,72	7,74	7,61	6,98	6,15	5,31	4,50	3,76	3,05	2,35	1,69	1,03	2,48	0
23/04/2020 23:35:00	2,41	6,87	7,82	7,79	7,14	6,33	5,53	4,75	4,03	3,34	2,65	2,01	1,37	2,39	0
23/04/2020 23:40:00	2,50	6,88	7,89	7,76	7,21	6,33	5,50	4,69	3,97	3,26	2,54	1,87	1,20	2,55	0
23/04/2020 23:45:00	2,37	6,91	7,89	7,76	7,20	6,33	5,42	4,58	3,85	3,14	2,43	1,77	1,11	2,40	0
23/04/2020 23:50:00	2,28	6,77	7,82	7,69	7,17	6,30	5,44	4,62	3,89	3,18	2,47	1,80	1,13	2,22	0
23/04/2020 23:55:00	2,28	6,81	7,93	7,82	7,26	6,36	5,48	4,64	3,89	3,15	2,39	1,68	0,97	2,29	0
