FileFormat:0002.2 file with temperature of atmosphere
200
local	GMT or Local
0	GMT-Local=[hours]
0	Height[m]
0	0	0	Longitude                [grd]               [min]               [sec]
0	0	0	Latitude                [grd]               [min]               [sec]
N	NS
59,40	Freq[GHz]
0,00	dTemostat[K]
0,150	MessErr[K]
0,248	//[grad/step]
version 14.0.20110218
MTP5H033F5940K-33.00D180214+A1.1
Commentary:
enter comment
End Of Commentary

SYSTEM\summer.dat
data time	0	50	100	150	200	250	300	350	400	450	500	550	600	OutsideTemperature	Quality
06/10/2020 00:00:00	13,61	15,07	15,81	15,93	15,91	15,76	15,50	15,20	14,86	14,48	14,04	13,57	13,10	12,94	0
06/10/2020 00:05:00	13,89	15,06	15,68	15,81	15,78	15,68	15,49	15,25	14,95	14,63	14,25	13,84	13,43	13,22	0
06/10/2020 00:10:00	13,58	14,85	15,47	15,53	15,45	15,29	15,08	14,81	14,47	14,12	13,72	13,29	12,87	13,25	0
06/10/2020 00:15:00	13,50	14,72	15,29	15,39	15,34	15,26	15,06	14,81	14,50	14,18	13,82	13,43	13,04	13,27	0
06/10/2020 00:20:00	13,17	14,46	15,10	15,19	15,14	15,07	14,88	14,64	14,33	14,00	13,64	13,25	12,86	13,20	0
06/10/2020 00:25:00	13,31	14,54	15,09	15,11	15,02	14,84	14,65	14,39	14,06	13,72	13,34	12,95	12,55	12,87	0
06/10/2020 00:30:00	13,59	14,45	14,99	15,04	14,97	14,86	14,67	14,43	14,13	13,81	13,43	13,04	12,64	13,33	0
06/10/2020 00:35:00	13,68	14,57	14,94	14,95	14,85	14,68	14,42	14,14	13,83	13,50	13,12	12,72	12,32	13,65	0
06/10/2020 00:40:00	13,70	14,51	14,91	14,94	14,85	14,71	14,43	14,13	13,82	13,48	13,08	12,66	12,24	13,46	0
06/10/2020 00:45:00	13,60	14,56	14,97	14,98	14,86	14,74	14,49	14,22	13,90	13,58	13,21	12,82	12,43	13,73	0
06/10/2020 00:50:00	13,48	14,38	14,82	14,90	14,89	14,79	14,60	14,37	14,08	13,78	13,43	13,05	12,68	13,74	0
06/10/2020 00:55:00	13,58	14,28	14,71	14,77	14,76	14,69	14,50	14,27	13,99	13,70	13,36	12,99	12,62	13,08	0
06/10/2020 01:00:00	13,39	14,21	14,64	14,69	14,71	14,63	14,47	14,26	13,99	13,71	13,39	13,04	12,70	13,42	0
06/10/2020 01:05:00	13,39	14,24	14,56	14,60	14,58	14,43	14,25	14,02	13,74	13,45	13,13	12,78	12,43	13,23	0
06/10/2020 01:10:00	13,30	14,16	14,53	14,54	14,51	14,48	14,28	14,05	13,78	13,51	13,21	12,89	12,56	12,99	0
06/10/2020 01:15:00	12,98	13,75	14,12	14,17	14,21	14,17	14,02	13,82	13,57	13,32	13,03	12,72	12,41	12,96	0
06/10/2020 01:20:00	12,97	13,72	14,03	14,20	14,18	14,12	13,94	13,72	13,47	13,19	12,88	12,53	12,18	13,26	0
06/10/2020 01:25:00	13,01	13,59	13,85	13,91	13,96	13,95	13,83	13,66	13,44	13,22	12,97	12,69	12,42	13,04	0
06/10/2020 01:30:00	12,96	13,64	14,00	14,10	14,06	13,95	13,82	13,62	13,35	13,07	12,75	12,41	12,06	13,13	0
06/10/2020 01:35:00	12,73	13,47	13,89	13,97	14,03	14,06	13,96	13,80	13,57	13,34	13,09	12,80	12,52	13,25	0
06/10/2020 01:40:00	12,91	13,58	13,90	13,96	14,01	13,99	13,85	13,66	13,43	13,19	12,92	12,62	12,32	13,07	0
06/10/2020 01:45:00	12,61	13,53	14,06	14,12	14,18	14,19	14,05	13,85	13,60	13,34	13,05	12,74	12,42	13,05	0
06/10/2020 01:50:00	12,94	13,77	14,23	14,42	14,50	14,54	14,43	14,26	14,03	13,79	13,51	13,19	12,88	13,10	0
06/10/2020 01:55:00	13,00	13,62	14,16	14,32	14,48	14,56	14,42	14,24	14,01	13,77	13,47	13,14	12,81	13,00	0
06/10/2020 02:00:00	12,95	13,70	14,11	14,31	14,46	14,49	14,41	14,27	14,06	13,84	13,58	13,29	12,99	13,00	0
06/10/2020 02:05:00	12,92	13,58	14,08	14,29	14,38	14,41	14,31	14,15	13,91	13,66	13,36	13,02	12,68	13,00	0
06/10/2020 02:10:00	12,77	13,50	14,02	14,23	14,32	14,31	14,26	14,13	13,90	13,65	13,36	13,04	12,72	12,70	0
06/10/2020 02:15:00	12,94	13,77	14,38	14,56	14,56	14,51	14,39	14,20	13,92	13,62	13,27	12,89	12,51	12,80	0
06/10/2020 02:20:00	13,07	13,67	14,11	14,37	14,54	14,53	14,44	14,30	14,09	13,85	13,55	13,21	12,88	13,02	0
06/10/2020 02:25:00	12,94	13,70	14,27	14,52	14,65	14,62	14,51	14,34	14,09	13,82	13,48	13,11	12,73	12,57	0
06/10/2020 02:30:00	12,67	13,44	13,98	14,15	14,27	14,23	14,12	13,95	13,70	13,43	13,11	12,75	12,40	12,60	0
06/10/2020 02:35:00	12,69	13,47	14,01	14,23	14,38	14,47	14,37	14,22	14,00	13,77	13,49	13,18	12,87	12,66	0
06/10/2020 02:40:00	12,70	13,45	14,06	14,27	14,44	14,53	14,49	14,37	14,16	13,93	13,66	13,36	13,06	12,71	0
06/10/2020 02:45:00	12,62	13,44	14,04	14,26	14,35	14,45	14,35	14,19	13,96	13,71	13,42	13,09	12,77	12,56	0
06/10/2020 02:50:00	12,66	13,58	14,19	14,39	14,48	14,49	14,39	14,23	13,98	13,71	13,40	13,06	12,72	12,56	0
06/10/2020 02:55:00	12,84	13,58	14,18	14,41	14,60	14,59	14,43	14,23	13,98	13,70	13,36	12,97	12,59	12,75	0
06/10/2020 03:00:00	12,67	13,59	14,13	14,43	14,55	14,57	14,50	14,36	14,13	13,89	13,60	13,27	12,94	12,61	0
06/10/2020 03:05:00	12,86	13,69	14,16	14,20	14,26	14,28	14,21	14,07	13,84	13,61	13,36	13,09	12,82	12,62	0
06/10/2020 03:10:00	13,05	13,66	13,99	14,23	14,36	14,40	14,35	14,23	14,04	13,83	13,60	13,32	13,04	13,10	0
06/10/2020 03:15:00	12,96	13,51	13,95	14,07	14,18	14,21	14,16	14,03	13,82	13,60	13,35	13,07	12,79	12,95	0
06/10/2020 03:20:00	13,00	13,74	14,26	14,56	14,72	14,72	14,61	14,45	14,23	13,97	13,65	13,29	12,93	13,00	0
06/10/2020 03:25:00	13,17	13,92	14,41	14,61	14,65	14,62	14,47	14,28	14,02	13,74	13,41	13,04	12,67	13,34	0
06/10/2020 03:30:00	13,18	13,85	14,16	14,23	14,23	14,23	14,16	14,02	13,80	13,58	13,34	13,08	12,81	13,44	0
06/10/2020 03:35:00	13,06	13,93	14,42	14,69	14,74	14,69	14,48	14,25	13,98	13,67	13,30	12,90	12,49	13,53	0
06/10/2020 03:40:00	13,27	13,68	14,02	14,23	14,29	14,35	14,31	14,19	13,99	13,78	13,53	13,24	12,96	13,82	0
06/10/2020 03:45:00	13,09	13,76	14,11	14,28	14,37	14,44	14,36	14,23	14,03	13,82	13,59	13,32	13,05	13,59	0
06/10/2020 03:50:00	13,03	13,70	14,03	14,24	14,35	14,39	14,27	14,11	13,91	13,69	13,43	13,13	12,83	13,21	0
06/10/2020 03:55:00	13,05	13,73	14,15	14,27	14,27	14,24	14,18	14,03	13,79	13,55	13,27	12,96	12,65	13,29	0
06/10/2020 04:00:00	13,15	13,69	14,05	14,16	14,27	14,32	14,24	14,11	13,91	13,70	13,46	13,19	12,92	13,22	0
06/10/2020 04:05:00	13,15	13,46	13,77	13,98	14,15	14,25	14,24	14,16	13,99	13,82	13,62	13,37	13,13	13,28	0
06/10/2020 04:10:00	13,16	13,60	13,98	14,16	14,24	14,33	14,35	14,27	14,09	13,90	13,69	13,44	13,20	13,02	0
06/10/2020 04:15:00	12,90	13,53	13,98	14,27	14,45	14,58	14,50	14,38	14,19	13,98	13,73	13,44	13,14	12,86	0
06/10/2020 04:20:00	12,93	13,56	14,05	14,33	14,52	14,63	14,59	14,48	14,30	14,09	13,84	13,55	13,26	12,71	0
06/10/2020 04:25:00	12,91	13,46	13,98	14,24	14,48	14,58	14,60	14,53	14,36	14,17	13,94	13,67	13,40	12,87	0
06/10/2020 04:30:00	12,78	13,40	13,90	14,23	14,43	14,58	14,58	14,51	14,34	14,15	13,93	13,66	13,39	12,65	0
06/10/2020 04:35:00	12,72	13,61	14,15	14,35	14,51	14,63	14,59	14,48	14,28	14,08	13,85	13,58	13,32	12,83	0
06/10/2020 04:40:00	12,89	13,51	14,01	14,20	14,26	14,37	14,30	14,17	13,96	13,74	13,48	13,19	12,90	12,84	0
06/10/2020 04:45:00	12,68	13,53	14,01	14,23	14,32	14,32	14,22	14,05	13,82	13,56	13,27	12,94	12,61	13,00	0
06/10/2020 04:50:00	12,49	13,29	13,90	14,14	14,34	14,49	14,38	14,23	14,02	13,80	13,53	13,22	12,92	12,60	0
06/10/2020 04:55:00	12,53	13,24	13,74	13,84	13,94	13,86	13,73	13,54	13,28	13,00	12,67	12,32	11,96	12,43	0
06/10/2020 05:00:00	12,00	13,15	13,80	14,08	14,33	14,54	14,59	14,53	14,36	14,20	14,03	13,82	13,61	12,05	0
06/10/2020 05:05:00	11,85	12,91	13,66	14,07	14,32	14,39	14,40	14,30	14,09	13,85	13,56	13,22	12,89	11,83	0
06/10/2020 05:10:00	12,04	12,77	13,42	13,72	13,91	14,02	13,96	13,83	13,62	13,39	13,10	12,77	12,44	11,66	0
06/10/2020 05:15:00	11,94	12,74	13,34	13,76	14,14	14,39	14,50	14,51	14,38	14,25	14,09	13,89	13,69	11,58	0
06/10/2020 05:20:00	11,97	12,74	13,33	13,61	13,79	13,99	14,00	13,92	13,74	13,55	13,34	13,09	12,84	11,24	0
06/10/2020 05:25:00	11,66	12,56	13,33	13,69	14,02	14,17	14,19	14,12	13,94	13,73	13,47	13,18	12,89	11,26	0
06/10/2020 05:30:00	11,52	12,62	13,38	13,75	14,05	14,25	14,23	14,14	13,96	13,76	13,52	13,24	12,97	11,25	0
06/10/2020 05:35:00	11,26	12,71	13,46	13,82	14,14	14,25	14,24	14,14	13,94	13,73	13,48	13,20	12,92	11,28	0
06/10/2020 05:40:00	11,43	12,56	13,22	13,59	13,84	14,04	14,10	14,05	13,88	13,71	13,51	13,28	13,05	11,07	0
06/10/2020 05:45:00	11,27	12,26	12,95	13,37	13,72	14,00	14,14	14,15	14,02	13,89	13,75	13,56	13,37	10,90	0
06/10/2020 05:50:00	11,36	12,14	12,78	13,20	13,48	13,71	13,86	13,88	13,74	13,60	13,43	13,22	13,01	11,15	0
06/10/2020 05:55:00	11,40	12,08	12,69	13,14	13,54	13,83	13,90	13,88	13,76	13,63	13,46	13,25	13,03	11,31	0
06/10/2020 06:00:00	11,21	12,03	12,59	12,87	13,12	13,21	13,19	13,09	12,90	12,70	12,47	12,20	11,93	11,34	0
06/10/2020 06:05:00	11,30	11,90	12,47	12,69	12,91	13,08	13,09	13,01	12,83	12,65	12,44	12,21	11,97	11,12	0
06/10/2020 06:10:00	11,05	11,84	12,45	12,80	13,04	13,20	13,22	13,15	12,97	12,79	12,57	12,31	12,05	10,92	0
06/10/2020 06:15:00	11,06	11,81	12,43	12,77	12,98	13,11	13,12	13,05	12,86	12,66	12,42	12,15	11,88	10,75	0
06/10/2020 06:20:00	10,98	11,69	12,26	12,69	13,00	13,25	13,37	13,37	13,24	13,11	12,96	12,76	12,57	10,93	0
06/10/2020 06:25:00	10,94	11,61	12,09	12,40	12,73	13,07	13,31	13,40	13,32	13,27	13,23	13,16	13,08	11,01	0
06/10/2020 06:30:00	10,87	11,44	11,98	12,38	12,73	12,98	13,11	13,13	13,01	12,90	12,77	12,59	12,41	10,85	0
06/10/2020 06:35:00	10,86	11,49	12,03	12,46	12,81	13,11	13,23	13,25	13,14	13,03	12,91	12,74	12,57	10,87	0
06/10/2020 06:40:00	10,80	11,57	12,14	12,65	13,03	13,30	13,50	13,55	13,45	13,36	13,24	13,08	12,91	10,78	0
06/10/2020 06:45:00	10,76	11,42	12,05	12,52	12,92	13,29	13,43	13,46	13,37	13,28	13,17	13,01	12,85	10,45	0
06/10/2020 06:50:00	10,77	11,44	12,01	12,43	12,84	13,12	13,21	13,21	13,10	12,99	12,85	12,66	12,48	10,43	0
06/10/2020 06:55:00	10,73	11,32	11,89	12,31	12,64	12,92	13,03	13,04	12,92	12,80	12,66	12,47	12,28	10,50	0
06/10/2020 07:00:00	10,54	11,26	11,96	12,36	12,70	13,07	13,18	13,18	13,07	12,95	12,81	12,63	12,46	10,37	0
06/10/2020 07:05:00	10,41	11,16	11,86	12,28	12,69	13,04	13,19	13,22	13,12	13,01	12,89	12,72	12,56	10,41	0
06/10/2020 07:10:00	10,23	11,12	11,83	12,32	12,78	13,17	13,35	13,40	13,32	13,24	13,15	13,01	12,87	10,10	0
06/10/2020 07:15:00	10,17	11,10	11,78	12,17	12,58	12,89	12,99	12,98	12,86	12,74	12,61	12,44	12,27	9,95	0
06/10/2020 07:20:00	10,17	11,14	11,71	12,09	12,44	12,77	12,89	12,90	12,79	12,69	12,60	12,46	12,33	9,77	0
06/10/2020 07:25:00	9,89	10,80	11,26	11,59	11,88	12,17	12,30	12,31	12,20	12,11	12,04	11,93	11,82	9,82	0
06/10/2020 07:30:00	10,02	10,80	11,22	11,63	11,94	12,23	12,37	12,39	12,29	12,21	12,13	12,02	11,90	9,77	0
06/10/2020 07:35:00	9,95	10,42	10,70	11,07	11,44	11,67	11,91	12,00	11,94	11,89	11,87	11,79	11,72	9,78	0
06/10/2020 07:40:00	9,98	10,47	10,78	11,25	11,61	11,98	12,10	12,14	12,08	12,04	11,99	11,90	11,82	10,07	0
06/10/2020 07:45:00	10,14	10,43	10,67	11,02	11,43	11,83	12,05	12,15	12,12	12,13	12,15	12,13	12,11	10,23	0
06/10/2020 07:50:00	9,98	10,57	10,85	11,16	11,47	11,75	11,90	11,95	11,87	11,82	11,79	11,72	11,65	10,37	0
06/10/2020 07:55:00	10,51	10,76	10,88	11,17	11,61	12,01	12,30	12,45	12,45	12,50	12,59	12,63	12,67	10,55	0
06/10/2020 08:00:00	10,61	10,88	10,97	11,28	11,68	12,11	12,28	12,37	12,36	12,39	12,45	12,47	12,48	10,68	0
06/10/2020 08:05:00	10,74	10,82	10,84	11,10	11,47	11,86	12,13	12,27	12,28	12,33	12,42	12,47	12,51	10,82	0
06/10/2020 08:10:00	10,95	11,13	11,21	11,46	11,76	11,97	12,09	12,13	12,05	12,00	11,97	11,89	11,81	10,98	0
06/10/2020 08:15:00	11,09	11,08	11,04	11,27	11,57	11,83	12,03	12,12	12,08	12,08	12,11	12,09	12,07	11,08	0
06/10/2020 08:20:00	11,16	11,09	11,01	11,27	11,72	12,09	12,31	12,44	12,46	12,51	12,60	12,64	12,68	11,31	0
06/10/2020 08:25:00	11,32	11,24	11,13	11,35	11,78	12,13	12,31	12,41	12,41	12,45	12,53	12,56	12,58	11,45	0
06/10/2020 08:30:00	11,51	11,34	11,24	11,50	11,85	12,19	12,37	12,47	12,46	12,49	12,53	12,53	12,53	11,50	0
06/10/2020 08:35:00	11,52	11,43	11,43	11,61	11,85	12,11	12,20	12,22	12,16	12,11	12,08	12,01	11,94	11,56	0
06/10/2020 08:40:00	11,70	11,43	11,17	11,40	11,76	12,10	12,36	12,51	12,54	12,62	12,74	12,81	12,88	11,74	0
06/10/2020 08:45:00	11,80	11,49	11,25	11,41	11,69	11,93	12,06	12,12	12,10	12,10	12,14	12,12	12,11	11,82	0
06/10/2020 08:50:00	11,98	11,53	11,27	11,40	11,63	11,92	12,07	12,15	12,13	12,15	12,20	12,21	12,22	11,95	0
06/10/2020 08:55:00	12,06	11,57	11,28	11,39	11,61	11,91	12,07	12,16	12,14	12,17	12,23	12,26	12,28	12,09	0
06/10/2020 09:00:00	12,17	11,68	11,44	11,60	11,83	12,11	12,26	12,34	12,32	12,33	12,37	12,35	12,34	12,15	0
06/10/2020 09:05:00	12,29	11,77	11,60	11,67	11,93	12,20	12,33	12,39	12,36	12,36	12,39	12,37	12,35	12,37	0
06/10/2020 09:10:00	12,56	11,93	11,71	11,78	12,04	12,26	12,32	12,34	12,29	12,26	12,25	12,18	12,12	12,46	0
06/10/2020 09:15:00	12,68	12,02	11,81	11,94	12,11	12,28	12,34	12,35	12,28	12,22	12,17	12,06	11,96	12,70	0
06/10/2020 09:20:00	12,78	12,13	11,97	12,05	12,21	12,36	12,37	12,34	12,25	12,17	12,08	11,95	11,81	12,89	0
06/10/2020 09:25:00	12,80	12,16	11,94	12,01	12,25	12,49	12,61	12,66	12,63	12,62	12,62	12,59	12,55	12,90	0
06/10/2020 09:30:00	12,92	12,28	12,08	12,16	12,39	12,59	12,73	12,79	12,75	12,73	12,72	12,68	12,63	13,24	0
06/10/2020 09:35:00	13,20	12,36	12,03	12,09	12,23	12,35	12,53	12,61	12,56	12,54	12,54	12,50	12,45	13,24	0
06/10/2020 09:40:00	13,31	12,58	12,30	12,32	12,49	12,61	12,67	12,67	12,60	12,54	12,49	12,40	12,30	13,53	0
06/10/2020 09:45:00	13,41	12,63	12,31	12,33	12,49	12,76	12,86	12,91	12,89	12,89	12,91	12,90	12,88	13,72	0
06/10/2020 09:50:00	13,71	12,77	12,34	12,25	12,34	12,49	12,55	12,57	12,51	12,48	12,47	12,42	12,37	13,89	0
06/10/2020 09:55:00	13,95	12,86	12,49	12,47	12,59	12,75	12,81	12,82	12,76	12,72	12,68	12,59	12,50	14,10	0
06/10/2020 10:00:00	13,97	13,07	12,68	12,56	12,61	12,83	12,92	12,96	12,91	12,89	12,92	12,90	12,88	14,67	0
06/10/2020 10:05:00	14,16	13,27	12,76	12,62	12,69	12,84	12,90	12,91	12,86	12,85	12,87	12,85	12,83	14,88	0
06/10/2020 10:10:00	14,14	13,31	12,88	12,74	12,79	12,95	13,02	13,04	12,98	12,95	12,96	12,93	12,91	14,92	0
06/10/2020 10:15:00	14,26	13,49	12,97	12,81	12,79	12,86	12,86	12,83	12,74	12,68	12,65	12,58	12,52	14,87	0
06/10/2020 10:20:00	14,31	13,54	13,12	13,00	12,98	13,02	13,02	12,97	12,87	12,78	12,72	12,61	12,50	15,10	0
06/10/2020 10:25:00	14,42	13,70	13,21	13,05	13,03	13,06	12,99	12,90	12,79	12,69	12,61	12,49	12,38	15,37	0
06/10/2020 10:30:00	14,29	13,91	13,46	13,27	13,18	13,14	13,02	12,89	12,74	12,60	12,49	12,34	12,20	15,48	0
06/10/2020 10:35:00	14,74	14,02	13,36	13,14	13,00	12,95	12,84	12,72	12,58	12,47	12,38	12,26	12,14	15,85	0
06/10/2020 10:40:00	15,11	14,25	13,40	13,13	12,96	12,92	12,87	12,80	12,70	12,64	12,62	12,57	12,52	16,40	0
06/10/2020 10:45:00	15,28	14,19	13,50	13,26	13,11	13,10	13,04	12,96	12,84	12,75	12,68	12,57	12,47	16,60	0
06/10/2020 10:50:00	15,10	14,53	13,79	13,53	13,40	13,36	13,24	13,11	12,99	12,90	12,84	12,75	12,66	16,40	0
06/10/2020 10:55:00	15,20	14,49	13,89	13,62	13,52	13,45	13,33	13,21	13,06	12,95	12,85	12,71	12,58	16,95	0
06/10/2020 11:00:00	15,34	14,70	14,05	13,79	13,61	13,51	13,39	13,26	13,11	12,98	12,88	12,74	12,61	16,96	0
06/10/2020 11:05:00	15,52	14,94	14,28	14,01	13,84	13,68	13,52	13,36	13,19	13,04	12,90	12,73	12,57	17,10	0
06/10/2020 11:10:00	15,63	14,92	14,30	14,04	13,86	13,70	13,56	13,41	13,23	13,08	12,93	12,75	12,56	17,36	0
06/10/2020 11:15:00	15,39	14,99	14,46	14,23	14,09	14,04	13,88	13,72	13,55	13,41	13,28	13,12	12,96	17,20	0
06/10/2020 11:20:00	15,45	15,05	14,50	14,24	14,08	13,95	13,76	13,58	13,40	13,24	13,08	12,90	12,71	17,05	0
06/10/2020 11:25:00	15,25	15,05	14,66	14,39	14,18	13,95	13,74	13,52	13,29	13,07	12,84	12,59	12,35	16,46	0
06/10/2020 11:30:00	15,56	15,45	15,11	14,84	14,62	14,41	14,14	13,88	13,63	13,38	13,13	12,84	12,56	16,52	0
06/10/2020 11:35:00	15,51	15,49	15,16	14,93	14,72	14,53	14,33	14,12	13,89	13,67	13,45	13,20	12,95	16,77	0
06/10/2020 11:40:00	15,51	15,55	15,16	14,82	14,49	14,24	14,03	13,79	13,53	13,30	13,08	12,84	12,61	16,69	0
06/10/2020 11:45:00	15,51	15,50	15,11	14,80	14,52	14,28	14,06	13,82	13,57	13,34	13,11	12,87	12,62	16,49	0
06/10/2020 11:50:00	15,63	15,62	15,20	14,93	14,60	14,32	14,06	13,81	13,54	13,28	13,02	12,74	12,46	16,89	0
06/10/2020 11:55:00	15,62	15,62	15,22	14,93	14,66	14,35	14,03	13,74	13,46	13,18	12,89	12,57	12,26	16,91	0
06/10/2020 12:00:00	16,00	15,98	15,57	15,29	15,04	14,79	14,48	14,20	13,94	13,68	13,41	13,11	12,81	16,81	0
06/10/2020 12:05:00	15,79	15,95	15,62	15,29	15,01	14,69	14,40	14,11	13,82	13,55	13,26	12,96	12,65	16,71	0
06/10/2020 12:10:00	15,76	15,93	15,59	15,29	14,99	14,69	14,39	14,09	13,81	13,53	13,24	12,93	12,62	16,71	0
06/10/2020 12:15:00	16,17	16,20	15,62	15,24	14,88	14,55	14,27	13,99	13,72	13,47	13,23	12,97	12,72	17,23	0
06/10/2020 12:20:00	16,31	16,33	15,68	15,30	14,93	14,59	14,33	14,07	13,80	13,57	13,36	13,13	12,90	17,51	0
06/10/2020 12:25:00	16,58	16,41	15,70	15,27	14,90	14,63	14,37	14,12	13,88	13,68	13,50	13,30	13,10	18,12	0
06/10/2020 12:30:00	16,62	16,49	15,92	15,55	15,16	14,81	14,48	14,17	13,88	13,60	13,32	13,01	12,70	18,08	0
06/10/2020 12:35:00	17,06	16,66	15,91	15,46	15,04	14,68	14,37	14,08	13,81	13,57	13,33	13,07	12,81	18,75	0
06/10/2020 12:40:00	16,95	16,58	15,99	15,59	15,30	15,05	14,73	14,45	14,20	13,96	13,71	13,44	13,16	18,36	0
06/10/2020 12:45:00	16,67	16,58	16,12	15,79	15,45	15,14	14,81	14,50	14,22	13,94	13,64	13,32	13,00	18,11	0
06/10/2020 12:50:00	16,89	16,67	16,12	15,68	15,29	14,97	14,66	14,37	14,09	13,83	13,57	13,29	13,01	17,80	0
06/10/2020 12:55:00	17,19	16,70	16,04	15,60	15,27	14,96	14,66	14,40	14,14	13,90	13,66	13,40	13,14	17,94	0
06/10/2020 13:00:00	17,18	16,70	15,99	15,53	15,14	14,82	14,49	14,20	13,94	13,69	13,44	13,17	12,90	18,56	0
06/10/2020 13:05:00	17,15	16,72	16,16	15,71	15,31	14,96	14,65	14,35	14,07	13,80	13,52	13,22	12,92	18,59	0
06/10/2020 13:10:00	17,30	16,89	16,29	15,87	15,46	15,12	14,82	14,54	14,27	14,01	13,74	13,45	13,16	18,47	0
06/10/2020 13:15:00	17,57	16,97	16,30	15,86	15,49	15,15	14,80	14,49	14,22	13,94	13,65	13,34	13,02	18,74	0
06/10/2020 13:20:00	17,67	17,05	16,45	15,94	15,54	15,20	14,87	14,57	14,29	14,02	13,73	13,42	13,12	19,12	0
06/10/2020 13:25:00	17,70	17,17	16,47	16,01	15,61	15,24	14,89	14,58	14,29	14,02	13,73	13,42	13,11	19,09	0
06/10/2020 13:30:00	17,62	17,29	16,77	16,36	15,94	15,55	15,19	14,86	14,55	14,24	13,90	13,55	13,19	18,57	0
06/10/2020 13:35:00	17,71	17,37	16,81	16,35	15,89	15,46	15,09	14,76	14,44	14,13	13,80	13,46	13,11	18,46	0
06/10/2020 13:40:00	17,65	17,35	16,81	16,32	15,89	15,51	15,14	14,80	14,49	14,18	13,86	13,52	13,18	18,30	0
06/10/2020 13:45:00	17,87	17,51	16,86	16,42	15,94	15,48	15,09	14,74	14,41	14,09	13,74	13,37	13,00	18,28	0
06/10/2020 13:50:00	17,83	17,45	16,83	16,43	16,01	15,59	15,19	14,85	14,53	14,22	13,87	13,50	13,12	18,61	0
06/10/2020 13:55:00	17,92	17,50	16,94	16,54	16,14	15,75	15,40	15,08	14,78	14,48	14,16	13,81	13,45	18,51	0
06/10/2020 14:00:00	17,91	17,67	17,18	16,72	16,24	15,77	15,36	14,99	14,65	14,30	13,92	13,52	13,12	19,05	0
06/10/2020 14:05:00	18,39	18,04	17,49	17,03	16,62	16,19	15,82	15,49	15,17	14,85	14,51	14,14	13,78	19,04	0
06/10/2020 14:10:00	18,57	18,18	17,65	17,24	16,83	16,42	16,03	15,68	15,36	15,03	14,66	14,26	13,87	19,27	0
06/10/2020 14:15:00	18,64	18,21	17,67	17,21	16,78	16,34	15,95	15,60	15,27	14,94	14,57	14,18	13,79	19,26	0
06/10/2020 14:20:00	18,72	18,23	17,65	17,26	16,90	16,51	16,11	15,76	15,46	15,13	14,76	14,36	13,96	19,36	0
06/10/2020 14:25:00	18,78	18,27	17,70	17,29	16,91	16,55	16,16	15,83	15,53	15,21	14,86	14,47	14,09	19,38	0
06/10/2020 14:30:00	18,79	18,39	17,76	17,24	16,79	16,37	16,00	15,67	15,36	15,06	14,74	14,40	14,06	19,62	0
06/10/2020 14:35:00	18,74	18,43	17,91	17,45	16,98	16,58	16,23	15,90	15,59	15,27	14,93	14,57	14,21	19,47	0
06/10/2020 14:40:00	18,67	18,37	17,82	17,39	16,97	16,57	16,20	15,87	15,56	15,24	14,90	14,53	14,17	19,47	0
06/10/2020 14:45:00	18,57	18,31	17,86	17,47	17,10	16,70	16,31	15,97	15,65	15,32	14,94	14,54	14,14	19,39	0
06/10/2020 14:50:00	19,14	18,71	18,21	17,82	17,40	17,00	16,67	16,35	16,05	15,73	15,38	15,00	14,62	19,42	0
06/10/2020 14:55:00	19,09	18,85	18,37	17,93	17,53	17,08	16,65	16,26	15,92	15,57	15,16	14,73	14,30	19,57	0
06/10/2020 15:00:00	18,97	18,75	18,29	17,85	17,43	17,00	16,63	16,28	15,95	15,62	15,25	14,86	14,47	19,47	0
06/10/2020 15:05:00	19,00	18,75	18,22	17,83	17,43	17,03	16,66	16,34	16,03	15,71	15,35	14,97	14,59	19,45	0
06/10/2020 15:10:00	19,32	19,12	18,66	18,29	17,88	17,49	17,13	16,79	16,48	16,15	15,78	15,38	14,98	19,48	0
06/10/2020 15:15:00	19,55	19,12	18,59	18,16	17,74	17,37	17,04	16,74	16,44	16,14	15,81	15,45	15,09	19,95	0
06/10/2020 15:20:00	19,31	19,24	18,80	18,35	17,93	17,53	17,13	16,77	16,44	16,10	15,73	15,33	14,94	19,41	0
06/10/2020 15:25:00	19,65	19,41	18,96	18,60	18,23	17,83	17,45	17,11	16,79	16,45	16,07	15,65	15,23	19,62	0
06/10/2020 15:30:00	19,72	19,50	19,07	18,65	18,27	17,83	17,46	17,12	16,80	16,46	16,08	15,67	15,27	19,94	0
06/10/2020 15:35:00	19,74	19,59	19,19	18,76	18,32	17,88	17,49	17,14	16,79	16,44	16,03	15,61	15,18	19,83	0
06/10/2020 15:40:00	19,78	19,70	19,32	18,95	18,53	18,08	17,66	17,29	16,94	16,56	16,13	15,67	15,21	19,80	0
06/10/2020 15:45:00	19,71	19,69	19,37	19,01	18,57	18,13	17,74	17,37	17,02	16,64	16,21	15,75	15,30	19,75	0
06/10/2020 15:50:00	19,61	19,69	19,36	19,00	18,58	18,14	17,75	17,39	17,04	16,68	16,26	15,82	15,39	19,66	0
06/10/2020 15:55:00	19,64	19,66	19,32	18,95	18,53	18,13	17,73	17,37	17,03	16,66	16,25	15,81	15,37	19,67	0
06/10/2020 16:00:00	19,59	19,71	19,44	19,10	18,71	18,29	17,88	17,50	17,15	16,77	16,33	15,87	15,40	19,66	0
06/10/2020 16:05:00	19,22	19,59	19,46	19,17	18,81	18,36	17,93	17,53	17,15	16,73	16,25	15,74	15,23	19,51	0
06/10/2020 16:10:00	19,17	19,55	19,37	19,07	18,66	18,23	17,83	17,45	17,08	16,69	16,24	15,77	15,30	19,30	0
06/10/2020 16:15:00	19,22	19,53	19,41	19,09	18,74	18,35	17,92	17,53	17,16	16,76	16,30	15,80	15,31	19,14	0
06/10/2020 16:20:00	19,03	19,48	19,41	19,13	18,77	18,34	17,93	17,55	17,18	16,78	16,31	15,81	15,32	19,02	0
06/10/2020 16:25:00	19,17	19,49	19,31	18,97	18,61	18,20	17,78	17,40	17,04	16,66	16,22	15,76	15,30	18,99	0
06/10/2020 16:30:00	19,10	19,43	19,27	18,97	18,60	18,20	17,82	17,46	17,11	16,73	16,30	15,85	15,40	18,74	0
06/10/2020 16:35:00	18,97	19,37	19,26	18,94	18,62	18,24	17,85	17,48	17,13	16,75	16,32	15,87	15,41	19,06	0
06/10/2020 16:40:00	18,94	19,50	19,36	19,07	18,66	18,24	17,83	17,45	17,08	16,69	16,24	15,78	15,31	18,89	0
06/10/2020 16:45:00	18,90	19,40	19,35	19,05	18,67	18,29	17,89	17,50	17,13	16,74	16,29	15,82	15,34	18,81	0
06/10/2020 16:50:00	19,02	19,29	19,26	18,97	18,64	18,32	17,94	17,59	17,24	16,86	16,41	15,94	15,47	18,79	0
06/10/2020 16:55:00	18,73	19,20	19,25	19,01	18,70	18,34	17,96	17,60	17,24	16,84	16,38	15,89	15,41	18,66	0
06/10/2020 17:00:00	18,83	19,36	19,26	18,92	18,57	18,17	17,78	17,41	17,05	16,67	16,25	15,80	15,35	18,80	0
06/10/2020 17:05:00	18,72	19,26	19,16	18,88	18,53	18,15	17,77	17,40	17,04	16,67	16,24	15,78	15,33	18,76	0
06/10/2020 17:10:00	18,47	19,11	19,13	18,94	18,61	18,22	17,82	17,43	17,06	16,65	16,18	15,67	15,17	18,34	0
06/10/2020 17:15:00	18,71	19,10	18,98	18,66	18,32	17,98	17,60	17,25	16,91	16,55	16,15	15,72	15,29	18,29	0
06/10/2020 17:20:00	18,45	19,02	19,05	18,78	18,44	18,08	17,71	17,35	16,98	16,60	16,15	15,69	15,22	18,31	0
06/10/2020 17:25:00	18,39	18,97	19,00	18,75	18,43	18,10	17,72	17,35	16,99	16,61	16,17	15,70	15,23	18,24	0
06/10/2020 17:30:00	18,36	18,90	19,02	18,84	18,57	18,21	17,82	17,45	17,07	16,66	16,17	15,65	15,13	18,22	0
06/10/2020 17:35:00	18,29	18,77	18,79	18,59	18,30	17,99	17,63	17,28	16,93	16,56	16,12	15,65	15,18	18,25	0
06/10/2020 17:40:00	18,08	18,77	18,84	18,64	18,37	18,06	17,71	17,37	17,02	16,66	16,24	15,79	15,34	17,96	0
06/10/2020 17:45:00	18,06	18,66	18,82	18,61	18,31	17,99	17,66	17,33	16,98	16,61	16,17	15,71	15,26	17,70	0
06/10/2020 17:50:00	18,14	18,65	18,81	18,66	18,35	18,03	17,69	17,35	16,99	16,60	16,14	15,65	15,16	17,86	0
06/10/2020 17:55:00	17,82	18,39	18,47	18,32	18,09	17,81	17,50	17,18	16,85	16,50	16,09	15,65	15,21	17,80	0
06/10/2020 18:00:00	17,87	18,39	18,56	18,36	18,13	17,86	17,53	17,20	16,87	16,50	16,07	15,61	15,16	17,71	0
06/10/2020 18:05:00	17,65	18,24	18,40	18,28	18,10	17,83	17,50	17,17	16,84	16,47	16,03	15,57	15,10	17,64	0
06/10/2020 18:10:00	17,60	18,35	18,48	18,31	18,06	17,82	17,50	17,18	16,85	16,50	16,10	15,68	15,26	17,57	0
06/10/2020 18:15:00	17,75	18,24	18,39	18,30	18,12	17,83	17,54	17,23	16,91	16,55	16,12	15,66	15,19	17,49	0
06/10/2020 18:20:00	17,59	18,24	18,45	18,33	18,11	17,87	17,55	17,23	16,89	16,53	16,09	15,63	15,17	17,39	0
06/10/2020 18:25:00	17,47	18,14	18,44	18,32	18,14	17,88	17,58	17,27	16,93	16,56	16,12	15,66	15,19	17,43	0
06/10/2020 18:30:00	17,47	18,12	18,36	18,28	18,06	17,78	17,51	17,21	16,88	16,52	16,09	15,63	15,18	17,37	0
06/10/2020 18:35:00	17,38	18,08	18,22	18,16	17,91	17,59	17,29	16,97	16,63	16,26	15,82	15,35	14,88	17,34	0
06/10/2020 18:40:00	17,26	17,93	18,15	18,08	17,92	17,66	17,38	17,09	16,77	16,41	15,99	15,55	15,10	17,22	0
06/10/2020 18:45:00	17,20	17,76	17,93	17,86	17,69	17,44	17,17	16,88	16,57	16,22	15,82	15,38	14,94	17,18	0
06/10/2020 18:50:00	17,28	17,83	17,99	17,86	17,70	17,49	17,20	16,90	16,59	16,25	15,86	15,43	15,01	17,07	0
06/10/2020 18:55:00	17,09	17,78	18,05	18,00	17,80	17,55	17,25	16,93	16,59	16,22	15,77	15,29	14,81	17,11	0
06/10/2020 19:00:00	17,02	17,69	18,00	17,97	17,82	17,54	17,26	16,96	16,63	16,26	15,81	15,33	14,86	17,01	0
06/10/2020 19:05:00	17,16	17,77	17,98	17,91	17,73	17,52	17,28	17,01	16,71	16,38	15,99	15,58	15,16	16,89	0
06/10/2020 19:10:00	17,01	17,81	18,12	18,04	17,84	17,56	17,26	16,94	16,59	16,22	15,77	15,30	14,82	16,79	0
06/10/2020 19:15:00	17,37	17,78	17,95	17,86	17,69	17,45	17,19	16,92	16,61	16,27	15,87	15,44	15,01	17,33	0
06/10/2020 19:20:00	17,20	17,78	17,92	17,81	17,61	17,38	17,14	16,86	16,56	16,24	15,86	15,46	15,06	17,31	0
06/10/2020 19:25:00	16,97	17,74	18,13	18,02	17,83	17,61	17,28	16,95	16,60	16,21	15,76	15,27	14,78	16,98	0
06/10/2020 19:30:00	17,01	17,73	17,95	17,88	17,70	17,47	17,17	16,87	16,54	16,19	15,77	15,32	14,88	16,95	0
06/10/2020 19:35:00	17,17	17,71	17,89	17,79	17,63	17,42	17,14	16,85	16,54	16,21	15,81	15,38	14,96	17,22	0
06/10/2020 19:40:00	17,10	17,66	17,85	17,76	17,60	17,40	17,13	16,85	16,55	16,22	15,83	15,41	15,00	16,89	0
06/10/2020 19:45:00	16,99	17,59	17,73	17,68	17,53	17,30	17,08	16,83	16,54	16,23	15,87	15,48	15,08	16,81	0
06/10/2020 19:50:00	16,80	17,49	17,72	17,69	17,55	17,36	17,08	16,79	16,48	16,14	15,73	15,30	14,86	16,82	0
06/10/2020 19:55:00	16,78	17,44	17,66	17,60	17,46	17,29	17,03	16,76	16,46	16,14	15,76	15,36	14,95	16,92	0
06/10/2020 20:00:00	16,84	17,37	17,51	17,47	17,38	17,17	16,95	16,71	16,44	16,14	15,78	15,40	15,02	16,65	0
06/10/2020 20:05:00	16,81	17,38	17,62	17,52	17,36	17,18	16,95	16,70	16,40	16,08	15,72	15,32	14,93	16,58	0
06/10/2020 20:10:00	16,71	17,41	17,56	17,46	17,30	17,10	16,86	16,60	16,30	15,99	15,64	15,26	14,88	16,63	0
06/10/2020 20:15:00	16,81	17,25	17,43	17,36	17,22	17,05	16,82	16,57	16,29	15,98	15,62	15,22	14,83	16,81	0
06/10/2020 20:20:00	16,65	17,25	17,50	17,42	17,26	17,11	16,92	16,68	16,40	16,10	15,75	15,38	15,00	16,79	0
06/10/2020 20:25:00	16,69	17,20	17,43	17,39	17,30	17,18	16,97	16,74	16,47	16,18	15,84	15,46	15,08	16,61	0
06/10/2020 20:30:00	16,64	17,07	17,35	17,39	17,34	17,16	16,92	16,66	16,37	16,04	15,62	15,18	14,73	16,59	0
06/10/2020 20:35:00	16,47	17,06	17,33	17,36	17,28	17,08	16,84	16,58	16,28	15,95	15,55	15,11	14,68	16,67	0
06/10/2020 20:40:00	16,56	17,27	17,58	17,57	17,46	17,26	17,02	16,75	16,45	16,11	15,72	15,29	14,86	16,62	0
06/10/2020 20:45:00	16,73	17,24	17,52	17,51	17,42	17,24	16,99	16,72	16,42	16,09	15,68	15,24	14,80	16,60	0
06/10/2020 20:50:00	16,45	17,25	17,50	17,55	17,47	17,32	17,08	16,82	16,53	16,22	15,84	15,44	15,03	16,47	0
06/10/2020 20:55:00	16,51	17,20	17,51	17,50	17,35	17,16	16,95	16,70	16,40	16,07	15,69	15,28	14,87	16,44	0
06/10/2020 21:00:00	16,28	16,91	17,33	17,38	17,25	17,05	16,83	16,57	16,25	15,90	15,47	15,01	14,54	16,26	0
06/10/2020 21:05:00	16,29	17,02	17,27	17,20	17,10	16,97	16,76	16,52	16,25	15,96	15,62	15,26	14,90	16,37	0
06/10/2020 21:10:00	16,33	16,82	17,12	17,05	16,97	16,88	16,66	16,42	16,14	15,85	15,49	15,11	14,73	16,27	0
06/10/2020 21:15:00	16,34	16,89	17,09	17,09	17,04	16,86	16,64	16,40	16,12	15,82	15,47	15,08	14,68	16,21	0
06/10/2020 21:20:00	16,27	16,86	17,05	17,05	16,96	16,79	16,61	16,39	16,12	15,84	15,50	15,14	14,78	16,52	0
06/10/2020 21:25:00	16,24	16,74	16,96	17,03	17,01	16,85	16,66	16,44	16,17	15,88	15,52	15,12	14,73	16,17	0
06/10/2020 21:30:00	16,23	16,82	17,05	17,10	17,00	16,86	16,65	16,42	16,15	15,85	15,49	15,10	14,71	16,15	0
06/10/2020 21:35:00	16,46	16,74	16,88	16,86	16,80	16,71	16,57	16,38	16,15	15,89	15,60	15,27	14,94	16,28	0
06/10/2020 21:40:00	16,32	16,74	16,92	16,92	16,79	16,66	16,43	16,19	15,92	15,61	15,26	14,86	14,47	16,17	0
06/10/2020 21:45:00	16,28	16,66	16,77	16,73	16,67	16,54	16,35	16,14	15,89	15,63	15,32	14,98	14,63	16,14	0
06/10/2020 21:50:00	16,11	16,43	16,60	16,59	16,53	16,44	16,27	16,07	15,82	15,56	15,25	14,90	14,55	16,10	0
06/10/2020 21:55:00	15,95	16,48	16,66	16,62	16,49	16,33	16,14	15,91	15,63	15,35	15,02	14,66	14,30	16,00	0
06/10/2020 22:00:00	16,01	16,42	16,49	16,43	16,35	16,27	16,06	15,84	15,60	15,34	15,05	14,73	14,41	15,87	0
06/10/2020 22:05:00	15,95	16,50	16,67	16,58	16,43	16,27	16,08	15,85	15,57	15,28	14,96	14,61	14,27	15,90	0
06/10/2020 22:10:00	15,99	16,48	16,58	16,51	16,39	16,25	16,07	15,86	15,60	15,34	15,04	14,72	14,39	15,85	0
06/10/2020 22:15:00	15,86	16,40	16,60	16,59	16,52	16,39	16,19	15,96	15,69	15,40	15,07	14,70	14,33	15,84	0
06/10/2020 22:20:00	15,88	16,37	16,48	16,42	16,35	16,24	16,06	15,84	15,60	15,34	15,05	14,73	14,41	15,80	0
06/10/2020 22:25:00	15,79	16,28	16,37	16,34	16,27	16,17	16,05	15,88	15,64	15,41	15,15	14,86	14,58	15,79	0
06/10/2020 22:30:00	15,69	16,26	16,49	16,53	16,49	16,43	16,25	16,04	15,79	15,53	15,22	14,87	14,53	15,44	0
06/10/2020 22:35:00	15,85	16,25	16,41	16,42	16,31	16,25	16,11	15,93	15,69	15,43	15,14	14,82	14,50	15,62	0
06/10/2020 22:40:00	15,91	16,29	16,41	16,44	16,39	16,30	16,14	15,96	15,72	15,47	15,18	14,86	14,53	15,64	0
06/10/2020 22:45:00	15,86	16,34	16,44	16,40	16,28	16,23	16,06	15,87	15,63	15,39	15,13	14,83	14,53	15,75	0
06/10/2020 22:50:00	15,99	16,31	16,37	16,35	16,30	16,20	16,02	15,83	15,59	15,34	15,05	14,73	14,41	15,86	0
06/10/2020 22:55:00	15,73	16,19	16,35	16,38	16,35	16,31	16,13	15,94	15,71	15,46	15,17	14,85	14,52	15,76	0
06/10/2020 23:00:00	15,79	16,16	16,33	16,35	16,31	16,22	16,05	15,85	15,60	15,34	15,02	14,68	14,33	15,73	0
06/10/2020 23:05:00	15,95	16,16	16,23	16,22	16,14	16,10	15,97	15,80	15,58	15,36	15,09	14,80	14,50	15,79	0
06/10/2020 23:10:00	15,67	15,98	16,14	16,13	16,08	16,06	15,92	15,74	15,52	15,28	15,02	14,71	14,41	15,65	0
06/10/2020 23:15:00	15,79	16,10	16,25	16,28	16,25	16,16	15,95	15,73	15,48	15,21	14,88	14,51	14,15	15,77	0
06/10/2020 23:20:00	15,84	16,10	16,21	16,21	16,17	16,05	15,86	15,66	15,41	15,14	14,83	14,47	14,12	15,64	0
06/10/2020 23:25:00	15,75	16,13	16,19	16,15	16,13	16,11	15,96	15,79	15,58	15,37	15,13	14,86	14,59	15,73	0
06/10/2020 23:30:00	15,86	16,20	16,24	16,19	16,13	16,01	15,86	15,68	15,45	15,21	14,94	14,64	14,35	15,85	0
06/10/2020 23:35:00	15,90	16,23	16,26	16,20	16,07	15,98	15,85	15,68	15,45	15,22	14,97	14,69	14,41	16,07	0
06/10/2020 23:40:00	15,90	16,20	16,28	16,24	16,13	16,13	15,97	15,79	15,57	15,34	15,08	14,79	14,50	16,05	0
06/10/2020 23:45:00	15,84	16,26	16,40	16,36	16,26	16,07	15,88	15,66	15,39	15,11	14,78	14,42	14,06	15,95	0
06/10/2020 23:50:00	15,87	16,29	16,40	16,35	16,22	16,05	15,85	15,63	15,36	15,07	14,75	14,39	14,04	15,94	0
06/10/2020 23:55:00	15,91	16,28	16,33	16,23	16,20	16,06	15,89	15,70	15,46	15,22	14,95	14,65	14,35	15,92	0
