FileFormat:0002.2 file with temperature of atmosphere
200
local	GMT or Local
0	GMT-Local=[hours]
0	Height[m]
0	0	0	Longitude                [grd]               [min]               [sec]
0	0	0	Latitude                [grd]               [min]               [sec]
N	NS
59,40	Freq[GHz]
0,00	dTemostat[K]
0,150	MessErr[K]
0,248	//[grad/step]
version 14.0.20110218
MTP5H033F5940K-33.00D180214+A1.1
Commentary:
enter comment
End Of Commentary

SYSTEM\summer.dat
data time	0	50	100	150	200	250	300	350	400	450	500	550	600	OutsideTemperature	Quality
09/04/2020 00:00:00	6,68	10,56	11,29	11,36	11,17	10,69	10,07	9,48	8,95	8,45	7,95	7,47	6,98	6,37	0
09/04/2020 00:05:00	6,37	10,68	11,39	11,48	11,12	10,76	10,08	9,46	8,92	8,43	7,95	7,50	7,04	6,42	0
09/04/2020 00:10:00	6,37	10,66	11,45	11,52	11,16	10,68	10,20	9,67	9,12	8,61	8,12	7,66	7,19	6,43	0
09/04/2020 00:15:00	6,40	10,69	11,50	11,66	11,40	10,84	10,25	9,65	9,09	8,55	8,00	7,47	6,94	6,70	0
09/04/2020 00:20:00	6,96	10,44	11,15	11,20	10,87	10,56	10,14	9,67	9,18	8,74	8,30	7,89	7,48	6,37	0
09/04/2020 00:25:00	6,09	10,80	11,68	11,78	11,41	10,81	10,18	9,53	8,92	8,35	7,77	7,22	6,67	6,66	0
09/04/2020 00:30:00	6,22	10,64	11,41	11,45	11,21	10,74	10,21	9,65	9,12	8,63	8,17	7,73	7,29	6,61	0
09/04/2020 00:35:00	6,83	10,79	11,72	11,81	11,49	11,00	10,42	9,83	9,26	8,70	8,12	7,57	7,01	6,60	0
09/04/2020 00:40:00	6,60	10,91	11,72	11,64	11,43	10,90	10,40	9,86	9,32	8,82	8,35	7,91	7,46	6,22	0
09/04/2020 00:45:00	6,49	10,86	11,73	11,86	11,58	11,07	10,49	9,90	9,34	8,81	8,27	7,76	7,24	6,21	0
09/04/2020 00:50:00	6,32	10,87	11,82	11,88	11,54	11,08	10,54	9,96	9,40	8,87	8,34	7,84	7,33	6,33	0
09/04/2020 00:55:00	6,02	10,87	11,89	11,91	11,74	11,21	10,70	10,14	9,57	9,04	8,51	8,02	7,53	6,09	0
09/04/2020 01:00:00	5,87	10,72	11,88	12,24	11,93	11,39	10,80	10,18	9,57	8,98	8,34	7,73	7,12	5,62	0
09/04/2020 01:05:00	6,69	10,65	11,53	11,63	11,26	10,88	10,47	9,97	9,45	8,96	8,47	8,01	7,55	5,57	0
09/04/2020 01:10:00	6,10	10,40	11,23	11,32	11,14	10,54	10,05	9,50	8,95	8,44	7,93	7,44	6,96	5,60	0
09/04/2020 01:15:00	5,41	10,18	11,11	11,30	11,09	10,72	10,13	9,54	9,01	8,53	8,05	7,60	7,15	5,60	0
09/04/2020 01:20:00	5,66	9,99	10,96	11,30	11,10	10,67	10,14	9,60	9,07	8,56	8,03	7,52	7,01	5,66	0
09/04/2020 01:25:00	5,54	10,06	11,00	11,05	10,80	10,54	9,91	9,32	8,80	8,33	7,88	7,45	7,03	5,68	0
09/04/2020 01:30:00	5,58	10,07	10,93	11,19	10,85	10,45	9,95	9,41	8,88	8,39	7,90	7,44	6,98	5,70	0
09/04/2020 01:35:00	5,80	9,87	10,71	10,68	10,50	10,26	9,96	9,55	9,09	8,69	8,34	8,02	7,70	5,83	0
09/04/2020 01:40:00	5,43	10,01	10,95	11,38	11,19	10,70	10,10	9,51	8,97	8,45	7,90	7,37	6,84	5,55	0
09/04/2020 01:45:00	5,69	9,81	10,81	10,96	10,87	10,53	10,06	9,56	9,06	8,59	8,12	7,67	7,22	5,38	0
09/04/2020 01:50:00	5,31	9,91	10,86	11,15	11,06	10,56	10,02	9,47	8,95	8,45	7,95	7,46	6,97	5,43	0
09/04/2020 01:55:00	5,28	9,79	10,94	11,42	11,25	10,89	10,32	9,75	9,22	8,70	8,14	7,59	7,04	5,16	0
09/04/2020 02:00:00	5,01	9,93	11,06	11,36	11,15	10,70	10,23	9,69	9,13	8,61	8,07	7,57	7,06	5,10	0
09/04/2020 02:05:00	5,34	9,92	10,80	11,08	10,85	10,52	10,04	9,53	9,03	8,57	8,13	7,71	7,28	4,97	0
09/04/2020 02:10:00	5,38	9,82	10,78	11,09	10,90	10,54	10,09	9,59	9,09	8,63	8,17	7,72	7,27	5,10	0
09/04/2020 02:15:00	5,02	9,77	10,95	11,17	11,05	10,64	10,14	9,60	9,05	8,54	8,02	7,52	7,02	4,88	0
09/04/2020 02:20:00	5,08	9,66	10,74	11,01	10,89	10,57	10,04	9,50	8,99	8,51	8,03	7,56	7,10	4,84	0
09/04/2020 02:25:00	5,32	9,56	10,52	10,71	10,74	10,30	9,80	9,29	8,80	8,35	7,89	7,44	6,99	5,10	0
09/04/2020 02:30:00	5,02	9,55	10,45	10,72	10,56	10,20	9,70	9,18	8,68	8,23	7,79	7,36	6,94	4,99	0
09/04/2020 02:35:00	5,27	9,34	10,28	10,58	10,51	10,09	9,66	9,18	8,69	8,23	7,76	7,30	6,84	4,90	0
09/04/2020 02:40:00	5,12	9,25	10,06	10,45	10,33	9,95	9,50	9,03	8,56	8,12	7,69	7,26	6,83	4,77	0
09/04/2020 02:45:00	5,09	9,15	9,90	10,10	9,99	9,65	9,23	8,78	8,33	7,93	7,55	7,18	6,82	5,06	0
09/04/2020 02:50:00	5,35	9,03	9,76	10,11	9,98	9,74	9,33	8,90	8,48	8,10	7,74	7,37	7,01	4,96	0
09/04/2020 02:55:00	5,35	8,92	9,72	10,04	10,00	9,78	9,42	9,03	8,62	8,25	7,88	7,52	7,16	4,83	0
09/04/2020 03:00:00	5,17	8,46	9,19	9,52	9,53	9,26	8,93	8,55	8,16	7,80	7,45	7,10	6,75	4,78	0
09/04/2020 03:05:00	4,59	8,48	9,36	9,68	9,69	9,44	9,00	8,55	8,13	7,74	7,35	6,97	6,59	4,80	0
09/04/2020 03:10:00	5,08	8,34	9,15	9,36	9,36	9,12	8,70	8,27	7,85	7,47	7,09	6,71	6,33	4,60	0
09/04/2020 03:15:00	4,85	8,42	9,22	9,48	9,39	9,18	8,77	8,35	7,93	7,55	7,18	6,82	6,46	4,60	0
09/04/2020 03:20:00	4,62	8,48	9,37	9,66	9,70	9,40	9,04	8,64	8,21	7,82	7,44	7,07	6,69	4,59	0
09/04/2020 03:25:00	4,85	8,44	9,20	9,50	9,56	9,31	8,98	8,60	8,21	7,86	7,53	7,20	6,87	4,46	0
09/04/2020 03:30:00	4,63	8,43	9,28	9,61	9,62	9,41	9,06	8,67	8,27	7,91	7,57	7,24	6,90	4,39	0
09/04/2020 03:35:00	4,70	8,38	9,25	9,63	9,59	9,37	9,00	8,59	8,18	7,80	7,43	7,05	6,68	4,36	0
09/04/2020 03:40:00	4,35	8,15	9,05	9,45	9,38	9,15	8,75	8,33	7,90	7,51	7,12	6,74	6,35	4,48	0
09/04/2020 03:45:00	4,37	8,56	9,60	10,11	10,07	9,87	9,48	9,05	8,63	8,23	7,82	7,41	7,01	4,45	0
09/04/2020 03:50:00	4,39	8,52	9,56	10,07	10,05	9,81	9,46	9,05	8,62	8,21	7,79	7,38	6,97	4,43	0
09/04/2020 03:55:00	4,25	8,39	9,35	9,78	9,78	9,64	9,23	8,80	8,40	8,03	7,68	7,33	6,98	4,20	0
09/04/2020 04:00:00	4,53	8,19	9,25	9,70	9,80	9,62	9,26	8,87	8,47	8,09	7,69	7,29	6,89	4,08	0
09/04/2020 04:05:00	4,33	8,24	9,35	9,79	9,89	9,67	9,35	8,97	8,55	8,15	7,74	7,34	6,93	4,02	0
09/04/2020 04:10:00	3,99	8,37	9,55	10,07	10,09	9,86	9,51	9,10	8,65	8,23	7,79	7,36	6,94	3,75	0
09/04/2020 04:15:00	4,14	8,41	9,55	10,00	10,00	9,66	9,35	8,94	8,48	8,03	7,58	7,13	6,68	3,75	0
09/04/2020 04:20:00	4,17	8,28	9,38	9,91	9,91	9,75	9,33	8,89	8,47	8,06	7,65	7,24	6,83	3,90	0
09/04/2020 04:25:00	4,02	8,24	9,41	9,94	9,92	9,70	9,29	8,85	8,40	7,96	7,51	7,06	6,61	3,62	0
09/04/2020 04:30:00	3,72	7,96	9,10	9,61	9,71	9,39	8,97	8,51	8,07	7,63	7,18	6,74	6,29	3,57	0
09/04/2020 04:35:00	3,87	7,96	9,09	9,56	9,56	9,33	8,96	8,54	8,10	7,68	7,25	6,83	6,41	3,73	0
09/04/2020 04:40:00	3,61	8,05	9,18	9,60	9,66	9,46	9,11	8,70	8,27	7,87	7,48	7,10	6,72	3,61	0
09/04/2020 04:45:00	3,40	7,82	8,93	9,33	9,35	9,09	8,72	8,29	7,84	7,43	7,02	6,62	6,22	3,51	0
09/04/2020 04:50:00	3,61	7,97	9,06	9,45	9,33	9,12	8,72	8,27	7,80	7,37	6,96	6,55	6,15	3,58	0
09/04/2020 04:55:00	3,59	7,85	8,92	9,37	9,40	9,16	8,81	8,39	7,97	7,57	7,18	6,80	6,42	3,61	0
09/04/2020 05:00:00	4,33	7,67	8,55	8,95	9,08	8,97	8,68	8,34	7,99	7,68	7,37	7,06	6,75	3,92	0
09/04/2020 05:05:00	4,08	7,58	8,68	9,25	9,28	9,08	8,76	8,39	7,98	7,57	7,15	6,71	6,28	3,81	0
09/04/2020 05:10:00	3,93	7,62	8,68	9,11	9,24	8,97	8,73	8,40	7,99	7,60	7,21	6,82	6,44	3,70	0
09/04/2020 05:15:00	3,79	7,38	8,39	9,06	9,13	9,04	8,79	8,48	8,11	7,77	7,42	7,06	6,70	3,82	0
09/04/2020 05:20:00	3,71	7,42	8,52	9,02	9,16	9,02	8,72	8,37	7,98	7,62	7,25	6,88	6,51	3,71	0
09/04/2020 05:25:00	3,58	7,39	8,55	9,08	9,22	9,10	8,78	8,41	8,02	7,65	7,27	6,89	6,51	3,48	0
09/04/2020 05:30:00	3,55	7,33	8,42	9,02	9,18	9,05	8,82	8,50	8,14	7,79	7,44	7,09	6,74	3,45	0
09/04/2020 05:35:00	3,32	7,34	8,59	9,23	9,28	9,11	8,86	8,51	8,09	7,68	7,26	6,84	6,42	3,22	0
09/04/2020 05:40:00	3,61	7,35	8,46	9,04	9,22	9,05	8,84	8,53	8,15	7,79	7,42	7,05	6,68	3,11	0
09/04/2020 05:45:00	3,48	7,32	8,52	9,17	9,40	9,27	8,97	8,62	8,24	7,88	7,49	7,10	6,71	3,24	0
09/04/2020 05:50:00	3,40	7,00	8,00	8,59	8,84	8,77	8,46	8,13	7,81	7,51	7,21	6,90	6,58	3,28	0
09/04/2020 05:55:00	3,21	6,65	7,80	8,38	8,48	8,49	8,26	7,96	7,61	7,27	6,94	6,60	6,26	3,32	0
09/04/2020 06:00:00	3,16	6,76	7,96	8,55	8,62	8,52	8,24	7,89	7,50	7,12	6,73	6,33	5,94	3,33	0
09/04/2020 06:05:00	3,30	7,02	8,30	8,94	9,09	8,98	8,77	8,47	8,09	7,72	7,33	6,93	6,53	3,39	0
09/04/2020 06:10:00	3,02	7,08	8,37	9,03	9,17	9,07	8,76	8,40	8,01	7,64	7,24	6,85	6,45	3,10	0
09/04/2020 06:15:00	2,93	7,05	8,27	8,93	9,04	8,92	8,67	8,33	7,94	7,57	7,20	6,82	6,44	2,98	0
09/04/2020 06:20:00	2,94	7,04	8,32	8,94	9,10	8,92	8,62	8,25	7,85	7,46	7,05	6,64	6,23	2,91	0
09/04/2020 06:25:00	3,33	6,97	8,01	8,63	8,87	8,78	8,50	8,19	7,85	7,53	7,21	6,88	6,55	3,04	0
09/04/2020 06:30:00	3,63	7,00	7,85	8,45	8,59	8,55	8,29	8,00	7,68	7,40	7,13	6,84	6,56	3,35	0
09/04/2020 06:35:00	3,61	7,09	7,94	8,57	8,70	8,65	8,36	8,05	7,73	7,45	7,17	6,88	6,59	3,55	0
09/04/2020 06:40:00	4,17	7,05	7,78	8,52	8,72	8,68	8,49	8,26	7,99	7,75	7,49	7,22	6,94	3,83	0
09/04/2020 06:45:00	4,18	7,09	7,77	8,31	8,51	8,47	8,21	7,93	7,66	7,41	7,18	6,92	6,67	4,05	0
09/04/2020 06:50:00	4,46	7,11	7,67	8,21	8,44	8,33	8,17	7,95	7,70	7,47	7,26	7,03	6,79	4,25	0
09/04/2020 06:55:00	4,50	6,99	7,49	8,02	8,23	8,18	7,99	7,77	7,53	7,32	7,13	6,92	6,70	4,30	0
09/04/2020 07:00:00	4,63	7,06	7,46	7,92	8,08	8,06	7,84	7,60	7,36	7,17	7,00	6,82	6,63	4,50	0
09/04/2020 07:05:00	4,83	7,06	7,34	7,85	7,99	7,97	7,83	7,65	7,44	7,27	7,14	6,99	6,84	4,63	0
09/04/2020 07:10:00	4,79	6,86	7,09	7,41	7,60	7,57	7,38	7,17	6,95	6,79	6,67	6,54	6,40	4,75	0
09/04/2020 07:15:00	4,88	7,03	7,23	7,58	7,68	7,60	7,46	7,27	7,04	6,87	6,74	6,59	6,45	4,96	0
09/04/2020 07:20:00	5,08	7,03	7,20	7,54	7,67	7,59	7,39	7,17	6,95	6,77	6,64	6,48	6,32	5,00	0
09/04/2020 07:25:00	5,36	7,06	7,08	7,37	7,53	7,46	7,27	7,08	6,88	6,74	6,65	6,54	6,42	5,16	0
09/04/2020 07:30:00	5,62	7,21	7,15	7,45	7,49	7,41	7,18	6,95	6,75	6,59	6,47	6,34	6,20	5,33	0
09/04/2020 07:35:00	5,93	7,30	7,22	7,45	7,47	7,36	7,21	7,03	6,83	6,67	6,57	6,44	6,31	5,41	0
09/04/2020 07:40:00	6,23	7,41	7,29	7,49	7,61	7,50	7,23	7,00	6,81	6,66	6,54	6,41	6,27	5,81	0
09/04/2020 07:45:00	6,48	7,47	7,28	7,45	7,41	7,41	7,27	7,11	6,94	6,81	6,75	6,66	6,57	5,78	0
09/04/2020 07:50:00	6,82	7,56	7,26	7,34	7,48	7,45	7,24	7,06	6,91	6,81	6,77	6,70	6,63	6,06	0
09/04/2020 07:55:00	7,15	7,68	7,26	7,29	7,33	7,25	7,12	6,98	6,83	6,74	6,71	6,66	6,61	6,24	0
09/04/2020 08:00:00	7,66	7,70	7,25	7,33	7,33	7,29	7,16	7,03	6,89	6,80	6,75	6,67	6,59	6,61	0
09/04/2020 08:05:00	7,89	7,80	7,31	7,38	7,42	7,32	7,15	7,01	6,87	6,76	6,70	6,60	6,50	6,73	0
09/04/2020 08:10:00	8,23	7,88	7,31	7,31	7,16	7,09	6,88	6,70	6,54	6,41	6,32	6,20	6,08	6,75	0
09/04/2020 08:15:00	8,26	7,96	7,27	7,17	7,09	7,06	6,90	6,76	6,63	6,56	6,55	6,51	6,48	6,67	0
09/04/2020 08:20:00	8,45	8,12	7,47	7,33	7,25	7,06	6,96	6,84	6,68	6,58	6,53	6,46	6,39	7,00	0
09/04/2020 08:25:00	8,83	8,22	7,48	7,36	7,37	7,32	7,12	6,97	6,86	6,79	6,77	6,72	6,67	7,29	0
09/04/2020 08:30:00	9,16	8,18	7,39	7,33	7,35	7,26	7,13	7,03	6,93	6,86	6,84	6,78	6,72	7,65	0
09/04/2020 08:35:00	9,44	8,47	7,61	7,38	7,17	6,96	6,77	6,60	6,44	6,31	6,23	6,13	6,03	7,60	0
09/04/2020 08:40:00	9,90	8,39	7,41	7,12	6,97	6,94	6,78	6,66	6,56	6,51	6,51	6,48	6,45	7,39	0
09/04/2020 08:45:00	9,52	8,57	7,71	7,43	7,12	6,96	6,72	6,51	6,33	6,19	6,11	6,00	5,89	7,58	0
09/04/2020 08:50:00	10,11	8,59	7,64	7,36	7,13	6,85	6,62	6,43	6,25	6,10	5,98	5,83	5,68	8,01	0
09/04/2020 08:55:00	10,42	8,88	7,88	7,50	7,18	6,97	6,69	6,47	6,29	6,14	6,04	5,91	5,78	8,02	0
09/04/2020 09:00:00	10,56	8,90	7,89	7,50	7,25	7,00	6,73	6,52	6,35	6,20	6,09	5,96	5,82	8,13	0
09/04/2020 09:05:00	10,51	9,03	8,02	7,59	7,26	7,00	6,83	6,67	6,49	6,35	6,27	6,17	6,07	8,32	0
09/04/2020 09:10:00	11,04	9,13	8,04	7,60	7,37	7,13	6,94	6,78	6,64	6,52	6,45	6,35	6,26	8,52	0
09/04/2020 09:15:00	10,98	9,24	8,26	8,02	7,83	7,56	7,34	7,16	7,00	6,85	6,72	6,55	6,37	8,63	0
09/04/2020 09:20:00	11,23	9,54	8,46	7,98	7,63	7,35	7,07	6,84	6,65	6,49	6,37	6,23	6,09	8,91	0
09/04/2020 09:25:00	11,20	9,52	8,53	8,15	7,84	7,51	7,23	7,00	6,80	6,61	6,45	6,26	6,07	9,07	0
09/04/2020 09:30:00	11,51	9,83	8,79	8,36	8,02	7,65	7,28	7,00	6,78	6,57	6,37	6,15	5,93	9,16	0
09/04/2020 09:35:00	11,62	9,87	8,72	8,26	7,88	7,61	7,29	7,04	6,86	6,70	6,57	6,43	6,28	9,17	0
09/04/2020 09:40:00	11,62	10,01	8,88	8,31	7,83	7,41	7,07	6,78	6,54	6,32	6,15	5,96	5,76	9,62	0
09/04/2020 09:45:00	12,00	9,89	8,75	8,23	7,85	7,53	7,22	6,98	6,78	6,59	6,44	6,26	6,08	9,12	0
09/04/2020 09:50:00	12,22	9,99	8,78	8,27	7,92	7,63	7,33	7,10	6,92	6,76	6,63	6,47	6,32	9,33	0
09/04/2020 09:55:00	12,64	10,23	8,91	8,24	7,83	7,48	7,11	6,84	6,65	6,48	6,34	6,17	6,01	10,12	1
09/04/2020 10:00:00	12,72	10,37	9,06	8,42	8,01	7,62	7,29	7,03	6,83	6,65	6,50	6,34	6,17	10,25	1
09/04/2020 10:05:00	12,45	10,40	9,26	8,68	8,23	7,82	7,49	7,22	6,98	6,77	6,58	6,37	6,16	10,09	0
09/04/2020 10:10:00	13,04	10,84	9,59	9,02	8,43	7,92	7,50	7,16	6,89	6,62	6,35	6,07	5,79	10,34	1
09/04/2020 10:15:00	13,57	10,88	9,48	8,87	8,42	7,97	7,59	7,30	7,09	6,87	6,67	6,44	6,20	11,24	1
09/04/2020 10:20:00	13,25	10,93	9,85	9,31	8,87	8,41	8,00	7,67	7,41	7,14	6,85	6,54	6,22	11,06	1
09/04/2020 10:25:00	13,70	11,17	9,94	9,30	8,83	8,39	7,96	7,63	7,39	7,14	6,89	6,62	6,34	11,35	1
09/04/2020 10:30:00	13,85	11,41	10,19	9,67	9,21	8,71	8,27	7,95	7,69	7,41	7,13	6,81	6,49	11,44	1
09/04/2020 10:35:00	14,03	11,83	10,61	9,97	9,41	8,79	8,24	7,82	7,49	7,15	6,79	6,42	6,04	11,57	1
09/04/2020 10:40:00	13,71	11,48	10,33	9,77	9,27	8,77	8,34	8,00	7,72	7,44	7,15	6,83	6,51	11,93	1
09/04/2020 10:45:00	13,57	11,58	10,33	9,74	9,24	8,69	8,22	7,86	7,58	7,31	7,04	6,74	6,45	11,84	1
09/04/2020 10:50:00	13,46	12,06	11,02	10,31	9,68	9,02	8,51	8,08	7,72	7,38	7,04	6,69	6,34	11,56	0
09/04/2020 10:55:00	13,60	11,81	10,61	9,91	9,31	8,80	8,33	7,96	7,66	7,39	7,13	6,86	6,59	11,50	1
09/04/2020 11:00:00	14,55	11,69	10,38	9,74	9,27	8,93	8,57	8,31	8,10	7,90	7,70	7,47	7,24	11,97	1
09/04/2020 11:05:00	14,45	12,14	10,81	10,11	9,49	8,92	8,41	8,03	7,73	7,42	7,12	6,80	6,48	12,09	1
09/04/2020 11:10:00	14,66	12,13	10,89	10,25	9,70	9,20	8,78	8,45	8,18	7,90	7,62	7,31	7,00	12,16	1
09/04/2020 11:15:00	14,88	12,29	10,89	10,19	9,54	8,93	8,48	8,12	7,83	7,54	7,24	6,92	6,60	12,09	1
09/04/2020 11:20:00	14,32	12,20	10,89	10,27	9,71	9,22	8,79	8,45	8,19	7,93	7,68	7,41	7,14	11,80	1
09/04/2020 11:25:00	14,44	12,14	10,69	10,02	9,49	8,99	8,56	8,24	7,99	7,76	7,54	7,30	7,06	11,79	1
09/04/2020 11:30:00	14,87	12,31	10,95	10,27	9,74	9,25	8,78	8,42	8,16	7,89	7,61	7,31	7,00	12,52	1
09/04/2020 11:35:00	14,95	12,24	10,87	10,19	9,63	9,15	8,72	8,39	8,14	7,88	7,62	7,34	7,05	12,14	1
09/04/2020 11:40:00	14,90	12,31	10,94	10,12	9,46	8,96	8,53	8,19	7,92	7,66	7,42	7,17	6,91	12,26	1
09/04/2020 11:45:00	14,43	12,33	11,07	10,27	9,66	9,06	8,55	8,15	7,84	7,54	7,24	6,94	6,63	11,95	1
09/04/2020 11:50:00	15,32	12,36	10,81	10,04	9,44	9,01	8,60	8,30	8,08	7,86	7,66	7,43	7,20	12,57	1
09/04/2020 11:55:00	15,61	12,77	11,30	10,65	10,07	9,42	8,91	8,52	8,23	7,90	7,56	7,18	6,80	12,59	1
09/04/2020 12:00:00	14,27	12,56	11,15	10,49	9,95	9,38	8,93	8,57	8,30	8,06	7,84	7,60	7,36	12,40	1
09/04/2020 12:05:00	14,92	12,68	11,19	10,50	9,95	9,44	9,03	8,71	8,47	8,25	8,05	7,83	7,60	12,69	1
09/04/2020 12:10:00	15,17	12,88	11,60	10,98	10,37	9,86	9,38	9,01	8,72	8,42	8,11	7,78	7,44	13,13	1
09/04/2020 12:15:00	15,07	12,88	11,54	10,81	10,16	9,62	9,17	8,82	8,53	8,24	7,97	7,69	7,40	12,84	1
09/04/2020 12:20:00	15,03	12,74	11,42	10,72	10,16	9,61	9,17	8,82	8,55	8,27	8,01	7,72	7,43	12,62	1
09/04/2020 12:25:00	15,73	12,83	11,28	10,53	10,01	9,58	9,17	8,88	8,67	8,46	8,27	8,04	7,82	13,35	1
09/04/2020 12:30:00	15,99	13,14	11,74	11,15	10,63	10,19	9,73	9,40	9,15	8,88	8,58	8,25	7,92	13,26	1
09/04/2020 12:35:00	15,49	12,97	11,44	10,80	10,27	9,79	9,38	9,08	8,85	8,63	8,42	8,17	7,93	13,19	1
09/04/2020 12:40:00	15,62	12,93	11,58	10,95	10,33	9,82	9,38	9,05	8,78	8,49	8,19	7,86	7,54	13,24	1
09/04/2020 12:45:00	15,61	13,25	12,02	11,25	10,65	10,08	9,57	9,18	8,86	8,52	8,18	7,81	7,45	13,15	1
09/04/2020 12:50:00	15,45	13,47	12,42	11,72	11,20	10,58	10,02	9,57	9,22	8,84	8,43	8,00	7,57	13,19	1
09/04/2020 12:55:00	15,24	13,37	12,40	11,84	11,34	10,76	10,20	9,77	9,42	9,03	8,60	8,14	7,69	13,57	1
09/04/2020 13:00:00	15,76	13,37	12,27	11,66	11,20	10,77	10,36	10,04	9,76	9,47	9,16	8,81	8,47	14,00	1
09/04/2020 13:05:00	15,82	13,61	12,45	11,86	11,32	10,83	10,41	10,06	9,77	9,46	9,12	8,77	8,41	14,27	1
09/04/2020 13:10:00	14,71	13,55	12,53	11,89	11,34	10,77	10,21	9,75	9,39	9,03	8,66	8,27	7,89	13,87	0
09/04/2020 13:15:00	14,07	14,01	13,04	12,36	11,67	11,04	10,36	9,82	9,40	9,00	8,62	8,23	7,85	13,45	0
09/04/2020 13:20:00	13,64	14,29	13,16	12,44	11,68	10,87	10,12	9,51	9,06	8,64	8,26	7,89	7,52	13,63	0
09/04/2020 13:25:00	13,55	14,49	13,44	12,79	12,02	11,30	10,62	10,06	9,62	9,24	8,91	8,58	8,26	13,69	0
09/04/2020 13:30:00	14,07	14,57	13,31	12,42	11,60	10,73	9,97	9,36	8,90	8,50	8,16	7,82	7,49	13,97	0
09/04/2020 13:35:00	14,48	14,01	12,74	12,08	11,38	10,65	10,01	9,51	9,13	8,79	8,46	8,12	7,79	13,64	0
09/04/2020 13:40:00	14,95	13,80	12,53	11,84	11,28	10,67	10,08	9,63	9,30	8,98	8,67	8,34	8,01	13,70	0
09/04/2020 13:45:00	15,22	13,76	12,45	11,62	11,04	10,49	9,97	9,57	9,26	8,98	8,72	8,46	8,19	13,37	1
09/04/2020 13:50:00	15,09	13,54	12,39	11,75	11,11	10,48	9,98	9,58	9,24	8,90	8,56	8,20	7,85	13,50	1
09/04/2020 13:55:00	15,78	13,86	12,57	11,90	11,32	10,75	10,24	9,85	9,55	9,24	8,93	8,59	8,25	14,03	1
09/04/2020 14:00:00	15,48	13,76	12,56	11,96	11,45	10,94	10,47	10,11	9,82	9,54	9,25	8,93	8,62	14,89	1
09/04/2020 14:05:00	16,27	13,96	12,40	11,65	11,05	10,46	10,04	9,72	9,46	9,22	8,99	8,74	8,49	14,01	1
09/04/2020 14:10:00	16,02	13,78	12,47	11,76	11,21	10,68	10,21	9,84	9,56	9,26	8,96	8,64	8,32	14,12	1
09/04/2020 14:15:00	16,03	13,98	12,57	11,89	11,33	10,83	10,42	10,11	9,86	9,63	9,42	9,18	8,94	14,37	1
09/04/2020 14:20:00	15,95	14,16	12,88	12,25	11,60	11,01	10,51	10,12	9,80	9,49	9,16	8,82	8,47	14,14	1
09/04/2020 14:25:00	16,13	14,44	13,23	12,51	11,86	11,21	10,68	10,25	9,90	9,56	9,20	8,82	8,45	14,49	1
09/04/2020 14:30:00	15,64	14,35	13,30	12,71	12,10	11,49	10,92	10,46	10,10	9,73	9,34	8,92	8,51	14,40	0
09/04/2020 14:35:00	15,51	14,16	12,99	12,39	11,86	11,31	10,77	10,36	10,04	9,72	9,40	9,05	8,70	14,25	0
09/04/2020 14:40:00	15,65	14,24	12,99	12,33	11,78	11,29	10,81	10,44	10,15	9,88	9,62	9,35	9,07	14,42	0
09/04/2020 14:45:00	15,73	14,79	13,71	13,07	12,43	11,79	11,21	10,74	10,37	10,00	9,62	9,23	8,83	14,87	0
09/04/2020 14:50:00	15,80	14,58	13,50	12,81	12,16	11,51	10,93	10,46	10,09	9,71	9,32	8,92	8,51	14,77	0
09/04/2020 14:55:00	15,60	14,43	13,27	12,64	12,10	11,52	11,00	10,60	10,28	9,96	9,65	9,32	8,99	14,89	0
09/04/2020 15:00:00	15,72	14,27	13,12	12,53	12,02	11,55	11,07	10,70	10,42	10,14	9,85	9,55	9,24	14,45	0
09/04/2020 15:05:00	15,75	14,48	13,39	12,76	12,19	11,59	11,04	10,60	10,26	9,91	9,55	9,18	8,80	14,59	0
09/04/2020 15:10:00	15,34	14,55	13,54	12,93	12,37	11,76	11,23	10,79	10,43	10,09	9,74	9,37	9,01	14,44	0
09/04/2020 15:15:00	15,57	14,78	13,74	13,12	12,49	11,87	11,27	10,80	10,42	10,05	9,67	9,27	8,88	14,65	0
09/04/2020 15:20:00	15,20	14,37	13,48	12,87	12,32	11,75	11,20	10,76	10,40	10,04	9,67	9,29	8,91	14,52	0
09/04/2020 15:25:00	15,34	14,61	13,59	13,01	12,45	11,83	11,24	10,77	10,40	10,04	9,66	9,26	8,87	14,37	0
09/04/2020 15:30:00	15,21	14,59	13,77	13,16	12,53	11,93	11,37	10,91	10,52	10,13	9,74	9,33	8,93	14,59	0
09/04/2020 15:35:00	14,97	14,63	13,78	13,22	12,64	12,05	11,46	10,97	10,59	10,20	9,81	9,41	9,00	14,55	0
09/04/2020 15:40:00	15,07	14,70	13,87	13,27	12,71	12,10	11,54	11,07	10,69	10,32	9,94	9,55	9,16	14,64	0
09/04/2020 15:45:00	14,54	14,69	14,02	13,52	12,97	12,34	11,75	11,26	10,84	10,44	10,02	9,59	9,16	14,45	0
09/04/2020 15:50:00	14,49	14,72	14,09	13,53	12,95	12,32	11,72	11,20	10,78	10,37	9,94	9,52	9,09	14,64	0
09/04/2020 15:55:00	14,75	14,83	14,15	13,57	12,94	12,29	11,62	11,07	10,63	10,19	9,74	9,27	8,81	14,53	0
09/04/2020 16:00:00	15,15	14,81	14,07	13,50	12,91	12,33	11,76	11,29	10,90	10,51	10,11	9,70	9,29	14,84	0
09/04/2020 16:05:00	15,53	15,07	14,22	13,63	13,05	12,40	11,79	11,29	10,89	10,49	10,07	9,63	9,20	14,92	0
09/04/2020 16:10:00	14,93	14,78	14,04	13,52	12,94	12,42	11,86	11,39	11,01	10,63	10,26	9,87	9,48	14,94	0
09/04/2020 16:15:00	15,23	14,92	14,02	13,41	12,77	12,11	11,53	11,05	10,65	10,26	9,87	9,47	9,07	14,90	0
09/04/2020 16:20:00	15,09	14,88	14,13	13,65	13,09	12,42	11,85	11,37	10,96	10,55	10,11	9,66	9,21	14,79	0
09/04/2020 16:25:00	15,10	15,04	14,22	13,65	13,04	12,38	11,80	11,30	10,90	10,50	10,10	9,69	9,28	15,05	0
09/04/2020 16:30:00	14,66	14,95	14,40	13,85	13,26	12,58	11,94	11,39	10,94	10,48	10,01	9,53	9,05	14,61	0
09/04/2020 16:35:00	14,84	14,96	14,34	13,78	13,20	12,58	11,97	11,45	11,03	10,61	10,17	9,73	9,29	14,79	0
09/04/2020 16:40:00	14,98	15,09	14,42	13,91	13,29	12,62	12,02	11,50	11,07	10,64	10,18	9,72	9,26	14,87	0
09/04/2020 16:45:00	15,24	15,05	14,31	13,78	13,21	12,61	12,04	11,56	11,16	10,76	10,34	9,92	9,49	15,14	0
09/04/2020 16:50:00	14,68	15,01	14,35	13,83	13,25	12,62	12,03	11,52	11,10	10,69	10,27	9,85	9,43	15,09	0
09/04/2020 16:55:00	15,07	15,18	14,48	13,94	13,33	12,66	12,09	11,59	11,17	10,76	10,33	9,90	9,47	15,14	0
09/04/2020 17:00:00	14,40	15,17	14,74	14,27	13,74	13,10	12,43	11,87	11,41	10,95	10,46	9,97	9,48	14,90	0
09/04/2020 17:05:00	14,99	15,29	14,68	14,14	13,52	12,90	12,33	11,83	11,41	10,99	10,57	10,14	9,72	15,43	0
09/04/2020 17:10:00	14,98	15,25	14,52	13,97	13,37	12,73	12,12	11,60	11,18	10,77	10,35	9,93	9,51	15,55	0
09/04/2020 17:15:00	14,61	15,31	14,69	14,15	13,53	12,77	12,10	11,52	11,05	10,58	10,09	9,61	9,12	15,29	0
09/04/2020 17:20:00	14,60	15,38	14,86	14,32	13,68	13,04	12,35	11,76	11,29	10,82	10,34	9,86	9,38	15,18	0
09/04/2020 17:25:00	14,71	15,44	14,90	14,37	13,76	13,10	12,43	11,87	11,40	10,95	10,47	10,00	9,53	15,30	0
09/04/2020 17:30:00	14,25	15,28	14,90	14,44	13,81	13,13	12,49	11,92	11,44	10,96	10,46	9,96	9,47	15,14	0
09/04/2020 17:35:00	14,17	15,55	15,29	14,86	14,30	13,61	12,94	12,35	11,85	11,36	10,84	10,32	9,80	14,95	0
09/04/2020 17:40:00	13,86	15,69	15,55	15,12	14,54	13,80	13,09	12,46	11,92	11,39	10,83	10,28	9,73	15,02	0
09/04/2020 17:45:00	14,09	15,54	15,32	14,85	14,26	13,56	12,89	12,30	11,79	11,30	10,78	10,27	9,75	14,94	0
09/04/2020 17:50:00	14,04	15,92	15,81	15,42	14,79	14,04	13,34	12,71	12,16	11,62	11,04	10,47	9,90	14,94	0
09/04/2020 17:55:00	14,20	16,20	16,22	15,82	15,26	14,51	13,78	13,13	12,57	12,00	11,39	10,79	10,18	14,89	0
09/04/2020 18:00:00	14,23	16,50	16,54	16,13	15,55	14,79	14,08	13,43	12,87	12,31	11,71	11,13	10,55	14,72	0
09/04/2020 18:05:00	14,28	16,46	16,49	16,16	15,54	14,85	14,15	13,52	12,97	12,41	11,83	11,24	10,66	14,80	0
09/04/2020 18:10:00	14,74	16,82	16,84	16,43	15,87	15,16	14,43	13,78	13,22	12,67	12,07	11,47	10,88	14,84	0
09/04/2020 18:15:00	14,83	16,93	16,99	16,60	16,02	15,34	14,65	14,02	13,48	12,93	12,34	11,77	11,19	14,82	0
09/04/2020 18:20:00	14,73	16,94	17,04	16,68	16,12	15,42	14,68	14,02	13,46	12,89	12,26	11,65	11,03	14,71	0
09/04/2020 18:25:00	14,60	17,12	17,29	16,97	16,36	15,67	14,93	14,27	13,70	13,12	12,49	11,87	11,26	14,77	0
09/04/2020 18:30:00	14,94	17,28	17,43	17,13	16,54	15,82	15,10	14,45	13,87	13,28	12,64	12,00	11,36	14,70	0
09/04/2020 18:35:00	14,52	17,63	17,90	17,56	16,93	16,13	15,36	14,65	14,03	13,40	12,73	12,07	11,42	14,66	0
09/04/2020 18:40:00	14,77	17,45	17,69	17,40	16,81	16,08	15,38	14,72	14,14	13,55	12,90	12,27	11,63	14,59	0
09/04/2020 18:45:00	14,71	17,33	17,57	17,30	16,74	16,06	15,34	14,68	14,11	13,52	12,88	12,25	11,62	14,66	0
09/04/2020 18:50:00	14,47	17,44	17,78	17,51	16,93	16,16	15,37	14,65	14,03	13,39	12,69	12,01	11,32	14,70	0
09/04/2020 18:55:00	14,69	17,40	17,65	17,34	16,73	16,01	15,27	14,59	13,99	13,39	12,74	12,09	11,45	14,60	0
09/04/2020 19:00:00	14,32	17,36	17,72	17,43	16,86	16,12	15,41	14,74	14,14	13,54	12,88	12,25	11,61	14,47	0
09/04/2020 19:05:00	14,36	17,35	17,71	17,42	16,89	16,18	15,43	14,74	14,14	13,54	12,88	12,23	11,58	14,49	0
09/04/2020 19:10:00	14,34	17,26	17,71	17,45	16,95	16,26	15,51	14,82	14,21	13,59	12,90	12,22	11,54	14,47	0
09/04/2020 19:15:00	14,40	17,65	18,08	17,82	17,27	16,55	15,80	15,10	14,49	13,86	13,19	12,52	11,86	14,46	0
09/04/2020 19:20:00	14,86	17,46	17,86	17,64	17,18	16,49	15,77	15,11	14,52	13,91	13,23	12,55	11,86	14,48	0
09/04/2020 19:25:00	14,13	17,63	18,10	17,85	17,29	16,56	15,81	15,11	14,48	13,86	13,19	12,53	11,87	14,50	0
09/04/2020 19:30:00	14,17	17,51	18,02	17,76	17,25	16,58	15,82	15,12	14,51	13,90	13,23	12,57	11,91	14,17	0
09/04/2020 19:35:00	14,47	17,36	17,88	17,64	17,15	16,45	15,71	15,04	14,43	13,80	13,09	12,40	11,70	14,29	0
09/04/2020 19:40:00	14,48	17,36	17,82	17,55	17,02	16,32	15,63	14,97	14,37	13,76	13,09	12,43	11,77	14,19	0
09/04/2020 19:45:00	13,84	17,43	18,04	17,83	17,29	16,57	15,79	15,06	14,42	13,76	13,03	12,33	11,62	14,12	0
09/04/2020 19:50:00	14,11	17,25	17,77	17,54	17,05	16,41	15,69	15,02	14,42	13,81	13,15	12,49	11,84	14,18	0
09/04/2020 19:55:00	13,93	17,31	17,83	17,57	17,04	16,36	15,63	14,94	14,33	13,72	13,06	12,42	11,78	13,99	0
09/04/2020 20:00:00	13,81	17,57	18,23	18,04	17,50	16,79	16,00	15,27	14,62	13,96	13,23	12,53	11,82	14,01	0
09/04/2020 20:05:00	13,15	17,65	18,41	18,24	17,67	16,93	16,11	15,33	14,65	13,97	13,23	12,52	11,80	13,70	0
09/04/2020 20:10:00	13,00	17,70	18,53	18,38	17,81	16,98	16,16	15,37	14,65	13,93	13,15	12,40	11,64	13,81	0
09/04/2020 20:15:00	13,18	17,52	18,28	18,13	17,57	16,80	16,01	15,25	14,57	13,88	13,13	12,40	11,67	13,64	0
09/04/2020 20:20:00	13,32	17,43	18,19	18,03	17,51	16,79	16,02	15,30	14,64	13,97	13,24	12,54	11,83	13,62	0
09/04/2020 20:25:00	12,75	17,95	18,80	18,66	18,13	17,31	16,46	15,66	14,94	14,24	13,47	12,74	12,01	13,50	0
09/04/2020 20:30:00	13,48	17,96	18,78	18,67	18,15	17,44	16,66	15,92	15,25	14,58	13,85	13,14	12,42	13,42	0
09/04/2020 20:35:00	13,67	17,91	18,71	18,59	18,03	17,29	16,53	15,80	15,14	14,46	13,71	12,99	12,27	13,37	0
09/04/2020 20:40:00	14,00	18,03	18,88	18,83	18,36	17,67	16,96	16,27	15,62	14,96	14,21	13,48	12,75	13,29	0
09/04/2020 20:45:00	13,24	18,21	19,19	19,13	18,67	17,90	17,08	16,31	15,61	14,89	14,11	13,34	12,58	13,19	0
09/04/2020 20:50:00	13,37	17,99	18,95	18,99	18,60	17,90	17,18	16,48	15,82	15,15	14,39	13,66	12,92	13,24	0
09/04/2020 20:55:00	14,15	18,03	18,69	18,54	18,11	17,42	16,75	16,09	15,48	14,87	14,20	13,55	12,90	13,34	0
09/04/2020 21:00:00	13,67	18,08	18,88	18,78	18,29	17,54	16,83	16,12	15,47	14,81	14,09	13,39	12,69	12,97	0
09/04/2020 21:05:00	13,96	17,89	18,67	18,56	18,18	17,57	16,87	16,21	15,60	14,98	14,30	13,63	12,97	13,44	0
09/04/2020 21:10:00	13,27	18,07	19,07	19,00	18,56	17,84	17,11	16,39	15,71	15,03	14,29	13,56	12,84	13,06	0
09/04/2020 21:15:00	14,22	17,81	18,51	18,44	18,01	17,40	16,77	16,15	15,56	14,97	14,31	13,66	13,01	13,29	0
09/04/2020 21:20:00	13,88	17,92	18,69	18,63	18,21	17,56	16,84	16,16	15,54	14,90	14,20	13,51	12,82	13,25	0
09/04/2020 21:25:00	14,90	17,76	18,22	18,06	17,67	17,09	16,46	15,87	15,33	14,78	14,17	13,56	12,95	13,38	0
09/04/2020 21:30:00	14,58	17,62	18,20	18,14	17,76	17,20	16,62	16,05	15,50	14,94	14,32	13,70	13,08	13,31	0
09/04/2020 21:35:00	14,87	17,62	18,10	17,98	17,62	17,10	16,49	15,91	15,39	14,85	14,24	13,63	13,03	13,15	0
09/04/2020 21:40:00	14,98	17,53	18,02	17,91	17,54	17,07	16,47	15,92	15,40	14,87	14,27	13,66	13,06	13,36	0
09/04/2020 21:45:00	14,88	17,68	18,20	18,07	17,68	17,14	16,50	15,90	15,36	14,80	14,16	13,53	12,90	13,09	0
09/04/2020 21:50:00	14,69	17,69	18,23	18,11	17,76	17,19	16,61	16,04	15,50	14,95	14,35	13,74	13,14	13,29	0
09/04/2020 21:55:00	14,66	17,70	18,24	18,12	17,71	17,15	16,53	15,93	15,38	14,82	14,20	13,58	12,96	12,95	0
09/04/2020 22:00:00	14,39	17,73	18,22	18,07	17,66	17,06	16,46	15,87	15,31	14,77	14,17	13,59	13,01	13,19	0
09/04/2020 22:05:00	14,55	17,71	18,26	18,13	17,73	17,18	16,54	15,93	15,38	14,83	14,21	13,60	12,99	12,95	0
09/04/2020 22:10:00	14,69	17,59	18,11	17,98	17,57	17,03	16,41	15,83	15,29	14,73	14,12	13,50	12,89	13,23	0
09/04/2020 22:15:00	14,79	17,59	18,12	17,97	17,52	16,96	16,29	15,67	15,11	14,53	13,88	13,23	12,57	13,09	0
09/04/2020 22:20:00	13,95	17,41	17,98	17,81	17,35	16,71	16,01	15,34	14,75	14,14	13,48	12,84	12,19	13,00	0
09/04/2020 22:25:00	14,00	16,88	17,39	17,30	16,82	16,24	15,64	15,06	14,51	13,94	13,32	12,70	12,08	13,00	0
09/04/2020 22:30:00	14,15	16,93	17,34	17,19	16,77	16,11	15,46	14,85	14,29	13,72	13,08	12,45	11,82	13,04	0
09/04/2020 22:35:00	14,33	16,84	17,19	16,97	16,48	15,83	15,16	14,54	13,98	13,40	12,76	12,12	11,49	13,06	0
09/04/2020 22:40:00	14,39	16,80	17,09	16,83	16,33	15,67	15,01	14,40	13,84	13,28	12,66	12,04	11,43	12,91	0
09/04/2020 22:45:00	14,00	16,51	16,79	16,46	15,90	15,20	14,48	13,82	13,23	12,65	12,01	11,38	10,75	12,94	0
09/04/2020 22:50:00	14,15	16,33	16,53	16,22	15,73	15,05	14,34	13,70	13,14	12,57	11,95	11,33	10,71	12,75	0
09/04/2020 22:55:00	14,18	16,21	16,40	16,08	15,50	14,78	14,10	13,48	12,91	12,33	11,70	11,07	10,45	12,67	0
09/04/2020 23:00:00	14,25	16,04	16,15	15,87	15,33	14,67	13,99	13,37	12,83	12,28	11,66	11,05	10,44	12,54	0
09/04/2020 23:05:00	13,85	15,62	15,73	15,41	14,84	14,16	13,49	12,87	12,33	11,77	11,17	10,57	9,97	12,43	0
09/04/2020 23:10:00	12,96	14,98	15,18	14,92	14,43	13,85	13,28	12,73	12,23	11,72	11,19	10,67	10,14	12,05	0
09/04/2020 23:15:00	12,65	14,59	14,84	14,52	14,04	13,54	12,99	12,46	11,97	11,49	10,99	10,50	10,02	11,56	0
09/04/2020 23:20:00	12,63	14,57	14,81	14,54	14,11	13,67	13,14	12,63	12,17	11,72	11,25	10,78	10,31	11,50	0
09/04/2020 23:25:00	12,40	14,31	14,53	14,33	13,97	13,49	12,91	12,38	11,91	11,43	10,93	10,42	9,92	11,46	0
09/04/2020 23:30:00	12,08	14,08	14,37	14,16	13,71	13,22	12,65	12,11	11,62	11,13	10,61	10,10	9,59	11,48	0
09/04/2020 23:35:00	12,29	14,05	14,29	14,07	13,75	13,25	12,72	12,23	11,77	11,30	10,81	10,31	9,82	11,48	0
09/04/2020 23:40:00	12,22	14,27	14,56	14,35	13,94	13,49	12,90	12,36	11,88	11,40	10,89	10,39	9,88	11,29	0
09/04/2020 23:45:00	12,29	14,39	14,70	14,44	13,96	13,38	12,77	12,19	11,67	11,14	10,57	10,01	9,46	11,44	0
09/04/2020 23:50:00	12,17	14,03	14,18	13,94	13,51	13,01	12,44	11,91	11,43	10,96	10,46	9,97	9,48	11,42	0
09/04/2020 23:55:00	11,61	13,75	14,03	13,77	13,33	12,75	12,21	11,69	11,18	10,69	10,18	9,67	9,17	11,58	0
