FileFormat:0002.2 file with temperature of atmosphere
200
local	GMT or Local
0	GMT-Local=[hours]
0	Height[m]
0	0	0	Longitude                [grd]               [min]               [sec]
0	0	0	Latitude                [grd]               [min]               [sec]
N	NS
59,40	Freq[GHz]
0,00	dTemostat[K]
0,150	MessErr[K]
0,248	//[grad/step]
version 14.0.20110218
MTP5H033F5940K-33.00D180214+A1.1
Commentary:
enter comment
End Of Commentary

SYSTEM\summer.dat
data time	0	50	100	150	200	250	300	350	400	450	500	550	600	OutsideTemperature	Quality
01/11/2020 00:00:00	6,70	6,54	6,24	5,86	5,58	5,22	4,88	4,56	4,25	3,98	3,75	3,52	3,30	6,73	0
01/11/2020 00:05:00	6,69	6,49	6,15	5,87	5,61	5,28	4,95	4,65	4,36	4,11	3,89	3,67	3,45	6,68	0
01/11/2020 00:10:00	6,69	6,53	6,19	5,92	5,57	5,31	4,97	4,66	4,37	4,12	3,91	3,69	3,47	6,72	0
01/11/2020 00:15:00	6,70	6,53	6,20	5,87	5,56	5,29	4,91	4,57	4,28	4,02	3,80	3,58	3,36	6,76	0
01/11/2020 00:20:00	6,71	6,57	6,24	5,89	5,57	5,24	4,90	4,58	4,28	4,01	3,79	3,57	3,35	6,70	0
01/11/2020 00:25:00	6,72	6,58	6,24	5,89	5,53	5,22	4,89	4,57	4,27	4,00	3,78	3,57	3,35	6,68	0
01/11/2020 00:30:00	6,68	6,59	6,26	5,94	5,57	5,15	4,84	4,52	4,19	3,90	3,65	3,40	3,15	6,76	0
01/11/2020 00:35:00	6,70	6,56	6,19	5,87	5,52	5,20	4,89	4,59	4,29	4,03	3,82	3,61	3,41	6,72	0
01/11/2020 00:40:00	6,70	6,53	6,16	5,86	5,56	5,17	4,82	4,49	4,18	3,91	3,67	3,44	3,20	6,68	0
01/11/2020 00:45:00	6,69	6,53	6,16	5,82	5,48	5,15	4,84	4,53	4,23	3,97	3,76	3,55	3,34	6,71	0
01/11/2020 00:50:00	6,69	6,51	6,15	5,79	5,48	5,16	4,80	4,46	4,16	3,90	3,68	3,47	3,25	6,75	0
01/11/2020 00:55:00	6,77	6,55	6,20	5,83	5,45	5,12	4,78	4,46	4,14	3,87	3,64	3,42	3,20	6,75	0
01/11/2020 01:00:00	6,74	6,57	6,23	5,96	5,58	5,18	4,83	4,49	4,17	3,88	3,61	3,35	3,09	6,72	0
01/11/2020 01:05:00	6,81	6,61	6,25	5,91	5,60	5,21	4,85	4,51	4,20	3,92	3,68	3,43	3,19	6,74	0
01/11/2020 01:10:00	6,74	6,66	6,30	5,90	5,52	5,16	4,78	4,42	4,10	3,81	3,58	3,35	3,11	6,76	0
01/11/2020 01:15:00	6,65	6,52	6,10	5,75	5,43	5,02	4,68	4,35	4,04	3,77	3,55	3,33	3,10	6,64	0
01/11/2020 01:20:00	6,65	6,52	6,20	5,82	5,44	5,07	4,74	4,41	4,09	3,81	3,56	3,33	3,09	6,67	0
01/11/2020 01:25:00	6,64	6,45	6,11	5,74	5,43	5,07	4,70	4,35	4,04	3,77	3,54	3,31	3,08	6,66	0
01/11/2020 01:30:00	6,66	6,48	6,13	5,78	5,39	5,05	4,69	4,36	4,04	3,76	3,52	3,28	3,05	6,68	0
01/11/2020 01:35:00	6,58	6,40	6,04	5,68	5,34	4,96	4,65	4,34	4,03	3,77	3,55	3,33	3,11	6,60	0
01/11/2020 01:40:00	6,63	6,45	6,08	5,69	5,36	4,94	4,60	4,27	3,95	3,67	3,43	3,20	2,96	6,61	0
01/11/2020 01:45:00	6,55	6,38	5,99	5,68	5,29	5,01	4,63	4,28	3,98	3,71	3,50	3,28	3,06	6,60	0
01/11/2020 01:50:00	6,57	6,45	6,09	5,73	5,34	4,95	4,57	4,21	3,88	3,59	3,34	3,09	2,84	6,61	0
01/11/2020 01:55:00	6,56	6,40	6,06	5,67	5,30	4,87	4,50	4,15	3,82	3,52	3,27	3,01	2,76	6,55	0
01/11/2020 02:00:00	6,52	6,40	6,04	5,65	5,30	4,88	4,50	4,14	3,80	3,51	3,26	3,02	2,77	6,58	0
01/11/2020 02:05:00	6,53	6,33	5,91	5,60	5,23	4,86	4,50	4,17	3,86	3,58	3,35	3,12	2,89	6,52	0
01/11/2020 02:10:00	6,52	6,33	5,93	5,53	5,23	4,83	4,46	4,12	3,81	3,54	3,32	3,10	2,88	6,48	0
01/11/2020 02:15:00	6,42	6,18	5,81	5,53	5,12	4,75	4,47	4,17	3,86	3,59	3,36	3,13	2,90	6,39	0
01/11/2020 02:20:00	6,41	6,26	5,89	5,50	5,18	4,80	4,42	4,08	3,76	3,49	3,26	3,04	2,81	6,41	0
01/11/2020 02:25:00	6,40	6,24	5,89	5,48	5,16	4,76	4,37	4,02	3,69	3,41	3,17	2,93	2,69	6,47	0
01/11/2020 02:30:00	6,46	6,22	5,84	5,50	5,16	4,76	4,42	4,09	3,78	3,50	3,26	3,02	2,78	6,38	0
01/11/2020 02:35:00	6,43	6,24	5,85	5,49	5,13	4,75	4,36	4,01	3,70	3,41	3,17	2,94	2,70	6,38	0
01/11/2020 02:40:00	6,39	6,23	5,90	5,53	5,12	4,72	4,33	3,97	3,63	3,33	3,07	2,81	2,55	6,40	0
01/11/2020 02:45:00	6,34	6,14	5,78	5,33	5,01	4,59	4,21	3,85	3,53	3,24	3,00	2,76	2,53	6,33	0
01/11/2020 02:50:00	6,34	6,17	5,79	5,36	5,00	4,60	4,24	3,90	3,58	3,30	3,07	2,84	2,62	6,35	0
01/11/2020 02:55:00	6,34	6,17	5,78	5,36	5,00	4,57	4,20	3,85	3,52	3,22	2,98	2,74	2,50	6,34	0
01/11/2020 03:00:00	6,27	6,12	5,76	5,36	4,96	4,56	4,20	3,85	3,52	3,23	2,99	2,75	2,51	6,29	0
01/11/2020 03:05:00	6,32	6,11	5,73	5,36	4,97	4,55	4,17	3,82	3,49	3,19	2,94	2,68	2,43	6,30	0
01/11/2020 03:10:00	6,26	6,05	5,68	5,31	4,90	4,56	4,20	3,86	3,55	3,27	3,04	2,82	2,60	6,28	0
01/11/2020 03:15:00	6,29	6,13	5,73	5,37	4,97	4,55	4,16	3,79	3,46	3,17	2,91	2,67	2,42	6,24	0
01/11/2020 03:20:00	6,26	6,07	5,68	5,30	4,93	4,56	4,18	3,83	3,51	3,23	3,00	2,77	2,54	6,24	0
01/11/2020 03:25:00	6,25	6,04	5,66	5,26	4,90	4,57	4,15	3,79	3,47	3,20	2,97	2,74	2,52	6,23	0
01/11/2020 03:30:00	6,23	6,00	5,66	5,25	4,84	4,48	4,14	3,80	3,47	3,19	2,96	2,73	2,50	6,21	0
01/11/2020 03:35:00	6,18	6,02	5,69	5,30	4,91	4,48	4,14	3,80	3,46	3,17	2,91	2,66	2,41	6,24	0
01/11/2020 03:40:00	6,18	6,04	5,69	5,31	4,92	4,50	4,13	3,78	3,45	3,16	2,90	2,66	2,41	6,19	0
01/11/2020 03:45:00	6,20	5,98	5,61	5,26	4,87	4,49	4,10	3,75	3,42	3,13	2,88	2,64	2,39	6,23	0
01/11/2020 03:50:00	6,21	6,02	5,63	5,28	4,83	4,44	4,10	3,76	3,43	3,14	2,89	2,65	2,41	6,21	0
01/11/2020 03:55:00	6,21	6,02	5,64	5,26	4,88	4,48	4,13	3,79	3,46	3,18	2,94	2,71	2,48	6,23	0
01/11/2020 04:00:00	6,23	6,04	5,70	5,38	4,95	4,56	4,21	3,87	3,54	3,24	2,99	2,74	2,49	6,20	0
01/11/2020 04:05:00	6,20	6,04	5,67	5,32	4,90	4,50	4,13	3,78	3,44	3,15	2,90	2,65	2,40	6,22	0
01/11/2020 04:10:00	6,19	6,07	5,73	5,35	4,97	4,53	4,14	3,78	3,44	3,13	2,87	2,61	2,35	6,28	0
01/11/2020 04:15:00	6,28	6,06	5,68	5,25	4,83	4,46	4,09	3,73	3,40	3,11	2,87	2,64	2,40	6,18	0
01/11/2020 04:20:00	6,23	6,00	5,63	5,25	4,88	4,47	4,09	3,74	3,41	3,12	2,87	2,62	2,38	6,18	0
01/11/2020 04:25:00	6,14	5,94	5,53	5,20	4,73	4,38	4,01	3,66	3,34	3,05	2,82	2,59	2,36	6,14	0
01/11/2020 04:30:00	6,11	5,93	5,54	5,14	4,81	4,40	4,02	3,67	3,35	3,08	2,84	2,61	2,39	6,15	0
01/11/2020 04:35:00	6,04	5,86	5,44	5,12	4,71	4,36	3,98	3,63	3,31	3,04	2,81	2,59	2,37	6,06	0
01/11/2020 04:40:00	6,04	5,88	5,51	5,16	4,77	4,37	4,01	3,66	3,34	3,05	2,81	2,57	2,33	6,06	0
01/11/2020 04:45:00	6,09	5,88	5,51	5,19	4,75	4,44	4,05	3,69	3,37	3,09	2,86	2,63	2,40	6,10	0
01/11/2020 04:50:00	6,05	5,83	5,43	5,09	4,74	4,35	3,98	3,63	3,32	3,04	2,81	2,57	2,34	5,96	0
01/11/2020 04:55:00	5,92	5,72	5,34	4,94	4,65	4,24	3,85	3,50	3,19	2,92	2,69	2,46	2,24	5,99	0
01/11/2020 05:00:00	5,93	5,76	5,41	5,03	4,64	4,27	3,92	3,59	3,27	2,98	2,75	2,53	2,30	5,95	0
01/11/2020 05:05:00	6,02	5,77	5,38	4,98	4,60	4,28	3,89	3,54	3,23	2,96	2,75	2,54	2,33	6,00	0
01/11/2020 05:10:00	5,99	5,79	5,40	5,03	4,70	4,34	3,98	3,64	3,34	3,07	2,86	2,64	2,43	6,04	0
01/11/2020 05:15:00	5,97	5,74	5,37	4,96	4,61	4,24	3,93	3,61	3,30	3,04	2,83	2,62	2,42	5,85	0
01/11/2020 05:20:00	5,92	5,70	5,36	4,94	4,60	4,22	3,84	3,49	3,17	2,89	2,66	2,43	2,20	5,93	0
01/11/2020 05:25:00	5,78	5,55	5,13	4,78	4,43	4,07	3,72	3,39	3,09	2,83	2,62	2,42	2,22	5,82	0
01/11/2020 05:30:00	5,90	5,72	5,41	4,99	4,60	4,19	3,82	3,47	3,13	2,83	2,57	2,32	2,07	5,89	0
01/11/2020 05:35:00	5,99	5,69	5,32	4,95	4,54	4,20	3,82	3,47	3,15	2,87	2,64	2,41	2,18	5,86	0
01/11/2020 05:40:00	5,87	5,64	5,28	4,86	4,45	4,11	3,70	3,33	3,01	2,73	2,49	2,27	2,04	5,89	0
01/11/2020 05:45:00	5,94	5,74	5,36	4,95	4,51	4,12	3,81	3,49	3,16	2,87	2,64	2,42	2,20	5,90	0
01/11/2020 05:50:00	5,89	5,70	5,33	4,93	4,56	4,16	3,79	3,45	3,12	2,84	2,60	2,37	2,14	5,85	0
01/11/2020 05:55:00	5,85	5,65	5,22	4,79	4,42	4,04	3,66	3,32	3,00	2,73	2,52	2,32	2,12	5,84	0
01/11/2020 06:00:00	5,88	5,69	5,28	4,95	4,54	4,15	3,78	3,43	3,11	2,83	2,59	2,36	2,12	5,88	0
01/11/2020 06:05:00	5,84	5,64	5,24	4,87	4,55	4,11	3,74	3,39	3,08	2,80	2,57	2,34	2,11	5,85	0
01/11/2020 06:10:00	5,85	5,67	5,31	4,89	4,58	4,14	3,72	3,35	3,02	2,72	2,47	2,22	1,98	5,88	0
01/11/2020 06:15:00	5,92	5,69	5,31	4,95	4,47	4,04	3,69	3,33	2,99	2,68	2,42	2,17	1,91	5,83	0
01/11/2020 06:20:00	5,90	5,75	5,35	4,96	4,52	4,08	3,66	3,28	2,93	2,62	2,36	2,10	1,85	5,90	0
01/11/2020 06:25:00	5,88	5,71	5,32	4,87	4,48	4,03	3,61	3,23	2,89	2,59	2,33	2,08	1,83	5,90	0
01/11/2020 06:30:00	5,82	5,64	5,26	4,87	4,45	4,02	3,62	3,25	2,91	2,61	2,36	2,11	1,86	5,85	0
01/11/2020 06:35:00	5,84	5,69	5,31	4,90	4,52	4,11	3,66	3,27	2,93	2,63	2,38	2,13	1,88	5,85	0
01/11/2020 06:40:00	5,88	5,72	5,37	4,98	4,57	4,18	3,76	3,38	3,04	2,74	2,49	2,23	1,98	5,93	0
01/11/2020 06:45:00	5,83	5,65	5,27	4,85	4,44	4,02	3,60	3,23	2,88	2,58	2,33	2,08	1,83	5,83	0
01/11/2020 06:50:00	5,84	5,66	5,26	4,87	4,47	4,06	3,69	3,33	3,01	2,72	2,48	2,25	2,02	5,82	0
01/11/2020 06:55:00	5,82	5,62	5,21	4,82	4,34	3,96	3,55	3,17	2,83	2,53	2,28	2,04	1,79	5,71	0
01/11/2020 07:00:00	5,70	5,53	5,17	4,72	4,32	3,89	3,56	3,23	2,89	2,60	2,37	2,14	1,91	5,73	0
01/11/2020 07:05:00	5,74	5,58	5,21	4,82	4,40	3,98	3,60	3,23	2,89	2,60	2,35	2,10	1,86	5,78	0
01/11/2020 07:10:00	5,72	5,47	5,07	4,66	4,27	3,85	3,50	3,16	2,83	2,55	2,32	2,09	1,87	5,66	0
01/11/2020 07:15:00	5,68	5,45	5,04	4,65	4,30	3,89	3,50	3,15	2,83	2,55	2,32	2,10	1,87	5,65	0
01/11/2020 07:20:00	5,63	5,34	4,99	4,65	4,19	3,90	3,48	3,11	2,78	2,50	2,26	2,02	1,79	5,57	0
01/11/2020 07:25:00	5,64	5,44	5,08	4,69	4,26	3,83	3,44	3,07	2,72	2,42	2,16	1,90	1,64	5,64	0
01/11/2020 07:30:00	5,58	5,36	5,01	4,59	4,23	3,83	3,44	3,08	2,75	2,46	2,23	1,99	1,76	5,60	0
01/11/2020 07:35:00	5,59	5,37	4,96	4,49	4,07	3,72	3,38	3,05	2,73	2,47	2,26	2,07	1,87	5,61	0
01/11/2020 07:40:00	5,51	5,29	4,92	4,54	4,15	3,75	3,39	3,05	2,72	2,43	2,20	1,97	1,74	5,52	0
01/11/2020 07:45:00	5,49	5,26	4,88	4,53	4,06	3,68	3,31	2,95	2,61	2,32	2,07	1,84	1,60	5,50	0
01/11/2020 07:50:00	5,42	5,19	4,80	4,36	4,01	3,56	3,24	2,91	2,59	2,31	2,08	1,87	1,65	5,49	0
01/11/2020 07:55:00	5,41	5,15	4,67	4,28	3,82	3,50	3,17	2,86	2,55	2,30	2,12	1,94	1,76	5,41	0
01/11/2020 08:00:00	5,42	5,20	4,83	4,37	4,00	3,57	3,23	2,90	2,57	2,29	2,06	1,85	1,63	5,41	0
01/11/2020 08:05:00	5,40	5,18	4,75	4,38	3,98	3,57	3,19	2,83	2,50	2,22	1,99	1,77	1,54	5,37	0
01/11/2020 08:10:00	5,43	5,21	4,80	4,41	4,03	3,63	3,25	2,90	2,58	2,30	2,08	1,86	1,64	5,40	0
01/11/2020 08:15:00	5,47	5,22	4,82	4,41	4,04	3,66	3,23	2,85	2,53	2,25	2,01	1,78	1,55	5,49	0
01/11/2020 08:20:00	5,44	5,19	4,83	4,42	3,99	3,54	3,19	2,83	2,49	2,18	1,93	1,68	1,43	5,43	0
01/11/2020 08:25:00	5,50	5,16	4,74	4,39	4,00	3,62	3,27	2,94	2,63	2,35	2,13	1,92	1,70	5,52	0
01/11/2020 08:30:00	5,43	5,18	4,80	4,39	3,97	3,51	3,12	2,75	2,41	2,10	1,84	1,59	1,33	5,45	0
01/11/2020 08:35:00	5,42	5,30	4,91	4,50	4,00	3,58	3,16	2,77	2,42	2,11	1,85	1,60	1,35	5,45	0
01/11/2020 08:40:00	5,42	5,16	4,78	4,38	3,98	3,56	3,17	2,80	2,46	2,17	1,92	1,68	1,44	5,40	0
01/11/2020 08:45:00	5,38	5,14	4,79	4,43	3,93	3,52	3,17	2,82	2,47	2,17	1,91	1,66	1,41	5,38	0
01/11/2020 08:50:00	5,41	5,11	4,71	4,27	3,87	3,44	3,11	2,79	2,46	2,17	1,94	1,72	1,50	5,45	0
01/11/2020 08:55:00	5,42	5,19	4,78	4,40	3,98	3,60	3,18	2,81	2,48	2,19	1,96	1,73	1,50	5,45	0
01/11/2020 09:00:00	5,41	5,19	4,80	4,40	4,05	3,59	3,19	2,82	2,48	2,19	1,94	1,69	1,45	5,36	0
01/11/2020 09:05:00	5,47	5,27	4,85	4,46	4,00	3,62	3,21	2,84	2,51	2,22	1,98	1,75	1,52	5,46	0
01/11/2020 09:10:00	5,45	5,21	4,81	4,38	3,98	3,50	3,14	2,79	2,45	2,15	1,90	1,66	1,42	5,50	0
01/11/2020 09:15:00	5,41	5,16	4,75	4,35	3,93	3,53	3,08	2,68	2,35	2,05	1,81	1,56	1,32	5,41	0
01/11/2020 09:20:00	5,43	5,17	4,74	4,25	3,91	3,43	3,06	2,70	2,37	2,08	1,85	1,63	1,41	5,45	0
01/11/2020 09:25:00	5,45	5,14	4,76	4,34	3,90	3,48	3,09	2,72	2,38	2,08	1,83	1,59	1,34	5,37	0
01/11/2020 09:30:00	5,43	5,20	4,81	4,35	3,95	3,53	3,11	2,74	2,40	2,10	1,86	1,63	1,40	5,38	0
01/11/2020 09:35:00	5,40	5,14	4,74	4,30	3,86	3,42	3,01	2,63	2,29	1,98	1,73	1,49	1,24	5,34	0
01/11/2020 09:40:00	5,33	5,05	4,62	4,23	3,82	3,40	3,05	2,71	2,39	2,11	1,89	1,67	1,46	5,31	0
01/11/2020 09:45:00	5,29	5,05	4,63	4,12	3,65	3,20	2,80	2,42	2,07	1,76	1,51	1,28	1,04	5,29	0
01/11/2020 09:50:00	5,25	5,04	4,64	4,20	3,78	3,32	2,93	2,57	2,22	1,92	1,67	1,43	1,19	5,26	0
01/11/2020 09:55:00	5,31	5,10	4,64	4,16	3,76	3,26	2,85	2,46	2,12	1,81	1,57	1,33	1,10	5,36	0
01/11/2020 10:00:00	5,22	5,03	4,60	4,11	3,69	3,23	2,86	2,50	2,16	1,87	1,64	1,42	1,20	5,20	0
01/11/2020 10:05:00	5,17	4,91	4,46	4,04	3,60	3,21	2,77	2,38	2,05	1,77	1,54	1,32	1,11	5,13	0
01/11/2020 10:10:00	5,16	4,82	4,38	3,98	3,55	3,18	2,74	2,35	2,03	1,75	1,52	1,30	1,08	5,15	0
01/11/2020 10:15:00	5,19	4,89	4,41	3,98	3,53	3,07	2,72	2,38	2,04	1,75	1,53	1,31	1,09	5,16	0
01/11/2020 10:20:00	5,20	4,84	4,36	3,95	3,59	3,16	2,76	2,40	2,08	1,81	1,59	1,38	1,17	5,15	0
01/11/2020 10:25:00	5,14	4,83	4,37	3,97	3,47	3,04	2,70	2,36	2,03	1,74	1,52	1,30	1,08	5,16	0
01/11/2020 10:30:00	5,15	4,80	4,37	3,94	3,51	3,12	2,72	2,36	2,03	1,75	1,52	1,30	1,08	5,11	0
01/11/2020 10:35:00	5,17	4,77	4,29	3,87	3,46	3,04	2,67	2,32	2,00	1,73	1,52	1,31	1,10	5,19	0
01/11/2020 10:40:00	5,05	4,80	4,36	3,83	3,42	3,00	2,57	2,19	1,85	1,56	1,34	1,13	0,91	5,07	0
01/11/2020 10:45:00	4,95	4,61	4,12	3,72	3,35	2,94	2,54	2,18	1,87	1,61	1,41	1,21	1,01	5,03	0
01/11/2020 10:50:00	5,16	4,76	4,35	3,96	3,50	3,03	2,70	2,37	2,03	1,73	1,48	1,24	0,99	5,20	0
01/11/2020 10:55:00	5,08	4,71	4,26	3,82	3,45	3,04	2,64	2,27	1,96	1,68	1,47	1,26	1,05	5,11	0
01/11/2020 11:00:00	5,12	4,72	4,26	3,86	3,44	3,06	2,69	2,36	2,04	1,77	1,56	1,35	1,15	5,10	0
01/11/2020 11:05:00	5,04	4,62	4,16	3,75	3,35	2,97	2,60	2,25	1,94	1,68	1,47	1,27	1,07	5,05	0
01/11/2020 11:10:00	5,12	4,83	4,35	3,88	3,37	2,93	2,54	2,17	1,82	1,52	1,28	1,06	0,84	5,15	0
01/11/2020 11:15:00	5,10	4,72	4,29	3,91	3,47	3,11	2,73	2,38	2,06	1,79	1,58	1,37	1,16	5,06	0
01/11/2020 11:20:00	5,13	4,71	4,25	3,83	3,45	3,04	2,66	2,31	1,99	1,72	1,50	1,29	1,08	5,06	0
01/11/2020 11:25:00	5,06	4,65	4,17	3,76	3,35	2,97	2,58	2,23	1,92	1,66	1,45	1,25	1,05	5,13	0
01/11/2020 11:30:00	5,04	4,69	4,23	3,76	3,37	2,93	2,58	2,24	1,91	1,64	1,43	1,23	1,02	5,07	0
01/11/2020 11:35:00	5,03	4,70	4,29	3,92	3,40	3,04	2,66	2,30	1,96	1,67	1,44	1,21	0,98	5,05	0
01/11/2020 11:40:00	5,14	4,72	4,22	3,79	3,44	2,99	2,69	2,39	2,08	1,82	1,63	1,44	1,25	5,11	0
01/11/2020 11:45:00	5,18	4,70	4,20	3,76	3,39	3,01	2,69	2,37	2,07	1,83	1,64	1,47	1,29	5,21	0
01/11/2020 11:50:00	5,34	4,72	4,15	3,73	3,39	3,02	2,76	2,49	2,21	1,99	1,84	1,69	1,54	5,33	0
01/11/2020 11:55:00	5,26	4,72	4,15	3,67	3,29	3,02	2,69	2,39	2,12	1,91	1,78	1,66	1,53	5,30	0
01/11/2020 12:00:00	5,34	4,77	4,23	3,80	3,37	3,05	2,70	2,38	2,09	1,84	1,67	1,50	1,33	5,50	0
01/11/2020 12:05:00	5,24	4,75	4,25	3,85	3,43	3,14	2,78	2,45	2,16	1,92	1,74	1,57	1,39	5,22	0
01/11/2020 12:10:00	5,27	4,84	4,34	3,91	3,51	3,09	2,70	2,35	2,03	1,77	1,55	1,35	1,14	5,31	0
01/11/2020 12:15:00	5,43	4,92	4,42	3,95	3,65	3,26	2,93	2,61	2,32	2,08	1,90	1,72	1,55	5,47	0
01/11/2020 12:20:00	5,43	4,98	4,47	4,01	3,69	3,25	2,92	2,61	2,30	2,05	1,86	1,67	1,48	5,38	0
01/11/2020 12:25:00	5,43	4,99	4,53	4,10	3,77	3,38	3,02	2,69	2,39	2,14	1,94	1,75	1,56	5,41	0
01/11/2020 12:30:00	5,46	5,08	4,55	4,06	3,66	3,23	2,89	2,56	2,25	1,98	1,79	1,61	1,43	5,42	0
01/11/2020 12:35:00	5,47	4,93	4,39	3,97	3,57	3,34	3,10	2,85	2,59	2,40	2,28	2,16	2,05	5,44	0
01/11/2020 12:40:00	5,58	5,04	4,46	3,97	3,65	3,28	2,97	2,68	2,40	2,18	2,04	1,89	1,75	5,61	0
01/11/2020 12:45:00	5,75	5,16	4,60	4,18	3,71	3,37	3,03	2,71	2,41	2,16	1,98	1,80	1,62	5,71	0
01/11/2020 12:50:00	5,88	5,30	4,72	4,25	3,89	3,50	3,13	2,79	2,50	2,26	2,08	1,90	1,73	5,88	0
01/11/2020 12:55:00	5,82	5,19	4,67	4,29	3,84	3,45	3,11	2,79	2,48	2,22	2,00	1,79	1,57	5,92	0
01/11/2020 13:00:00	5,72	5,15	4,58	4,16	3,80	3,46	3,07	2,73	2,45	2,21	2,04	1,86	1,68	5,76	0
01/11/2020 13:05:00	5,68	5,23	4,70	4,24	3,79	3,47	3,16	2,85	2,56	2,32	2,15	1,99	1,83	5,73	0
01/11/2020 13:10:00	5,61	5,16	4,67	4,28	3,87	3,53	3,22	2,91	2,62	2,37	2,19	2,01	1,82	5,63	0
01/11/2020 13:15:00	5,75	5,21	4,66	4,27	3,95	3,63	3,37	3,11	2,85	2,64	2,49	2,35	2,21	5,73	0
01/11/2020 13:20:00	5,73	5,25	4,68	4,23	3,90	3,52	3,24	2,96	2,68	2,45	2,30	2,14	1,99	5,61	0
01/11/2020 13:25:00	5,53	5,02	4,56	4,14	3,82	3,52	3,24	2,96	2,69	2,47	2,31	2,15	1,99	5,53	0
01/11/2020 13:30:00	5,51	5,08	4,57	4,13	3,72	3,36	3,02	2,69	2,38	2,13	1,95	1,76	1,58	5,50	0
01/11/2020 13:35:00	5,51	5,10	4,62	4,21	3,78	3,37	3,10	2,80	2,49	2,23	2,03	1,84	1,65	5,51	0
01/11/2020 13:40:00	5,40	4,98	4,52	4,11	3,75	3,41	3,10	2,80	2,51	2,27	2,09	1,92	1,75	5,38	0
01/11/2020 13:45:00	5,42	4,99	4,50	4,04	3,73	3,34	3,03	2,73	2,43	2,19	2,02	1,85	1,67	5,41	0
01/11/2020 13:50:00	5,34	4,98	4,51	4,11	3,84	3,45	3,14	2,84	2,55	2,32	2,14	1,97	1,79	5,37	0
01/11/2020 13:55:00	5,38	5,03	4,56	4,20	3,77	3,47	3,15	2,85	2,55	2,31	2,13	1,96	1,79	5,39	0
01/11/2020 14:00:00	5,41	5,03	4,59	4,15	3,77	3,44	3,10	2,78	2,48	2,23	2,04	1,86	1,68	5,34	0
01/11/2020 14:05:00	5,47	5,02	4,57	4,14	3,75	3,42	3,11	2,80	2,50	2,25	2,07	1,89	1,71	5,37	0
01/11/2020 14:10:00	5,40	5,05	4,62	4,22	3,85	3,46	3,10	2,76	2,45	2,18	1,97	1,75	1,54	5,24	0
01/11/2020 14:15:00	5,34	4,89	4,43	4,05	3,69	3,35	3,01	2,70	2,40	2,15	1,96	1,77	1,58	5,33	0
01/11/2020 14:20:00	5,38	4,97	4,47	4,03	3,66	3,29	3,02	2,74	2,44	2,21	2,04	1,88	1,72	5,32	0
01/11/2020 14:25:00	5,32	4,95	4,44	4,01	3,68	3,31	2,97	2,64	2,35	2,11	1,93	1,76	1,59	5,38	0
01/11/2020 14:30:00	5,33	4,93	4,49	4,12	3,67	3,37	3,06	2,75	2,45	2,20	2,01	1,83	1,65	5,34	0
01/11/2020 14:35:00	5,37	4,99	4,55	4,20	3,78	3,43	3,13	2,83	2,52	2,27	2,07	1,87	1,68	5,41	0
01/11/2020 14:40:00	5,35	5,08	4,68	4,24	3,82	3,48	3,17	2,85	2,53	2,27	2,08	1,89	1,70	5,35	0
01/11/2020 14:45:00	5,42	5,16	4,76	4,26	3,83	3,44	3,11	2,78	2,45	2,17	1,96	1,76	1,56	5,48	0
01/11/2020 14:50:00	5,35	5,06	4,65	4,25	3,90	3,56	3,21	2,88	2,58	2,33	2,14	1,95	1,76	5,31	0
01/11/2020 14:55:00	5,32	4,97	4,54	4,18	3,83	3,39	3,09	2,78	2,47	2,20	1,98	1,76	1,55	5,31	0
01/11/2020 15:00:00	5,26	4,97	4,51	4,09	3,71	3,33	2,97	2,63	2,32	2,05	1,85	1,66	1,46	5,19	0
01/11/2020 15:05:00	5,23	4,96	4,53	4,08	3,62	3,26	2,93	2,60	2,28	2,00	1,80	1,60	1,41	5,13	0
01/11/2020 15:10:00	5,20	4,85	4,42	3,99	3,58	3,23	2,92	2,61	2,30	2,04	1,84	1,66	1,47	5,12	0
01/11/2020 15:15:00	5,12	4,86	4,42	3,97	3,57	3,24	2,87	2,53	2,22	1,97	1,78	1,60	1,43	5,09	0
01/11/2020 15:20:00	5,15	4,90	4,47	4,03	3,67	3,27	2,91	2,56	2,25	1,98	1,78	1,58	1,39	5,14	0
01/11/2020 15:25:00	5,10	4,75	4,29	3,87	3,51	3,14	2,83	2,52	2,22	1,97	1,79	1,61	1,44	5,04	0
01/11/2020 15:30:00	5,00	4,65	4,28	3,93	3,59	3,15	2,82	2,50	2,18	1,90	1,67	1,45	1,22	5,00	0
01/11/2020 15:35:00	5,02	4,76	4,36	3,98	3,55	3,16	2,78	2,43	2,10	1,81	1,58	1,36	1,14	5,07	0
01/11/2020 15:40:00	4,96	4,71	4,29	3,84	3,45	3,07	2,71	2,37	2,06	1,79	1,59	1,40	1,21	4,99	0
01/11/2020 15:45:00	4,76	4,61	4,29	3,93	3,51	3,17	2,81	2,46	2,13	1,85	1,62	1,41	1,19	4,81	0
01/11/2020 15:50:00	4,76	4,69	4,40	4,07	3,67	3,38	3,11	2,82	2,51	2,25	2,06	1,87	1,69	4,82	0
01/11/2020 15:55:00	4,76	4,63	4,30	3,98	3,62	3,36	3,08	2,79	2,50	2,26	2,09	1,92	1,76	4,78	0
01/11/2020 16:00:00	4,61	4,52	4,24	3,92	3,62	3,33	3,10	2,83	2,54	2,30	2,13	1,96	1,79	4,56	0
01/11/2020 16:05:00	4,58	4,49	4,20	3,84	3,53	3,28	2,94	2,62	2,32	2,08	1,90	1,73	1,55	4,52	0
01/11/2020 16:10:00	4,44	4,40	4,16	3,89	3,57	3,39	3,15	2,89	2,62	2,40	2,25	2,10	1,95	4,49	0
01/11/2020 16:15:00	4,40	4,34	4,10	3,77	3,48	3,23	2,99	2,72	2,43	2,19	2,02	1,86	1,70	4,43	0
01/11/2020 16:20:00	4,32	4,26	3,96	3,67	3,41	3,20	2,91	2,63	2,36	2,15	2,00	1,86	1,72	4,39	0
01/11/2020 16:25:00	4,31	4,22	3,94	3,61	3,35	3,11	2,89	2,64	2,36	2,15	2,00	1,86	1,71	4,34	0
01/11/2020 16:30:00	4,27	4,13	3,85	3,55	3,26	3,02	2,77	2,51	2,23	2,00	1,84	1,68	1,52	4,26	0
01/11/2020 16:35:00	4,23	4,02	3,77	3,53	3,29	3,02	2,84	2,62	2,35	2,13	1,96	1,80	1,64	4,16	0
01/11/2020 16:40:00	4,15	3,97	3,68	3,43	3,18	2,96	2,75	2,51	2,25	2,05	1,91	1,77	1,63	4,14	0
01/11/2020 16:45:00	4,07	3,89	3,63	3,36	3,10	2,88	2,69	2,46	2,19	1,98	1,83	1,68	1,54	4,05	0
01/11/2020 16:50:00	4,01	3,91	3,60	3,32	3,05	2,82	2,62	2,39	2,12	1,92	1,78	1,65	1,52	4,07	0
01/11/2020 16:55:00	3,96	3,85	3,50	3,19	2,93	2,77	2,56	2,33	2,08	1,90	1,80	1,71	1,62	3,98	0
01/11/2020 17:00:00	3,87	3,75	3,47	3,19	2,96	2,77	2,54	2,29	2,03	1,83	1,70	1,58	1,45	3,89	0
01/11/2020 17:05:00	3,91	3,70	3,43	3,18	2,92	2,70	2,47	2,22	1,96	1,74	1,59	1,45	1,30	3,95	0
01/11/2020 17:10:00	3,89	3,72	3,42	3,11	2,87	2,64	2,39	2,13	1,86	1,65	1,51	1,37	1,24	3,85	0
01/11/2020 17:15:00	3,82	3,66	3,38	3,10	2,79	2,54	2,34	2,10	1,82	1,60	1,45	1,31	1,16	3,83	0
01/11/2020 17:20:00	3,78	3,63	3,37	3,03	2,82	2,57	2,30	2,03	1,75	1,53	1,38	1,23	1,08	3,85	0
01/11/2020 17:25:00	3,76	3,61	3,34	3,02	2,81	2,56	2,32	2,06	1,80	1,59	1,45	1,32	1,18	3,71	0
01/11/2020 17:30:00	3,69	3,60	3,32	3,04	2,75	2,50	2,25	1,98	1,70	1,47	1,31	1,16	1,01	3,80	0
01/11/2020 17:35:00	3,78	3,62	3,33	3,10	2,77	2,54	2,32	2,07	1,79	1,57	1,42	1,27	1,12	3,71	0
01/11/2020 17:40:00	3,75	3,63	3,35	3,09	2,80	2,51	2,29	2,03	1,74	1,51	1,34	1,18	1,02	3,78	0
01/11/2020 17:45:00	3,80	3,61	3,29	2,97	2,65	2,42	2,18	1,92	1,64	1,42	1,28	1,14	1,01	3,85	0
01/11/2020 17:50:00	3,72	3,56	3,27	2,96	2,71	2,46	2,20	1,93	1,66	1,44	1,29	1,15	1,00	3,63	0
01/11/2020 17:55:00	3,68	3,56	3,23	2,93	2,64	2,40	2,13	1,85	1,58	1,36	1,22	1,08	0,95	3,73	0
01/11/2020 18:00:00	3,72	3,60	3,36	3,01	2,73	2,46	2,21	1,94	1,65	1,41	1,25	1,09	0,93	3,75	0
01/11/2020 18:05:00	3,73	3,55	3,31	3,01	2,74	2,47	2,21	1,94	1,65	1,42	1,25	1,08	0,91	3,59	0
01/11/2020 18:10:00	3,70	3,59	3,29	2,95	2,69	2,43	2,16	1,88	1,60	1,37	1,22	1,08	0,94	3,71	0
01/11/2020 18:15:00	3,69	3,59	3,27	3,02	2,67	2,39	2,11	1,82	1,53	1,29	1,11	0,94	0,78	3,71	0
01/11/2020 18:20:00	3,76	3,58	3,28	2,97	2,69	2,45	2,15	1,86	1,58	1,36	1,20	1,05	0,90	3,76	0
01/11/2020 18:25:00	3,73	3,49	3,18	2,88	2,63	2,37	2,14	1,90	1,63	1,41	1,27	1,12	0,98	3,75	0
01/11/2020 18:30:00	3,73	3,54	3,23	2,94	2,68	2,42	2,14	1,85	1,58	1,36	1,20	1,05	0,90	3,76	0
01/11/2020 18:35:00	3,70	3,55	3,29	2,97	2,67	2,37	2,10	1,81	1,51	1,27	1,09	0,91	0,73	3,70	0
01/11/2020 18:40:00	3,71	3,57	3,30	3,01	2,67	2,39	2,11	1,81	1,51	1,27	1,09	0,91	0,73	3,65	0
01/11/2020 18:45:00	3,80	3,58	3,26	2,93	2,65	2,39	2,13	1,86	1,58	1,36	1,21	1,07	0,92	3,72	0
01/11/2020 18:50:00	3,73	3,59	3,29	2,96	2,70	2,43	2,17	1,89	1,61	1,39	1,24	1,09	0,94	3,82	0
01/11/2020 18:55:00	3,73	3,56	3,33	2,97	2,70	2,40	2,11	1,81	1,51	1,26	1,07	0,89	0,70	3,70	0
01/11/2020 19:00:00	3,73	3,49	3,19	2,94	2,72	2,44	2,20	1,95	1,68	1,46	1,31	1,15	1,00	3,73	0
01/11/2020 19:05:00	3,82	3,63	3,29	2,96	2,71	2,45	2,21	1,95	1,68	1,47	1,33	1,20	1,07	3,81	0
01/11/2020 19:10:00	3,69	3,61	3,30	2,99	2,71	2,42	2,15	1,87	1,58	1,35	1,19	1,04	0,88	3,75	0
01/11/2020 19:15:00	3,73	3,51	3,21	2,89	2,60	2,40	2,12	1,85	1,58	1,37	1,23	1,10	0,96	3,74	0
01/11/2020 19:20:00	3,71	3,50	3,20	2,98	2,70	2,49	2,19	1,91	1,64	1,43	1,27	1,12	0,97	3,70	0
01/11/2020 19:25:00	3,73	3,54	3,28	2,99	2,74	2,51	2,30	2,05	1,78	1,57	1,43	1,29	1,15	3,70	0
01/11/2020 19:30:00	3,71	3,53	3,24	2,95	2,65	2,46	2,16	1,87	1,60	1,38	1,24	1,09	0,95	3,73	0
01/11/2020 19:35:00	3,72	3,61	3,30	3,04	2,75	2,51	2,25	1,98	1,70	1,49	1,34	1,19	1,05	3,76	0
01/11/2020 19:40:00	3,82	3,69	3,45	3,10	2,81	2,57	2,32	2,05	1,77	1,54	1,38	1,23	1,07	3,87	0
01/11/2020 19:45:00	3,88	3,69	3,33	3,07	2,81	2,59	2,32	2,05	1,79	1,58	1,44	1,31	1,17	3,79	0
01/11/2020 19:50:00	3,76	3,65	3,37	3,05	2,76	2,50	2,21	1,92	1,63	1,39	1,23	1,06	0,90	3,81	0
01/11/2020 19:55:00	3,73	3,60	3,30	3,02	2,72	2,47	2,19	1,91	1,63	1,41	1,25	1,10	0,94	3,82	0
01/11/2020 20:00:00	3,80	3,60	3,28	3,04	2,70	2,51	2,22	1,95	1,67	1,46	1,31	1,17	1,02	3,70	0
01/11/2020 20:05:00	3,73	3,66	3,38	3,07	2,77	2,53	2,21	1,91	1,62	1,39	1,23	1,07	0,91	3,85	0
01/11/2020 20:10:00	3,80	3,62	3,32	3,01	2,76	2,50	2,29	2,05	1,79	1,58	1,44	1,30	1,17	3,84	0
01/11/2020 20:15:00	3,81	3,68	3,38	3,03	2,74	2,53	2,25	1,97	1,70	1,49	1,35	1,22	1,09	3,84	0
01/11/2020 20:20:00	3,79	3,62	3,33	2,99	2,77	2,54	2,27	2,01	1,74	1,54	1,40	1,27	1,14	3,91	0
01/11/2020 20:25:00	3,79	3,69	3,41	3,03	2,76	2,49	2,26	1,99	1,71	1,48	1,33	1,18	1,04	3,79	0
01/11/2020 20:30:00	3,77	3,63	3,33	3,04	2,71	2,52	2,27	2,01	1,74	1,52	1,38	1,24	1,11	3,81	0
01/11/2020 20:35:00	3,84	3,72	3,42	3,09	2,82	2,61	2,38	2,13	1,86	1,66	1,53	1,40	1,28	3,85	0
01/11/2020 20:40:00	3,86	3,66	3,37	3,10	2,83	2,61	2,43	2,20	1,94	1,73	1,60	1,46	1,33	3,80	0
01/11/2020 20:45:00	3,85	3,73	3,44	3,16	2,92	2,68	2,50	2,27	2,01	1,81	1,68	1,55	1,43	3,82	0
01/11/2020 20:50:00	3,77	3,69	3,44	3,13	2,98	2,79	2,63	2,42	2,18	2,00	1,90	1,80	1,70	3,84	0
01/11/2020 20:55:00	3,88	3,70	3,42	3,16	3,00	2,86	2,72	2,54	2,31	2,15	2,06	1,98	1,89	3,86	0
01/11/2020 21:00:00	3,71	3,59	3,34	3,09	2,94	2,72	2,58	2,39	2,14	1,95	1,83	1,72	1,60	3,77	0
01/11/2020 21:05:00	3,86	3,64	3,38	3,11	2,99	2,88	2,68	2,47	2,25	2,09	2,00	1,91	1,82	3,87	0
01/11/2020 21:10:00	3,82	3,65	3,40	3,15	2,96	2,79	2,64	2,45	2,20	2,02	1,91	1,80	1,69	3,78	0
01/11/2020 21:15:00	3,86	3,77	3,53	3,33	3,15	3,01	2,89	2,71	2,48	2,30	2,21	2,11	2,01	3,91	0
01/11/2020 21:20:00	3,84	3,69	3,48	3,26	3,14	3,02	2,89	2,71	2,49	2,33	2,23	2,14	2,04	3,76	0
01/11/2020 21:25:00	3,76	3,65	3,40	3,18	2,94	2,84	2,68	2,48	2,24	2,06	1,96	1,87	1,77	3,79	0
01/11/2020 21:30:00	3,82	3,71	3,48	3,25	3,08	2,93	2,81	2,64	2,40	2,23	2,12	2,02	1,92	3,86	0
01/11/2020 21:35:00	3,77	3,65	3,41	3,14	3,03	2,86	2,68	2,47	2,24	2,06	1,96	1,86	1,76	3,80	0
01/11/2020 21:40:00	3,80	3,69	3,45	3,22	3,05	2,90	2,73	2,52	2,28	2,11	2,00	1,90	1,79	3,76	0
01/11/2020 21:45:00	3,87	3,75	3,52	3,24	3,05	2,97	2,80	2,60	2,37	2,20	2,11	2,03	1,94	3,89	0
01/11/2020 21:50:00	3,86	3,72	3,46	3,27	3,10	2,98	2,82	2,63	2,41	2,24	2,15	2,05	1,95	3,93	0
01/11/2020 21:55:00	3,85	3,71	3,44	3,26	3,10	2,99	2,82	2,62	2,40	2,23	2,14	2,05	1,96	3,81	0
01/11/2020 22:00:00	3,88	3,71	3,51	3,25	3,12	3,00	2,86	2,68	2,45	2,28	2,18	2,08	1,98	3,81	0
01/11/2020 22:05:00	3,75	3,68	3,47	3,24	3,02	2,89	2,75	2,56	2,32	2,14	2,03	1,92	1,81	3,85	0
01/11/2020 22:10:00	3,85	3,68	3,44	3,13	2,94	2,82	2,68	2,49	2,25	2,08	1,99	1,90	1,82	3,89	0
01/11/2020 22:15:00	3,80	3,69	3,47	3,20	3,01	2,87	2,64	2,40	2,15	1,97	1,85	1,73	1,62	3,80	0
01/11/2020 22:20:00	3,85	3,70	3,44	3,19	3,02	2,86	2,70	2,50	2,26	2,08	1,98	1,87	1,77	3,90	0
01/11/2020 22:25:00	3,82	3,65	3,36	3,16	2,93	2,76	2,65	2,48	2,24	2,07	1,96	1,86	1,76	3,84	0
01/11/2020 22:30:00	3,84	3,64	3,42	3,17	3,04	2,86	2,75	2,58	2,35	2,17	2,07	1,97	1,86	3,80	0
01/11/2020 22:35:00	3,87	3,68	3,41	3,18	3,01	2,87	2,72	2,53	2,31	2,14	2,04	1,94	1,85	3,83	0
01/11/2020 22:40:00	3,90	3,68	3,40	3,16	2,98	2,90	2,76	2,58	2,37	2,21	2,14	2,06	1,99	3,88	0
01/11/2020 22:45:00	3,78	3,63	3,36	3,16	2,99	2,86	2,68	2,48	2,26	2,09	2,00	1,91	1,82	3,81	0
01/11/2020 22:50:00	3,84	3,68	3,42	3,24	2,99	2,89	2,72	2,51	2,28	2,10	2,00	1,89	1,78	3,83	0
01/11/2020 22:55:00	3,85	3,66	3,39	3,20	2,97	2,85	2,70	2,52	2,28	2,11	2,01	1,91	1,82	3,81	0
01/11/2020 23:00:00	3,91	3,74	3,43	3,22	3,07	2,91	2,79	2,62	2,39	2,23	2,14	2,06	1,97	3,87	0
01/11/2020 23:05:00	3,87	3,71	3,46	3,26	3,02	2,91	2,72	2,50	2,26	2,08	1,97	1,85	1,74	3,92	0
01/11/2020 23:10:00	3,93	3,69	3,38	3,14	3,00	2,90	2,77	2,60	2,39	2,25	2,18	2,12	2,05	3,86	0
01/11/2020 23:15:00	3,90	3,75	3,44	3,25	3,05	2,91	2,70	2,47	2,24	2,07	1,96	1,86	1,75	3,84	0
01/11/2020 23:20:00	3,91	3,67	3,40	3,15	2,97	2,84	2,61	2,38	2,14	1,96	1,85	1,74	1,63	3,90	0
01/11/2020 23:25:00	3,88	3,71	3,43	3,23	3,06	2,92	2,75	2,55	2,32	2,16	2,06	1,96	1,86	3,87	0
01/11/2020 23:30:00	3,86	3,65	3,41	3,21	3,08	2,89	2,76	2,59	2,36	2,18	2,08	1,97	1,86	3,86	0
01/11/2020 23:35:00	3,90	3,71	3,46	3,23	3,09	2,96	2,79	2,60	2,37	2,20	2,10	2,01	1,91	3,86	0
01/11/2020 23:40:00	3,96	3,72	3,45	3,18	3,07	2,91	2,77	2,59	2,36	2,20	2,11	2,02	1,92	3,91	0
01/11/2020 23:45:00	3,94	3,74	3,45	3,23	3,05	2,97	2,81	2,62	2,41	2,25	2,18	2,10	2,02	3,90	0
01/11/2020 23:50:00	3,92	3,76	3,52	3,33	3,19	3,03	2,86	2,65	2,43	2,25	2,14	2,03	1,92	3,99	0
01/11/2020 23:55:00	3,88	3,71	3,44	3,27	3,16	2,97	2,84	2,67	2,45	2,28	2,18	2,08	1,97	3,90	0
