FileFormat:0002.2 file with temperature of atmosphere
200
local	GMT or Local
0	GMT-Local=[hours]
0	Height[m]
0	0	0	Longitude                [grd]               [min]               [sec]
0	0	0	Latitude                [grd]               [min]               [sec]
N	NS
59,40	Freq[GHz]
0,00	dTemostat[K]
0,150	MessErr[K]
0,248	//[grad/step]
version 14.0.20110218
MTP5H033F5940K-33.00D180214+A1.1
Commentary:
enter comment
End Of Commentary

SYSTEM\summer.dat
data time	0	50	100	150	200	250	300	350	400	450	500	550	600	OutsideTemperature	Quality
08/07/2020 00:00:00	18,28	18,73	18,88	18,93	18,98	19,12	19,08	18,99	18,83	18,67	18,48	18,24	18,01	17,97	0
08/07/2020 00:05:00	18,49	18,84	18,91	18,94	19,06	19,25	19,36	19,37	19,28	19,21	19,13	19,02	18,91	18,21	0
08/07/2020 00:10:00	18,46	18,63	18,71	18,87	19,05	19,26	19,43	19,48	19,42	19,37	19,30	19,19	19,07	18,19	0
08/07/2020 00:15:00	18,33	18,58	18,60	18,58	18,62	18,76	18,81	18,77	18,65	18,55	18,43	18,28	18,13	17,96	0
08/07/2020 00:20:00	18,36	18,63	18,57	18,65	18,81	18,98	19,04	19,04	18,96	18,89	18,81	18,68	18,55	18,16	0
08/07/2020 00:25:00	18,28	18,53	18,62	18,69	18,95	19,25	19,33	19,35	19,28	19,23	19,16	19,05	18,93	17,96	0
08/07/2020 00:30:00	18,33	18,55	18,40	18,37	18,44	18,59	18,73	18,76	18,69	18,65	18,64	18,58	18,53	18,02	0
08/07/2020 00:35:00	18,04	18,40	18,44	18,37	18,34	18,34	18,29	18,18	18,00	17,83	17,64	17,42	17,19	17,84	0
08/07/2020 00:40:00	18,14	18,39	18,42	18,36	18,43	18,56	18,61	18,58	18,46	18,37	18,27	18,14	18,00	17,95	0
08/07/2020 00:45:00	18,13	18,33	18,31	18,30	18,41	18,49	18,50	18,44	18,32	18,20	18,06	17,88	17,70	17,79	0
08/07/2020 00:50:00	18,05	18,31	18,40	18,57	18,72	18,87	18,92	18,90	18,78	18,67	18,52	18,32	18,13	17,76	0
08/07/2020 00:55:00	18,16	18,25	18,32	18,68	19,03	19,33	19,62	19,78	19,79	19,80	19,80	19,74	19,68	17,79	0
08/07/2020 01:00:00	18,13	18,47	18,36	18,42	18,65	18,90	18,98	19,00	18,95	18,92	18,89	18,81	18,74	17,74	0
08/07/2020 01:05:00	18,12	18,40	18,60	18,91	19,25	19,57	19,77	19,86	19,82	19,79	19,73	19,61	19,49	17,89	0
08/07/2020 01:10:00	18,36	18,53	18,60	18,79	19,00	19,27	19,51	19,61	19,58	19,57	19,55	19,49	19,43	18,09	0
08/07/2020 01:15:00	17,99	18,49	18,52	18,58	18,69	18,78	18,78	18,71	18,57	18,44	18,30	18,11	17,92	17,78	0
08/07/2020 01:20:00	17,84	18,39	18,62	18,86	19,19	19,47	19,59	19,62	19,55	19,49	19,40	19,26	19,12	17,80	0
08/07/2020 01:25:00	17,99	18,31	18,29	18,42	18,80	19,21	19,36	19,44	19,43	19,45	19,48	19,45	19,42	18,04	0
08/07/2020 01:30:00	17,96	18,26	18,29	18,33	18,46	18,66	18,78	18,80	18,72	18,66	18,60	18,51	18,42	17,84	0
08/07/2020 01:35:00	18,08	18,24	18,57	19,15	19,64	20,08	20,25	20,34	20,32	20,27	20,14	19,93	19,73	17,94	0
08/07/2020 01:40:00	17,92	17,99	18,39	18,91	19,40	19,83	19,99	20,08	20,06	19,99	19,86	19,65	19,44	17,90	0
08/07/2020 01:45:00	17,83	17,89	18,03	18,41	18,86	19,26	19,47	19,58	19,58	19,58	19,54	19,43	19,32	17,94	0
08/07/2020 01:50:00	17,71	18,00	18,14	18,28	18,52	18,86	19,03	19,10	19,05	19,03	19,01	18,94	18,87	17,77	0
08/07/2020 01:55:00	17,75	17,93	18,22	18,58	18,99	19,37	19,57	19,67	19,65	19,62	19,56	19,43	19,30	17,71	0
08/07/2020 02:00:00	17,96	18,07	18,15	18,37	18,64	18,82	18,91	18,92	18,83	18,74	18,61	18,42	18,24	17,89	0
08/07/2020 02:05:00	17,77	17,87	17,91	18,02	18,28	18,59	18,70	18,74	18,69	18,65	18,61	18,51	18,41	17,86	0
08/07/2020 02:10:00	17,71	17,98	18,13	18,19	18,32	18,57	18,67	18,68	18,59	18,51	18,43	18,30	18,18	18,05	0
08/07/2020 02:15:00	17,82	17,95	18,02	18,17	18,40	18,70	18,85	18,91	18,86	18,82	18,78	18,69	18,59	17,99	0
08/07/2020 02:20:00	17,73	17,91	18,14	18,50	18,90	19,28	19,42	19,49	19,46	19,41	19,32	19,17	19,02	17,86	0
08/07/2020 02:25:00	17,77	17,91	18,12	18,51	18,89	19,26	19,48	19,59	19,57	19,54	19,48	19,36	19,24	17,74	0
08/07/2020 02:30:00	17,88	18,17	18,44	18,91	19,37	19,63	19,81	19,90	19,86	19,80	19,68	19,50	19,31	17,80	0
08/07/2020 02:35:00	17,85	18,16	18,37	18,62	18,97	19,35	19,52	19,60	19,57	19,54	19,49	19,39	19,29	17,92	0
08/07/2020 02:40:00	17,85	18,14	18,32	18,56	18,83	19,19	19,36	19,43	19,39	19,35	19,30	19,19	19,09	17,97	0
08/07/2020 02:45:00	17,75	18,15	18,34	18,72	19,06	19,38	19,56	19,65	19,61	19,57	19,49	19,36	19,23	18,09	0
08/07/2020 02:50:00	17,63	18,06	18,17	18,33	18,62	18,98	19,12	19,18	19,14	19,12	19,10	19,04	18,97	18,04	0
08/07/2020 02:55:00	17,86	18,24	18,57	18,92	19,36	19,77	19,88	19,92	19,88	19,81	19,70	19,53	19,35	17,97	0
08/07/2020 03:00:00	17,84	18,27	18,51	18,80	19,17	19,57	19,69	19,74	19,70	19,66	19,58	19,45	19,32	17,82	0
08/07/2020 03:05:00	17,92	18,30	18,50	18,75	19,03	19,41	19,56	19,63	19,58	19,54	19,48	19,37	19,26	17,97	0
08/07/2020 03:10:00	17,82	18,14	18,48	18,80	19,16	19,53	19,71	19,79	19,74	19,69	19,60	19,46	19,31	17,93	0
08/07/2020 03:15:00	17,85	18,19	18,45	18,76	19,10	19,55	19,74	19,83	19,80	19,78	19,73	19,63	19,53	17,77	0
08/07/2020 03:20:00	17,73	18,11	18,38	18,76	19,13	19,56	19,71	19,79	19,75	19,71	19,63	19,49	19,35	17,72	0
08/07/2020 03:25:00	17,78	18,25	18,52	18,82	19,16	19,48	19,65	19,72	19,67	19,62	19,55	19,42	19,29	17,82	0
08/07/2020 03:30:00	17,86	18,33	18,51	18,69	19,03	19,33	19,46	19,50	19,45	19,40	19,34	19,23	19,12	17,86	0
08/07/2020 03:35:00	17,90	18,43	18,63	18,85	19,10	19,34	19,47	19,50	19,42	19,35	19,26	19,12	18,97	17,91	0
08/07/2020 03:40:00	17,99	18,36	18,59	18,78	19,01	19,29	19,45	19,50	19,43	19,36	19,28	19,15	19,02	18,19	0
08/07/2020 03:45:00	18,05	18,42	18,56	18,76	18,93	19,22	19,37	19,43	19,36	19,31	19,24	19,13	19,02	18,16	0
08/07/2020 03:50:00	18,32	18,74	18,88	19,13	19,42	19,69	19,77	19,79	19,71	19,64	19,52	19,36	19,19	18,22	0
08/07/2020 03:55:00	18,23	18,67	18,77	19,07	19,42	19,73	19,84	19,88	19,83	19,78	19,70	19,56	19,42	18,24	0
08/07/2020 04:00:00	18,20	18,32	18,40	18,73	19,17	19,63	19,86	20,00	20,02	20,05	20,06	20,02	19,97	18,18	0
08/07/2020 04:05:00	18,02	18,26	18,35	18,67	19,11	19,53	19,77	19,90	19,92	19,94	19,96	19,91	19,87	17,99	0
08/07/2020 04:10:00	18,00	18,46	18,57	18,78	19,01	19,28	19,44	19,50	19,45	19,41	19,36	19,27	19,17	18,04	0
08/07/2020 04:15:00	18,07	18,52	18,56	18,71	18,87	19,04	19,09	19,07	18,97	18,88	18,76	18,60	18,43	18,09	0
08/07/2020 04:20:00	17,99	18,44	18,73	19,04	19,34	19,68	19,80	19,84	19,77	19,70	19,59	19,42	19,25	17,92	0
08/07/2020 04:25:00	18,30	18,51	18,72	19,23	19,75	20,21	20,46	20,61	20,63	20,64	20,60	20,50	20,39	18,04	0
08/07/2020 04:30:00	18,14	18,30	18,42	18,64	19,09	19,71	19,98	20,15	20,20	20,29	20,38	20,42	20,45	18,16	0
08/07/2020 04:35:00	17,99	18,28	18,51	18,96	19,49	19,94	20,04	20,09	20,07	20,02	19,91	19,73	19,55	18,35	0
08/07/2020 04:40:00	17,89	18,27	18,34	18,36	18,70	19,17	19,32	19,40	19,39	19,42	19,47	19,47	19,47	18,21	0
08/07/2020 04:45:00	17,80	18,38	18,70	19,30	19,94	20,31	20,45	20,53	20,52	20,47	20,35	20,15	19,96	18,29	0
08/07/2020 04:50:00	18,39	18,99	19,86	21,10	21,52	21,54	21,67	21,68	21,53	21,24	20,75	20,16	19,58	18,34	0
08/07/2020 04:55:00	18,64	18,88	19,20	19,60	20,10	20,35	20,54	20,63	20,59	20,52	20,40	20,21	20,02	18,51	0
08/07/2020 05:00:00	18,92	19,03	19,23	19,42	19,84	20,25	20,44	20,54	20,53	20,53	20,50	20,42	20,34	18,97	0
08/07/2020 05:05:00	18,70	19,02	19,34	19,60	19,60	19,88	20,09	20,16	20,06	19,98	19,87	19,72	19,56	19,04	0
08/07/2020 05:10:00	18,77	19,20	19,29	19,46	19,58	19,70	19,80	19,81	19,70	19,60	19,48	19,31	19,15	19,02	0
08/07/2020 05:15:00	18,80	19,15	19,31	19,37	19,52	19,71	19,74	19,70	19,59	19,47	19,33	19,14	18,95	18,90	0
08/07/2020 05:20:00	18,63	18,92	19,20	19,32	19,43	19,56	19,64	19,62	19,49	19,35	19,17	18,95	18,73	18,74	0
08/07/2020 05:25:00	18,63	18,90	19,14	19,22	19,32	19,50	19,53	19,49	19,36	19,22	19,04	18,82	18,60	18,64	0
08/07/2020 05:30:00	18,58	19,29	19,43	19,35	19,34	19,43	19,39	19,29	19,11	18,95	18,79	18,59	18,39	18,65	0
08/07/2020 05:35:00	18,53	19,29	19,64	19,65	19,69	19,74	19,68	19,56	19,36	19,15	18,90	18,61	18,33	18,51	0
08/07/2020 05:40:00	18,55	19,39	19,77	19,80	19,80	19,78	19,69	19,54	19,32	19,08	18,79	18,47	18,15	18,72	0
08/07/2020 05:45:00	18,66	19,29	19,58	19,58	19,64	19,72	19,70	19,60	19,43	19,25	19,04	18,79	18,54	18,50	0
08/07/2020 05:50:00	18,74	19,42	19,76	19,76	19,84	19,99	19,98	19,90	19,74	19,58	19,39	19,16	18,93	18,84	0
08/07/2020 05:55:00	18,95	19,59	19,84	19,78	19,81	19,85	19,78	19,66	19,46	19,27	19,04	18,78	18,52	18,97	0
08/07/2020 06:00:00	19,29	19,59	19,80	19,76	19,78	19,80	19,75	19,64	19,45	19,25	19,00	18,72	18,44	19,15	0
08/07/2020 06:05:00	19,13	19,52	19,64	19,57	19,61	19,72	19,75	19,70	19,56	19,43	19,29	19,12	18,95	19,07	0
08/07/2020 06:10:00	19,27	19,67	19,81	19,67	19,68	19,78	19,78	19,70	19,54	19,40	19,24	19,06	18,87	19,06	0
08/07/2020 06:15:00	19,67	19,71	19,61	19,46	19,42	19,49	19,52	19,47	19,34	19,22	19,11	18,96	18,81	19,54	0
08/07/2020 06:20:00	20,32	19,83	19,42	19,24	19,22	19,29	19,35	19,35	19,27	19,22	19,18	19,09	19,00	19,76	0
08/07/2020 06:25:00	20,34	19,96	19,58	19,39	19,40	19,53	19,59	19,58	19,51	19,46	19,43	19,35	19,27	20,01	0
08/07/2020 06:30:00	19,96	19,86	19,55	19,34	19,32	19,44	19,49	19,48	19,39	19,33	19,30	19,22	19,15	19,94	0
08/07/2020 06:35:00	20,03	19,87	19,60	19,42	19,43	19,56	19,59	19,57	19,47	19,41	19,35	19,25	19,15	19,92	0
08/07/2020 06:40:00	20,10	19,88	19,59	19,43	19,44	19,53	19,58	19,57	19,48	19,41	19,35	19,26	19,16	20,31	0
08/07/2020 06:45:00	19,89	19,82	19,66	19,48	19,52	19,63	19,66	19,63	19,53	19,45	19,37	19,25	19,13	20,16	0
08/07/2020 06:50:00	19,81	19,86	19,73	19,52	19,49	19,64	19,67	19,63	19,52	19,44	19,37	19,27	19,17	20,05	0
08/07/2020 06:55:00	19,94	19,88	19,68	19,47	19,47	19,59	19,64	19,62	19,52	19,45	19,40	19,31	19,22	19,90	0
08/07/2020 07:00:00	19,88	19,76	19,66	19,49	19,52	19,67	19,73	19,72	19,62	19,55	19,48	19,37	19,26	19,88	0
08/07/2020 07:05:00	19,86	19,78	19,58	19,37	19,33	19,47	19,53	19,52	19,42	19,36	19,31	19,22	19,14	19,77	0
08/07/2020 07:10:00	20,02	19,76	19,55	19,36	19,37	19,55	19,66	19,68	19,61	19,57	19,55	19,50	19,44	20,11	0
08/07/2020 07:15:00	20,63	19,91	19,52	19,23	19,20	19,29	19,35	19,34	19,27	19,22	19,18	19,10	19,02	20,57	0
08/07/2020 07:20:00	20,13	19,99	19,78	19,53	19,43	19,49	19,49	19,44	19,31	19,20	19,10	18,97	18,84	20,57	0
08/07/2020 07:25:00	20,16	19,93	19,80	19,65	19,66	19,81	19,84	19,82	19,72	19,63	19,54	19,41	19,27	20,39	0
08/07/2020 07:30:00	20,30	19,95	19,71	19,54	19,62	19,85	19,99	20,04	19,99	19,98	19,99	19,96	19,92	20,34	0
08/07/2020 07:35:00	20,08	20,00	19,83	19,62	19,64	19,85	19,97	20,00	19,94	19,92	19,92	19,89	19,86	20,41	0
08/07/2020 07:40:00	20,21	20,01	19,80	19,58	19,56	19,75	19,86	19,88	19,81	19,78	19,76	19,72	19,67	20,24	0
08/07/2020 07:45:00	20,29	20,03	19,74	19,52	19,54	19,67	19,74	19,74	19,66	19,61	19,57	19,49	19,42	20,22	0
08/07/2020 07:50:00	20,37	20,11	19,87	19,71	19,72	19,92	20,10	20,17	20,13	20,13	20,15	20,14	20,13	20,26	0
08/07/2020 07:55:00	20,28	19,92	19,65	19,55	19,76	20,15	20,40	20,54	20,58	20,66	20,78	20,85	20,92	20,27	0
08/07/2020 08:00:00	20,36	19,98	19,61	19,46	19,61	19,91	20,14	20,28	20,30	20,38	20,50	20,58	20,66	20,31	0
08/07/2020 08:05:00	20,54	20,09	19,58	19,36	19,48	19,84	20,06	20,19	20,23	20,33	20,49	20,61	20,73	20,56	0
08/07/2020 08:10:00	20,99	20,10	19,46	19,30	19,48	19,88	20,18	20,38	20,47	20,62	20,83	20,99	21,15	20,86	0
08/07/2020 08:15:00	20,95	20,19	19,68	19,49	19,52	19,68	19,81	19,87	19,85	19,85	19,88	19,86	19,84	20,70	0
08/07/2020 08:20:00	20,71	20,24	19,77	19,64	19,69	19,93	20,14	20,25	20,25	20,31	20,40	20,45	20,50	20,57	0
08/07/2020 08:25:00	20,50	20,21	19,95	19,79	19,91	20,23	20,43	20,54	20,54	20,59	20,67	20,72	20,76	20,42	0
08/07/2020 08:30:00	20,40	20,10	19,85	19,83	20,07	20,47	20,73	20,89	20,93	21,01	21,13	21,19	21,25	20,28	0
08/07/2020 08:35:00	20,45	20,13	19,94	19,88	20,09	20,45	20,70	20,84	20,87	20,93	21,02	21,06	21,11	20,71	0
08/07/2020 08:40:00	20,52	20,09	19,79	19,84	20,28	20,85	21,20	21,45	21,57	21,74	21,95	22,10	22,25	20,62	0
08/07/2020 08:45:00	20,55	20,11	19,89	20,04	20,42	20,87	21,11	21,28	21,33	21,40	21,47	21,47	21,47	20,76	0
08/07/2020 08:50:00	20,44	20,10	19,90	19,86	20,13	20,57	20,81	20,97	21,01	21,09	21,20	21,26	21,32	20,50	0
08/07/2020 08:55:00	20,50	20,13	19,88	19,95	20,27	20,76	21,09	21,30	21,38	21,51	21,66	21,76	21,85	20,43	0
08/07/2020 09:00:00	20,75	20,09	19,77	19,85	20,26	20,86	21,28	21,57	21,72	21,91	22,15	22,33	22,50	20,62	0
08/07/2020 09:05:00	20,96	20,21	19,77	19,83	20,24	20,79	21,16	21,43	21,57	21,76	21,98	22,14	22,30	21,00	0
08/07/2020 09:10:00	20,97	20,37	19,92	19,87	20,16	20,55	20,78	20,94	21,00	21,11	21,24	21,31	21,38	20,94	0
08/07/2020 09:15:00	21,48	20,46	19,97	19,86	20,03	20,40	20,64	20,80	20,85	20,95	21,06	21,12	21,18	21,05	0
08/07/2020 09:20:00	21,47	20,59	20,09	20,05	20,27	20,57	20,76	20,88	20,92	20,98	21,04	21,04	21,04	21,72	0
08/07/2020 09:25:00	21,06	20,60	20,26	20,16	20,25	20,48	20,59	20,64	20,60	20,59	20,58	20,52	20,46	21,28	0
08/07/2020 09:30:00	21,16	20,63	20,31	20,25	20,39	20,64	20,83	20,93	20,93	20,95	20,98	20,96	20,94	21,17	0
08/07/2020 09:35:00	21,22	20,75	20,44	20,39	20,53	20,80	20,95	21,03	21,01	21,02	21,03	20,98	20,94	21,50	0
08/07/2020 09:40:00	21,34	20,89	20,58	20,59	20,77	21,06	21,23	21,32	21,32	21,34	21,35	21,31	21,26	21,33	0
08/07/2020 09:45:00	21,95	20,92	20,44	20,36	20,53	20,79	20,98	21,10	21,12	21,16	21,20	21,18	21,15	21,82	0
08/07/2020 09:50:00	22,17	21,15	20,61	20,45	20,51	20,70	20,80	20,86	20,85	20,84	20,84	20,78	20,72	22,43	0
08/07/2020 09:55:00	22,41	21,36	20,75	20,52	20,53	20,66	20,72	20,75	20,71	20,69	20,66	20,58	20,50	22,13	0
08/07/2020 10:00:00	22,24	21,62	21,05	20,76	20,67	20,76	20,77	20,75	20,67	20,63	20,59	20,51	20,43	22,63	0
08/07/2020 10:05:00	23,10	21,69	20,96	20,70	20,61	20,73	20,79	20,82	20,79	20,77	20,75	20,67	20,59	22,67	0
08/07/2020 10:10:00	22,81	21,86	21,21	20,95	20,92	21,06	21,11	21,12	21,08	21,06	21,04	20,97	20,89	22,93	0
08/07/2020 10:15:00	22,53	22,02	21,55	21,32	21,21	21,18	21,15	21,08	20,96	20,85	20,72	20,54	20,37	23,47	0
08/07/2020 10:20:00	22,96	22,13	21,56	21,25	21,17	21,24	21,20	21,15	21,06	20,98	20,89	20,75	20,62	23,58	0
08/07/2020 10:25:00	23,21	22,29	21,60	21,28	21,14	21,20	21,17	21,13	21,05	20,99	20,92	20,81	20,70	23,28	0
08/07/2020 10:30:00	23,58	22,40	21,81	21,50	21,41	21,41	21,37	21,31	21,21	21,09	20,95	20,75	20,55	23,98	0
08/07/2020 10:35:00	23,19	22,40	22,01	21,72	21,62	21,58	21,51	21,42	21,27	21,11	20,90	20,64	20,39	24,48	0
08/07/2020 10:40:00	24,49	23,07	21,92	21,45	21,23	21,15	21,11	21,06	20,99	20,95	20,93	20,86	20,79	25,29	0
08/07/2020 10:45:00	23,57	22,95	22,48	22,15	21,95	21,87	21,73	21,58	21,41	21,24	21,03	20,77	20,52	25,05	0
08/07/2020 10:50:00	24,36	23,18	22,32	21,85	21,53	21,34	21,21	21,07	20,92	20,78	20,63	20,43	20,24	24,73	0
08/07/2020 10:55:00	24,46	23,38	22,62	22,22	21,94	21,75	21,60	21,44	21,27	21,10	20,88	20,62	20,36	24,90	0
08/07/2020 11:00:00	24,84	23,64	22,91	22,44	22,12	21,90	21,68	21,48	21,28	21,07	20,81	20,50	20,19	25,01	0
08/07/2020 11:05:00	23,90	23,55	23,17	22,76	22,41	22,19	21,94	21,69	21,44	21,17	20,86	20,50	20,15	25,01	0
08/07/2020 11:10:00	24,01	23,36	23,01	22,69	22,41	22,19	21,97	21,75	21,50	21,22	20,86	20,47	20,07	25,16	0
08/07/2020 11:15:00	23,91	23,46	23,13	22,78	22,45	22,21	21,95	21,69	21,43	21,13	20,76	20,35	19,95	24,99	0
08/07/2020 11:20:00	23,77	23,46	23,22	22,83	22,49	22,19	21,90	21,61	21,32	21,01	20,62	20,20	19,77	24,51	0
08/07/2020 11:25:00	23,60	23,28	23,02	22,64	22,29	21,99	21,72	21,45	21,16	20,85	20,47	20,05	19,64	24,69	0
08/07/2020 11:30:00	23,94	23,35	22,88	22,43	22,06	21,79	21,53	21,29	21,04	20,78	20,47	20,12	19,77	24,41	0
08/07/2020 11:35:00	24,04	23,38	22,75	22,28	21,90	21,61	21,37	21,14	20,91	20,67	20,40	20,09	19,78	24,43	0
08/07/2020 11:40:00	24,94	23,81	22,62	22,04	21,56	21,24	21,01	20,80	20,62	20,45	20,28	20,08	19,87	24,72	0
08/07/2020 11:45:00	24,79	23,60	22,85	22,34	21,99	21,76	21,49	21,26	21,04	20,80	20,51	20,17	19,83	25,90	0
08/07/2020 11:50:00	24,17	23,50	23,07	22,68	22,38	22,14	21,90	21,68	21,45	21,19	20,88	20,52	20,17	24,59	0
08/07/2020 11:55:00	23,81	23,56	23,27	22,97	22,57	22,21	21,94	21,67	21,37	21,04	20,64	20,21	19,77	24,59	0
08/07/2020 12:00:00	23,84	23,46	23,16	22,76	22,46	22,22	21,94	21,68	21,42	21,13	20,79	20,40	20,02	24,42	0
08/07/2020 12:05:00	23,86	23,45	23,19	22,81	22,45	22,15	21,87	21,60	21,31	20,99	20,59	20,16	19,72	24,54	0
08/07/2020 12:10:00	24,09	23,63	23,02	22,56	22,22	21,89	21,60	21,33	21,07	20,79	20,46	20,10	19,74	24,47	0
08/07/2020 12:15:00	24,29	23,69	22,87	22,36	21,95	21,65	21,37	21,12	20,88	20,65	20,39	20,09	19,79	24,54	0
08/07/2020 12:20:00	23,98	23,33	22,70	22,22	21,88	21,60	21,38	21,17	20,96	20,74	20,50	20,23	19,95	24,45	0
08/07/2020 12:25:00	24,55	23,35	22,45	21,93	21,63	21,41	21,22	21,05	20,89	20,72	20,54	20,32	20,09	24,74	0
08/07/2020 12:30:00	24,92	23,76	22,52	21,90	21,49	21,29	21,05	20,87	20,73	20,61	20,50	20,36	20,21	24,89	0
08/07/2020 12:35:00	24,13	23,42	22,87	22,50	22,18	21,94	21,69	21,46	21,22	20,97	20,66	20,30	19,95	24,62	0
08/07/2020 12:40:00	24,71	23,70	22,71	22,25	21,88	21,61	21,40	21,21	21,03	20,84	20,63	20,38	20,13	24,92	0
08/07/2020 12:45:00	24,88	23,62	22,78	22,27	21,94	21,66	21,44	21,25	21,06	20,85	20,62	20,33	20,05	24,69	0
08/07/2020 12:50:00	25,28	23,36	22,64	22,13	21,84	21,63	21,51	21,39	21,24	21,07	20,85	20,59	20,33	24,81	0
08/07/2020 12:55:00	25,05	23,26	22,63	22,24	21,97	21,80	21,65	21,51	21,35	21,16	20,90	20,59	20,28	24,98	0
08/07/2020 13:00:00	24,27	23,50	22,99	22,58	22,12	21,85	21,67	21,48	21,25	21,02	20,76	20,46	20,17	24,45	0
08/07/2020 13:05:00	25,49	23,48	22,79	22,43	22,20	22,06	21,97	21,89	21,75	21,57	21,33	21,03	20,73	25,61	0
08/07/2020 13:10:00	24,61	23,44	22,97	22,61	22,41	22,25	22,08	21,92	21,73	21,51	21,23	20,89	20,56	24,93	0
08/07/2020 13:15:00	24,61	23,62	23,07	22,68	22,48	22,37	22,18	22,01	21,83	21,64	21,39	21,09	20,79	25,04	0
08/07/2020 13:20:00	24,63	23,98	23,11	22,64	22,27	22,02	21,80	21,61	21,42	21,23	21,04	20,81	20,58	25,49	0
08/07/2020 13:25:00	24,95	24,11	23,14	22,51	22,06	21,72	21,45	21,21	20,99	20,78	20,56	20,31	20,06	25,74	0
08/07/2020 13:30:00	24,42	24,40	23,53	23,01	22,49	22,11	21,83	21,57	21,32	21,10	20,88	20,64	20,39	25,11	0
08/07/2020 13:35:00	24,50	24,23	23,29	22,79	22,37	21,99	21,67	21,39	21,15	20,93	20,68	20,41	20,13	24,94	0
08/07/2020 13:40:00	25,04	23,84	23,03	22,61	22,35	22,12	21,86	21,64	21,45	21,23	20,96	20,64	20,32	24,96	0
08/07/2020 13:45:00	24,26	23,81	23,37	23,02	22,77	22,55	22,33	22,12	21,89	21,66	21,36	21,03	20,70	25,24	0
08/07/2020 13:50:00	24,21	23,98	23,58	23,22	22,90	22,63	22,39	22,16	21,91	21,65	21,33	20,99	20,64	25,34	0
08/07/2020 13:55:00	24,06	23,94	23,74	23,39	23,11	22,90	22,70	22,48	22,23	21,97	21,65	21,30	20,95	25,21	0
08/07/2020 14:00:00	24,26	24,13	23,82	23,49	23,21	22,93	22,67	22,42	22,15	21,85	21,50	21,10	20,70	25,50	0
08/07/2020 14:05:00	24,50	24,25	23,91	23,56	23,26	22,96	22,65	22,36	22,08	21,77	21,38	20,96	20,53	26,37	0
08/07/2020 14:10:00	24,62	24,20	23,79	23,40	23,05	22,78	22,54	22,31	22,06	21,78	21,45	21,08	20,72	25,95	0
08/07/2020 14:15:00	24,64	24,15	23,80	23,49	23,16	22,83	22,57	22,32	22,05	21,74	21,36	20,94	20,51	25,89	0
08/07/2020 14:20:00	24,36	24,13	23,97	23,64	23,31	23,02	22,70	22,41	22,10	21,75	21,32	20,84	20,36	25,54	0
08/07/2020 14:25:00	24,49	24,28	23,99	23,58	23,21	22,87	22,58	22,29	22,00	21,68	21,30	20,88	20,46	25,53	0
08/07/2020 14:30:00	24,78	24,38	23,86	23,41	23,05	22,75	22,44	22,17	21,90	21,62	21,29	20,93	20,56	25,84	0
08/07/2020 14:35:00	25,65	24,49	23,59	23,11	22,77	22,51	22,24	22,02	21,81	21,59	21,32	21,00	20,68	25,82	0
08/07/2020 14:40:00	25,26	24,96	24,06	23,46	22,85	22,37	21,99	21,65	21,34	21,04	20,72	20,37	20,02	26,03	0
08/07/2020 14:45:00	25,61	24,54	23,64	23,16	22,79	22,44	22,15	21,90	21,67	21,42	21,11	20,75	20,39	26,14	0
08/07/2020 14:50:00	25,46	24,45	23,85	23,46	23,12	22,86	22,54	22,26	22,01	21,71	21,32	20,88	20,44	26,82	0
08/07/2020 14:55:00	24,45	24,36	24,16	23,78	23,39	23,05	22,71	22,39	22,07	21,71	21,27	20,79	20,32	25,84	0
08/07/2020 15:00:00	24,56	24,28	23,95	23,54	23,17	22,82	22,48	22,17	21,87	21,54	21,13	20,68	20,24	25,72	0
08/07/2020 15:05:00	24,86	24,26	23,84	23,42	23,04	22,70	22,42	22,15	21,87	21,56	21,17	20,75	20,32	25,71	0
08/07/2020 15:10:00	24,65	24,39	24,11	23,76	23,41	23,03	22,65	22,31	21,98	21,60	21,12	20,60	20,07	26,21	0
08/07/2020 15:15:00	24,56	24,41	24,03	23,61	23,20	22,84	22,50	22,18	21,88	21,54	21,14	20,70	20,26	25,78	0
08/07/2020 15:20:00	24,96	24,66	24,07	23,65	23,22	22,77	22,38	22,03	21,72	21,37	20,94	20,48	20,02	25,81	0
08/07/2020 15:25:00	26,35	24,69	23,61	23,09	22,66	22,31	22,03	21,79	21,58	21,33	21,03	20,67	20,32	27,11	0
08/07/2020 15:30:00	24,89	24,58	24,10	23,71	23,27	22,88	22,52	22,19	21,88	21,53	21,10	20,63	20,17	26,16	0
08/07/2020 15:35:00	24,25	24,33	24,21	23,85	23,47	23,11	22,74	22,38	22,03	21,63	21,13	20,60	20,07	25,44	0
08/07/2020 15:40:00	24,74	24,35	24,05	23,69	23,31	22,93	22,55	22,20	21,86	21,46	20,97	20,42	19,88	25,68	0
08/07/2020 15:45:00	24,85	24,52	24,04	23,59	23,15	22,71	22,37	22,06	21,75	21,42	21,02	20,58	20,15	25,71	0
08/07/2020 15:50:00	25,03	24,66	24,09	23,68	23,22	22,80	22,46	22,15	21,84	21,51	21,10	20,65	20,21	25,85	0
08/07/2020 15:55:00	25,69	24,54	23,82	23,33	22,98	22,65	22,34	22,08	21,83	21,55	21,19	20,79	20,39	26,66	0
08/07/2020 16:00:00	24,55	24,48	24,29	23,88	23,49	23,07	22,67	22,30	21,95	21,55	21,06	20,54	20,01	25,93	0
08/07/2020 16:05:00	24,55	24,49	24,27	23,90	23,54	23,14	22,80	22,47	22,14	21,77	21,31	20,82	20,33	25,99	0
08/07/2020 16:10:00	24,25	24,45	24,39	24,03	23,65	23,23	22,84	22,48	22,13	21,73	21,24	20,72	20,19	25,58	0
08/07/2020 16:15:00	24,17	24,39	24,42	24,11	23,71	23,27	22,83	22,43	22,03	21,56	20,98	20,36	19,74	25,96	0
08/07/2020 16:20:00	24,20	24,42	24,42	24,08	23,69	23,20	22,78	22,38	21,98	21,53	20,96	20,36	19,76	25,53	0
08/07/2020 16:25:00	24,05	24,29	24,22	23,95	23,57	23,13	22,72	22,34	21,97	21,53	20,99	20,42	19,84	25,33	0
08/07/2020 16:30:00	23,91	24,27	24,29	23,88	23,51	23,12	22,69	22,29	21,91	21,48	20,96	20,40	19,85	25,15	0
08/07/2020 16:35:00	23,67	24,13	24,23	23,91	23,51	23,10	22,70	22,31	21,92	21,48	20,94	20,36	19,79	25,11	0
08/07/2020 16:40:00	23,91	24,07	23,98	23,55	23,23	22,88	22,51	22,17	21,83	21,46	21,01	20,52	20,04	25,29	0
08/07/2020 16:45:00	23,74	24,01	23,94	23,57	23,19	22,75	22,37	22,00	21,64	21,23	20,74	20,21	19,69	24,95	0
08/07/2020 16:50:00	23,70	23,96	23,75	23,38	23,06	22,69	22,33	21,99	21,66	21,30	20,87	20,40	19,93	24,94	0
08/07/2020 16:55:00	23,71	23,99	23,78	23,38	22,95	22,52	22,12	21,75	21,39	21,01	20,55	20,06	19,57	24,95	0
08/07/2020 17:00:00	23,57	23,73	23,50	23,16	22,77	22,38	22,03	21,70	21,37	21,01	20,58	20,12	19,66	24,66	0
08/07/2020 17:05:00	23,92	24,09	23,87	23,50	23,12	22,79	22,41	22,06	21,73	21,36	20,92	20,44	19,96	24,58	0
08/07/2020 17:10:00	24,21	24,14	23,78	23,41	22,97	22,60	22,21	21,86	21,53	21,16	20,72	20,24	19,77	24,83	0
08/07/2020 17:15:00	23,89	24,05	23,79	23,46	23,09	22,72	22,35	22,01	21,67	21,31	20,86	20,38	19,89	24,61	0
08/07/2020 17:20:00	23,77	23,98	23,78	23,37	22,99	22,58	22,23	21,88	21,54	21,17	20,72	20,25	19,78	24,63	0
08/07/2020 17:25:00	23,55	23,91	23,82	23,51	23,13	22,73	22,32	21,93	21,57	21,16	20,65	20,11	19,57	24,31	0
08/07/2020 17:30:00	23,87	24,19	24,06	23,75	23,38	22,96	22,58	22,21	21,86	21,46	20,97	20,45	19,93	24,41	0
08/07/2020 17:35:00	23,72	24,20	24,13	23,77	23,37	22,89	22,48	22,08	21,71	21,29	20,79	20,27	19,74	24,21	0
08/07/2020 17:40:00	23,94	24,19	24,02	23,65	23,22	22,81	22,41	22,05	21,69	21,29	20,81	20,30	19,78	24,31	0
08/07/2020 17:45:00	23,89	24,09	23,85	23,43	23,01	22,61	22,24	21,90	21,55	21,19	20,75	20,28	19,81	24,38	0
08/07/2020 17:50:00	23,78	23,99	23,84	23,56	23,18	22,77	22,40	22,04	21,69	21,29	20,80	20,27	19,74	24,09	0
08/07/2020 17:55:00	23,75	24,00	23,84	23,49	23,01	22,60	22,21	21,85	21,49	21,09	20,61	20,10	19,59	24,19	0
08/07/2020 18:00:00	23,79	23,94	23,71	23,34	22,91	22,48	22,07	21,69	21,33	20,92	20,42	19,89	19,36	23,91	0
08/07/2020 18:05:00	23,69	23,85	23,55	23,17	22,76	22,35	21,98	21,63	21,29	20,92	20,47	19,99	19,52	23,87	0
08/07/2020 18:10:00	23,70	23,83	23,49	23,04	22,60	22,19	21,82	21,47	21,14	20,78	20,36	19,92	19,47	23,83	0
08/07/2020 18:15:00	23,73	23,91	23,60	23,19	22,75	22,35	21,97	21,62	21,28	20,91	20,48	20,01	19,55	23,74	0
08/07/2020 18:20:00	23,60	23,84	23,56	23,19	22,80	22,42	22,06	21,72	21,39	21,04	20,62	20,17	19,72	23,72	0
08/07/2020 18:25:00	23,61	23,83	23,66	23,33	22,93	22,52	22,13	21,76	21,40	21,00	20,52	20,00	19,48	23,89	0
08/07/2020 18:30:00	23,63	23,83	23,60	23,25	22,85	22,43	22,01	21,64	21,28	20,88	20,40	19,89	19,38	23,84	0
08/07/2020 18:35:00	23,70	23,72	23,44	23,07	22,67	22,32	21,96	21,63	21,31	20,95	20,52	20,06	19,60	23,79	0
08/07/2020 18:40:00	23,43	23,64	23,42	23,03	22,64	22,30	21,96	21,64	21,32	20,97	20,57	20,13	19,69	23,53	0
08/07/2020 18:45:00	23,38	23,68	23,48	23,12	22,71	22,32	21,95	21,60	21,25	20,86	20,41	19,92	19,43	23,73	0
08/07/2020 18:50:00	23,60	23,71	23,48	23,13	22,72	22,25	21,85	21,48	21,13	20,73	20,25	19,75	19,24	23,68	0
08/07/2020 18:55:00	23,51	23,65	23,42	23,00	22,56	22,15	21,72	21,34	20,97	20,57	20,09	19,58	19,07	23,56	0
08/07/2020 19:00:00	23,26	23,54	23,24	22,86	22,48	22,07	21,68	21,32	20,97	20,60	20,15	19,67	19,19	23,39	0
08/07/2020 19:05:00	23,21	23,37	23,04	22,63	22,20	21,75	21,38	21,03	20,68	20,31	19,88	19,41	18,95	23,40	0
08/07/2020 19:10:00	22,93	23,01	22,69	22,25	21,86	21,49	21,11	20,76	20,43	20,09	19,68	19,25	18,82	22,77	0
08/07/2020 19:15:00	22,55	22,58	22,15	21,72	21,29	20,90	20,54	20,21	19,88	19,55	19,16	18,74	18,32	22,25	0
08/07/2020 19:20:00	22,36	22,17	21,69	21,33	20,98	20,69	20,37	20,08	19,80	19,50	19,14	18,75	18,36	22,02	0
08/07/2020 19:25:00	22,12	21,96	21,41	20,97	20,64	20,35	20,07	19,81	19,55	19,30	19,03	18,73	18,43	21,58	0
08/07/2020 19:30:00	21,95	21,70	21,13	20,74	20,43	20,12	19,83	19,57	19,31	19,05	18,75	18,41	18,08	21,38	0
08/07/2020 19:35:00	21,59	21,15	20,40	19,95	19,70	19,71	19,80	19,81	19,75	19,77	19,86	19,92	19,98	21,04	0
08/07/2020 19:40:00	20,45	20,42	20,44	20,48	20,57	20,70	20,75	20,73	20,62	20,50	20,35	20,14	19,94	20,04	0
08/07/2020 19:45:00	20,17	20,22	20,15	20,03	20,08	20,16	20,17	20,12	20,00	19,89	19,76	19,59	19,43	19,36	0
08/07/2020 19:50:00	20,10	20,05	19,98	19,87	19,90	19,99	20,00	19,95	19,83	19,71	19,58	19,40	19,23	19,07	0
08/07/2020 19:55:00	20,14	20,02	19,92	19,81	19,75	19,80	19,76	19,68	19,53	19,38	19,21	18,99	18,78	19,30	0
08/07/2020 20:00:00	19,86	19,87	19,81	19,65	19,62	19,61	19,59	19,51	19,35	19,21	19,05	18,86	18,66	19,03	0
08/07/2020 20:05:00	19,94	19,84	19,83	19,75	19,74	19,80	19,79	19,72	19,57	19,42	19,24	19,01	18,79	19,08	0
08/07/2020 20:10:00	19,79	19,76	19,66	19,53	19,45	19,44	19,39	19,29	19,12	18,96	18,77	18,54	18,31	18,84	0
08/07/2020 20:15:00	19,65	19,54	19,48	19,29	19,18	19,16	19,06	18,92	18,73	18,54	18,32	18,06	17,80	18,64	0
08/07/2020 20:20:00	19,42	19,40	19,33	19,13	18,97	18,86	18,72	18,55	18,32	18,10	17,84	17,54	17,25	18,37	0
08/07/2020 20:25:00	19,33	19,18	19,13	18,95	18,85	18,84	18,75	18,62	18,43	18,24	18,02	17,76	17,50	18,29	0
08/07/2020 20:30:00	19,21	19,18	19,08	18,83	18,65	18,60	18,49	18,34	18,13	17,94	17,73	17,49	17,24	18,19	0
08/07/2020 20:35:00	18,99	18,95	18,74	18,52	18,34	18,27	18,18	18,06	17,87	17,70	17,51	17,30	17,09	17,77	0
08/07/2020 20:40:00	18,76	18,71	18,54	18,36	18,30	18,30	18,24	18,14	17,97	17,82	17,66	17,46	17,27	17,56	0
08/07/2020 20:45:00	18,63	18,51	18,33	18,14	18,12	18,21	18,22	18,18	18,06	17,96	17,88	17,75	17,63	17,24	0
08/07/2020 20:50:00	18,50	18,45	18,37	18,18	18,11	18,14	18,10	18,01	17,85	17,71	17,55	17,37	17,18	17,12	0
08/07/2020 20:55:00	18,23	18,25	18,19	18,10	18,03	18,09	18,06	17,98	17,82	17,68	17,52	17,33	17,13	16,89	0
08/07/2020 21:00:00	18,19	18,09	18,06	18,01	18,03	18,11	18,13	18,09	17,96	17,84	17,70	17,52	17,35	16,72	0
08/07/2020 21:05:00	18,00	18,02	18,03	18,03	18,07	18,16	18,16	18,10	17,96	17,82	17,66	17,46	17,25	16,56	0
08/07/2020 21:10:00	17,60	17,55	17,47	17,36	17,29	17,32	17,30	17,21	17,06	16,91	16,75	16,56	16,37	16,54	0
08/07/2020 21:15:00	17,38	17,35	17,33	17,24	17,24	17,29	17,28	17,21	17,06	16,92	16,76	16,57	16,38	16,04	0
08/07/2020 21:20:00	17,31	17,28	17,22	17,12	17,15	17,25	17,28	17,23	17,11	17,00	16,90	16,76	16,61	16,14	0
08/07/2020 21:25:00	17,28	17,14	17,09	17,04	17,14	17,34	17,43	17,44	17,35	17,29	17,23	17,13	17,03	16,04	0
08/07/2020 21:30:00	17,24	16,97	16,83	16,82	16,97	17,21	17,37	17,44	17,40	17,39	17,39	17,34	17,30	15,96	0
08/07/2020 21:35:00	17,07	17,02	16,85	16,75	16,74	16,82	16,87	16,85	16,73	16,64	16,57	16,46	16,35	15,84	0
08/07/2020 21:40:00	16,94	16,91	16,78	16,68	16,64	16,70	16,72	16,67	16,53	16,42	16,31	16,17	16,04	15,52	0
08/07/2020 21:45:00	16,79	16,78	16,71	16,62	16,63	16,73	16,74	16,69	16,56	16,45	16,34	16,19	16,05	15,41	0
08/07/2020 21:50:00	16,73	16,69	16,63	16,63	16,78	17,00	17,12	17,15	17,09	17,05	17,02	16,95	16,88	15,46	0
08/07/2020 21:55:00	16,76	16,68	16,58	16,49	16,54	16,66	16,69	16,66	16,55	16,45	16,37	16,25	16,12	15,49	0
08/07/2020 22:00:00	16,74	16,73	16,67	16,50	16,47	16,44	16,40	16,30	16,13	15,97	15,81	15,63	15,44	15,35	0
08/07/2020 22:05:00	16,86	16,71	16,56	16,38	16,31	16,34	16,30	16,21	16,05	15,92	15,78	15,62	15,45	15,57	0
08/07/2020 22:10:00	16,75	16,69	16,54	16,35	16,28	16,27	16,22	16,12	15,95	15,81	15,66	15,49	15,31	15,52	0
08/07/2020 22:15:00	16,75	16,61	16,45	16,20	16,13	16,13	16,10	16,01	15,85	15,72	15,60	15,45	15,30	15,27	0
08/07/2020 22:20:00	16,62	16,65	16,44	16,25	16,17	16,13	16,08	15,97	15,81	15,67	15,54	15,38	15,21	15,13	0
08/07/2020 22:25:00	16,66	16,65	16,49	16,30	16,16	16,12	16,01	15,86	15,66	15,48	15,29	15,08	14,86	15,25	0
08/07/2020 22:30:00	16,70	16,61	16,50	16,28	16,15	16,08	15,98	15,84	15,64	15,46	15,27	15,05	14,83	15,50	0
08/07/2020 22:35:00	16,68	16,63	16,49	16,27	16,10	15,97	15,84	15,67	15,45	15,24	15,02	14,77	14,52	15,20	0
08/07/2020 22:40:00	16,60	16,62	16,52	16,31	16,14	16,01	15,88	15,70	15,48	15,26	15,03	14,78	14,52	15,22	0
08/07/2020 22:45:00	16,71	16,62	16,43	16,18	16,01	15,89	15,73	15,54	15,32	15,11	14,89	14,64	14,39	15,46	0
08/07/2020 22:50:00	16,60	16,66	16,45	16,21	16,01	15,87	15,72	15,54	15,32	15,11	14,90	14,67	14,43	15,30	0
08/07/2020 22:55:00	16,61	16,60	16,40	16,17	15,98	15,84	15,71	15,54	15,33	15,12	14,92	14,69	14,46	15,16	0
08/07/2020 23:00:00	16,65	16,54	16,29	16,02	15,82	15,72	15,62	15,47	15,28	15,10	14,94	14,75	14,56	15,14	0
08/07/2020 23:05:00	16,56	16,47	16,25	15,99	15,84	15,75	15,65	15,51	15,32	15,14	14,98	14,78	14,59	14,90	0
08/07/2020 23:10:00	16,19	16,18	15,96	15,70	15,52	15,40	15,31	15,16	14,96	14,78	14,61	14,42	14,23	14,99	0
08/07/2020 23:15:00	16,13	16,15	15,92	15,62	15,42	15,31	15,19	15,02	14,81	14,63	14,46	14,27	14,08	15,01	0
08/07/2020 23:20:00	16,11	16,16	15,99	15,72	15,54	15,39	15,23	15,04	14,81	14,59	14,37	14,13	13,89	14,87	0
08/07/2020 23:25:00	16,17	16,16	15,95	15,74	15,55	15,41	15,27	15,10	14,88	14,68	14,47	14,23	14,00	14,92	0
08/07/2020 23:30:00	16,08	16,13	15,91	15,63	15,38	15,16	14,98	14,77	14,52	14,29	14,05	13,79	13,54	14,96	0
08/07/2020 23:35:00	16,05	16,06	15,85	15,56	15,30	15,17	15,00	14,81	14,57	14,36	14,15	13,92	13,70	14,99	0
08/07/2020 23:40:00	16,04	16,11	15,91	15,61	15,41	15,22	15,03	14,82	14,57	14,35	14,12	13,87	13,62	14,92	0
08/07/2020 23:45:00	16,09	15,99	15,60	15,24	14,98	14,83	14,69	14,51	14,30	14,12	13,96	13,79	13,61	15,04	0
08/07/2020 23:50:00	15,80	15,80	15,52	15,28	15,10	14,97	14,82	14,65	14,43	14,24	14,06	13,85	13,64	14,79	0
08/07/2020 23:55:00	15,81	15,74	15,52	15,21	14,96	14,79	14,60	14,39	14,14	13,91	13,68	13,43	13,18	14,47	0
