FileFormat:0002.2 file with temperature of atmosphere
200
local	GMT or Local
0	GMT-Local=[hours]
0	Height[m]
0	0	0	Longitude                [grd]               [min]               [sec]
0	0	0	Latitude                [grd]               [min]               [sec]
N	NS
59,40	Freq[GHz]
0,00	dTemostat[K]
0,150	MessErr[K]
0,248	//[grad/step]
version 14.0.20110218
MTP5H033F5940K-33.00D180214+A1.1
Commentary:
enter comment
End Of Commentary

SYSTEM\alaska.dat
data time	0	50	100	150	200	250	300	350	400	450	500	550	600	OutsideTemperature	Quality
10/11/2020 00:00:00	1,98	2,10	1,98	1,61	1,20	0,67	0,15	-0,17	-0,30	-0,46	-0,57	-0,63	-0,70	2,03	0
10/11/2020 00:05:00	2,08	2,07	1,87	1,57	1,12	0,59	0,17	-0,10	-0,23	-0,38	-0,50	-0,57	-0,64	2,13	0
10/11/2020 00:10:00	2,21	2,23	2,02	1,73	1,31	0,75	0,24	-0,08	-0,23	-0,41	-0,55	-0,66	-0,77	2,20	0
10/11/2020 00:15:00	2,26	2,26	2,07	1,73	1,28	0,74	0,25	-0,06	-0,21	-0,37	-0,50	-0,57	-0,65	2,32	0
10/11/2020 00:20:00	2,32	2,33	2,10	1,75	1,30	0,68	0,20	-0,11	-0,26	-0,43	-0,55	-0,63	-0,71	2,32	0
10/11/2020 00:25:00	2,35	2,30	2,03	1,65	1,17	0,62	0,16	-0,12	-0,24	-0,39	-0,50	-0,56	-0,62	2,32	0
10/11/2020 00:30:00	2,34	2,29	2,03	1,62	1,10	0,53	0,12	-0,13	-0,25	-0,39	-0,48	-0,52	-0,55	2,34	0
10/11/2020 00:35:00	2,36	2,37	2,10	1,65	1,19	0,57	0,06	-0,24	-0,36	-0,51	-0,62	-0,68	-0,74	2,33	0
10/11/2020 00:40:00	2,35	2,32	2,09	1,68	1,20	0,62	0,03	-0,32	-0,47	-0,62	-0,73	-0,79	-0,85	2,34	0
10/11/2020 00:45:00	2,34	2,32	2,01	1,59	1,09	0,50	0,00	-0,30	-0,44	-0,59	-0,71	-0,80	-0,88	2,35	0
10/11/2020 00:50:00	2,37	2,30	2,04	1,66	1,12	0,56	-0,03	-0,39	-0,55	-0,71	-0,84	-0,91	-0,98	2,36	0
10/11/2020 00:55:00	2,40	2,31	2,02	1,55	1,09	0,50	0,01	-0,28	-0,39	-0,52	-0,61	-0,65	-0,69	2,39	0
10/11/2020 01:00:00	2,39	2,30	2,00	1,54	1,02	0,43	-0,06	-0,36	-0,50	-0,65	-0,76	-0,81	-0,87	2,39	0
10/11/2020 01:05:00	2,41	2,31	2,02	1,65	1,17	0,58	0,06	-0,27	-0,43	-0,60	-0,73	-0,83	-0,92	2,40	0
10/11/2020 01:10:00	2,41	2,35	2,03	1,57	1,05	0,44	-0,06	-0,35	-0,48	-0,63	-0,74	-0,80	-0,86	2,42	0
10/11/2020 01:15:00	2,43	2,42	2,16	1,77	1,26	0,56	0,03	-0,34	-0,53	-0,72	-0,88	-0,98	-1,08	2,47	0
10/11/2020 01:20:00	2,52	2,51	2,23	1,83	1,28	0,64	0,03	-0,36	-0,54	-0,73	-0,88	-0,98	-1,08	2,50	0
10/11/2020 01:25:00	2,59	2,50	2,26	1,96	1,46	0,76	0,15	-0,30	-0,54	-0,79	-1,00	-1,17	-1,34	2,56	0
10/11/2020 01:30:00	2,61	2,55	2,31	1,88	1,36	0,75	0,10	-0,32	-0,51	-0,71	-0,88	-0,99	-1,10	2,61	0
10/11/2020 01:35:00	2,66	2,54	2,31	2,03	1,57	0,93	0,27	-0,19	-0,44	-0,68	-0,90	-1,09	-1,28	2,64	0
10/11/2020 01:40:00	2,72	2,68	2,36	2,03	1,47	0,84	0,26	-0,12	-0,32	-0,52	-0,69	-0,83	-0,96	2,68	0
10/11/2020 01:45:00	2,76	2,72	2,52	2,13	1,64	0,94	0,24	-0,24	-0,48	-0,71	-0,90	-1,03	-1,17	2,78	0
10/11/2020 01:50:00	2,82	2,82	2,61	2,18	1,67	0,91	0,25	-0,21	-0,46	-0,69	-0,88	-1,02	-1,16	2,84	0
10/11/2020 01:55:00	2,88	2,85	2,55	2,17	1,62	0,93	0,31	-0,11	-0,33	-0,55	-0,73	-0,87	-1,01	2,85	0
10/11/2020 02:00:00	2,90	2,85	2,60	2,15	1,63	0,91	0,25	-0,20	-0,42	-0,64	-0,80	-0,92	-1,04	2,90	0
10/11/2020 02:05:00	2,88	2,90	2,70	2,32	1,71	1,00	0,36	-0,08	-0,33	-0,56	-0,74	-0,85	-0,97	2,89	0
10/11/2020 02:10:00	2,88	2,88	2,64	2,27	1,77	1,13	0,56	0,18	-0,02	-0,22	-0,40	-0,52	-0,65	2,88	0
10/11/2020 02:15:00	2,86	2,76	2,53	2,15	1,72	1,10	0,51	0,10	-0,10	-0,32	-0,51	-0,65	-0,80	2,81	0
10/11/2020 02:20:00	2,80	2,75	2,50	2,11	1,59	0,96	0,39	0,01	-0,17	-0,37	-0,53	-0,65	-0,76	2,77	0
10/11/2020 02:25:00	2,75	2,72	2,48	2,11	1,58	0,91	0,33	-0,06	-0,27	-0,48	-0,65	-0,77	-0,88	2,75	0
10/11/2020 02:30:00	2,75	2,74	2,45	2,06	1,50	0,84	0,25	-0,13	-0,32	-0,52	-0,68	-0,79	-0,90	2,73	0
10/11/2020 02:35:00	2,75	2,71	2,50	2,13	1,67	1,05	0,39	-0,05	-0,27	-0,49	-0,68	-0,84	-0,99	2,73	0
10/11/2020 02:40:00	2,76	2,81	2,59	2,24	1,68	1,02	0,38	-0,04	-0,25	-0,47	-0,64	-0,77	-0,90	2,78	0
10/11/2020 02:45:00	2,78	2,75	2,52	2,22	1,74	1,11	0,49	0,06	-0,16	-0,40	-0,59	-0,76	-0,92	2,81	0
10/11/2020 02:50:00	2,80	2,78	2,56	2,16	1,65	0,98	0,36	-0,07	-0,29	-0,52	-0,70	-0,84	-0,98	2,81	0
10/11/2020 02:55:00	2,85	2,82	2,53	2,10	1,57	0,88	0,33	-0,03	-0,21	-0,40	-0,54	-0,64	-0,73	2,83	0
10/11/2020 03:00:00	2,84	2,84	2,55	2,14	1,60	0,92	0,36	-0,01	-0,21	-0,41	-0,57	-0,68	-0,80	2,85	0
10/11/2020 03:05:00	2,86	2,85	2,62	2,23	1,72	1,03	0,40	-0,03	-0,25	-0,47	-0,65	-0,78	-0,91	2,88	0
10/11/2020 03:10:00	2,93	2,92	2,65	2,23	1,76	1,06	0,41	-0,01	-0,22	-0,43	-0,61	-0,75	-0,90	2,91	0
10/11/2020 03:15:00	2,97	2,90	2,65	2,30	1,73	1,08	0,44	0,01	-0,21	-0,43	-0,61	-0,74	-0,87	2,93	0
10/11/2020 03:20:00	2,95	2,92	2,65	2,27	1,71	1,04	0,38	-0,07	-0,29	-0,51	-0,70	-0,84	-0,98	2,91	0
10/11/2020 03:25:00	2,93	2,94	2,68	2,17	1,66	0,97	0,32	-0,11	-0,31	-0,52	-0,68	-0,81	-0,93	2,94	0
10/11/2020 03:30:00	2,83	2,88	2,66	2,23	1,70	1,00	0,28	-0,20	-0,43	-0,66	-0,84	-0,98	-1,12	2,91	0
10/11/2020 03:35:00	2,87	2,92	2,69	2,27	1,70	1,02	0,40	-0,02	-0,24	-0,45	-0,62	-0,74	-0,86	2,88	0
10/11/2020 03:40:00	2,90	2,85	2,53	2,17	1,61	0,97	0,42	0,06	-0,13	-0,33	-0,49	-0,61	-0,73	2,86	0
10/11/2020 03:45:00	2,80	2,82	2,59	2,19	1,63	0,97	0,35	-0,06	-0,26	-0,47	-0,63	-0,73	-0,84	2,81	0
10/11/2020 03:50:00	2,72	2,78	2,52	2,11	1,50	0,85	0,32	-0,03	-0,21	-0,39	-0,53	-0,60	-0,68	2,76	0
10/11/2020 03:55:00	2,71	2,79	2,61	2,27	1,80	1,15	0,51	0,08	-0,15	-0,38	-0,57	-0,72	-0,88	2,76	0
10/11/2020 04:00:00	2,70	2,70	2,43	2,03	1,51	1,04	0,61	0,39	0,30	0,19	0,11	0,09	0,07	2,76	0
10/11/2020 04:05:00	2,71	2,67	2,47	2,15	1,72	1,20	0,71	0,40	0,26	0,10	-0,03	-0,10	-0,18	2,71	0
10/11/2020 04:10:00	2,65	2,81	2,62	2,18	1,66	1,06	0,53	0,21	0,07	-0,09	-0,20	-0,24	-0,29	2,68	0
10/11/2020 04:15:00	2,70	2,76	2,59	2,22	1,84	1,23	0,73	0,39	0,22	0,03	-0,13	-0,25	-0,36	2,70	0
10/11/2020 04:20:00	2,69	2,74	2,55	2,19	1,73	1,11	0,54	0,16	-0,02	-0,21	-0,37	-0,47	-0,58	2,68	0
10/11/2020 04:25:00	2,63	2,70	2,54	2,25	1,81	1,26	0,68	0,31	0,14	-0,05	-0,21	-0,32	-0,43	2,69	0
10/11/2020 04:30:00	2,60	2,74	2,58	2,25	1,86	1,21	0,64	0,25	0,06	-0,15	-0,33	-0,47	-0,61	2,67	0
10/11/2020 04:35:00	2,77	2,82	2,66	2,29	1,77	1,11	0,54	0,14	-0,07	-0,29	-0,45	-0,56	-0,67	2,73	0
10/11/2020 04:40:00	2,80	2,82	2,66	2,32	1,94	1,22	0,64	0,23	0,00	-0,24	-0,43	-0,58	-0,73	2,76	0
10/11/2020 04:45:00	2,84	2,80	2,54	2,16	1,70	1,11	0,57	0,23	0,07	-0,11	-0,26	-0,37	-0,48	2,82	0
10/11/2020 04:50:00	2,83	2,81	2,69	2,39	1,88	1,22	0,63	0,21	-0,04	-0,28	-0,46	-0,58	-0,71	2,78	0
10/11/2020 04:55:00	2,78	2,73	2,53	2,20	1,68	1,01	0,47	0,08	-0,14	-0,35	-0,52	-0,64	-0,75	2,73	0
10/11/2020 05:00:00	2,75	2,87	2,74	2,41	1,93	1,20	0,57	0,11	-0,15	-0,41	-0,62	-0,78	-0,95	2,81	0
10/11/2020 05:05:00	2,73	2,88	2,68	2,23	1,68	1,00	0,39	0,01	-0,18	-0,36	-0,50	-0,58	-0,66	2,75	0
10/11/2020 05:10:00	2,83	2,88	2,72	2,34	1,78	1,12	0,44	-0,01	-0,24	-0,47	-0,63	-0,74	-0,85	2,80	0
10/11/2020 05:15:00	2,88	2,91	2,67	2,30	1,75	1,07	0,42	-0,02	-0,24	-0,47	-0,64	-0,78	-0,91	2,89	0
10/11/2020 05:20:00	2,92	3,05	2,84	2,43	1,90	1,18	0,50	0,04	-0,18	-0,40	-0,58	-0,71	-0,84	2,84	0
10/11/2020 05:25:00	2,90	2,98	2,73	2,26	1,68	1,01	0,37	-0,04	-0,23	-0,42	-0,57	-0,67	-0,76	2,94	0
10/11/2020 05:30:00	2,89	2,95	2,76	2,33	1,70	1,00	0,30	-0,18	-0,43	-0,66	-0,84	-0,95	-1,06	2,89	0
10/11/2020 05:35:00	2,96	2,94	2,67	2,25	1,64	0,93	0,32	-0,08	-0,29	-0,50	-0,66	-0,75	-0,85	2,93	0
10/11/2020 05:40:00	2,95	2,87	2,59	2,19	1,68	0,98	0,35	-0,08	-0,31	-0,53	-0,72	-0,87	-1,01	2,92	0
10/11/2020 05:45:00	2,83	2,75	2,50	2,08	1,63	0,91	0,33	-0,06	-0,28	-0,49	-0,66	-0,79	-0,92	2,83	0
10/11/2020 05:50:00	2,78	2,83	2,58	2,20	1,67	0,94	0,26	-0,20	-0,44	-0,68	-0,88	-1,04	-1,20	2,75	0
10/11/2020 05:55:00	2,77	2,89	2,59	2,14	1,52	0,78	0,15	-0,26	-0,46	-0,66	-0,82	-0,91	-1,01	2,80	0
10/11/2020 06:00:00	2,84	2,83	2,62	2,23	1,70	1,00	0,32	-0,15	-0,41	-0,66	-0,87	-1,04	-1,20	2,87	0
10/11/2020 06:05:00	2,80	2,82	2,61	2,21	1,65	0,88	0,22	-0,26	-0,52	-0,77	-0,97	-1,11	-1,25	2,83	0
10/11/2020 06:10:00	2,76	2,83	2,54	2,05	1,46	0,80	0,15	-0,26	-0,44	-0,63	-0,78	-0,88	-0,98	2,78	0
10/11/2020 06:15:00	2,79	2,77	2,52	2,08	1,58	0,88	0,23	-0,20	-0,42	-0,64	-0,82	-0,96	-1,10	2,76	0
10/11/2020 06:20:00	2,76	2,77	2,53	2,17	1,63	0,95	0,26	-0,22	-0,47	-0,71	-0,92	-1,09	-1,26	2,79	0
10/11/2020 06:25:00	2,82	2,81	2,51	2,05	1,49	0,80	0,15	-0,28	-0,48	-0,69	-0,85	-0,97	-1,09	2,83	0
10/11/2020 06:30:00	2,80	2,87	2,62	2,13	1,59	0,87	0,18	-0,29	-0,51	-0,73	-0,91	-1,04	-1,17	2,88	0
10/11/2020 06:35:00	2,84	2,83	2,55	2,15	1,58	0,88	0,26	-0,16	-0,38	-0,60	-0,78	-0,91	-1,05	2,84	0
10/11/2020 06:40:00	2,87	2,81	2,50	2,09	1,46	0,78	0,09	-0,37	-0,59	-0,81	-0,98	-1,11	-1,24	2,79	0
10/11/2020 06:45:00	2,86	2,83	2,44	1,95	1,42	0,69	0,15	-0,18	-0,34	-0,51	-0,65	-0,74	-0,84	2,83	0
10/11/2020 06:50:00	2,81	2,84	2,51	2,10	1,47	0,78	0,16	-0,25	-0,44	-0,64	-0,80	-0,91	-1,02	2,86	0
10/11/2020 06:55:00	2,81	2,81	2,61	2,26	1,73	1,01	0,35	-0,12	-0,39	-0,64	-0,85	-1,02	-1,19	2,80	0
10/11/2020 07:00:00	2,87	2,81	2,55	2,15	1,64	0,89	0,22	-0,25	-0,50	-0,74	-0,93	-1,09	-1,25	2,80	0
10/11/2020 07:05:00	2,92	2,87	2,64	2,26	1,67	0,94	0,28	-0,19	-0,45	-0,69	-0,89	-1,03	-1,17	2,86	0
10/11/2020 07:10:00	2,85	2,92	2,72	2,25	1,70	0,97	0,23	-0,27	-0,53	-0,77	-0,97	-1,11	-1,26	2,85	0
10/11/2020 07:15:00	2,85	2,91	2,65	2,27	1,62	0,95	0,26	-0,22	-0,46	-0,69	-0,89	-1,03	-1,18	2,91	0
10/11/2020 07:20:00	2,82	2,89	2,56	2,11	1,54	0,80	0,14	-0,29	-0,50	-0,71	-0,89	-1,03	-1,17	2,89	0
10/11/2020 07:25:00	2,78	2,84	2,58	2,12	1,52	0,85	0,16	-0,28	-0,49	-0,70	-0,86	-0,97	-1,08	2,83	0
10/11/2020 07:30:00	2,79	2,86	2,68	2,36	1,82	1,05	0,35	-0,16	-0,46	-0,74	-0,98	-1,18	-1,37	2,79	0
10/11/2020 07:35:00	2,77	2,95	2,74	2,23	1,69	0,94	0,25	-0,20	-0,41	-0,62	-0,79	-0,90	-1,01	2,70	0
10/11/2020 07:40:00	2,52	2,94	2,84	2,44	1,78	1,04	0,35	-0,12	-0,37	-0,61	-0,78	-0,89	-0,99	2,64	0
10/11/2020 07:45:00	2,65	2,88	2,69	2,28	1,71	1,00	0,34	-0,09	-0,31	-0,53	-0,70	-0,82	-0,94	2,59	0
10/11/2020 07:50:00	2,62	2,83	2,65	2,21	1,70	0,93	0,31	-0,10	-0,31	-0,53	-0,69	-0,79	-0,89	2,56	0
10/11/2020 07:55:00	2,61	2,71	2,51	2,16	1,67	0,95	0,29	-0,17	-0,41	-0,65	-0,85	-1,01	-1,17	2,63	0
10/11/2020 08:00:00	2,58	2,72	2,54	2,13	1,65	1,02	0,32	-0,14	-0,35	-0,57	-0,75	-0,89	-1,03	2,52	0
10/11/2020 08:05:00	2,59	2,76	2,55	2,12	1,56	0,90	0,24	-0,19	-0,39	-0,59	-0,76	-0,87	-0,99	2,61	0
10/11/2020 08:10:00	2,66	2,77	2,58	2,22	1,64	0,93	0,25	-0,23	-0,48	-0,72	-0,91	-1,06	-1,21	2,62	0
10/11/2020 08:15:00	2,68	2,82	2,56	2,03	1,46	0,70	0,12	-0,27	-0,47	-0,66	-0,81	-0,90	-0,98	2,65	0
10/11/2020 08:20:00	2,57	2,59	2,45	2,05	1,49	0,79	0,05	-0,47	-0,74	-0,99	-1,19	-1,33	-1,47	2,59	0
10/11/2020 08:25:00	2,62	2,63	2,37	2,04	1,56	0,92	0,25	-0,20	-0,41	-0,63	-0,83	-0,99	-1,16	2,60	0
10/11/2020 08:30:00	2,58	2,65	2,29	1,72	1,16	0,55	0,01	-0,28	-0,39	-0,52	-0,61	-0,66	-0,70	2,65	0
10/11/2020 08:35:00	2,60	2,62	2,39	2,11	1,61	0,95	0,24	-0,25	-0,49	-0,74	-0,95	-1,14	-1,32	2,65	0
10/11/2020 08:40:00	2,68	2,67	2,36	1,89	1,32	0,66	0,06	-0,31	-0,49	-0,68	-0,82	-0,92	-1,01	2,73	0
10/11/2020 08:45:00	2,81	2,79	2,50	2,00	1,34	0,62	-0,04	-0,48	-0,70	-0,91	-1,06	-1,14	-1,23	2,78	0
10/11/2020 08:50:00	2,80	2,73	2,43	1,93	1,43	0,69	0,14	-0,24	-0,43	-0,64	-0,80	-0,91	-1,02	2,82	0
10/11/2020 08:55:00	2,76	2,79	2,47	1,97	1,35	0,58	-0,06	-0,48	-0,69	-0,89	-1,05	-1,15	-1,25	2,84	0
10/11/2020 09:00:00	2,80	2,71	2,40	2,06	1,52	0,82	0,17	-0,29	-0,53	-0,77	-0,98	-1,16	-1,34	2,82	0
10/11/2020 09:05:00	2,84	2,69	2,38	1,99	1,46	0,82	0,18	-0,25	-0,46	-0,68	-0,87	-1,02	-1,17	2,85	0
10/11/2020 09:10:00	2,86	2,76	2,46	2,02	1,47	0,76	0,10	-0,36	-0,60	-0,84	-1,05	-1,21	-1,38	2,87	0
10/11/2020 09:15:00	2,94	2,84	2,57	2,11	1,54	0,79	0,12	-0,35	-0,60	-0,85	-1,04	-1,19	-1,33	2,87	0
10/11/2020 09:20:00	3,00	2,90	2,66	2,30	1,73	0,92	0,19	-0,34	-0,64	-0,91	-1,14	-1,32	-1,49	2,96	0
10/11/2020 09:25:00	3,00	2,91	2,67	2,24	1,69	0,94	0,16	-0,38	-0,66	-0,91	-1,12	-1,28	-1,45	2,93	0
10/11/2020 09:30:00	2,98	2,85	2,57	2,15	1,56	0,79	0,07	-0,43	-0,71	-0,96	-1,17	-1,32	-1,48	3,00	0
10/11/2020 09:35:00	3,02	2,94	2,59	2,12	1,53	0,79	0,17	-0,24	-0,45	-0,66	-0,82	-0,93	-1,04	3,00	0
10/11/2020 09:40:00	2,96	2,89	2,55	2,08	1,52	0,79	0,14	-0,30	-0,52	-0,74	-0,93	-1,07	-1,21	2,98	0
10/11/2020 09:45:00	2,91	2,86	2,55	2,05	1,47	0,66	-0,05	-0,54	-0,80	-1,05	-1,25	-1,40	-1,55	2,92	0
10/11/2020 09:50:00	2,95	2,92	2,60	2,11	1,42	0,64	-0,04	-0,51	-0,75	-0,97	-1,14	-1,24	-1,35	3,00	0
10/11/2020 09:55:00	2,99	2,88	2,54	2,02	1,45	0,70	0,03	-0,41	-0,61	-0,82	-0,98	-1,08	-1,19	3,05	0
10/11/2020 10:00:00	3,10	2,88	2,59	2,26	1,70	0,96	0,24	-0,30	-0,59	-0,87	-1,12	-1,32	-1,52	3,05	0
10/11/2020 10:05:00	3,10	2,92	2,61	2,14	1,50	0,74	0,07	-0,39	-0,65	-0,88	-1,06	-1,17	-1,29	3,01	0
10/11/2020 10:10:00	2,96	2,82	2,52	2,14	1,52	0,76	0,08	-0,41	-0,69	-0,96	-1,17	-1,34	-1,51	2,90	0
10/11/2020 10:15:00	2,97	2,76	2,44	2,08	1,55	0,78	0,07	-0,45	-0,73	-1,00	-1,23	-1,43	-1,63	3,06	0
10/11/2020 10:20:00	2,88	2,75	2,44	2,07	1,49	0,74	0,02	-0,50	-0,78	-1,05	-1,28	-1,47	-1,67	2,96	0
10/11/2020 10:25:00	2,94	2,69	2,43	2,06	1,54	0,83	0,12	-0,41	-0,70	-0,97	-1,21	-1,41	-1,61	3,05	0
10/11/2020 10:30:00	2,89	2,69	2,42	1,89	1,35	0,67	-0,01	-0,48	-0,71	-0,93	-1,11	-1,24	-1,36	2,87	0
10/11/2020 10:35:00	2,96	2,78	2,43	1,97	1,41	0,68	-0,01	-0,48	-0,73	-0,96	-1,16	-1,32	-1,48	2,91	0
10/11/2020 10:40:00	2,89	2,72	2,39	1,94	1,36	0,58	-0,12	-0,62	-0,88	-1,13	-1,33	-1,48	-1,64	2,85	0
10/11/2020 10:45:00	2,91	2,71	2,37	1,95	1,45	0,65	-0,04	-0,55	-0,82	-1,08	-1,31	-1,50	-1,70	2,83	0
10/11/2020 10:50:00	2,94	2,67	2,33	1,87	1,22	0,49	-0,22	-0,72	-0,99	-1,23	-1,42	-1,55	-1,69	3,05	0
10/11/2020 10:55:00	2,95	2,65	2,34	1,99	1,39	0,62	-0,14	-0,71	-1,03	-1,32	-1,57	-1,79	-2,00	2,96	0
10/11/2020 11:00:00	3,03	2,68	2,27	1,80	1,21	0,51	-0,17	-0,65	-0,88	-1,11	-1,30	-1,45	-1,60	3,00	0
10/11/2020 11:05:00	2,99	2,61	2,22	1,74	1,19	0,47	-0,23	-0,72	-0,96	-1,20	-1,41	-1,57	-1,73	2,96	0
10/11/2020 11:10:00	2,98	2,67	2,24	1,76	1,06	0,32	-0,35	-0,81	-1,04	-1,25	-1,42	-1,53	-1,64	2,96	0
10/11/2020 11:15:00	2,92	2,55	2,11	1,63	1,10	0,43	-0,17	-0,56	-0,74	-0,93	-1,09	-1,21	-1,33	2,92	0
10/11/2020 11:20:00	2,98	2,60	2,13	1,65	1,05	0,34	-0,23	-0,61	-0,81	-1,01	-1,16	-1,27	-1,38	2,93	0
10/11/2020 11:25:00	2,92	2,61	2,30	1,88	1,28	0,54	-0,19	-0,72	-1,00	-1,25	-1,45	-1,60	-1,75	2,86	0
10/11/2020 11:30:00	2,79	2,46	2,14	1,79	1,31	0,64	-0,07	-0,58	-0,82	-1,06	-1,27	-1,45	-1,63	2,65	0
10/11/2020 11:35:00	2,81	2,51	2,13	1,71	1,17	0,50	-0,14	-0,57	-0,78	-0,99	-1,17	-1,31	-1,45	2,56	0
10/11/2020 11:40:00	2,96	2,59	2,21	1,84	1,36	0,69	-0,03	-0,53	-0,77	-1,02	-1,25	-1,45	-1,65	2,61	0
10/11/2020 11:45:00	3,00	2,61	2,29	1,93	1,44	0,75	0,11	-0,35	-0,60	-0,84	-1,04	-1,20	-1,36	2,75	0
10/11/2020 11:50:00	2,92	2,66	2,26	1,83	1,30	0,54	-0,20	-0,71	-0,95	-1,19	-1,40	-1,58	-1,76	2,72	0
10/11/2020 11:55:00	2,79	2,57	2,23	1,90	1,36	0,72	0,03	-0,44	-0,68	-0,92	-1,13	-1,32	-1,50	2,59	0
10/11/2020 12:00:00	2,95	2,76	2,43	1,96	1,39	0,72	0,08	-0,35	-0,56	-0,78	-0,95	-1,08	-1,21	2,84	0
10/11/2020 12:05:00	3,09	2,84	2,48	2,03	1,43	0,73	0,08	-0,38	-0,62	-0,86	-1,05	-1,20	-1,36	2,87	0
10/11/2020 12:10:00	3,10	2,83	2,49	2,11	1,60	0,89	0,13	-0,41	-0,68	-0,94	-1,17	-1,38	-1,58	3,10	0
10/11/2020 12:15:00	3,14	2,84	2,47	2,03	1,49	0,67	-0,01	-0,50	-0,77	-1,02	-1,24	-1,41	-1,58	3,10	0
10/11/2020 12:20:00	3,13	2,82	2,49	2,06	1,51	0,80	0,11	-0,39	-0,65	-0,90	-1,12	-1,29	-1,46	3,13	0
10/11/2020 12:25:00	3,04	2,78	2,47	2,02	1,38	0,62	-0,06	-0,54	-0,81	-1,05	-1,23	-1,35	-1,47	3,03	0
10/11/2020 12:30:00	3,04	2,81	2,39	1,98	1,36	0,65	-0,02	-0,49	-0,73	-0,97	-1,18	-1,36	-1,54	3,19	0
10/11/2020 12:35:00	3,10	2,80	2,30	1,82	1,20	0,50	-0,13	-0,54	-0,73	-0,93	-1,10	-1,23	-1,37	3,18	0
10/11/2020 12:40:00	3,09	2,75	2,35	1,92	1,34	0,62	-0,06	-0,53	-0,77	-1,00	-1,19	-1,34	-1,49	3,11	0
10/11/2020 12:45:00	3,11	2,91	2,56	1,99	1,36	0,57	-0,21	-0,74	-1,00	-1,24	-1,43	-1,57	-1,70	3,16	0
10/11/2020 12:50:00	3,10	2,76	2,37	1,88	1,31	0,61	-0,01	-0,44	-0,66	-0,87	-1,05	-1,17	-1,30	3,05	0
10/11/2020 12:55:00	3,11	2,82	2,44	1,99	1,46	0,75	0,05	-0,43	-0,68	-0,92	-1,13	-1,31	-1,48	3,08	0
10/11/2020 13:00:00	3,23	2,83	2,38	1,96	1,47	0,79	0,13	-0,31	-0,53	-0,77	-0,98	-1,16	-1,35	3,28	0
10/11/2020 13:05:00	3,23	2,72	2,25	1,80	1,31	0,56	-0,04	-0,47	-0,70	-0,93	-1,13	-1,30	-1,47	3,19	0
10/11/2020 13:10:00	3,09	2,77	2,38	1,89	1,31	0,60	-0,01	-0,43	-0,65	-0,86	-1,04	-1,17	-1,30	2,90	0
10/11/2020 13:15:00	3,23	2,87	2,53	2,04	1,48	0,77	0,06	-0,43	-0,68	-0,91	-1,09	-1,22	-1,35	3,16	0
10/11/2020 13:20:00	3,21	2,95	2,42	1,91	1,20	0,60	-0,02	-0,39	-0,54	-0,71	-0,84	-0,93	-1,02	3,16	0
10/11/2020 13:25:00	3,25	2,85	2,54	2,16	1,67	0,95	0,21	-0,33	-0,62	-0,90	-1,15	-1,36	-1,57	3,15	0
10/11/2020 13:30:00	3,32	2,88	2,47	1,91	1,36	0,67	0,03	-0,39	-0,59	-0,79	-0,95	-1,05	-1,16	3,13	0
10/11/2020 13:35:00	3,05	2,79	2,41	2,05	1,55	0,76	0,04	-0,47	-0,75	-1,02	-1,26	-1,48	-1,69	3,07	0
10/11/2020 13:40:00	3,10	2,84	2,39	1,89	1,29	0,59	-0,06	-0,49	-0,70	-0,91	-1,08	-1,22	-1,36	3,10	0
10/11/2020 13:45:00	3,10	2,84	2,49	2,07	1,48	0,69	-0,01	-0,52	-0,79	-1,05	-1,27	-1,43	-1,60	3,30	0
10/11/2020 13:50:00	3,21	3,00	2,61	2,18	1,60	0,87	0,20	-0,27	-0,51	-0,75	-0,96	-1,14	-1,31	3,21	0
10/11/2020 13:55:00	3,20	2,93	2,63	2,33	1,80	1,10	0,39	-0,13	-0,42	-0,71	-0,96	-1,18	-1,40	3,23	0
10/11/2020 14:00:00	3,31	3,04	2,72	2,22	1,62	0,86	0,18	-0,31	-0,57	-0,81	-1,00	-1,14	-1,27	3,39	0
10/11/2020 14:05:00	3,33	3,08	2,71	2,22	1,62	0,83	0,14	-0,35	-0,61	-0,85	-1,05	-1,20	-1,35	3,34	0
10/11/2020 14:10:00	3,32	3,04	2,65	2,19	1,57	0,89	0,22	-0,23	-0,45	-0,67	-0,84	-0,97	-1,10	3,31	0
10/11/2020 14:15:00	3,33	3,04	2,70	2,29	1,77	1,01	0,36	-0,11	-0,38	-0,64	-0,86	-1,04	-1,22	3,25	0
10/11/2020 14:20:00	3,39	3,06	2,67	2,32	1,77	1,03	0,35	-0,15	-0,43	-0,70	-0,93	-1,14	-1,34	3,37	0
10/11/2020 14:25:00	3,33	3,13	2,77	2,27	1,61	0,85	0,18	-0,29	-0,54	-0,78	-0,96	-1,09	-1,22	3,36	0
10/11/2020 14:30:00	3,38	3,06	2,71	2,33	1,71	0,99	0,26	-0,26	-0,55	-0,81	-1,03	-1,21	-1,39	3,49	0
10/11/2020 14:35:00	3,33	3,05	2,73	2,35	1,81	1,08	0,37	-0,15	-0,43	-0,70	-0,93	-1,13	-1,33	3,30	0
10/11/2020 14:40:00	3,42	3,13	2,81	2,42	1,81	1,04	0,31	-0,24	-0,55	-0,83	-1,08	-1,27	-1,47	3,43	0
10/11/2020 14:45:00	3,39	3,10	2,70	2,28	1,74	1,00	0,33	-0,15	-0,40	-0,66	-0,87	-1,06	-1,25	3,41	0
10/11/2020 14:50:00	3,32	3,07	2,78	2,40	1,78	1,01	0,28	-0,26	-0,57	-0,86	-1,09	-1,28	-1,47	3,29	0
10/11/2020 14:55:00	3,32	3,14	2,83	2,48	1,95	1,19	0,46	-0,07	-0,35	-0,62	-0,86	-1,07	-1,27	3,35	0
10/11/2020 15:00:00	3,41	3,30	2,99	2,50	1,87	1,10	0,39	-0,10	-0,35	-0,59	-0,78	-0,91	-1,04	3,49	0
10/11/2020 15:05:00	3,40	3,31	3,04	2,52	1,93	1,11	0,40	-0,10	-0,37	-0,62	-0,82	-0,96	-1,10	3,39	0
10/11/2020 15:10:00	3,33	3,16	2,85	2,46	1,88	1,16	0,45	-0,06	-0,34	-0,61	-0,84	-1,04	-1,24	3,35	0
10/11/2020 15:15:00	3,38	3,32	3,01	2,46	1,79	1,00	0,26	-0,24	-0,51	-0,76	-0,95	-1,08	-1,21	3,43	0
10/11/2020 15:20:00	3,32	3,16	2,88	2,47	1,87	1,17	0,46	-0,05	-0,32	-0,58	-0,79	-0,96	-1,14	3,31	0
10/11/2020 15:25:00	3,29	3,27	3,02	2,55	1,98	1,18	0,45	-0,07	-0,34	-0,60	-0,81	-0,96	-1,12	3,42	0
10/11/2020 15:30:00	3,30	3,25	2,90	2,44	1,84	1,10	0,41	-0,06	-0,29	-0,53	-0,72	-0,87	-1,02	3,36	0
10/11/2020 15:35:00	3,27	3,19	2,84	2,40	1,82	1,04	0,35	-0,14	-0,39	-0,65	-0,87	-1,05	-1,23	3,31	0
10/11/2020 15:40:00	3,28	3,23	2,89	2,43	1,86	1,08	0,37	-0,11	-0,36	-0,60	-0,81	-0,97	-1,13	3,31	0
10/11/2020 15:45:00	3,22	3,18	2,95	2,51	1,90	1,12	0,35	-0,21	-0,50	-0,77	-0,99	-1,16	-1,32	3,22	0
10/11/2020 15:50:00	3,17	3,18	2,99	2,59	2,00	1,17	0,42	-0,12	-0,44	-0,72	-0,95	-1,12	-1,29	3,21	0
10/11/2020 15:55:00	3,15	3,33	3,14	2,69	2,04	1,21	0,44	-0,11	-0,41	-0,68	-0,89	-1,05	-1,20	3,23	0
10/11/2020 16:00:00	3,16	3,39	3,16	2,65	1,96	1,17	0,42	-0,08	-0,32	-0,56	-0,73	-0,84	-0,95	3,16	0
10/11/2020 16:05:00	3,17	3,29	3,05	2,68	2,00	1,27	0,51	-0,02	-0,30	-0,56	-0,78	-0,95	-1,13	3,13	0
10/11/2020 16:10:00	3,19	3,30	3,04	2,53	1,86	1,05	0,30	-0,22	-0,48	-0,73	-0,92	-1,05	-1,18	3,15	0
10/11/2020 16:15:00	3,16	3,18	2,93	2,47	1,84	1,04	0,30	-0,22	-0,51	-0,77	-0,98	-1,13	-1,28	3,19	0
10/11/2020 16:20:00	3,22	3,21	2,97	2,56	2,00	1,20	0,44	-0,10	-0,39	-0,67	-0,90	-1,09	-1,28	3,16	0
10/11/2020 16:25:00	3,17	3,16	2,83	2,39	1,76	1,05	0,33	-0,16	-0,40	-0,63	-0,83	-0,99	-1,14	3,18	0
10/11/2020 16:30:00	3,14	3,13	2,90	2,46	1,85	1,10	0,38	-0,13	-0,41	-0,67	-0,88	-1,03	-1,19	3,08	0
10/11/2020 16:35:00	3,15	3,17	2,89	2,47	1,88	1,09	0,35	-0,17	-0,45	-0,72	-0,94	-1,13	-1,31	3,09	0
10/11/2020 16:40:00	3,13	3,15	2,90	2,48	1,84	1,04	0,28	-0,26	-0,54	-0,79	-0,99	-1,14	-1,28	3,12	0
10/11/2020 16:45:00	3,10	3,16	2,90	2,42	1,77	1,02	0,31	-0,18	-0,43	-0,67	-0,87	-1,00	-1,14	3,14	0
10/11/2020 16:50:00	3,17	3,14	2,94	2,62	2,10	1,31	0,55	-0,02	-0,34	-0,64	-0,89	-1,11	-1,33	3,13	0
10/11/2020 16:55:00	3,17	3,18	3,01	2,66	2,07	1,30	0,53	-0,03	-0,35	-0,65	-0,90	-1,11	-1,31	3,15	0
10/11/2020 17:00:00	3,16	3,22	2,97	2,52	1,97	1,16	0,39	-0,14	-0,42	-0,68	-0,91	-1,09	-1,27	3,18	0
10/11/2020 17:05:00	3,07	3,10	2,86	2,44	1,82	1,00	0,28	-0,24	-0,52	-0,78	-0,99	-1,14	-1,28	3,10	0
10/11/2020 17:10:00	3,07	3,10	2,87	2,47	1,94	1,17	0,42	-0,10	-0,37	-0,64	-0,85	-1,03	-1,20	3,10	0
10/11/2020 17:15:00	3,09	3,18	2,95	2,58	1,96	1,23	0,50	-0,01	-0,28	-0,55	-0,77	-0,94	-1,12	3,06	0
10/11/2020 17:20:00	3,11	3,16	2,99	2,61	1,99	1,21	0,46	-0,08	-0,38	-0,65	-0,87	-1,03	-1,19	3,09	0
10/11/2020 17:25:00	3,12	3,21	3,02	2,59	2,00	1,20	0,42	-0,15	-0,45	-0,73	-0,96	-1,13	-1,31	3,09	0
10/11/2020 17:30:00	3,04	3,11	2,92	2,54	1,97	1,19	0,43	-0,12	-0,42	-0,70	-0,94	-1,13	-1,32	3,14	0
10/11/2020 17:35:00	3,11	3,14	2,89	2,42	1,83	1,05	0,38	-0,09	-0,34	-0,58	-0,77	-0,89	-1,02	3,13	0
10/11/2020 17:40:00	3,01	3,06	2,81	2,39	1,79	1,01	0,28	-0,23	-0,51	-0,77	-0,98	-1,15	-1,31	3,03	0
10/11/2020 17:45:00	3,02	3,12	2,91	2,52	1,93	1,19	0,36	-0,20	-0,48	-0,74	-0,96	-1,14	-1,31	3,06	0
10/11/2020 17:50:00	3,00	3,16	2,97	2,57	1,99	1,12	0,39	-0,15	-0,46	-0,75	-0,99	-1,18	-1,37	2,97	0
10/11/2020 17:55:00	2,95	3,09	2,87	2,39	1,77	0,94	0,25	-0,22	-0,48	-0,72	-0,90	-1,02	-1,14	3,00	0
10/11/2020 18:00:00	2,95	3,03	2,76	2,28	1,72	1,00	0,30	-0,17	-0,40	-0,63	-0,82	-0,97	-1,12	2,91	0
10/11/2020 18:05:00	2,93	3,05	2,75	2,30	1,66	0,89	0,16	-0,32	-0,57	-0,81	-1,01	-1,16	-1,31	2,96	0
10/11/2020 18:10:00	2,97	3,00	2,75	2,32	1,75	1,02	0,28	-0,22	-0,47	-0,72	-0,92	-1,08	-1,24	2,97	0
10/11/2020 18:15:00	3,00	3,00	2,70	2,22	1,69	1,00	0,28	-0,19	-0,41	-0,63	-0,82	-0,97	-1,12	2,98	0
10/11/2020 18:20:00	3,03	3,10	2,82	2,30	1,74	0,99	0,27	-0,20	-0,44	-0,67	-0,86	-1,00	-1,15	2,94	0
10/11/2020 18:25:00	2,96	2,97	2,71	2,27	1,66	0,92	0,17	-0,34	-0,60	-0,85	-1,05	-1,20	-1,35	2,95	0
10/11/2020 18:30:00	2,92	2,93	2,68	2,29	1,78	1,01	0,26	-0,27	-0,54	-0,81	-1,04	-1,24	-1,44	2,92	0
10/11/2020 18:35:00	3,03	2,97	2,73	2,36	1,81	0,99	0,19	-0,38	-0,68	-0,96	-1,19	-1,37	-1,56	2,95	0
10/11/2020 18:40:00	2,92	2,97	2,69	2,28	1,69	0,94	0,20	-0,30	-0,55	-0,80	-1,01	-1,18	-1,34	2,97	0
10/11/2020 18:45:00	2,91	2,92	2,68	2,22	1,68	0,97	0,25	-0,25	-0,51	-0,76	-0,97	-1,15	-1,32	2,98	0
10/11/2020 18:50:00	2,92	2,95	2,71	2,29	1,69	0,92	0,22	-0,28	-0,56	-0,82	-1,03	-1,19	-1,36	2,99	0
10/11/2020 18:55:00	2,92	2,88	2,59	2,20	1,67	0,94	0,26	-0,22	-0,47	-0,72	-0,94	-1,12	-1,31	2,91	0
10/11/2020 19:00:00	2,88	2,84	2,58	2,13	1,57	0,82	0,18	-0,28	-0,53	-0,77	-0,96	-1,11	-1,25	2,82	0
10/11/2020 19:05:00	2,91	2,83	2,53	2,12	1,60	0,82	0,14	-0,34	-0,60	-0,84	-1,06	-1,23	-1,40	2,86	0
10/11/2020 19:10:00	2,91	2,94	2,69	2,22	1,67	0,88	0,14	-0,36	-0,62	-0,86	-1,06	-1,21	-1,35	2,90	0
10/11/2020 19:15:00	2,94	2,95	2,65	2,17	1,53	0,86	0,17	-0,29	-0,50	-0,72	-0,89	-1,01	-1,13	2,96	0
10/11/2020 19:20:00	2,91	2,91	2,67	2,23	1,63	0,82	0,05	-0,50	-0,79	-1,05	-1,27	-1,43	-1,59	2,95	0
10/11/2020 19:25:00	2,79	2,85	2,63	2,26	1,58	0,80	-0,01	-0,60	-0,92	-1,20	-1,44	-1,62	-1,80	2,82	0
10/11/2020 19:30:00	2,80	2,84	2,60	2,17	1,62	0,85	0,12	-0,40	-0,68	-0,94	-1,16	-1,34	-1,52	2,84	0
10/11/2020 19:35:00	2,82	2,91	2,69	2,26	1,71	0,85	0,11	-0,44	-0,76	-1,05	-1,29	-1,50	-1,70	2,85	0
10/11/2020 19:40:00	2,87	2,84	2,57	2,11	1,57	0,85	0,15	-0,32	-0,55	-0,78	-0,97	-1,12	-1,27	2,84	0
10/11/2020 19:45:00	2,83	2,88	2,65	2,15	1,56	0,78	0,11	-0,36	-0,62	-0,86	-1,04	-1,17	-1,29	2,80	0
10/11/2020 19:50:00	2,80	2,84	2,65	2,22	1,66	0,97	0,21	-0,30	-0,55	-0,79	-0,98	-1,12	-1,26	2,83	0
10/11/2020 19:55:00	2,90	2,91	2,67	2,19	1,69	0,88	0,20	-0,26	-0,50	-0,73	-0,91	-1,03	-1,16	2,80	0
10/11/2020 20:00:00	2,77	2,70	2,53	2,20	1,78	0,99	0,25	-0,31	-0,63	-0,93	-1,20	-1,43	-1,66	2,77	0
10/11/2020 20:05:00	2,72	2,87	2,68	2,21	1,63	0,85	0,13	-0,37	-0,64	-0,90	-1,10	-1,25	-1,41	2,76	0
10/11/2020 20:10:00	2,81	2,79	2,55	2,27	1,76	1,04	0,32	-0,21	-0,49	-0,77	-1,02	-1,24	-1,47	2,81	0
10/11/2020 20:15:00	2,74	2,70	2,46	2,07	1,53	0,77	0,09	-0,40	-0,67	-0,92	-1,13	-1,30	-1,46	2,76	0
10/11/2020 20:20:00	2,77	2,78	2,58	2,19	1,61	0,86	0,10	-0,44	-0,73	-1,00	-1,22	-1,39	-1,56	2,78	0
10/11/2020 20:25:00	2,71	2,82	2,58	2,14	1,51	0,79	0,05	-0,46	-0,72	-0,96	-1,16	-1,31	-1,46	2,78	0
10/11/2020 20:30:00	2,75	2,87	2,63	2,23	1,67	0,87	0,14	-0,38	-0,64	-0,90	-1,11	-1,28	-1,45	2,76	0
10/11/2020 20:35:00	2,77	2,90	2,65	2,25	1,71	0,97	0,19	-0,33	-0,59	-0,84	-1,07	-1,26	-1,45	2,68	0
10/11/2020 20:40:00	2,79	2,89	2,73	2,24	1,69	0,88	0,10	-0,44	-0,73	-0,98	-1,19	-1,33	-1,47	2,74	0
10/11/2020 20:45:00	2,73	2,78	2,51	2,10	1,49	0,71	0,05	-0,41	-0,66	-0,89	-1,08	-1,22	-1,35	2,66	0
10/11/2020 20:50:00	2,62	2,78	2,59	2,22	1,56	0,81	0,12	-0,37	-0,64	-0,89	-1,09	-1,24	-1,38	2,63	0
10/11/2020 20:55:00	2,60	2,75	2,56	2,16	1,57	0,83	0,07	-0,44	-0,70	-0,95	-1,14	-1,29	-1,43	2,62	0
10/11/2020 21:00:00	2,58	2,77	2,60	2,19	1,59	0,83	0,06	-0,49	-0,76	-1,02	-1,23	-1,39	-1,56	2,58	0
10/11/2020 21:05:00	2,62	2,87	2,72	2,32	1,71	0,97	0,25	-0,24	-0,50	-0,74	-0,93	-1,06	-1,19	2,57	0
10/11/2020 21:10:00	2,57	2,72	2,54	2,17	1,66	0,91	0,21	-0,27	-0,53	-0,77	-0,97	-1,13	-1,29	2,55	0
10/11/2020 21:15:00	2,61	2,81	2,62	2,17	1,55	0,78	0,04	-0,48	-0,75	-1,00	-1,21	-1,36	-1,51	2,61	0
10/11/2020 21:20:00	2,50	2,65	2,49	2,10	1,58	0,77	0,01	-0,53	-0,82	-1,08	-1,30	-1,47	-1,64	2,50	0
10/11/2020 21:25:00	2,54	2,62	2,39	2,01	1,48	0,74	0,04	-0,45	-0,70	-0,95	-1,15	-1,32	-1,49	2,54	0
10/11/2020 21:30:00	2,53	2,70	2,46	2,04	1,39	0,64	-0,05	-0,52	-0,76	-0,99	-1,16	-1,29	-1,41	2,40	0
10/11/2020 21:35:00	2,36	2,61	2,54	2,27	1,72	0,93	0,15	-0,43	-0,76	-1,05	-1,30	-1,50	-1,70	2,34	0
10/11/2020 21:40:00	2,28	2,55	2,41	1,94	1,41	0,60	-0,08	-0,55	-0,80	-1,04	-1,22	-1,35	-1,48	2,33	0
10/11/2020 21:45:00	2,30	2,57	2,37	1,97	1,36	0,59	-0,07	-0,52	-0,76	-0,98	-1,16	-1,29	-1,41	2,30	0
10/11/2020 21:50:00	2,22	2,52	2,33	1,84	1,24	0,47	-0,17	-0,59	-0,78	-0,97	-1,11	-1,18	-1,25	2,25	0
10/11/2020 21:55:00	2,20	2,38	2,23	1,93	1,33	0,59	-0,04	-0,50	-0,76	-1,01	-1,20	-1,34	-1,49	2,13	0
10/11/2020 22:00:00	2,16	2,41	2,21	1,87	1,34	0,63	-0,03	-0,47	-0,68	-0,90	-1,08	-1,22	-1,36	2,16	0
10/11/2020 22:05:00	2,11	2,37	2,22	1,83	1,25	0,46	-0,28	-0,79	-1,06	-1,31	-1,52	-1,67	-1,82	2,12	0
10/11/2020 22:10:00	2,06	2,38	2,18	1,77	1,30	0,56	-0,09	-0,52	-0,73	-0,94	-1,12	-1,27	-1,42	2,16	0
10/11/2020 22:15:00	2,10	2,36	2,25	1,81	1,19	0,43	-0,28	-0,78	-1,05	-1,29	-1,48	-1,60	-1,72	2,09	0
10/11/2020 22:20:00	2,05	2,34	2,17	1,73	1,16	0,42	-0,28	-0,76	-1,00	-1,22	-1,41	-1,55	-1,69	2,15	0
10/11/2020 22:25:00	2,15	2,22	1,99	1,56	1,03	0,30	-0,36	-0,81	-1,04	-1,27	-1,45	-1,59	-1,74	2,11	0
10/11/2020 22:30:00	2,14	2,22	1,95	1,55	0,92	0,12	-0,61	-1,12	-1,39	-1,64	-1,84	-2,00	-2,15	2,09	0
10/11/2020 22:35:00	2,02	2,07	1,88	1,51	0,92	0,15	-0,59	-1,12	-1,41	-1,66	-1,88	-2,04	-2,20	2,03	0
10/11/2020 22:40:00	1,99	2,15	1,90	1,40	0,85	0,08	-0,58	-1,02	-1,24	-1,45	-1,62	-1,75	-1,88	2,03	0
10/11/2020 22:45:00	2,01	1,90	1,63	1,22	0,72	0,09	-0,56	-0,99	-1,18	-1,37	-1,52	-1,64	-1,76	1,98	0
10/11/2020 22:50:00	2,01	1,91	1,68	1,28	0,69	-0,04	-0,66	-1,10	-1,35	-1,56	-1,74	-1,85	-1,97	2,00	0
10/11/2020 22:55:00	1,95	1,97	1,70	1,20	0,55	-0,12	-0,79	-1,22	-1,41	-1,58	-1,71	-1,77	-1,83	1,97	0
10/11/2020 23:00:00	1,91	2,02	1,76	1,26	0,64	-0,07	-0,70	-1,12	-1,33	-1,52	-1,67	-1,76	-1,85	1,96	0
10/11/2020 23:05:00	1,94	1,97	1,69	1,25	0,67	-0,09	-0,72	-1,14	-1,36	-1,56	-1,71	-1,82	-1,92	1,97	0
10/11/2020 23:10:00	1,90	1,95	1,67	1,28	0,83	0,10	-0,50	-0,90	-1,10	-1,30	-1,47	-1,61	-1,75	1,90	0
10/11/2020 23:15:00	1,92	1,89	1,57	1,21	0,62	-0,06	-0,71	-1,17	-1,38	-1,60	-1,79	-1,94	-2,10	1,94	0
10/11/2020 23:20:00	1,88	1,79	1,52	1,13	0,64	0,00	-0,68	-1,12	-1,32	-1,51	-1,67	-1,80	-1,93	2,00	0
10/11/2020 23:25:00	1,90	1,85	1,60	1,22	0,71	0,07	-0,63	-1,11	-1,32	-1,53	-1,72	-1,87	-2,02	1,94	0
10/11/2020 23:30:00	1,84	1,82	1,57	1,24	0,71	0,02	-0,71	-1,22	-1,47	-1,71	-1,93	-2,11	-2,29	1,93	0
10/11/2020 23:35:00	1,88	1,76	1,49	1,16	0,54	-0,19	-0,83	-1,30	-1,55	-1,78	-1,96	-2,09	-2,22	1,91	0
10/11/2020 23:40:00	1,87	1,80	1,55	1,16	0,67	-0,08	-0,72	-1,18	-1,42	-1,65	-1,85	-2,00	-2,15	1,92	0
10/11/2020 23:45:00	1,85	1,74	1,49	1,23	0,69	-0,03	-0,68	-1,17	-1,44	-1,69	-1,91	-2,09	-2,27	1,90	0
10/11/2020 23:50:00	1,88	1,77	1,53	1,17	0,59	-0,14	-0,74	-1,18	-1,43	-1,65	-1,83	-1,95	-2,07	1,90	0
10/11/2020 23:55:00	1,89	1,74	1,53	1,14	0,66	-0,07	-0,72	-1,18	-1,43	-1,66	-1,84	-1,98	-2,11	1,95	0
