FileFormat:0002.2 file with temperature of atmosphere
200
local	GMT or Local
0	GMT-Local=[hours]
0	Height[m]
0	0	0	Longitude                [grd]               [min]               [sec]
0	0	0	Latitude                [grd]               [min]               [sec]
N	NS
59,40	Freq[GHz]
0,00	dTemostat[K]
0,150	MessErr[K]
0,248	//[grad/step]
version 14.0.20110218
MTP5H033F5940K-33.00D180214+A1.1
Commentary:
enter comment
End Of Commentary

SYSTEM\alaska.dat
data time	0	50	100	150	200	250	300	350	400	450	500	550	600	OutsideTemperature	Quality
17/02/2020 00:00:00	1,53	2,42	2,42	1,85	1,10	0,39	-0,17	-0,47	-0,59	-0,70	-0,72	-0,64	-0,55	1,53	0
17/02/2020 00:05:00	1,54	2,44	2,39	1,84	1,10	0,44	-0,03	-0,25	-0,33	-0,42	-0,42	-0,32	-0,23	1,53	0
17/02/2020 00:10:00	1,54	2,46	2,44	1,87	1,16	0,42	-0,13	-0,42	-0,54	-0,65	-0,68	-0,60	-0,53	1,57	0
17/02/2020 00:15:00	1,54	2,47	2,44	1,89	1,20	0,43	-0,15	-0,47	-0,60	-0,73	-0,78	-0,74	-0,70	1,53	0
17/02/2020 00:20:00	1,57	2,47	2,36	1,76	1,05	0,39	-0,07	-0,24	-0,27	-0,32	-0,28	-0,15	-0,01	1,54	0
17/02/2020 00:25:00	1,59	2,50	2,34	1,73	0,98	0,37	-0,06	-0,20	-0,22	-0,25	-0,22	-0,08	0,05	1,64	0
17/02/2020 00:30:00	1,61	2,51	2,50	1,89	1,15	0,42	-0,12	-0,39	-0,50	-0,60	-0,61	-0,51	-0,41	1,59	0
17/02/2020 00:35:00	1,60	2,55	2,53	2,00	1,32	0,60	0,03	-0,26	-0,37	-0,48	-0,51	-0,44	-0,38	1,62	0
17/02/2020 00:40:00	1,69	2,61	2,53	1,91	1,25	0,57	0,08	-0,13	-0,19	-0,26	-0,26	-0,17	-0,08	1,68	0
17/02/2020 00:45:00	1,62	2,61	2,52	1,93	1,17	0,48	-0,03	-0,25	-0,31	-0,37	-0,36	-0,25	-0,14	1,61	0
17/02/2020 00:50:00	1,62	2,51	2,46	1,90	1,19	0,55	0,06	-0,16	-0,23	-0,31	-0,31	-0,22	-0,12	1,64	0
17/02/2020 00:55:00	1,74	2,66	2,58	1,97	1,21	0,49	-0,01	-0,24	-0,32	-0,39	-0,39	-0,27	-0,16	1,68	0
17/02/2020 01:00:00	1,75	2,63	2,60	2,03	1,39	0,71	0,20	-0,05	-0,15	-0,25	-0,28	-0,22	-0,15	1,72	0
17/02/2020 01:05:00	1,65	2,68	2,68	2,16	1,42	0,64	0,10	-0,19	-0,34	-0,47	-0,52	-0,47	-0,42	1,72	0
17/02/2020 01:10:00	1,76	2,66	2,61	2,07	1,42	0,67	0,13	-0,15	-0,26	-0,37	-0,41	-0,36	-0,32	1,77	0
17/02/2020 01:15:00	1,81	2,77	2,81	2,23	1,49	0,67	0,05	-0,30	-0,46	-0,59	-0,63	-0,56	-0,49	1,72	0
17/02/2020 01:20:00	1,77	2,67	2,67	2,15	1,50	0,82	0,28	0,01	-0,10	-0,22	-0,27	-0,22	-0,17	1,78	0
17/02/2020 01:25:00	1,76	2,76	2,71	2,14	1,40	0,70	0,14	-0,13	-0,21	-0,30	-0,32	-0,24	-0,15	1,82	0
17/02/2020 01:30:00	1,88	2,75	2,74	2,27	1,58	0,87	0,23	-0,14	-0,31	-0,47	-0,55	-0,56	-0,56	1,85	0
17/02/2020 01:35:00	1,81	2,75	2,79	2,20	1,55	0,81	0,23	-0,09	-0,22	-0,35	-0,40	-0,35	-0,30	1,81	0
17/02/2020 01:40:00	1,87	2,86	2,88	2,28	1,50	0,78	0,11	-0,27	-0,43	-0,57	-0,63	-0,59	-0,54	1,80	0
17/02/2020 01:45:00	1,89	2,93	2,99	2,34	1,62	0,84	0,23	-0,10	-0,24	-0,36	-0,40	-0,32	-0,24	1,84	0
17/02/2020 01:50:00	1,88	2,89	2,88	2,26	1,51	0,79	0,15	-0,16	-0,26	-0,36	-0,38	-0,28	-0,19	1,90	0
17/02/2020 01:55:00	1,94	2,95	3,01	2,43	1,70	0,90	0,27	-0,10	-0,28	-0,43	-0,50	-0,45	-0,40	1,93	0
17/02/2020 02:00:00	1,93	2,94	2,85	2,17	1,41	0,72	0,30	0,16	0,14	0,10	0,15	0,31	0,47	1,90	0
17/02/2020 02:05:00	1,95	2,95	3,04	2,50	1,74	0,98	0,34	-0,03	-0,20	-0,36	-0,42	-0,36	-0,31	1,93	0
17/02/2020 02:10:00	1,92	2,98	3,01	2,40	1,67	0,90	0,28	-0,03	-0,14	-0,25	-0,26	-0,16	-0,06	1,95	0
17/02/2020 02:15:00	1,93	2,91	2,97	2,43	1,78	1,04	0,46	0,14	0,00	-0,13	-0,18	-0,13	-0,08	1,93	0
17/02/2020 02:20:00	1,98	3,03	3,06	2,43	1,72	0,96	0,36	0,07	-0,05	-0,15	-0,17	-0,07	0,02	1,93	0
17/02/2020 02:25:00	1,99	3,04	3,04	2,50	1,69	0,90	0,37	0,08	-0,07	-0,20	-0,24	-0,16	-0,09	1,98	0
17/02/2020 02:30:00	2,00	3,01	3,09	2,55	1,72	0,95	0,33	-0,02	-0,20	-0,35	-0,40	-0,32	-0,24	1,95	0
17/02/2020 02:35:00	1,97	3,04	3,07	2,49	1,74	0,94	0,39	0,10	-0,04	-0,16	-0,19	-0,11	-0,03	2,02	0
17/02/2020 02:40:00	2,03	3,10	3,12	2,52	1,78	1,01	0,39	0,06	-0,08	-0,21	-0,26	-0,21	-0,16	2,06	0
17/02/2020 02:45:00	2,01	3,07	3,18	2,70	1,95	1,15	0,50	0,10	-0,11	-0,30	-0,40	-0,39	-0,38	1,96	0
17/02/2020 02:50:00	1,99	3,07	3,09	2,46	1,74	0,91	0,39	0,12	-0,01	-0,13	-0,16	-0,08	0,00	2,00	0
17/02/2020 02:55:00	2,01	3,08	3,00	2,33	1,55	0,85	0,40	0,23	0,19	0,14	0,18	0,34	0,50	2,03	0
17/02/2020 03:00:00	2,03	3,06	3,11	2,54	1,81	1,08	0,55	0,27	0,15	0,03	0,01	0,09	0,18	2,01	0
17/02/2020 03:05:00	2,07	3,03	3,07	2,48	1,75	1,03	0,54	0,32	0,22	0,13	0,14	0,27	0,41	2,03	0
17/02/2020 03:10:00	2,02	3,05	3,07	2,44	1,76	1,02	0,46	0,18	0,08	-0,03	-0,05	0,03	0,11	2,05	0
17/02/2020 03:15:00	2,05	3,14	3,14	2,53	1,75	0,94	0,40	0,11	-0,02	-0,14	-0,18	-0,10	-0,02	2,09	0
17/02/2020 03:20:00	2,12	3,14	3,14	2,51	1,84	1,15	0,58	0,30	0,20	0,08	0,04	0,09	0,14	2,10	0
17/02/2020 03:25:00	2,09	3,10	3,11	2,52	1,74	1,00	0,42	0,12	0,00	-0,11	-0,13	-0,04	0,06	2,08	0
17/02/2020 03:30:00	2,08	3,04	3,13	2,58	1,95	1,22	0,66	0,36	0,22	0,08	0,02	0,07	0,12	2,08	0
17/02/2020 03:35:00	2,08	3,18	3,22	2,61	1,85	1,14	0,57	0,29	0,19	0,09	0,08	0,18	0,28	2,11	0
17/02/2020 03:40:00	2,12	3,24	3,24	2,66	1,88	1,10	0,54	0,27	0,15	0,04	0,01	0,10	0,19	2,13	0
17/02/2020 03:45:00	2,13	3,23	3,26	2,69	1,92	1,08	0,51	0,20	0,05	-0,09	-0,14	-0,06	0,01	2,15	0
17/02/2020 03:50:00	2,15	3,30	3,29	2,63	1,89	1,13	0,55	0,28	0,19	0,08	0,06	0,15	0,24	2,15	0
17/02/2020 03:55:00	2,24	3,34	3,32	2,75	1,99	1,18	0,59	0,28	0,15	0,02	-0,02	0,04	0,11	2,24	0
17/02/2020 04:00:00	2,24	3,37	3,40	2,78	2,01	1,22	0,61	0,29	0,16	0,04	0,01	0,10	0,19	2,23	0
17/02/2020 04:05:00	2,25	3,36	3,46	2,90	2,12	1,33	0,66	0,27	0,09	-0,08	-0,14	-0,10	-0,05	2,19	0
17/02/2020 04:10:00	2,30	3,35	3,36	2,78	2,03	1,30	0,67	0,36	0,24	0,12	0,10	0,18	0,26	2,26	0
17/02/2020 04:15:00	2,23	3,37	3,43	2,82	2,04	1,22	0,62	0,29	0,14	0,00	-0,04	0,04	0,11	2,24	0
17/02/2020 04:20:00	2,28	3,43	3,56	3,05	2,23	1,32	0,54	0,05	-0,22	-0,44	-0,56	-0,57	-0,58	2,28	0
17/02/2020 04:25:00	2,26	3,43	3,47	2,91	2,15	1,31	0,61	0,22	0,05	-0,11	-0,18	-0,15	-0,11	2,31	0
17/02/2020 04:30:00	2,30	3,42	3,47	2,84	2,14	1,31	0,64	0,27	0,12	-0,03	-0,08	-0,03	0,02	2,31	0
17/02/2020 04:35:00	2,32	3,39	3,43	2,91	2,17	1,36	0,68	0,28	0,10	-0,07	-0,16	-0,15	-0,14	2,35	0
17/02/2020 04:40:00	2,36	3,46	3,49	2,92	2,14	1,32	0,63	0,25	0,08	-0,07	-0,13	-0,09	-0,04	2,33	0
17/02/2020 04:45:00	2,37	3,45	3,48	2,84	1,99	1,11	0,45	0,08	-0,10	-0,25	-0,29	-0,21	-0,13	2,31	0
17/02/2020 04:50:00	2,37	3,42	3,46	2,88	2,15	1,34	0,64	0,23	0,04	-0,14	-0,23	-0,22	-0,22	2,37	0
17/02/2020 04:55:00	2,35	3,32	3,40	2,87	2,20	1,41	0,75	0,37	0,20	0,03	-0,04	-0,02	0,01	2,38	0
17/02/2020 05:00:00	2,39	3,31	3,33	2,83	2,18	1,40	0,73	0,34	0,17	0,00	-0,09	-0,09	-0,09	2,38	0
17/02/2020 05:05:00	2,33	3,31	3,39	2,85	2,18	1,38	0,69	0,30	0,13	-0,03	-0,10	-0,06	-0,03	2,38	0
17/02/2020 05:10:00	2,36	3,34	3,36	2,92	2,21	1,42	0,75	0,36	0,17	0,00	-0,10	-0,11	-0,11	2,35	0
17/02/2020 05:15:00	2,39	3,38	3,39	2,80	2,05	1,30	0,71	0,41	0,29	0,18	0,16	0,26	0,35	2,37	0
17/02/2020 05:20:00	2,42	3,39	3,36	2,79	2,03	1,28	0,66	0,33	0,19	0,05	0,00	0,05	0,10	2,45	0
17/02/2020 05:25:00	2,39	3,36	3,42	2,89	2,21	1,42	0,76	0,40	0,24	0,10	0,04	0,10	0,16	2,36	0
17/02/2020 05:30:00	2,43	3,35	3,33	2,72	2,03	1,38	0,83	0,59	0,53	0,46	0,47	0,59	0,71	2,43	0
17/02/2020 05:35:00	2,41	3,33	3,36	2,77	2,09	1,37	0,82	0,55	0,44	0,34	0,33	0,43	0,53	2,40	0
17/02/2020 05:40:00	2,46	3,37	3,41	2,92	2,26	1,45	0,78	0,38	0,19	0,01	-0,08	-0,09	-0,09	2,47	0
17/02/2020 05:45:00	2,47	3,37	3,47	2,97	2,24	1,47	0,81	0,42	0,23	0,06	0,00	0,04	0,09	2,51	0
17/02/2020 05:50:00	2,45	3,41	3,46	3,00	2,31	1,49	0,87	0,51	0,32	0,15	0,06	0,08	0,10	2,46	0
17/02/2020 05:55:00	2,50	3,43	3,44	2,96	2,19	1,43	0,82	0,49	0,34	0,20	0,16	0,23	0,29	2,50	0
17/02/2020 06:00:00	2,50	3,44	3,45	2,89	2,17	1,45	0,89	0,61	0,49	0,37	0,34	0,42	0,49	2,48	0
17/02/2020 06:05:00	2,50	3,42	3,42	2,84	2,13	1,37	0,79	0,49	0,37	0,25	0,22	0,31	0,40	2,46	0
17/02/2020 06:10:00	2,46	3,45	3,39	2,79	2,06	1,33	0,81	0,58	0,51	0,43	0,43	0,55	0,66	2,46	0
17/02/2020 06:15:00	2,48	3,40	3,38	2,84	2,13	1,40	0,83	0,55	0,45	0,34	0,33	0,42	0,51	2,43	0
17/02/2020 06:20:00	2,45	3,36	3,38	2,95	2,24	1,52	0,94	0,61	0,46	0,32	0,25	0,29	0,33	2,48	0
17/02/2020 06:25:00	2,47	3,44	3,44	2,85	2,15	1,39	0,76	0,43	0,31	0,19	0,15	0,23	0,30	2,47	0
17/02/2020 06:30:00	2,47	3,42	3,34	2,71	1,99	1,32	0,81	0,61	0,57	0,51	0,54	0,68	0,82	2,50	0
17/02/2020 06:35:00	2,50	3,45	3,50	2,94	2,23	1,54	0,97	0,70	0,58	0,47	0,46	0,55	0,64	2,50	0
17/02/2020 06:40:00	2,56	3,50	3,43	2,77	2,07	1,41	0,93	0,76	0,74	0,70	0,74	0,90	1,06	2,55	0
17/02/2020 06:45:00	2,53	3,49	3,44	2,87	2,19	1,50	1,02	0,83	0,77	0,69	0,70	0,81	0,93	2,47	0
17/02/2020 06:50:00	2,56	3,48	3,42	2,88	2,15	1,49	1,08	0,91	0,86	0,79	0,80	0,93	1,05	2,60	0
17/02/2020 06:55:00	2,57	3,42	3,46	2,99	2,34	1,62	1,07	0,78	0,65	0,52	0,48	0,54	0,60	2,58	0
17/02/2020 07:00:00	2,56	3,44	3,40	2,83	2,15	1,56	1,09	0,93	0,91	0,87	0,92	1,08	1,23	2,57	0
17/02/2020 07:05:00	2,62	3,54	3,57	2,98	2,30	1,64	1,23	1,06	1,00	0,92	0,95	1,09	1,23	2,54	0
17/02/2020 07:10:00	2,64	3,51	3,47	2,95	2,35	1,74	1,26	1,07	1,04	0,97	0,99	1,10	1,21	2,61	0
17/02/2020 07:15:00	2,61	3,58	3,56	2,90	2,19	1,55	1,16	1,04	1,03	1,00	1,06	1,25	1,44	2,60	0
17/02/2020 07:20:00	2,61	3,58	3,60	3,04	2,35	1,62	1,10	0,85	0,74	0,62	0,60	0,68	0,76	2,66	0
17/02/2020 07:25:00	2,68	3,58	3,55	3,03	2,39	1,76	1,38	1,24	1,20	1,14	1,15	1,27	1,39	2,64	0
17/02/2020 07:30:00	2,67	3,61	3,54	2,91	2,20	1,58	1,18	1,06	1,06	1,03	1,10	1,28	1,46	2,62	0
17/02/2020 07:35:00	2,66	3,59	3,64	3,14	2,50	1,78	1,25	1,00	0,89	0,79	0,77	0,87	0,96	2,63	0
17/02/2020 07:40:00	2,66	3,56	3,54	3,04	2,31	1,63	1,21	1,02	0,93	0,83	0,83	0,93	1,03	2,64	0
17/02/2020 07:45:00	2,68	3,60	3,64	3,20	2,56	1,86	1,33	1,06	0,93	0,79	0,73	0,76	0,80	2,63	0
17/02/2020 07:50:00	2,74	3,70	3,73	3,18	2,49	1,76	1,19	0,91	0,79	0,66	0,63	0,70	0,77	2,78	0
17/02/2020 07:55:00	2,80	3,83	3,79	3,14	2,36	1,69	1,28	1,14	1,11	1,06	1,11	1,28	1,46	2,76	0
17/02/2020 08:00:00	2,78	3,79	3,84	3,23	2,50	1,80	1,30	1,07	0,98	0,89	0,89	1,02	1,14	2,78	0
17/02/2020 08:05:00	2,86	3,87	3,97	3,36	2,58	1,76	1,16	0,83	0,67	0,53	0,51	0,61	0,72	2,79	0
17/02/2020 08:10:00	2,85	3,93	3,91	3,23	2,50	1,82	1,30	1,08	1,02	0,94	0,94	1,06	1,18	2,82	0
17/02/2020 08:15:00	2,85	3,85	3,89	3,30	2,61	1,89	1,36	1,12	1,04	0,94	0,95	1,07	1,20	2,84	0
17/02/2020 08:20:00	2,74	3,55	3,67	3,21	2,68	2,02	1,56	1,33	1,21	1,09	1,05	1,12	1,19	2,79	0
17/02/2020 08:25:00	2,81	3,59	3,65	3,16	2,56	2,05	1,72	1,62	1,59	1,54	1,58	1,73	1,88	2,78	0
17/02/2020 08:30:00	2,67	3,48	3,57	3,14	2,68	2,12	1,72	1,56	1,51	1,44	1,44	1,55	1,65	2,66	0
17/02/2020 08:35:00	2,69	3,50	3,65	3,26	2,73	2,17	1,70	1,48	1,39	1,29	1,27	1,37	1,46	2,65	0
17/02/2020 08:40:00	2,62	3,43	3,57	3,20	2,74	2,12	1,70	1,50	1,40	1,28	1,25	1,32	1,39	2,70	0
17/02/2020 08:45:00	2,66	3,47	3,67	3,32	2,80	2,23	1,80	1,58	1,46	1,33	1,30	1,37	1,44	2,70	0
17/02/2020 08:50:00	2,59	3,35	3,53	3,14	2,60	2,08	1,69	1,51	1,44	1,35	1,36	1,48	1,61	2,64	0
17/02/2020 08:55:00	2,55	3,38	3,56	3,23	2,74	2,11	1,60	1,32	1,18	1,04	0,97	1,01	1,05	2,52	0
17/02/2020 09:00:00	2,56	3,45	3,63	3,28	2,67	2,08	1,55	1,27	1,14	1,00	0,96	1,02	1,08	2,58	0
17/02/2020 09:05:00	2,46	3,39	3,64	3,30	2,71	2,11	1,58	1,29	1,14	1,00	0,96	1,04	1,11	2,46	0
17/02/2020 09:10:00	2,60	3,44	3,54	3,04	2,48	1,91	1,46	1,28	1,22	1,15	1,17	1,30	1,42	2,63	0
17/02/2020 09:15:00	2,65	3,59	3,70	3,20	2,50	1,86	1,36	1,12	1,02	0,92	0,92	1,05	1,17	2,59	0
17/02/2020 09:20:00	2,67	3,61	3,69	3,15	2,54	1,86	1,40	1,20	1,13	1,04	1,05	1,17	1,29	2,71	0
17/02/2020 09:25:00	2,73	3,63	3,67	3,23	2,56	1,92	1,45	1,23	1,13	1,02	1,00	1,09	1,18	2,72	0
17/02/2020 09:30:00	2,80	3,69	3,84	3,43	2,80	2,11	1,54	1,22	1,04	0,88	0,80	0,83	0,86	2,81	0
17/02/2020 09:35:00	2,73	3,83	3,87	3,16	2,45	1,75	1,30	1,13	1,08	1,02	1,05	1,22	1,38	2,78	0
17/02/2020 09:40:00	2,83	3,87	3,85	3,26	2,53	1,87	1,43	1,27	1,23	1,17	1,21	1,36	1,51	2,78	0
17/02/2020 09:45:00	2,80	3,84	3,84	3,24	2,52	1,87	1,37	1,16	1,10	1,02	1,03	1,15	1,27	2,81	0
17/02/2020 09:50:00	2,82	3,94	3,95	3,41	2,60	1,90	1,38	1,13	1,03	0,91	0,89	0,98	1,07	2,87	0
17/02/2020 09:55:00	2,92	4,12	4,09	3,36	2,58	1,89	1,48	1,35	1,34	1,29	1,34	1,52	1,70	2,96	0
17/02/2020 10:00:00	2,90	4,14	4,15	3,47	2,72	1,97	1,51	1,33	1,26	1,18	1,19	1,32	1,45	2,97	0
17/02/2020 10:05:00	2,99	4,21	4,16	3,51	2,71	2,00	1,56	1,42	1,39	1,33	1,37	1,52	1,68	3,00	0
17/02/2020 10:10:00	3,01	4,24	4,26	3,69	2,97	2,32	1,86	1,67	1,61	1,52	1,51	1,61	1,71	3,03	0
17/02/2020 10:15:00	3,14	4,41	4,34	3,62	2,87	2,21	1,79	1,70	1,72	1,70	1,76	1,94	2,12	3,05	0
17/02/2020 10:20:00	3,11	4,45	4,39	3,67	2,86	2,20	1,76	1,66	1,68	1,66	1,74	1,95	2,15	3,15	0
17/02/2020 10:25:00	3,14	4,51	4,43	3,64	2,85	2,22	1,92	1,93	2,01	2,03	2,15	2,40	2,65	3,19	0
17/02/2020 10:30:00	3,24	4,57	4,58	3,92	3,14	2,47	2,02	1,88	1,85	1,79	1,83	1,98	2,14	3,29	0
17/02/2020 10:35:00	3,31	4,70	4,74	4,01	3,18	2,38	1,82	1,59	1,51	1,42	1,44	1,59	1,74	3,35	0
17/02/2020 10:40:00	3,42	4,72	4,66	3,97	3,19	2,45	2,04	1,93	1,91	1,86	1,89	2,04	2,20	3,35	0
17/02/2020 10:45:00	3,40	4,74	4,71	4,03	3,30	2,65	2,21	2,08	2,07	2,00	2,03	2,16	2,28	3,40	0
17/02/2020 10:50:00	3,44	4,87	4,85	4,10	3,31	2,61	2,16	2,05	2,06	2,03	2,09	2,28	2,47	3,45	0
17/02/2020 10:55:00	3,51	4,91	4,95	4,32	3,57	2,81	2,34	2,15	2,07	1,96	1,95	2,05	2,15	3,53	0
17/02/2020 11:00:00	3,64	5,07	5,11	4,45	3,64	2,85	2,31	2,09	2,00	1,90	1,90	2,02	2,14	3,65	0
17/02/2020 11:05:00	3,65	5,05	5,10	4,48	3,65	2,94	2,42	2,21	2,15	2,05	2,06	2,19	2,32	3,61	0
17/02/2020 11:10:00	3,68	5,24	5,29	4,65	3,77	2,97	2,46	2,24	2,15	2,04	2,03	2,15	2,27	3,71	0
17/02/2020 11:15:00	3,82	5,19	5,28	4,73	4,02	3,45	3,04	2,93	2,93	2,88	2,92	3,09	3,25	3,83	0
17/02/2020 11:20:00	3,87	5,39	5,49	4,87	3,99	3,17	2,59	2,33	2,21	2,07	2,06	2,18	2,29	3,95	0
17/02/2020 11:25:00	3,95	5,51	5,58	4,91	4,05	3,25	2,72	2,52	2,44	2,35	2,36	2,52	2,67	3,93	0
17/02/2020 11:30:00	3,99	5,49	5,59	4,87	4,04	3,26	2,68	2,45	2,37	2,26	2,28	2,44	2,59	3,99	0
17/02/2020 11:35:00	3,99	5,49	5,66	5,07	4,25	3,42	2,78	2,46	2,31	2,15	2,12	2,22	2,31	4,02	0
17/02/2020 11:40:00	3,97	5,51	5,61	4,94	4,13	3,38	2,77	2,52	2,44	2,34	2,35	2,48	2,61	4,02	0
17/02/2020 11:45:00	4,10	5,59	5,68	5,08	4,25	3,43	2,82	2,54	2,41	2,26	2,22	2,29	2,37	4,08	0
17/02/2020 11:50:00	4,18	5,63	5,80	5,25	4,43	3,51	2,74	2,31	2,08	1,86	1,76	1,78	1,80	4,15	0
17/02/2020 11:55:00	4,24	5,69	5,78	5,16	4,30	3,51	2,98	2,76	2,66	2,54	2,54	2,67	2,81	4,17	0
17/02/2020 12:00:00	4,23	5,85	5,98	5,37	4,49	3,67	3,01	2,69	2,54	2,37	2,32	2,39	2,46	4,23	0
17/02/2020 12:05:00	4,30	5,91	5,99	5,25	4,42	3,58	2,94	2,68	2,59	2,47	2,48	2,61	2,74	4,37	0
17/02/2020 12:10:00	4,42	6,03	6,18	5,55	4,68	3,79	3,17	2,88	2,72	2,57	2,53	2,64	2,74	4,34	0
17/02/2020 12:15:00	4,46	6,04	6,20	5,60	4,82	3,98	3,41	3,14	3,01	2,86	2,82	2,91	3,00	4,44	0
17/02/2020 12:20:00	4,55	6,18	6,33	5,65	4,78	3,89	3,32	3,07	2,94	2,81	2,80	2,94	3,08	4,52	0
17/02/2020 12:25:00	4,60	6,27	6,47	5,82	4,95	3,99	3,29	2,93	2,75	2,57	2,52	2,61	2,70	4,58	0
17/02/2020 12:30:00	4,57	6,29	6,43	5,78	4,86	3,94	3,28	2,96	2,81	2,64	2,61	2,70	2,80	4,60	0
17/02/2020 12:35:00	4,58	6,41	6,53	5,79	4,89	3,97	3,32	3,04	2,91	2,77	2,75	2,86	2,97	4,70	0
17/02/2020 12:40:00	4,65	6,42	6,58	5,97	5,02	4,08	3,39	3,03	2,85	2,67	2,61	2,68	2,76	4,73	0
17/02/2020 12:45:00	4,82	6,67	6,84	6,08	5,11	4,14	3,41	3,05	2,87	2,70	2,66	2,76	2,86	4,73	0
17/02/2020 12:50:00	4,89	6,65	6,85	6,26	5,31	4,41	3,65	3,24	3,03	2,82	2,73	2,77	2,82	4,86	0
17/02/2020 12:55:00	4,90	6,74	6,96	6,32	5,38	4,41	3,65	3,23	3,01	2,79	2,70	2,75	2,80	4,86	0
17/02/2020 13:00:00	4,95	6,90	7,13	6,49	5,44	4,49	3,68	3,25	3,03	2,82	2,74	2,82	2,89	4,97	0
17/02/2020 13:05:00	5,05	6,99	7,16	6,47	5,44	4,43	3,66	3,26	3,06	2,85	2,78	2,85	2,92	5,06	0
17/02/2020 13:10:00	5,02	7,11	7,35	6,62	5,68	4,62	3,75	3,28	3,04	2,81	2,71	2,74	2,77	5,09	0
17/02/2020 13:15:00	5,10	7,05	7,28	6,64	5,61	4,65	3,80	3,33	3,09	2,86	2,76	2,80	2,84	5,10	0
17/02/2020 13:20:00	5,25	7,16	7,42	6,79	5,79	4,76	3,88	3,37	3,10	2,84	2,71	2,73	2,75	5,23	0
17/02/2020 13:25:00	5,21	7,20	7,39	6,77	5,78	4,75	3,95	3,52	3,28	3,05	2,94	2,96	2,99	5,17	0
17/02/2020 13:30:00	5,26	7,33	7,58	6,83	5,79	4,73	3,82	3,32	3,07	2,83	2,74	2,80	2,86	5,23	0
17/02/2020 13:35:00	5,28	7,40	7,64	6,93	5,91	4,85	4,01	3,55	3,30	3,07	2,97	3,02	3,06	5,29	0
17/02/2020 13:40:00	5,28	7,42	7,80	7,18	6,16	5,05	4,10	3,52	3,19	2,89	2,74	2,74	2,74	5,38	0
17/02/2020 13:45:00	5,28	7,40	7,73	7,06	6,11	5,04	4,19	3,72	3,46	3,21	3,11	3,15	3,19	5,28	0
17/02/2020 13:50:00	5,41	7,59	7,90	7,21	6,18	5,02	4,16	3,67	3,40	3,15	3,05	3,12	3,18	5,42	0
17/02/2020 13:55:00	5,40	7,52	7,94	7,37	6,37	5,31	4,32	3,73	3,39	3,09	2,94	2,94	2,94	5,44	0
17/02/2020 14:00:00	5,46	7,64	7,93	7,26	6,21	5,11	4,21	3,71	3,44	3,19	3,08	3,13	3,17	5,52	0
17/02/2020 14:05:00	5,41	7,59	7,95	7,33	6,34	5,18	4,38	3,91	3,62	3,35	3,24	3,28	3,32	5,49	0
17/02/2020 14:10:00	5,51	7,60	7,98	7,43	6,53	5,46	4,54	4,00	3,69	3,40	3,25	3,24	3,22	5,48	0
17/02/2020 14:15:00	5,39	7,60	7,96	7,37	6,39	5,35	4,38	3,81	3,51	3,22	3,07	3,06	3,04	5,43	0
17/02/2020 14:20:00	5,38	7,57	7,93	7,25	6,23	5,12	4,24	3,74	3,46	3,20	3,09	3,14	3,20	5,32	0
17/02/2020 14:25:00	5,43	7,52	7,87	7,21	6,30	5,17	4,29	3,78	3,49	3,22	3,10	3,13	3,15	5,39	0
17/02/2020 14:30:00	5,36	7,47	7,77	7,13	6,21	5,19	4,39	3,97	3,75	3,53	3,45	3,51	3,57	5,36	0
17/02/2020 14:35:00	5,31	7,49	7,85	7,19	6,20	5,13	4,30	3,85	3,59	3,35	3,26	3,33	3,39	5,35	0
17/02/2020 14:40:00	5,35	7,47	7,75	7,07	6,06	5,04	4,29	3,91	3,70	3,49	3,43	3,53	3,63	5,35	0
17/02/2020 14:45:00	5,33	7,43	7,71	7,08	6,14	5,16	4,48	4,15	3,98	3,80	3,76	3,88	3,99	5,30	0
17/02/2020 14:50:00	5,30	7,42	7,72	7,07	6,11	5,14	4,33	3,91	3,69	3,48	3,40	3,46	3,53	5,23	0
17/02/2020 14:55:00	5,30	7,35	7,69	7,08	6,10	5,12	4,40	4,01	3,78	3,56	3,49	3,58	3,66	5,26	0
17/02/2020 15:00:00	5,21	7,41	7,68	7,05	6,09	5,08	4,34	3,96	3,76	3,56	3,48	3,55	3,62	5,20	0
17/02/2020 15:05:00	5,22	7,31	7,65	7,06	6,17	5,19	4,36	3,91	3,67	3,44	3,34	3,38	3,42	5,20	0
17/02/2020 15:10:00	5,22	7,33	7,71	7,12	6,17	5,06	4,20	3,71	3,42	3,16	3,05	3,10	3,14	5,27	0
17/02/2020 15:15:00	5,15	7,37	7,77	7,09	6,07	4,97	4,09	3,59	3,31	3,07	2,98	3,06	3,13	5,13	0
17/02/2020 15:20:00	5,15	7,36	7,74	7,09	6,08	4,95	4,08	3,58	3,30	3,04	2,94	3,00	3,06	5,19	0
17/02/2020 15:25:00	5,16	7,33	7,73	7,05	6,02	4,88	4,00	3,50	3,22	2,98	2,90	3,00	3,10	5,21	0
17/02/2020 15:30:00	5,17	7,34	7,69	7,07	6,09	5,00	4,11	3,59	3,31	3,04	2,92	2,95	2,98	5,20	0
17/02/2020 15:35:00	5,17	7,30	7,66	7,06	6,14	5,10	4,29	3,82	3,55	3,29	3,16	3,18	3,19	5,22	0
17/02/2020 15:40:00	5,17	7,23	7,64	7,08	6,13	5,12	4,25	3,74	3,45	3,17	3,05	3,07	3,09	5,10	0
17/02/2020 15:45:00	5,19	7,30	7,68	7,11	6,13	5,09	4,20	3,68	3,39	3,13	3,01	3,04	3,07	5,19	0
17/02/2020 15:50:00	5,11	7,29	7,70	7,11	6,16	5,07	4,16	3,63	3,32	3,05	2,91	2,93	2,95	5,15	0
17/02/2020 15:55:00	5,18	7,14	7,56	7,08	6,15	5,17	4,32	3,80	3,50	3,23	3,09	3,11	3,12	5,14	0
17/02/2020 16:00:00	5,16	7,33	7,64	6,99	5,98	4,95	4,22	3,83	3,61	3,40	3,33	3,41	3,50	5,13	0
17/02/2020 16:05:00	5,20	7,28	7,67	7,10	6,16	5,11	4,30	3,82	3,53	3,26	3,14	3,15	3,17	5,05	0
17/02/2020 16:10:00	5,19	7,29	7,68	7,07	6,20	5,19	4,34	3,86	3,60	3,35	3,23	3,26	3,28	5,18	0
17/02/2020 16:15:00	5,15	7,26	7,64	7,08	6,20	5,17	4,36	3,90	3,64	3,39	3,28	3,30	3,33	5,08	0
17/02/2020 16:20:00	5,19	7,27	7,66	7,14	6,21	5,16	4,33	3,85	3,56	3,29	3,16	3,18	3,20	5,13	0
17/02/2020 16:25:00	5,24	7,28	7,67	7,06	6,18	5,15	4,31	3,82	3,55	3,29	3,18	3,21	3,24	5,20	0
17/02/2020 16:30:00	5,18	7,34	7,74	7,16	6,24	5,17	4,31	3,81	3,53	3,27	3,15	3,18	3,21	5,15	0
17/02/2020 16:35:00	5,17	7,34	7,70	7,10	6,08	5,06	4,19	3,70	3,44	3,20	3,10	3,16	3,22	5,09	0
17/02/2020 16:40:00	5,18	7,36	7,74	7,17	6,21	5,21	4,33	3,83	3,57	3,31	3,20	3,24	3,28	5,06	0
17/02/2020 16:45:00	5,09	7,34	7,68	7,03	6,06	5,01	4,24	3,83	3,61	3,40	3,33	3,42	3,50	5,06	0
17/02/2020 16:50:00	5,21	7,35	7,77	7,25	6,32	5,27	4,38	3,84	3,53	3,25	3,11	3,12	3,12	5,06	0
17/02/2020 16:55:00	5,12	7,37	7,76	7,16	6,23	5,15	4,30	3,82	3,56	3,30	3,19	3,23	3,26	5,15	0
17/02/2020 17:00:00	5,13	7,35	7,75	7,11	6,16	5,11	4,23	3,74	3,48	3,23	3,13	3,18	3,23	5,20	0
17/02/2020 17:05:00	5,14	7,27	7,71	7,19	6,33	5,30	4,43	3,91	3,60	3,31	3,16	3,14	3,13	5,20	0
17/02/2020 17:10:00	5,07	7,32	7,70	7,12	6,20	5,16	4,34	3,88	3,63	3,38	3,27	3,29	3,32	5,13	0
17/02/2020 17:15:00	5,12	7,18	7,59	7,09	6,25	5,20	4,33	3,82	3,53	3,25	3,11	3,11	3,11	5,13	0
17/02/2020 17:20:00	5,02	7,07	7,47	6,93	6,03	5,02	4,21	3,74	3,47	3,21	3,10	3,13	3,16	5,06	0
17/02/2020 17:25:00	4,90	6,95	7,40	6,89	6,06	5,07	4,27	3,79	3,51	3,23	3,10	3,10	3,10	4,87	0
17/02/2020 17:30:00	4,95	6,89	7,33	6,88	6,11	5,13	4,29	3,78	3,50	3,22	3,07	3,06	3,04	5,07	0
17/02/2020 17:35:00	4,93	7,00	7,54	7,09	6,24	5,10	4,16	3,54	3,15	2,80	2,61	2,56	2,50	4,96	0
17/02/2020 17:40:00	5,04	7,08	7,54	7,08	6,23	5,18	4,22	3,62	3,27	2,95	2,77	2,72	2,66	4,96	0
17/02/2020 17:45:00	5,07	7,22	7,72	7,25	6,39	5,23	4,22	3,57	3,20	2,86	2,68	2,63	2,59	5,06	0
17/02/2020 17:50:00	5,05	7,27	7,83	7,38	6,44	5,30	4,27	3,60	3,19	2,83	2,63	2,57	2,51	5,10	0
17/02/2020 17:55:00	5,09	7,22	7,71	7,34	6,49	5,39	4,43	3,81	3,44	3,09	2,88	2,79	2,71	5,04	0
17/02/2020 18:00:00	5,10	7,31	7,69	7,18	6,33	5,26	4,37	3,85	3,56	3,28	3,12	3,08	3,05	5,21	0
17/02/2020 18:05:00	5,06	7,30	7,80	7,31	6,39	5,26	4,30	3,69	3,33	3,00	2,82	2,78	2,74	5,02	0
17/02/2020 18:10:00	5,15	7,26	7,71	7,26	6,40	5,31	4,36	3,76	3,41	3,08	2,88	2,81	2,75	5,10	0
17/02/2020 18:15:00	5,11	7,32	7,82	7,36	6,46	5,38	4,40	3,78	3,42	3,08	2,89	2,84	2,79	5,08	0
17/02/2020 18:20:00	5,14	7,37	7,79	7,25	6,32	5,30	4,36	3,81	3,52	3,24	3,09	3,09	3,08	5,11	0
17/02/2020 18:25:00	5,07	7,28	7,77	7,26	6,39	5,28	4,37	3,81	3,48	3,17	3,01	2,99	2,97	5,15	0
17/02/2020 18:30:00	5,10	7,34	7,91	7,42	6,49	5,39	4,32	3,64	3,24	2,90	2,70	2,65	2,61	5,11	0
17/02/2020 18:35:00	5,10	7,23	7,73	7,27	6,42	5,34	4,40	3,82	3,48	3,16	2,99	2,96	2,93	5,13	0
17/02/2020 18:40:00	5,03	7,27	7,69	7,19	6,26	5,26	4,41	3,92	3,64	3,37	3,23	3,23	3,23	5,05	0
17/02/2020 18:45:00	5,03	7,29	7,70	7,15	6,23	5,24	4,31	3,78	3,51	3,24	3,10	3,09	3,09	5,04	0
17/02/2020 18:50:00	5,12	7,25	7,73	7,30	6,40	5,27	4,28	3,63	3,25	2,90	2,69	2,63	2,56	5,15	0
17/02/2020 18:55:00	5,06	7,32	7,75	7,18	6,26	5,16	4,25	3,71	3,40	3,12	2,99	3,00	3,01	5,12	0
17/02/2020 19:00:00	5,02	7,20	7,72	7,35	6,46	5,49	4,54	3,94	3,60	3,28	3,10	3,06	3,01	5,06	0
17/02/2020 19:05:00	5,02	7,09	7,62	7,18	6,41	5,37	4,47	3,92	3,60	3,30	3,15	3,13	3,12	4,96	0
17/02/2020 19:10:00	4,98	7,10	7,51	6,99	6,16	5,15	4,36	3,89	3,62	3,35	3,21	3,20	3,18	5,00	0
17/02/2020 19:15:00	4,97	7,16	7,60	7,11	6,17	5,20	4,34	3,85	3,57	3,31	3,19	3,21	3,24	4,99	0
17/02/2020 19:20:00	5,04	7,12	7,55	7,11	6,26	5,26	4,38	3,85	3,54	3,24	3,06	3,02	2,97	5,01	0
17/02/2020 19:25:00	5,06	7,21	7,75	7,35	6,48	5,47	4,64	4,13	3,82	3,52	3,38	3,38	3,39	5,13	0
17/02/2020 19:30:00	5,10	7,35	7,90	7,53	6,62	5,56	4,59	3,97	3,59	3,25	3,04	2,98	2,91	5,12	0
17/02/2020 19:35:00	5,15	7,23	7,78	7,35	6,61	5,57	4,73	4,21	3,89	3,59	3,43	3,41	3,39	4,92	0
17/02/2020 19:40:00	5,20	7,45	7,98	7,55	6,66	5,56	4,64	4,05	3,68	3,35	3,16	3,11	3,06	5,25	0
17/02/2020 19:45:00	5,19	7,42	7,98	7,59	6,65	5,52	4,53	3,89	3,49	3,14	2,94	2,90	2,85	5,16	0
17/02/2020 19:50:00	5,18	7,43	7,96	7,48	6,61	5,46	4,53	3,95	3,59	3,26	3,08	3,05	3,02	5,25	0
17/02/2020 19:55:00	5,13	7,39	7,98	7,55	6,70	5,62	4,59	3,93	3,54	3,19	2,98	2,91	2,83	5,20	0
17/02/2020 20:00:00	5,23	7,48	8,06	7,66	6,83	5,73	4,72	4,07	3,68	3,32	3,10	3,01	2,93	5,15	0
17/02/2020 20:05:00	5,26	7,46	7,98	7,51	6,60	5,54	4,60	4,01	3,66	3,34	3,17	3,14	3,11	5,16	0
17/02/2020 20:10:00	5,27	7,53	8,06	7,60	6,70	5,62	4,69	4,12	3,78	3,47	3,31	3,30	3,29	5,25	0
17/02/2020 20:15:00	5,30	7,54	8,07	7,56	6,68	5,64	4,70	4,13	3,81	3,52	3,37	3,37	3,37	5,40	0
17/02/2020 20:20:00	5,36	7,64	8,13	7,58	6,70	5,53	4,62	4,05	3,72	3,42	3,26	3,26	3,25	5,32	0
17/02/2020 20:25:00	5,31	7,61	8,17	7,72	6,83	5,68	4,67	4,03	3,65	3,31	3,11	3,07	3,02	5,21	0
17/02/2020 20:30:00	5,30	7,60	8,19	7,70	6,85	5,68	4,74	4,14	3,76	3,43	3,25	3,23	3,20	5,30	0
17/02/2020 20:35:00	5,29	7,63	8,11	7,53	6,64	5,62	4,65	4,10	3,81	3,54	3,41	3,42	3,43	5,13	0
17/02/2020 20:40:00	5,24	7,54	8,04	7,50	6,60	5,54	4,67	4,16	3,87	3,59	3,47	3,50	3,53	5,21	0
17/02/2020 20:45:00	5,23	7,39	7,91	7,54	6,73	5,71	4,77	4,17	3,81	3,48	3,27	3,19	3,10	5,21	0
17/02/2020 20:50:00	5,17	7,41	8,10	7,75	7,01	5,88	4,84	4,15	3,73	3,35	3,12	3,03	2,94	5,17	0
17/02/2020 20:55:00	5,20	7,42	7,99	7,61	6,74	5,60	4,67	4,06	3,67	3,33	3,14	3,10	3,06	5,24	0
17/02/2020 21:00:00	5,27	7,47	8,00	7,57	6,69	5,61	4,66	4,06	3,69	3,36	3,17	3,12	3,08	5,25	0
17/02/2020 21:05:00	5,23	7,52	8,08	7,57	6,75	5,69	4,73	4,15	3,82	3,52	3,36	3,34	3,33	5,16	0
17/02/2020 21:10:00	5,21	7,47	8,04	7,62	6,81	5,72	4,73	4,11	3,75	3,42	3,23	3,18	3,13	5,13	0
17/02/2020 21:15:00	5,25	7,53	8,15	7,74	6,82	5,75	4,71	4,04	3,64	3,29	3,09	3,04	2,99	5,11	0
17/02/2020 21:20:00	5,16	7,39	7,99	7,60	6,76	5,70	4,70	4,07	3,69	3,35	3,15	3,10	3,05	5,17	0
17/02/2020 21:25:00	5,18	7,36	7,86	7,39	6,53	5,51	4,64	4,13	3,83	3,56	3,43	3,45	3,47	5,26	0
17/02/2020 21:30:00	5,22	7,45	8,02	7,59	6,73	5,61	4,68	4,10	3,74	3,42	3,25	3,23	3,22	5,11	0
17/02/2020 21:35:00	5,23	7,41	7,94	7,50	6,66	5,69	4,73	4,16	3,84	3,55	3,39	3,38	3,37	5,18	0
17/02/2020 21:40:00	5,13	7,37	7,93	7,53	6,82	5,81	4,88	4,31	4,00	3,70	3,53	3,49	3,44	5,05	0
17/02/2020 21:45:00	5,22	7,42	8,01	7,65	6,81	5,71	4,84	4,29	3,93	3,61	3,44	3,43	3,41	5,21	0
17/02/2020 21:50:00	5,25	7,43	7,97	7,58	6,76	5,81	4,92	4,38	4,06	3,76	3,59	3,55	3,51	5,23	0
17/02/2020 21:55:00	5,13	7,32	7,94	7,57	6,78	5,80	4,90	4,33	4,00	3,70	3,54	3,52	3,50	5,04	0
17/02/2020 22:00:00	5,11	7,32	7,89	7,54	6,77	5,76	5,01	4,55	4,26	3,98	3,84	3,84	3,84	5,14	0
17/02/2020 22:05:00	5,13	7,34	7,96	7,59	6,74	5,72	4,83	4,27	3,91	3,59	3,42	3,40	3,38	5,00	0
17/02/2020 22:10:00	5,18	7,34	7,94	7,60	6,80	5,75	4,84	4,25	3,88	3,54	3,34	3,28	3,22	5,08	0
17/02/2020 22:15:00	5,16	7,28	7,86	7,51	6,73	5,75	4,87	4,31	3,98	3,66	3,49	3,45	3,41	5,35	0
17/02/2020 22:20:00	5,08	7,35	7,99	7,53	6,74	5,67	4,79	4,24	3,89	3,58	3,42	3,42	3,42	5,26	0
17/02/2020 22:25:00	5,20	7,23	7,77	7,37	6,61	5,61	4,75	4,22	3,90	3,60	3,45	3,43	3,41	5,23	0
17/02/2020 22:30:00	5,04	7,34	7,88	7,47	6,64	5,61	4,65	4,07	3,73	3,41	3,24	3,19	3,14	5,05	0
17/02/2020 22:35:00	5,08	7,30	7,91	7,50	6,59	5,53	4,54	3,90	3,52	3,18	3,00	2,97	2,94	5,13	0
17/02/2020 22:40:00	5,01	7,19	7,85	7,50	6,68	5,66	4,68	4,04	3,64	3,29	3,09	3,03	2,98	5,03	0
17/02/2020 22:45:00	5,14	7,11	7,71	7,47	6,69	5,76	4,91	4,35	3,99	3,65	3,46	3,40	3,34	5,11	0
17/02/2020 22:50:00	5,12	7,12	7,73	7,43	6,69	5,74	4,84	4,27	3,93	3,61	3,44	3,40	3,36	5,02	0
17/02/2020 22:55:00	4,94	6,96	7,58	7,30	6,58	5,55	4,62	3,99	3,60	3,24	3,02	2,93	2,84	4,89	0
17/02/2020 23:00:00	4,96	7,02	7,65	7,37	6,70	5,65	4,75	4,14	3,76	3,41	3,19	3,10	3,02	4,83	0
17/02/2020 23:05:00	5,03	7,03	7,60	7,18	6,48	5,43	4,54	3,98	3,64	3,32	3,16	3,13	3,10	4,84	0
17/02/2020 23:10:00	4,92	7,12	7,72	7,31	6,52	5,52	4,58	4,00	3,68	3,38	3,23	3,23	3,23	4,78	0
17/02/2020 23:15:00	5,04	7,05	7,63	7,43	6,70	5,65	4,63	3,95	3,53	3,14	2,88	2,74	2,59	4,92	0
17/02/2020 23:20:00	5,03	7,02	7,59	7,24	6,53	5,52	4,59	3,99	3,63	3,30	3,09	3,01	2,94	4,90	0
17/02/2020 23:25:00	4,98	7,02	7,65	7,40	6,64	5,60	4,60	3,93	3,53	3,16	2,94	2,86	2,77	4,93	0
17/02/2020 23:30:00	5,00	6,99	7,53	7,26	6,50	5,50	4,54	3,92	3,55	3,21	3,00	2,92	2,83	4,81	0
17/02/2020 23:35:00	4,96	6,97	7,59	7,28	6,49	5,52	4,57	3,95	3,57	3,23	3,02	2,96	2,89	4,64	0
17/02/2020 23:40:00	4,95	7,02	7,61	7,20	6,36	5,32	4,37	3,76	3,39	3,07	2,89	2,86	2,84	4,73	0
17/02/2020 23:45:00	4,94	6,85	7,46	7,23	6,55	5,58	4,67	4,07	3,70	3,35	3,14	3,05	2,97	4,66	0
17/02/2020 23:50:00	4,95	6,90	7,50	7,17	6,44	5,40	4,49	3,88	3,49	3,15	2,94	2,87	2,79	4,78	0
17/02/2020 23:55:00	4,96	6,94	7,48	7,15	6,44	5,45	4,47	3,84	3,48	3,14	2,94	2,85	2,76	4,66	0
