FileFormat:0002.2 file with temperature of atmosphere
200
local	GMT or Local
0	GMT-Local=[hours]
0	Height[m]
0	0	0	Longitude                [grd]               [min]               [sec]
0	0	0	Latitude                [grd]               [min]               [sec]
N	NS
59,40	Freq[GHz]
0,00	dTemostat[K]
0,150	MessErr[K]
0,248	//[grad/step]
version 14.0.20110218
MTP5H033F5940K-33.00D180214+A1.1
Commentary:
enter comment
End Of Commentary

SYSTEM\alaska.dat
data time	0	50	100	150	200	250	300	350	400	450	500	550	600	OutsideTemperature	Quality
29/12/2020 00:00:00	-8,92	-9,65	-10,08	-10,26	-10,28	-10,17	-9,95	-9,68	-9,37	-9,09	-8,88	-8,66	-8,45	-8,86	0
29/12/2020 00:05:00	-8,92	-9,63	-9,95	-10,06	-10,01	-9,97	-9,89	-9,72	-9,46	-9,23	-9,05	-8,88	-8,71	-8,86	0
29/12/2020 00:10:00	-8,84	-9,59	-9,98	-10,13	-10,11	-10,04	-9,90	-9,68	-9,39	-9,12	-8,92	-8,72	-8,51	-8,88	0
29/12/2020 00:15:00	-8,95	-9,65	-10,09	-10,29	-10,38	-10,25	-9,98	-9,68	-9,37	-9,08	-8,86	-8,61	-8,37	-8,98	0
29/12/2020 00:20:00	-8,99	-9,56	-10,06	-10,33	-10,38	-10,32	-10,13	-9,82	-9,45	-9,12	-8,86	-8,58	-8,30	-8,95	0
29/12/2020 00:25:00	-8,95	-9,75	-10,24	-10,25	-10,22	-10,11	-9,93	-9,69	-9,39	-9,13	-8,95	-8,78	-8,61	-8,99	0
29/12/2020 00:30:00	-8,93	-9,72	-10,15	-10,19	-10,08	-10,01	-9,86	-9,64	-9,34	-9,08	-8,90	-8,74	-8,57	-8,90	0
29/12/2020 00:35:00	-8,82	-9,57	-9,96	-10,11	-10,14	-10,08	-9,94	-9,75	-9,49	-9,25	-9,06	-8,87	-8,68	-8,81	0
29/12/2020 00:40:00	-8,86	-9,62	-9,98	-10,07	-10,05	-9,96	-9,81	-9,63	-9,39	-9,17	-9,03	-8,90	-8,76	-8,85	0
29/12/2020 00:45:00	-8,76	-9,45	-9,84	-9,99	-10,01	-10,01	-9,95	-9,81	-9,56	-9,33	-9,16	-8,99	-8,82	-8,81	0
29/12/2020 00:50:00	-8,78	-9,46	-9,81	-10,02	-10,01	-10,05	-10,04	-9,91	-9,65	-9,40	-9,21	-9,02	-8,82	-8,76	0
29/12/2020 00:55:00	-8,78	-9,48	-9,92	-10,07	-10,09	-10,09	-10,01	-9,84	-9,57	-9,33	-9,15	-8,97	-8,79	-8,79	0
29/12/2020 01:00:00	-8,83	-9,63	-10,00	-9,98	-9,91	-9,94	-9,95	-9,89	-9,70	-9,52	-9,42	-9,34	-9,25	-8,83	0
29/12/2020 01:05:00	-8,88	-9,56	-10,07	-10,38	-10,44	-10,46	-10,35	-10,12	-9,80	-9,50	-9,27	-9,03	-8,79	-8,90	0
29/12/2020 01:10:00	-9,03	-9,76	-10,14	-10,29	-10,30	-10,32	-10,27	-10,13	-9,88	-9,65	-9,48	-9,31	-9,14	-9,06	0
29/12/2020 01:15:00	-8,98	-9,57	-10,01	-10,31	-10,50	-10,52	-10,42	-10,23	-9,97	-9,70	-9,47	-9,22	-8,96	-9,01	0
29/12/2020 01:20:00	-9,00	-9,63	-9,98	-10,14	-10,16	-10,21	-10,20	-10,09	-9,85	-9,62	-9,45	-9,28	-9,11	-8,98	0
29/12/2020 01:25:00	-9,08	-9,74	-10,05	-10,26	-10,23	-10,24	-10,17	-10,01	-9,73	-9,47	-9,28	-9,07	-8,86	-9,10	0
29/12/2020 01:30:00	-9,16	-9,83	-10,20	-10,41	-10,44	-10,40	-10,26	-10,06	-9,78	-9,52	-9,32	-9,10	-8,89	-9,18	0
29/12/2020 01:35:00	-9,27	-9,98	-10,33	-10,36	-10,31	-10,30	-10,25	-10,12	-9,89	-9,67	-9,53	-9,39	-9,25	-9,28	0
29/12/2020 01:40:00	-9,38	-10,00	-10,41	-10,53	-10,55	-10,49	-10,34	-10,11	-9,81	-9,54	-9,33	-9,12	-8,91	-9,43	0
29/12/2020 01:45:00	-9,45	-10,04	-10,46	-10,61	-10,74	-10,76	-10,66	-10,51	-10,27	-10,04	-9,86	-9,67	-9,47	-9,37	0
29/12/2020 01:50:00	-9,43	-10,09	-10,53	-10,72	-10,77	-10,66	-10,45	-10,18	-9,86	-9,56	-9,33	-9,08	-8,83	-9,41	0
29/12/2020 01:55:00	-9,51	-10,16	-10,55	-10,56	-10,56	-10,55	-10,46	-10,32	-10,07	-9,84	-9,68	-9,53	-9,37	-9,52	0
29/12/2020 02:00:00	-9,62	-10,13	-10,52	-10,65	-10,72	-10,73	-10,67	-10,51	-10,24	-9,98	-9,78	-9,57	-9,36	-9,58	0
29/12/2020 02:05:00	-9,53	-10,22	-10,58	-10,71	-10,76	-10,71	-10,59	-10,40	-10,14	-9,88	-9,69	-9,47	-9,26	-9,55	0
29/12/2020 02:10:00	-9,58	-10,10	-10,47	-10,74	-10,83	-10,88	-10,83	-10,68	-10,41	-10,14	-9,94	-9,72	-9,50	-9,65	0
29/12/2020 02:15:00	-9,67	-10,40	-10,71	-10,60	-10,42	-10,29	-10,14	-9,95	-9,67	-9,43	-9,27	-9,13	-9,00	-9,65	0
29/12/2020 02:20:00	-9,79	-10,38	-10,77	-10,93	-10,93	-10,86	-10,70	-10,46	-10,14	-9,84	-9,61	-9,37	-9,13	-9,75	0
29/12/2020 02:25:00	-9,88	-10,54	-10,76	-10,76	-10,69	-10,68	-10,66	-10,57	-10,36	-10,15	-10,00	-9,85	-9,70	-9,88	0
29/12/2020 02:30:00	-9,79	-10,47	-10,81	-10,94	-11,01	-10,87	-10,61	-10,35	-10,07	-9,79	-9,57	-9,32	-9,07	-9,79	0
29/12/2020 02:35:00	-9,81	-10,43	-10,78	-10,95	-10,97	-10,96	-10,85	-10,67	-10,40	-10,13	-9,93	-9,72	-9,50	-9,80	0
29/12/2020 02:40:00	-9,81	-10,46	-10,85	-11,01	-11,10	-11,01	-10,85	-10,63	-10,35	-10,07	-9,85	-9,60	-9,36	-9,91	0
29/12/2020 02:45:00	-9,93	-10,52	-10,88	-11,01	-11,00	-10,96	-10,85	-10,64	-10,35	-10,06	-9,85	-9,62	-9,39	-9,96	0
29/12/2020 02:50:00	-9,98	-10,65	-10,98	-11,15	-11,20	-11,06	-10,84	-10,57	-10,27	-9,97	-9,73	-9,46	-9,19	-9,99	0
29/12/2020 02:55:00	-10,05	-10,61	-10,94	-11,06	-11,05	-10,92	-10,71	-10,44	-10,12	-9,83	-9,60	-9,35	-9,11	-10,01	0
29/12/2020 03:00:00	-10,02	-10,57	-10,90	-11,06	-11,06	-10,98	-10,79	-10,53	-10,21	-9,91	-9,68	-9,42	-9,17	-10,10	0
29/12/2020 03:05:00	-10,09	-10,64	-10,97	-11,01	-10,97	-10,92	-10,80	-10,60	-10,31	-10,03	-9,83	-9,62	-9,41	-10,06	0
29/12/2020 03:10:00	-10,10	-10,68	-10,97	-11,11	-11,14	-11,09	-10,96	-10,76	-10,50	-10,23	-10,02	-9,79	-9,56	-10,16	0
29/12/2020 03:15:00	-10,18	-10,67	-10,86	-10,91	-10,83	-10,75	-10,63	-10,44	-10,17	-9,91	-9,72	-9,53	-9,33	-10,23	0
29/12/2020 03:20:00	-10,19	-10,79	-11,03	-10,87	-10,76	-10,59	-10,40	-10,21	-9,96	-9,72	-9,57	-9,42	-9,26	-10,12	0
29/12/2020 03:25:00	-10,02	-10,55	-10,72	-10,77	-10,76	-10,55	-10,30	-10,05	-9,78	-9,52	-9,32	-9,09	-8,87	-10,00	0
29/12/2020 03:30:00	-10,02	-10,54	-10,77	-10,89	-10,81	-10,69	-10,49	-10,23	-9,91	-9,62	-9,39	-9,16	-8,92	-10,01	0
29/12/2020 03:35:00	-10,00	-10,55	-10,78	-10,68	-10,55	-10,46	-10,33	-10,17	-9,92	-9,69	-9,54	-9,40	-9,26	-10,06	0
29/12/2020 03:40:00	-9,97	-10,51	-10,68	-10,79	-10,75	-10,66	-10,49	-10,29	-10,03	-9,77	-9,57	-9,34	-9,11	-10,01	0
29/12/2020 03:45:00	-9,99	-10,49	-10,70	-10,72	-10,56	-10,44	-10,25	-10,00	-9,69	-9,41	-9,21	-9,01	-8,81	-9,94	0
29/12/2020 03:50:00	-9,86	-10,42	-10,71	-10,77	-10,68	-10,60	-10,46	-10,23	-9,91	-9,62	-9,40	-9,17	-8,95	-9,78	0
29/12/2020 03:55:00	-9,76	-10,23	-10,43	-10,48	-10,47	-10,44	-10,35	-10,20	-9,97	-9,74	-9,56	-9,37	-9,17	-9,81	0
29/12/2020 04:00:00	-9,82	-10,32	-10,55	-10,49	-10,44	-10,41	-10,35	-10,24	-10,02	-9,81	-9,67	-9,52	-9,37	-9,89	0
29/12/2020 04:05:00	-9,91	-10,36	-10,59	-10,58	-10,53	-10,51	-10,44	-10,31	-10,08	-9,86	-9,71	-9,56	-9,41	-9,88	0
29/12/2020 04:10:00	-9,84	-10,27	-10,45	-10,59	-10,59	-10,55	-10,44	-10,29	-10,04	-9,81	-9,62	-9,42	-9,22	-9,68	0
29/12/2020 04:15:00	-9,54	-10,07	-10,33	-10,34	-10,33	-10,24	-10,11	-9,92	-9,67	-9,43	-9,26	-9,07	-8,88	-9,56	0
29/12/2020 04:20:00	-9,47	-10,05	-10,17	-10,21	-10,20	-10,22	-10,23	-10,19	-10,04	-9,86	-9,74	-9,61	-9,47	-9,51	0
29/12/2020 04:25:00	-9,36	-9,98	-10,20	-10,22	-10,14	-10,09	-9,99	-9,85	-9,63	-9,41	-9,27	-9,12	-8,98	-9,25	0
29/12/2020 04:30:00	-9,31	-9,83	-10,04	-10,03	-10,03	-10,05	-10,03	-9,97	-9,79	-9,62	-9,49	-9,36	-9,23	-9,27	0
29/12/2020 04:35:00	-9,33	-9,85	-10,01	-9,97	-9,90	-9,84	-9,76	-9,63	-9,43	-9,23	-9,09	-8,95	-8,80	-9,35	0
29/12/2020 04:40:00	-9,33	-9,79	-9,87	-9,83	-9,71	-9,71	-9,65	-9,56	-9,39	-9,21	-9,10	-8,99	-8,87	-9,38	0
29/12/2020 04:45:00	-9,37	-9,61	-9,58	-9,59	-9,59	-9,74	-9,85	-9,90	-9,81	-9,69	-9,61	-9,51	-9,40	-9,36	0
29/12/2020 04:50:00	-9,27	-9,61	-9,60	-9,48	-9,41	-9,54	-9,67	-9,75	-9,68	-9,58	-9,54	-9,48	-9,43	-9,16	0
29/12/2020 04:55:00	-9,03	-9,34	-9,50	-9,62	-9,68	-9,77	-9,77	-9,69	-9,52	-9,33	-9,18	-9,00	-8,83	-9,05	0
29/12/2020 05:00:00	-8,88	-9,22	-9,43	-9,50	-9,54	-9,61	-9,64	-9,58	-9,39	-9,20	-9,06	-8,90	-8,75	-8,94	0
29/12/2020 05:05:00	-8,74	-9,21	-9,42	-9,50	-9,58	-9,57	-9,51	-9,40	-9,22	-9,04	-8,90	-8,74	-8,58	-8,63	0
29/12/2020 05:10:00	-8,56	-9,04	-9,20	-9,15	-9,16	-9,19	-9,19	-9,16	-9,04	-8,91	-8,84	-8,75	-8,67	-8,57	0
29/12/2020 05:15:00	-8,53	-8,88	-9,12	-9,15	-9,22	-9,28	-9,27	-9,19	-9,01	-8,82	-8,69	-8,54	-8,38	-8,54	0
29/12/2020 05:20:00	-8,53	-8,85	-8,99	-9,12	-9,21	-9,26	-9,22	-9,13	-8,95	-8,77	-8,62	-8,44	-8,26	-8,48	0
29/12/2020 05:25:00	-8,53	-8,68	-8,79	-8,91	-9,01	-9,11	-9,15	-9,11	-8,96	-8,80	-8,67	-8,52	-8,36	-8,49	0
29/12/2020 05:30:00	-8,40	-8,69	-8,91	-9,05	-9,15	-9,21	-9,19	-9,08	-8,87	-8,67	-8,50	-8,31	-8,11	-8,48	0
29/12/2020 05:35:00	-8,36	-8,70	-8,89	-9,00	-9,03	-9,08	-9,04	-8,92	-8,71	-8,52	-8,36	-8,19	-8,02	-8,42	0
29/12/2020 05:40:00	-8,45	-8,79	-9,03	-9,10	-9,23	-9,22	-9,12	-8,98	-8,79	-8,60	-8,45	-8,28	-8,10	-8,43	0
29/12/2020 05:45:00	-8,42	-8,68	-8,84	-8,94	-9,03	-9,14	-9,20	-9,18	-9,03	-8,88	-8,77	-8,65	-8,52	-8,44	0
29/12/2020 05:50:00	-8,44	-8,76	-8,87	-8,94	-9,01	-9,12	-9,19	-9,18	-9,05	-8,90	-8,79	-8,65	-8,51	-8,41	0
29/12/2020 05:55:00	-8,36	-8,70	-8,92	-9,03	-9,05	-9,13	-9,10	-8,99	-8,78	-8,58	-8,43	-8,27	-8,11	-8,46	0
29/12/2020 06:00:00	-8,45	-8,63	-8,78	-8,78	-8,87	-9,01	-9,10	-9,10	-8,96	-8,82	-8,71	-8,59	-8,46	-8,52	0
29/12/2020 06:05:00	-8,48	-8,58	-8,89	-9,13	-9,19	-9,22	-9,12	-8,90	-8,59	-8,33	-8,12	-7,91	-7,69	-8,45	0
29/12/2020 06:10:00	-8,36	-8,56	-8,86	-8,96	-9,15	-9,22	-9,17	-9,05	-8,86	-8,67	-8,51	-8,33	-8,15	-8,23	0
29/12/2020 06:15:00	-8,21	-8,43	-8,58	-8,72	-8,83	-8,96	-9,01	-8,97	-8,82	-8,66	-8,54	-8,38	-8,23	-8,18	0
29/12/2020 06:20:00	-8,13	-8,43	-8,63	-8,68	-8,78	-8,90	-8,98	-8,96	-8,81	-8,66	-8,54	-8,41	-8,28	-8,20	0
29/12/2020 06:25:00	-8,16	-8,35	-8,59	-8,76	-8,89	-9,02	-9,07	-9,00	-8,81	-8,62	-8,48	-8,31	-8,14	-8,23	0
29/12/2020 06:30:00	-8,08	-8,35	-8,53	-8,75	-8,87	-8,97	-8,96	-8,86	-8,68	-8,50	-8,35	-8,17	-7,99	-8,04	0
29/12/2020 06:35:00	-8,00	-8,21	-8,42	-8,57	-8,74	-8,92	-9,04	-9,04	-8,90	-8,74	-8,62	-8,47	-8,32	-7,94	0
29/12/2020 06:40:00	-7,96	-8,14	-8,37	-8,63	-8,84	-9,06	-9,20	-9,19	-9,05	-8,88	-8,74	-8,56	-8,38	-7,98	0
29/12/2020 06:45:00	-7,95	-8,15	-8,37	-8,57	-8,79	-8,99	-9,11	-9,11	-8,97	-8,82	-8,69	-8,52	-8,35	-7,94	0
29/12/2020 06:50:00	-7,88	-8,03	-8,27	-8,53	-8,70	-8,85	-8,86	-8,77	-8,57	-8,38	-8,22	-8,02	-7,82	-7,84	0
29/12/2020 06:55:00	-7,95	-8,02	-8,23	-8,44	-8,73	-8,98	-9,10	-9,12	-9,02	-8,88	-8,76	-8,59	-8,43	-7,99	0
29/12/2020 07:00:00	-7,91	-8,07	-8,36	-8,71	-8,94	-9,09	-9,10	-8,98	-8,77	-8,55	-8,37	-8,14	-7,90	-7,96	0
29/12/2020 07:05:00	-7,89	-7,91	-8,16	-8,47	-8,73	-8,96	-9,11	-9,10	-8,93	-8,75	-8,61	-8,42	-8,23	-7,79	0
29/12/2020 07:10:00	-7,76	-7,98	-8,20	-8,47	-8,67	-8,85	-8,94	-8,91	-8,75	-8,57	-8,43	-8,25	-8,07	-7,76	0
29/12/2020 07:15:00	-7,72	-7,85	-8,11	-8,42	-8,68	-8,87	-8,93	-8,87	-8,70	-8,52	-8,36	-8,16	-7,96	-7,70	0
29/12/2020 07:20:00	-7,47	-7,77	-7,97	-8,24	-8,40	-8,56	-8,66	-8,63	-8,47	-8,30	-8,16	-7,97	-7,79	-7,53	0
29/12/2020 07:25:00	-7,50	-7,68	-7,95	-8,18	-8,39	-8,61	-8,76	-8,78	-8,64	-8,50	-8,39	-8,26	-8,13	-7,43	0
29/12/2020 07:30:00	-7,42	-7,62	-7,94	-8,23	-8,44	-8,63	-8,74	-8,69	-8,49	-8,30	-8,15	-7,97	-7,79	-7,42	0
29/12/2020 07:35:00	-7,40	-7,51	-7,85	-8,16	-8,47	-8,68	-8,76	-8,70	-8,51	-8,32	-8,14	-7,92	-7,70	-7,39	0
29/12/2020 07:40:00	-7,31	-7,46	-7,78	-8,09	-8,34	-8,52	-8,60	-8,54	-8,34	-8,15	-7,99	-7,80	-7,61	-7,26	0
29/12/2020 07:45:00	-7,25	-7,54	-7,79	-8,00	-8,25	-8,43	-8,53	-8,55	-8,45	-8,33	-8,25	-8,13	-8,01	-7,30	0
29/12/2020 07:50:00	-7,31	-7,51	-7,86	-8,15	-8,42	-8,62	-8,71	-8,67	-8,51	-8,34	-8,21	-8,05	-7,89	-7,30	0
29/12/2020 07:55:00	-7,30	-7,47	-7,81	-8,11	-8,40	-8,65	-8,76	-8,74	-8,59	-8,42	-8,29	-8,11	-7,93	-7,28	0
29/12/2020 08:00:00	-7,28	-7,57	-7,89	-8,21	-8,42	-8,52	-8,48	-8,33	-8,11	-7,90	-7,71	-7,48	-7,25	-7,29	0
29/12/2020 08:05:00	-7,29	-7,43	-7,77	-8,18	-8,50	-8,63	-8,61	-8,46	-8,23	-8,01	-7,80	-7,54	-7,28	-7,24	0
29/12/2020 08:10:00	-7,24	-7,39	-7,74	-8,21	-8,49	-8,58	-8,54	-8,33	-8,05	-7,77	-7,52	-7,22	-6,92	-7,22	0
29/12/2020 08:15:00	-7,15	-7,34	-7,59	-7,92	-8,10	-8,31	-8,40	-8,35	-8,17	-7,99	-7,85	-7,66	-7,48	-7,17	0
29/12/2020 08:20:00	-7,09	-7,30	-7,56	-7,88	-8,14	-8,34	-8,44	-8,43	-8,29	-8,14	-8,01	-7,85	-7,68	-7,14	0
29/12/2020 08:25:00	-7,08	-7,32	-7,53	-7,81	-8,06	-8,25	-8,36	-8,37	-8,25	-8,12	-8,01	-7,86	-7,71	-7,03	0
29/12/2020 08:30:00	-7,07	-7,23	-7,55	-7,91	-8,22	-8,39	-8,48	-8,40	-8,20	-7,99	-7,80	-7,56	-7,32	-7,02	0
29/12/2020 08:35:00	-6,99	-7,23	-7,58	-7,88	-8,07	-8,22	-8,27	-8,18	-7,96	-7,76	-7,61	-7,42	-7,23	-6,99	0
29/12/2020 08:40:00	-6,99	-7,23	-7,55	-7,83	-8,01	-8,19	-8,27	-8,21	-8,01	-7,83	-7,68	-7,50	-7,32	-7,08	0
29/12/2020 08:45:00	-6,93	-7,12	-7,41	-7,75	-8,01	-8,24	-8,44	-8,45	-8,28	-8,11	-7,96	-7,78	-7,60	-6,95	0
29/12/2020 08:50:00	-6,97	-7,24	-7,44	-7,71	-7,95	-8,13	-8,22	-8,21	-8,10	-7,97	-7,85	-7,70	-7,54	-6,98	0
29/12/2020 08:55:00	-6,96	-7,15	-7,45	-7,85	-8,16	-8,27	-8,28	-8,16	-7,96	-7,75	-7,57	-7,33	-7,09	-6,91	0
29/12/2020 09:00:00	-6,86	-7,16	-7,49	-7,67	-7,90	-8,13	-8,27	-8,29	-8,17	-8,05	-7,96	-7,84	-7,73	-6,86	0
29/12/2020 09:05:00	-6,84	-7,13	-7,49	-7,81	-8,05	-8,25	-8,30	-8,21	-8,02	-7,84	-7,68	-7,48	-7,29	-6,85	0
29/12/2020 09:10:00	-6,87	-7,04	-7,43	-7,94	-8,27	-8,43	-8,42	-8,26	-8,01	-7,76	-7,54	-7,25	-6,97	-6,84	0
29/12/2020 09:15:00	-6,83	-7,22	-7,63	-8,03	-8,30	-8,39	-8,34	-8,16	-7,91	-7,68	-7,47	-7,21	-6,96	-6,95	0
29/12/2020 09:20:00	-6,81	-7,05	-7,45	-7,80	-8,14	-8,33	-8,37	-8,28	-8,11	-7,93	-7,78	-7,58	-7,38	-6,86	0
29/12/2020 09:25:00	-6,87	-7,13	-7,52	-7,93	-8,25	-8,49	-8,62	-8,59	-8,41	-8,24	-8,08	-7,89	-7,70	-6,79	0
29/12/2020 09:30:00	-6,77	-7,07	-7,40	-7,83	-8,20	-8,46	-8,59	-8,59	-8,46	-8,31	-8,17	-7,97	-7,77	-6,79	0
29/12/2020 09:35:00	-6,77	-7,04	-7,49	-7,88	-8,20	-8,42	-8,53	-8,48	-8,30	-8,13	-7,99	-7,82	-7,65	-6,76	0
29/12/2020 09:40:00	-6,76	-7,09	-7,54	-7,92	-8,26	-8,49	-8,57	-8,50	-8,33	-8,14	-7,98	-7,78	-7,58	-6,76	0
29/12/2020 09:45:00	-6,66	-6,94	-7,42	-7,86	-8,23	-8,49	-8,62	-8,57	-8,39	-8,20	-8,03	-7,82	-7,61	-6,68	0
29/12/2020 09:50:00	-6,67	-6,92	-7,39	-8,00	-8,46	-8,76	-8,87	-8,80	-8,61	-8,39	-8,19	-7,92	-7,65	-6,71	0
29/12/2020 09:55:00	-6,69	-7,02	-7,52	-8,03	-8,39	-8,60	-8,66	-8,55	-8,34	-8,12	-7,93	-7,69	-7,46	-6,70	0
29/12/2020 10:00:00	-6,72	-6,99	-7,49	-8,03	-8,42	-8,64	-8,69	-8,58	-8,35	-8,12	-7,92	-7,68	-7,43	-6,67	0
29/12/2020 10:05:00	-6,67	-7,11	-7,55	-8,03	-8,40	-8,53	-8,53	-8,40	-8,18	-7,97	-7,77	-7,52	-7,26	-6,70	0
29/12/2020 10:10:00	-6,62	-7,07	-7,54	-7,96	-8,26	-8,41	-8,40	-8,27	-8,05	-7,84	-7,65	-7,42	-7,20	-6,63	0
29/12/2020 10:15:00	-6,59	-7,05	-7,56	-7,93	-8,24	-8,41	-8,44	-8,34	-8,14	-7,95	-7,79	-7,60	-7,40	-6,59	0
29/12/2020 10:20:00	-6,53	-7,05	-7,47	-7,84	-8,17	-8,38	-8,50	-8,49	-8,34	-8,19	-8,05	-7,87	-7,69	-6,58	0
29/12/2020 10:25:00	-6,55	-7,03	-7,46	-7,87	-8,19	-8,34	-8,37	-8,29	-8,10	-7,92	-7,76	-7,56	-7,36	-6,54	0
29/12/2020 10:30:00	-6,52	-6,96	-7,42	-7,89	-8,23	-8,38	-8,40	-8,29	-8,08	-7,87	-7,69	-7,45	-7,22	-6,48	0
29/12/2020 10:35:00	-6,52	-6,89	-7,36	-7,84	-8,10	-8,22	-8,20	-8,04	-7,78	-7,55	-7,35	-7,11	-6,87	-6,52	0
29/12/2020 10:40:00	-6,41	-6,84	-7,35	-7,82	-8,13	-8,25	-8,19	-8,02	-7,77	-7,54	-7,34	-7,10	-6,86	-6,41	0
29/12/2020 10:45:00	-6,39	-6,76	-7,34	-7,89	-8,19	-8,36	-8,34	-8,14	-7,85	-7,58	-7,36	-7,09	-6,83	-6,39	0
29/12/2020 10:50:00	-6,35	-6,74	-7,28	-7,78	-8,11	-8,20	-8,12	-7,90	-7,61	-7,35	-7,12	-6,84	-6,57	-6,36	0
29/12/2020 10:55:00	-6,30	-6,71	-7,27	-7,76	-8,04	-8,24	-8,28	-8,13	-7,87	-7,64	-7,44	-7,21	-6,98	-6,30	0
29/12/2020 11:00:00	-6,22	-6,62	-7,17	-7,79	-8,23	-8,37	-8,30	-8,10	-7,83	-7,58	-7,34	-7,04	-6,75	-6,21	0
29/12/2020 11:05:00	-6,17	-6,63	-7,13	-7,56	-7,89	-8,09	-8,15	-8,06	-7,87	-7,68	-7,51	-7,31	-7,10	-6,22	0
29/12/2020 11:10:00	-6,13	-6,54	-7,12	-7,65	-8,02	-8,25	-8,28	-8,14	-7,90	-7,67	-7,47	-7,23	-6,98	-6,11	0
29/12/2020 11:15:00	-6,10	-6,46	-7,00	-7,58	-8,01	-8,22	-8,23	-8,10	-7,89	-7,68	-7,48	-7,24	-6,99	-6,09	0
29/12/2020 11:20:00	-5,99	-6,40	-6,96	-7,55	-7,97	-8,13	-8,09	-7,92	-7,69	-7,46	-7,26	-7,00	-6,75	-6,06	0
29/12/2020 11:25:00	-5,92	-6,34	-6,92	-7,51	-7,95	-8,09	-8,02	-7,81	-7,55	-7,30	-7,06	-6,77	-6,47	-5,98	0
29/12/2020 11:30:00	-5,95	-6,37	-6,85	-7,43	-7,83	-8,02	-8,01	-7,88	-7,67	-7,46	-7,27	-7,02	-6,77	-5,92	0
29/12/2020 11:35:00	-5,87	-6,29	-6,93	-7,45	-7,76	-7,90	-7,86	-7,65	-7,34	-7,08	-6,85	-6,59	-6,33	-5,87	0
29/12/2020 11:40:00	-5,76	-6,20	-6,74	-7,29	-7,72	-7,93	-7,94	-7,82	-7,62	-7,42	-7,23	-7,00	-6,76	-5,82	0
29/12/2020 11:45:00	-5,73	-6,14	-6,70	-7,14	-7,45	-7,62	-7,65	-7,53	-7,29	-7,08	-6,91	-6,71	-6,51	-5,76	0
29/12/2020 11:50:00	-5,68	-6,10	-6,67	-7,25	-7,62	-7,74	-7,69	-7,48	-7,20	-6,95	-6,72	-6,45	-6,18	-5,71	0
29/12/2020 11:55:00	-5,64	-6,05	-6,60	-7,09	-7,56	-7,76	-7,78	-7,67	-7,48	-7,29	-7,11	-6,87	-6,64	-5,62	0
29/12/2020 12:00:00	-5,64	-6,03	-6,62	-7,18	-7,52	-7,68	-7,66	-7,47	-7,21	-6,97	-6,77	-6,53	-6,29	-5,59	0
29/12/2020 12:05:00	-5,54	-5,95	-6,57	-7,18	-7,55	-7,70	-7,65	-7,44	-7,15	-6,91	-6,69	-6,43	-6,17	-5,29	0
29/12/2020 12:10:00	-5,44	-5,82	-6,44	-7,12	-7,46	-7,55	-7,42	-7,11	-6,76	-6,46	-6,18	-5,86	-5,53	-5,45	0
29/12/2020 12:15:00	-5,35	-5,84	-6,43	-6,87	-7,21	-7,35	-7,36	-7,21	-6,96	-6,75	-6,57	-6,36	-6,15	-5,33	0
29/12/2020 12:20:00	-5,36	-5,77	-6,31	-6,77	-7,17	-7,39	-7,40	-7,30	-7,12	-6,95	-6,80	-6,60	-6,41	-5,37	0
29/12/2020 12:25:00	-5,31	-5,72	-6,31	-6,83	-7,15	-7,27	-7,23	-7,02	-6,74	-6,50	-6,29	-6,04	-5,80	-5,31	0
29/12/2020 12:30:00	-5,31	-5,70	-6,31	-6,92	-7,35	-7,42	-7,26	-6,97	-6,65	-6,38	-6,11	-5,80	-5,48	-5,33	0
29/12/2020 12:35:00	-5,30	-5,66	-6,15	-6,75	-7,17	-7,41	-7,44	-7,33	-7,14	-6,96	-6,78	-6,55	-6,32	-5,27	0
29/12/2020 12:40:00	-5,24	-5,56	-6,07	-6,77	-7,26	-7,53	-7,61	-7,51	-7,31	-7,10	-6,89	-6,61	-6,34	-5,23	0
29/12/2020 12:45:00	-5,22	-5,59	-6,27	-6,79	-7,19	-7,36	-7,35	-7,16	-6,89	-6,65	-6,45	-6,22	-5,99	-5,18	0
29/12/2020 12:50:00	-5,19	-5,63	-6,19	-6,68	-7,12	-7,34	-7,38	-7,28	-7,09	-6,91	-6,74	-6,52	-6,31	-5,19	0
29/12/2020 12:55:00	-5,12	-5,52	-6,05	-6,68	-7,11	-7,23	-7,15	-6,93	-6,67	-6,43	-6,20	-5,91	-5,62	-5,13	0
29/12/2020 13:00:00	-5,02	-5,59	-6,11	-6,57	-6,89	-7,09	-7,10	-7,00	-6,81	-6,64	-6,48	-6,28	-6,09	-5,08	0
29/12/2020 13:05:00	-5,08	-5,46	-6,02	-6,54	-6,89	-7,04	-7,00	-6,80	-6,55	-6,32	-6,12	-5,87	-5,62	-5,08	0
29/12/2020 13:10:00	-5,04	-5,49	-6,07	-6,51	-6,71	-6,85	-6,90	-6,75	-6,48	-6,26	-6,09	-5,91	-5,72	-5,05	0
29/12/2020 13:15:00	-5,03	-5,39	-6,02	-6,68	-7,10	-7,13	-6,94	-6,59	-6,24	-5,94	-5,66	-5,32	-4,98	-5,06	0
29/12/2020 13:20:00	-5,06	-5,35	-5,95	-6,62	-7,10	-7,28	-7,16	-6,91	-6,66	-6,42	-6,20	-5,91	-5,62	-5,11	0
29/12/2020 13:25:00	-5,05	-5,45	-6,00	-6,50	-6,83	-7,03	-7,08	-6,96	-6,72	-6,51	-6,33	-6,10	-5,88	-5,09	0
29/12/2020 13:30:00	-5,01	-5,43	-5,99	-6,54	-6,84	-7,04	-7,05	-6,89	-6,63	-6,41	-6,20	-5,96	-5,72	-5,06	0
29/12/2020 13:35:00	-5,02	-5,39	-5,82	-6,38	-6,78	-7,02	-7,07	-6,99	-6,83	-6,66	-6,51	-6,29	-6,08	-5,03	0
29/12/2020 13:40:00	-5,03	-5,40	-5,89	-6,45	-6,81	-7,04	-7,08	-6,97	-6,76	-6,58	-6,40	-6,18	-5,97	-4,99	0
29/12/2020 13:45:00	-5,04	-5,39	-5,95	-6,54	-6,92	-7,11	-7,08	-6,89	-6,65	-6,43	-6,23	-5,99	-5,74	-5,04	0
29/12/2020 13:50:00	-4,95	-5,32	-5,91	-6,45	-6,86	-7,05	-7,03	-6,86	-6,63	-6,43	-6,25	-6,02	-5,80	-4,95	0
29/12/2020 13:55:00	-4,89	-5,27	-5,81	-6,44	-6,86	-7,12	-7,25	-7,17	-6,96	-6,76	-6,57	-6,32	-6,08	-4,86	0
29/12/2020 14:00:00	-4,98	-5,26	-5,80	-6,33	-6,74	-7,07	-7,26	-7,25	-7,08	-6,93	-6,79	-6,62	-6,44	-4,94	0
29/12/2020 14:05:00	-4,80	-5,17	-5,75	-6,34	-6,81	-7,10	-7,20	-7,12	-6,93	-6,75	-6,58	-6,35	-6,12	-4,90	0
29/12/2020 14:10:00	-4,86	-5,25	-5,86	-6,49	-6,88	-7,10	-7,14	-6,99	-6,73	-6,50	-6,30	-6,05	-5,81	-4,80	0
29/12/2020 14:15:00	-4,81	-5,23	-5,72	-6,29	-6,64	-6,92	-7,07	-7,04	-6,87	-6,71	-6,57	-6,39	-6,20	-4,76	0
29/12/2020 14:20:00	-4,84	-5,22	-5,84	-6,50	-6,98	-7,23	-7,28	-7,15	-6,91	-6,70	-6,49	-6,22	-5,96	-4,85	0
29/12/2020 14:25:00	-4,90	-5,27	-5,80	-6,40	-6,81	-7,05	-7,15	-7,08	-6,88	-6,70	-6,54	-6,33	-6,12	-4,89	0
29/12/2020 14:30:00	-4,91	-5,27	-5,77	-6,37	-6,81	-7,14	-7,29	-7,27	-7,12	-6,96	-6,81	-6,60	-6,40	-4,85	0
29/12/2020 14:35:00	-4,86	-5,28	-5,84	-6,42	-6,91	-7,16	-7,22	-7,12	-6,93	-6,74	-6,55	-6,30	-6,05	-4,88	0
29/12/2020 14:40:00	-4,90	-5,23	-5,83	-6,49	-6,98	-7,19	-7,19	-7,01	-6,74	-6,50	-6,26	-5,95	-5,65	-4,89	0
29/12/2020 14:45:00	-4,89	-5,27	-5,78	-6,33	-6,73	-6,93	-7,01	-6,91	-6,71	-6,51	-6,34	-6,11	-5,88	-4,81	0
29/12/2020 14:50:00	-4,83	-5,22	-5,77	-6,37	-6,89	-7,15	-7,19	-7,07	-6,89	-6,70	-6,51	-6,25	-5,99	-4,83	0
29/12/2020 14:55:00	-4,76	-5,15	-5,68	-6,34	-6,84	-7,13	-7,23	-7,17	-7,00	-6,83	-6,66	-6,43	-6,20	-4,83	0
29/12/2020 15:00:00	-4,83	-5,16	-5,72	-6,36	-6,91	-7,15	-7,14	-7,00	-6,80	-6,60	-6,40	-6,13	-5,86	-4,83	0
29/12/2020 15:05:00	-4,85	-5,18	-5,78	-6,45	-6,95	-7,16	-7,13	-6,95	-6,71	-6,49	-6,28	-6,00	-5,73	-4,84	0
29/12/2020 15:10:00	-4,87	-5,19	-5,68	-6,32	-6,78	-7,08	-7,22	-7,16	-6,98	-6,79	-6,61	-6,36	-6,11	-4,89	0
29/12/2020 15:15:00	-4,89	-5,31	-5,91	-6,40	-6,79	-6,97	-6,94	-6,77	-6,54	-6,33	-6,14	-5,92	-5,69	-4,88	0
29/12/2020 15:20:00	-4,92	-5,33	-5,82	-6,34	-6,71	-6,94	-6,99	-6,90	-6,72	-6,56	-6,41	-6,22	-6,02	-4,92	0
29/12/2020 15:25:00	-4,92	-5,33	-5,89	-6,56	-6,99	-7,21	-7,24	-7,09	-6,85	-6,62	-6,41	-6,13	-5,86	-4,94	0
29/12/2020 15:30:00	-4,93	-5,30	-5,86	-6,52	-6,98	-7,16	-7,14	-6,94	-6,68	-6,43	-6,19	-5,89	-5,59	-4,94	0
29/12/2020 15:35:00	-4,89	-5,37	-5,96	-6,48	-6,86	-7,02	-7,03	-6,88	-6,64	-6,42	-6,23	-6,00	-5,77	-4,91	0
29/12/2020 15:40:00	-4,96	-5,34	-5,88	-6,43	-6,87	-7,06	-7,04	-6,91	-6,71	-6,52	-6,35	-6,13	-5,90	-4,93	0
29/12/2020 15:45:00	-4,99	-5,39	-5,98	-6,62	-7,08	-7,23	-7,20	-6,99	-6,71	-6,46	-6,21	-5,91	-5,60	-5,04	0
29/12/2020 15:50:00	-5,05	-5,43	-6,03	-6,73	-7,25	-7,42	-7,39	-7,18	-6,90	-6,63	-6,37	-6,04	-5,70	-5,11	0
29/12/2020 15:55:00	-5,13	-5,47	-6,05	-6,75	-7,17	-7,37	-7,43	-7,26	-6,97	-6,71	-6,47	-6,17	-5,88	-5,08	0
29/12/2020 16:00:00	-5,06	-5,49	-6,05	-6,64	-7,04	-7,25	-7,31	-7,18	-6,95	-6,74	-6,55	-6,30	-6,06	-5,13	0
29/12/2020 16:05:00	-5,13	-5,48	-6,07	-6,69	-7,13	-7,35	-7,38	-7,23	-6,98	-6,75	-6,53	-6,25	-5,98	-5,13	0
29/12/2020 16:10:00	-5,11	-5,54	-5,97	-6,52	-7,02	-7,30	-7,41	-7,39	-7,27	-7,13	-6,98	-6,75	-6,53	-5,17	0
29/12/2020 16:15:00	-5,19	-5,55	-6,05	-6,67	-7,16	-7,43	-7,50	-7,41	-7,23	-7,05	-6,86	-6,61	-6,35	-5,19	0
29/12/2020 16:20:00	-5,25	-5,62	-6,05	-6,56	-7,02	-7,33	-7,52	-7,55	-7,44	-7,30	-7,17	-6,98	-6,79	-5,20	0
29/12/2020 16:25:00	-5,24	-5,60	-6,11	-6,68	-7,10	-7,41	-7,56	-7,54	-7,38	-7,22	-7,07	-6,87	-6,67	-5,23	0
29/12/2020 16:30:00	-5,21	-5,57	-6,07	-6,64	-7,10	-7,43	-7,63	-7,63	-7,47	-7,30	-7,14	-6,92	-6,69	-5,19	0
29/12/2020 16:35:00	-5,20	-5,58	-6,12	-6,66	-7,11	-7,37	-7,45	-7,36	-7,18	-7,00	-6,83	-6,60	-6,37	-5,23	0
29/12/2020 16:40:00	-5,28	-5,59	-6,12	-6,71	-7,19	-7,52	-7,67	-7,66	-7,51	-7,35	-7,20	-7,00	-6,80	-5,21	0
29/12/2020 16:45:00	-5,22	-5,56	-6,04	-6,54	-7,08	-7,50	-7,78	-7,89	-7,83	-7,74	-7,64	-7,48	-7,33	-5,25	0
29/12/2020 16:50:00	-5,27	-5,69	-6,15	-6,72	-7,14	-7,41	-7,50	-7,44	-7,27	-7,10	-6,93	-6,69	-6,46	-5,26	0
29/12/2020 16:55:00	-5,32	-5,63	-6,16	-6,84	-7,34	-7,61	-7,71	-7,63	-7,42	-7,21	-7,01	-6,74	-6,48	-5,31	0
29/12/2020 17:00:00	-5,37	-5,64	-6,16	-6,85	-7,38	-7,67	-7,80	-7,73	-7,55	-7,35	-7,16	-6,90	-6,64	-5,32	0
29/12/2020 17:05:00	-5,36	-5,66	-6,18	-6,81	-7,29	-7,56	-7,63	-7,54	-7,35	-7,16	-6,98	-6,74	-6,50	-5,33	0
29/12/2020 17:10:00	-5,36	-5,78	-6,29	-6,85	-7,25	-7,52	-7,60	-7,53	-7,35	-7,18	-7,02	-6,80	-6,59	-5,33	0
29/12/2020 17:15:00	-5,31	-5,77	-6,27	-6,85	-7,31	-7,54	-7,57	-7,47	-7,30	-7,12	-6,94	-6,70	-6,46	-5,40	0
29/12/2020 17:20:00	-5,38	-5,71	-6,24	-6,84	-7,34	-7,58	-7,63	-7,52	-7,32	-7,11	-6,92	-6,66	-6,39	-5,37	0
29/12/2020 17:25:00	-5,32	-5,73	-6,25	-6,86	-7,31	-7,49	-7,51	-7,36	-7,14	-6,92	-6,71	-6,44	-6,17	-5,33	0
29/12/2020 17:30:00	-5,34	-5,74	-6,21	-6,76	-7,19	-7,45	-7,58	-7,54	-7,38	-7,21	-7,05	-6,83	-6,62	-5,33	0
29/12/2020 17:35:00	-5,31	-5,68	-6,20	-6,79	-7,31	-7,64	-7,78	-7,76	-7,63	-7,47	-7,31	-7,09	-6,86	-5,34	0
29/12/2020 17:40:00	-5,37	-5,71	-6,22	-6,80	-7,34	-7,64	-7,78	-7,76	-7,61	-7,45	-7,28	-7,05	-6,81	-5,34	0
29/12/2020 17:45:00	-5,40	-5,88	-6,36	-6,76	-7,16	-7,41	-7,54	-7,53	-7,41	-7,28	-7,17	-7,01	-6,86	-5,39	0
29/12/2020 17:50:00	-5,44	-5,81	-6,31	-6,85	-7,24	-7,51	-7,63	-7,57	-7,39	-7,21	-7,05	-6,84	-6,64	-5,40	0
29/12/2020 17:55:00	-5,37	-5,79	-6,29	-6,85	-7,23	-7,45	-7,52	-7,42	-7,22	-7,03	-6,86	-6,63	-6,41	-5,41	0
29/12/2020 18:00:00	-5,43	-5,80	-6,27	-6,75	-7,10	-7,40	-7,58	-7,59	-7,45	-7,31	-7,20	-7,04	-6,89	-5,39	0
29/12/2020 18:05:00	-5,46	-5,78	-6,29	-6,96	-7,42	-7,67	-7,72	-7,60	-7,39	-7,18	-6,97	-6,70	-6,43	-5,45	0
29/12/2020 18:10:00	-5,42	-5,80	-6,34	-6,97	-7,47	-7,78	-7,92	-7,88	-7,70	-7,51	-7,32	-7,06	-6,81	-5,46	0
29/12/2020 18:15:00	-5,48	-5,88	-6,35	-6,93	-7,37	-7,71	-7,89	-7,89	-7,76	-7,60	-7,45	-7,24	-7,03	-5,48	0
29/12/2020 18:20:00	-5,38	-5,87	-6,36	-6,85	-7,34	-7,70	-7,88	-7,93	-7,86	-7,75	-7,64	-7,47	-7,31	-5,42	0
29/12/2020 18:25:00	-5,43	-5,88	-6,31	-6,85	-7,21	-7,53	-7,68	-7,68	-7,55	-7,41	-7,27	-7,09	-6,90	-5,45	0
29/12/2020 18:30:00	-5,47	-5,80	-6,32	-6,92	-7,38	-7,66	-7,75	-7,67	-7,48	-7,29	-7,10	-6,85	-6,60	-5,46	0
29/12/2020 18:35:00	-5,49	-5,86	-6,41	-6,97	-7,49	-7,78	-7,84	-7,76	-7,60	-7,42	-7,24	-6,99	-6,75	-5,51	0
29/12/2020 18:40:00	-5,47	-5,93	-6,42	-7,00	-7,46	-7,69	-7,78	-7,71	-7,54	-7,35	-7,18	-6,94	-6,71	-5,49	0
29/12/2020 18:45:00	-5,50	-5,88	-6,44	-7,06	-7,51	-7,77	-7,89	-7,80	-7,59	-7,38	-7,18	-6,92	-6,67	-5,50	0
29/12/2020 18:50:00	-5,46	-5,86	-6,36	-6,97	-7,36	-7,68	-7,84	-7,81	-7,64	-7,47	-7,31	-7,11	-6,91	-5,47	0
29/12/2020 18:55:00	-5,48	-5,90	-6,43	-6,96	-7,41	-7,71	-7,80	-7,75	-7,59	-7,42	-7,27	-7,05	-6,84	-5,50	0
29/12/2020 19:00:00	-5,49	-5,86	-6,39	-6,95	-7,37	-7,63	-7,68	-7,59	-7,39	-7,20	-7,03	-6,80	-6,57	-5,44	0
29/12/2020 19:05:00	-5,48	-5,88	-6,32	-6,78	-7,20	-7,55	-7,76	-7,81	-7,73	-7,62	-7,52	-7,37	-7,23	-5,46	0
29/12/2020 19:10:00	-5,45	-5,83	-6,34	-6,85	-7,31	-7,62	-7,80	-7,79	-7,65	-7,49	-7,34	-7,14	-6,94	-5,46	0
29/12/2020 19:15:00	-5,47	-5,82	-6,31	-6,85	-7,29	-7,63	-7,81	-7,82	-7,69	-7,56	-7,43	-7,26	-7,09	-5,45	0
29/12/2020 19:20:00	-5,43	-5,78	-6,25	-6,83	-7,27	-7,63	-7,81	-7,82	-7,69	-7,54	-7,40	-7,21	-7,01	-5,44	0
29/12/2020 19:25:00	-5,38	-5,78	-6,33	-6,89	-7,33	-7,60	-7,73	-7,67	-7,48	-7,28	-7,11	-6,88	-6,65	-5,40	0
29/12/2020 19:30:00	-5,43	-5,80	-6,25	-6,75	-7,18	-7,50	-7,65	-7,66	-7,54	-7,41	-7,29	-7,11	-6,93	-5,38	0
29/12/2020 19:35:00	-5,39	-5,72	-6,23	-6,81	-7,26	-7,54	-7,65	-7,57	-7,38	-7,19	-7,01	-6,76	-6,52	-5,35	0
29/12/2020 19:40:00	-5,35	-5,73	-6,25	-6,73	-7,09	-7,34	-7,44	-7,37	-7,18	-7,00	-6,84	-6,64	-6,44	-5,38	0
29/12/2020 19:45:00	-5,34	-5,79	-6,37	-6,77	-7,10	-7,30	-7,35	-7,23	-7,02	-6,83	-6,66	-6,46	-6,26	-5,39	0
29/12/2020 19:50:00	-5,35	-5,68	-6,23	-6,83	-7,23	-7,42	-7,42	-7,24	-6,98	-6,74	-6,51	-6,22	-5,94	-5,36	0
29/12/2020 19:55:00	-5,31	-5,70	-6,17	-6,73	-7,16	-7,40	-7,49	-7,41	-7,23	-7,04	-6,85	-6,61	-6,37	-5,34	0
29/12/2020 20:00:00	-5,28	-5,67	-6,13	-6,66	-7,06	-7,39	-7,59	-7,60	-7,45	-7,30	-7,15	-6,95	-6,75	-5,30	0
29/12/2020 20:05:00	-5,30	-5,72	-6,23	-6,69	-6,99	-7,26	-7,39	-7,35	-7,17	-7,01	-6,87	-6,70	-6,53	-5,30	0
29/12/2020 20:10:00	-5,26	-5,65	-6,17	-6,73	-7,16	-7,45	-7,57	-7,50	-7,32	-7,13	-6,95	-6,71	-6,48	-5,30	0
29/12/2020 20:15:00	-5,29	-5,63	-6,15	-6,71	-7,20	-7,46	-7,53	-7,45	-7,28	-7,10	-6,93	-6,71	-6,49	-5,28	0
29/12/2020 20:20:00	-5,21	-5,63	-6,16	-6,63	-7,03	-7,37	-7,56	-7,57	-7,43	-7,29	-7,16	-6,99	-6,83	-5,25	0
29/12/2020 20:25:00	-5,27	-5,66	-6,11	-6,63	-7,07	-7,39	-7,56	-7,58	-7,47	-7,35	-7,23	-7,06	-6,90	-5,26	0
29/12/2020 20:30:00	-5,21	-5,54	-6,00	-6,47	-6,99	-7,37	-7,61	-7,68	-7,61	-7,50	-7,39	-7,21	-7,04	-5,23	0
29/12/2020 20:35:00	-5,28	-5,66	-6,11	-6,63	-7,12	-7,43	-7,58	-7,59	-7,48	-7,35	-7,22	-7,03	-6,84	-5,24	0
29/12/2020 20:40:00	-5,26	-5,58	-6,11	-6,71	-7,17	-7,54	-7,76	-7,78	-7,64	-7,49	-7,35	-7,15	-6,96	-5,26	0
29/12/2020 20:45:00	-5,26	-5,67	-6,13	-6,58	-7,00	-7,32	-7,55	-7,60	-7,50	-7,38	-7,27	-7,11	-6,95	-5,24	0
29/12/2020 20:50:00	-5,29	-5,59	-6,03	-6,50	-6,92	-7,28	-7,58	-7,68	-7,57	-7,45	-7,35	-7,20	-7,04	-5,24	0
29/12/2020 20:55:00	-5,17	-5,52	-5,99	-6,54	-7,02	-7,40	-7,61	-7,65	-7,54	-7,41	-7,28	-7,10	-6,91	-5,20	0
29/12/2020 21:00:00	-5,23	-5,54	-6,09	-6,73	-7,18	-7,54	-7,74	-7,72	-7,53	-7,34	-7,15	-6,92	-6,68	-5,21	0
29/12/2020 21:05:00	-5,23	-5,58	-6,06	-6,58	-6,99	-7,34	-7,57	-7,61	-7,48	-7,34	-7,21	-7,02	-6,84	-5,21	0
29/12/2020 21:10:00	-5,19	-5,57	-6,09	-6,57	-6,99	-7,34	-7,57	-7,62	-7,49	-7,36	-7,24	-7,08	-6,92	-5,21	0
29/12/2020 21:15:00	-5,24	-5,61	-6,05	-6,61	-7,09	-7,47	-7,69	-7,75	-7,66	-7,53	-7,41	-7,22	-7,04	-5,23	0
29/12/2020 21:20:00	-5,20	-5,66	-6,10	-6,57	-6,93	-7,24	-7,42	-7,44	-7,33	-7,20	-7,09	-6,93	-6,77	-5,24	0
29/12/2020 21:25:00	-5,24	-5,68	-6,16	-6,65	-7,07	-7,35	-7,49	-7,47	-7,32	-7,17	-7,03	-6,84	-6,65	-5,26	0
29/12/2020 21:30:00	-5,25	-5,64	-6,06	-6,53	-7,00	-7,35	-7,61	-7,71	-7,65	-7,55	-7,46	-7,31	-7,16	-5,23	0
29/12/2020 21:35:00	-5,23	-5,66	-6,12	-6,63	-7,10	-7,45	-7,71	-7,79	-7,69	-7,56	-7,43	-7,25	-7,06	-5,22	0
29/12/2020 21:40:00	-5,28	-5,68	-6,16	-6,64	-7,10	-7,48	-7,76	-7,85	-7,76	-7,64	-7,53	-7,37	-7,21	-5,26	0
29/12/2020 21:45:00	-5,27	-5,67	-6,12	-6,59	-7,01	-7,36	-7,64	-7,72	-7,61	-7,49	-7,38	-7,22	-7,06	-5,26	0
29/12/2020 21:50:00	-5,31	-5,61	-6,11	-6,70	-7,19	-7,55	-7,78	-7,81	-7,68	-7,54	-7,40	-7,21	-7,02	-5,29	0
29/12/2020 21:55:00	-5,33	-5,71	-6,11	-6,54	-6,93	-7,37	-7,69	-7,84	-7,80	-7,73	-7,67	-7,56	-7,45	-5,30	0
29/12/2020 22:00:00	-5,30	-5,70	-6,23	-6,69	-7,06	-7,43	-7,70	-7,77	-7,65	-7,52	-7,43	-7,30	-7,17	-5,29	0
29/12/2020 22:05:00	-5,26	-5,58	-6,07	-6,58	-7,02	-7,43	-7,68	-7,74	-7,64	-7,52	-7,41	-7,25	-7,09	-5,31	0
29/12/2020 22:10:00	-5,27	-5,64	-6,10	-6,67	-7,14	-7,54	-7,81	-7,89	-7,80	-7,68	-7,56	-7,38	-7,20	-5,31	0
29/12/2020 22:15:00	-5,31	-5,70	-6,14	-6,69	-7,19	-7,51	-7,63	-7,63	-7,53	-7,41	-7,27	-7,08	-6,88	-5,28	0
29/12/2020 22:20:00	-5,30	-5,59	-6,10	-6,73	-7,23	-7,59	-7,77	-7,77	-7,62	-7,46	-7,30	-7,09	-6,87	-5,29	0
29/12/2020 22:25:00	-5,33	-5,71	-6,13	-6,67	-7,12	-7,50	-7,74	-7,81	-7,73	-7,61	-7,50	-7,33	-7,16	-5,31	0
29/12/2020 22:30:00	-5,29	-5,71	-6,22	-6,75	-7,20	-7,50	-7,63	-7,61	-7,46	-7,31	-7,16	-6,95	-6,75	-5,31	0
29/12/2020 22:35:00	-5,29	-5,69	-6,14	-6,60	-7,01	-7,38	-7,71	-7,83	-7,74	-7,63	-7,53	-7,39	-7,25	-5,26	0
29/12/2020 22:40:00	-5,24	-5,63	-6,09	-6,53	-7,02	-7,42	-7,68	-7,80	-7,75	-7,68	-7,60	-7,48	-7,36	-5,27	0
29/12/2020 22:45:00	-5,27	-5,64	-6,06	-6,54	-7,01	-7,46	-7,78	-7,93	-7,89	-7,81	-7,73	-7,59	-7,45	-5,25	0
29/12/2020 22:50:00	-5,31	-5,64	-6,06	-6,58	-7,08	-7,49	-7,79	-7,92	-7,87	-7,78	-7,69	-7,54	-7,39	-5,29	0
29/12/2020 22:55:00	-5,27	-5,65	-6,07	-6,55	-7,01	-7,44	-7,73	-7,86	-7,81	-7,72	-7,64	-7,50	-7,37	-5,28	0
29/12/2020 23:00:00	-5,24	-5,60	-6,02	-6,53	-7,02	-7,42	-7,69	-7,80	-7,75	-7,66	-7,57	-7,42	-7,28	-5,20	0
29/12/2020 23:05:00	-5,26	-5,60	-6,10	-6,65	-7,11	-7,45	-7,65	-7,66	-7,52	-7,37	-7,23	-7,04	-6,85	-5,20	0
29/12/2020 23:10:00	-5,16	-5,47	-6,00	-6,60	-7,12	-7,46	-7,62	-7,60	-7,45	-7,29	-7,13	-6,92	-6,70	-5,19	0
29/12/2020 23:15:00	-5,22	-5,55	-6,07	-6,56	-7,04	-7,42	-7,64	-7,68	-7,57	-7,44	-7,32	-7,15	-6,98	-5,18	0
29/12/2020 23:20:00	-5,22	-5,56	-6,07	-6,54	-6,98	-7,29	-7,47	-7,48	-7,34	-7,19	-7,05	-6,87	-6,69	-5,23	0
29/12/2020 23:25:00	-5,19	-5,54	-6,00	-6,50	-6,92	-7,27	-7,47	-7,49	-7,37	-7,23	-7,10	-6,91	-6,73	-5,20	0
29/12/2020 23:30:00	-5,16	-5,54	-6,06	-6,70	-7,09	-7,27	-7,33	-7,19	-6,93	-6,69	-6,47	-6,19	-5,91	-5,19	0
29/12/2020 23:35:00	-5,20	-5,60	-6,09	-6,57	-6,95	-7,19	-7,27	-7,20	-7,03	-6,87	-6,71	-6,51	-6,32	-5,20	0
29/12/2020 23:40:00	-5,20	-5,51	-6,06	-6,66	-7,07	-7,23	-7,16	-6,94	-6,67	-6,42	-6,19	-5,91	-5,62	-5,16	0
29/12/2020 23:45:00	-5,20	-5,56	-6,00	-6,51	-6,87	-7,20	-7,36	-7,36	-7,23	-7,09	-6,96	-6,78	-6,61	-5,18	0
29/12/2020 23:50:00	-5,21	-5,54	-6,05	-6,64	-7,05	-7,33	-7,42	-7,34	-7,15	-6,97	-6,80	-6,58	-6,36	-5,21	0
29/12/2020 23:55:00	-5,24	-5,54	-6,02	-6,53	-6,91	-7,16	-7,28	-7,22	-7,04	-6,86	-6,70	-6,50	-6,29	-5,16	0
