FileFormat:0002.2 file with temperature of atmosphere
200
local	GMT or Local
0	GMT-Local=[hours]
0	Height[m]
0	0	0	Longitude                [grd]               [min]               [sec]
0	0	0	Latitude                [grd]               [min]               [sec]
N	NS
59,40	Freq[GHz]
0,00	dTemostat[K]
0,150	MessErr[K]
0,248	//[grad/step]
version 14.0.20110218
MTP5H033F5940K-33.00D180214+A1.1
Commentary:
enter comment
End Of Commentary

SYSTEM\summer.dat
data time	0	50	100	150	200	250	300	350	400	450	500	550	600	OutsideTemperature	Quality
25/05/2020 00:00:00	7,42	8,09	8,33	8,19	7,93	7,54	7,08	6,66	6,26	5,86	5,45	5,03	4,61	7,60	0
25/05/2020 00:05:00	7,54	8,01	8,22	8,03	7,82	7,46	7,04	6,64	6,27	5,90	5,52	5,13	4,74	7,45	0
25/05/2020 00:10:00	7,57	8,04	8,20	8,04	7,81	7,46	7,00	6,59	6,22	5,85	5,46	5,08	4,69	7,42	0
25/05/2020 00:15:00	7,56	8,00	8,18	8,03	7,77	7,49	7,06	6,67	6,31	5,95	5,59	5,21	4,84	7,30	0
25/05/2020 00:20:00	7,34	7,81	7,98	7,92	7,61	7,28	6,93	6,57	6,21	5,85	5,48	5,10	4,72	7,42	0
25/05/2020 00:25:00	7,20	7,75	7,86	7,67	7,47	7,06	6,73	6,38	6,03	5,68	5,35	5,02	4,68	7,25	0
25/05/2020 00:30:00	7,25	8,05	8,25	8,08	7,77	7,37	6,95	6,54	6,14	5,75	5,36	4,97	4,58	7,26	0
25/05/2020 00:35:00	7,20	8,00	8,27	8,15	7,84	7,54	7,06	6,62	6,23	5,83	5,43	5,02	4,62	7,23	0
25/05/2020 00:40:00	7,19	7,95	8,27	8,16	7,89	7,51	7,16	6,79	6,39	6,00	5,60	5,20	4,80	7,18	0
25/05/2020 00:45:00	7,17	7,87	8,22	8,12	7,83	7,52	7,10	6,69	6,30	5,90	5,49	5,07	4,66	7,10	0
25/05/2020 00:50:00	7,14	7,79	8,12	8,01	7,76	7,52	7,07	6,65	6,28	5,90	5,52	5,12	4,73	7,13	0
25/05/2020 00:55:00	7,08	7,74	8,11	8,01	7,76	7,54	7,12	6,72	6,35	5,98	5,59	5,20	4,81	7,07	0
25/05/2020 01:00:00	7,07	7,81	8,10	7,99	7,79	7,50	7,09	6,70	6,33	5,97	5,60	5,23	4,86	7,13	0
25/05/2020 01:05:00	7,07	7,72	8,02	7,91	7,69	7,41	7,00	6,62	6,25	5,89	5,51	5,14	4,76	7,10	0
25/05/2020 01:10:00	7,14	7,71	7,97	7,88	7,61	7,30	6,94	6,57	6,20	5,83	5,46	5,08	4,70	7,62	0
25/05/2020 01:15:00	7,41	7,98	8,26	8,12	7,90	7,61	7,25	6,88	6,52	6,16	5,80	5,43	5,06	7,47	0
25/05/2020 01:20:00	7,33	7,95	8,22	8,12	7,97	7,70	7,25	6,85	6,49	6,14	5,76	5,39	5,01	7,30	0
25/05/2020 01:25:00	7,32	8,08	8,34	8,24	8,05	7,75	7,30	6,90	6,53	6,17	5,79	5,41	5,03	7,40	0
25/05/2020 01:30:00	7,37	8,07	8,33	8,28	8,08	7,81	7,44	7,07	6,72	6,37	6,01	5,64	5,28	7,35	0
25/05/2020 01:35:00	7,41	8,03	8,20	8,13	7,93	7,61	7,26	6,91	6,56	6,22	5,87	5,52	5,16	7,37	0
25/05/2020 01:40:00	7,45	8,09	8,31	8,24	7,97	7,68	7,31	6,94	6,58	6,23	5,86	5,49	5,12	7,67	0
25/05/2020 01:45:00	7,39	8,31	8,65	8,61	8,36	8,04	7,65	7,26	6,88	6,49	6,10	5,70	5,30	7,48	0
25/05/2020 01:50:00	7,27	8,31	8,63	8,55	8,43	8,12	7,73	7,35	6,99	6,63	6,27	5,91	5,55	7,31	0
25/05/2020 01:55:00	7,28	8,23	8,55	8,47	8,26	7,88	7,52	7,15	6,76	6,38	5,99	5,59	5,20	7,27	0
25/05/2020 02:00:00	7,08	8,04	8,36	8,26	8,12	7,86	7,45	7,07	6,71	6,36	6,01	5,65	5,30	7,10	0
25/05/2020 02:05:00	7,04	8,01	8,38	8,36	8,22	7,96	7,59	7,22	6,86	6,50	6,14	5,76	5,39	7,03	0
25/05/2020 02:10:00	7,00	7,98	8,38	8,37	8,18	7,94	7,59	7,23	6,87	6,51	6,14	5,77	5,39	6,97	0
25/05/2020 02:15:00	6,91	7,98	8,42	8,32	8,18	7,90	7,56	7,21	6,83	6,47	6,11	5,75	5,38	6,93	0
25/05/2020 02:20:00	6,91	8,05	8,48	8,46	8,32	8,08	7,69	7,31	6,94	6,58	6,21	5,83	5,46	6,87	0
25/05/2020 02:25:00	6,87	7,86	8,27	8,27	8,19	7,92	7,55	7,20	6,84	6,49	6,12	5,74	5,37	6,79	0
25/05/2020 02:30:00	6,82	7,77	8,16	8,17	8,01	7,77	7,49	7,18	6,83	6,49	6,15	5,80	5,45	6,80	0
25/05/2020 02:35:00	6,82	7,65	7,98	7,95	7,84	7,62	7,33	7,02	6,69	6,37	6,05	5,73	5,40	6,75	0
25/05/2020 02:40:00	6,77	7,66	8,03	8,00	7,86	7,65	7,28	6,92	6,57	6,23	5,88	5,53	5,18	6,78	0
25/05/2020 02:45:00	6,88	7,68	7,94	7,93	7,81	7,58	7,29	6,98	6,66	6,35	6,05	5,74	5,43	7,16	0
25/05/2020 02:50:00	7,15	7,84	8,12	8,13	8,02	7,82	7,52	7,21	6,89	6,58	6,27	5,94	5,62	7,03	0
25/05/2020 02:55:00	7,07	7,73	7,97	7,91	7,86	7,70	7,42	7,14	6,85	6,57	6,31	6,03	5,76	7,07	0
25/05/2020 03:00:00	7,09	7,68	7,88	7,85	7,84	7,67	7,37	7,08	6,80	6,53	6,27	5,99	5,72	7,00	0
25/05/2020 03:05:00	7,06	7,75	7,86	7,87	7,79	7,66	7,34	7,04	6,77	6,51	6,27	6,01	5,76	7,08	0
25/05/2020 03:10:00	7,05	7,66	7,96	7,92	7,83	7,64	7,35	7,05	6,73	6,43	6,12	5,80	5,49	7,11	0
25/05/2020 03:15:00	7,24	7,84	8,05	8,07	8,03	7,91	7,67	7,42	7,14	6,89	6,64	6,37	6,11	7,16	0
25/05/2020 03:20:00	7,16	7,72	7,87	7,88	7,92	7,79	7,61	7,39	7,15	6,92	6,72	6,49	6,26	7,14	0
25/05/2020 03:25:00	7,13	7,65	7,76	7,84	7,91	7,70	7,48	7,25	7,00	6,76	6,53	6,27	6,02	7,17	0
25/05/2020 03:30:00	7,15	7,69	7,86	7,97	7,97	7,86	7,70	7,51	7,27	7,05	6,83	6,59	6,35	7,21	0
25/05/2020 03:35:00	7,27	7,72	7,83	7,91	7,98	7,92	7,77	7,59	7,38	7,19	7,01	6,82	6,62	7,25	0
25/05/2020 03:40:00	7,31	7,86	8,02	8,17	8,23	8,20	8,00	7,80	7,58	7,37	7,17	6,95	6,72	7,28	0
25/05/2020 03:45:00	7,24	7,90	8,10	8,29	8,24	8,22	8,00	7,78	7,54	7,31	7,08	6,83	6,57	7,36	0
25/05/2020 03:50:00	7,27	8,02	8,23	8,31	8,32	8,21	8,00	7,76	7,51	7,27	7,04	6,79	6,55	7,29	0
25/05/2020 03:55:00	7,21	8,09	8,24	8,27	8,16	8,03	7,75	7,47	7,19	6,93	6,68	6,42	6,16	7,28	0
25/05/2020 04:00:00	7,22	8,05	8,22	8,22	8,16	8,07	7,83	7,57	7,30	7,06	6,84	6,61	6,38	7,28	0
25/05/2020 04:05:00	7,20	8,12	8,32	8,37	8,36	8,24	7,97	7,70	7,43	7,18	6,94	6,69	6,44	7,23	0
25/05/2020 04:10:00	7,13	8,16	8,44	8,51	8,46	8,28	8,02	7,75	7,45	7,16	6,88	6,58	6,29	7,15	0
25/05/2020 04:15:00	7,17	8,29	8,54	8,58	8,54	8,39	8,10	7,81	7,51	7,24	6,97	6,70	6,43	7,12	0
25/05/2020 04:20:00	7,14	8,20	8,42	8,50	8,44	8,34	8,09	7,82	7,55	7,30	7,06	6,81	6,56	7,13	0
25/05/2020 04:25:00	7,10	7,96	8,18	8,24	8,24	8,12	7,87	7,60	7,34	7,09	6,85	6,60	6,34	7,08	0
25/05/2020 04:30:00	7,18	7,96	8,22	8,26	8,26	8,17	7,96	7,72	7,46	7,21	6,98	6,73	6,48	7,14	0
25/05/2020 04:35:00	7,21	7,94	8,14	8,18	8,24	8,14	7,91	7,67	7,42	7,19	6,96	6,73	6,49	7,15	0
25/05/2020 04:40:00	7,31	7,96	8,12	8,21	8,19	8,10	7,88	7,65	7,40	7,17	6,94	6,70	6,46	7,30	0
25/05/2020 04:45:00	7,39	7,92	8,04	8,09	8,03	7,92	7,71	7,47	7,21	6,98	6,75	6,51	6,27	7,40	0
25/05/2020 04:50:00	7,47	7,98	8,08	8,11	8,12	8,01	7,73	7,47	7,22	6,98	6,76	6,51	6,26	7,46	0
25/05/2020 04:55:00	7,47	8,00	8,12	8,14	8,12	7,98	7,73	7,47	7,21	6,97	6,73	6,48	6,22	7,54	0
25/05/2020 05:00:00	7,46	8,05	8,15	8,14	8,14	8,04	7,76	7,50	7,25	7,02	6,80	6,57	6,34	7,52	0
25/05/2020 05:05:00	7,57	8,12	8,34	8,32	8,26	8,15	7,91	7,65	7,38	7,12	6,86	6,60	6,33	7,53	0
25/05/2020 05:10:00	7,59	8,16	8,34	8,26	8,11	7,94	7,73	7,48	7,18	6,91	6,65	6,38	6,11	7,60	0
25/05/2020 05:15:00	7,62	8,23	8,46	8,47	8,42	8,31	8,05	7,78	7,50	7,24	6,98	6,70	6,43	7,58	0
25/05/2020 05:20:00	7,57	8,17	8,43	8,49	8,45	8,34	8,12	7,87	7,60	7,34	7,08	6,80	6,52	7,59	0
25/05/2020 05:25:00	7,69	8,16	8,37	8,42	8,41	8,38	8,18	7,97	7,73	7,50	7,28	7,04	6,80	7,61	0
25/05/2020 05:30:00	7,60	8,10	8,24	8,40	8,43	8,37	8,17	7,97	7,74	7,52	7,31	7,07	6,83	7,60	0
25/05/2020 05:35:00	7,74	8,16	8,28	8,28	8,25	8,14	7,88	7,63	7,37	7,12	6,88	6,62	6,37	7,68	0
25/05/2020 05:40:00	7,83	8,19	8,31	8,32	8,28	8,15	7,87	7,60	7,34	7,08	6,83	6,56	6,28	7,78	0
25/05/2020 05:45:00	7,79	8,28	8,45	8,40	8,41	8,26	8,01	7,76	7,49	7,24	6,99	6,73	6,47	7,93	0
25/05/2020 05:50:00	7,88	8,72	8,84	8,87	8,80	8,61	8,39	8,14	7,86	7,60	7,35	7,09	6,83	7,87	0
25/05/2020 05:55:00	7,74	8,81	8,98	9,00	8,91	8,70	8,46	8,19	7,89	7,62	7,35	7,08	6,81	7,98	0
25/05/2020 06:00:00	7,92	8,99	9,25	9,32	9,27	9,03	8,81	8,55	8,25	7,96	7,67	7,37	7,07	7,95	0
25/05/2020 06:05:00	8,03	8,97	9,15	9,19	9,07	8,91	8,65	8,38	8,08	7,81	7,54	7,25	6,97	7,97	0
25/05/2020 06:10:00	8,20	9,01	9,09	9,14	9,11	8,97	8,71	8,46	8,20	7,95	7,72	7,47	7,23	8,25	0
25/05/2020 06:15:00	8,69	9,32	9,15	9,08	8,95	8,78	8,53	8,27	8,02	7,80	7,60	7,40	7,19	8,48	0
25/05/2020 06:20:00	8,90	9,36	9,04	8,92	8,73	8,56	8,31	8,06	7,82	7,62	7,45	7,28	7,10	8,84	0
25/05/2020 06:25:00	9,02	9,55	9,27	9,08	8,80	8,57	8,19	7,86	7,56	7,30	7,07	6,82	6,58	9,03	0
25/05/2020 06:30:00	9,05	9,48	9,21	9,05	8,88	8,63	8,31	8,01	7,74	7,50	7,28	7,05	6,82	9,28	0
25/05/2020 06:35:00	9,75	9,71	9,06	8,79	8,56	8,34	8,08	7,83	7,61	7,44	7,32	7,19	7,06	9,49	0
25/05/2020 06:40:00	10,10	9,80	9,10	8,76	8,50	8,25	7,96	7,70	7,47	7,29	7,16	7,01	6,86	9,90	0
25/05/2020 06:45:00	9,66	9,71	9,23	8,97	8,72	8,41	8,17	7,92	7,67	7,45	7,27	7,09	6,90	9,72	0
25/05/2020 06:50:00	9,51	9,69	9,38	9,15	8,93	8,67	8,36	8,07	7,80	7,56	7,34	7,11	6,88	9,75	0
25/05/2020 06:55:00	9,91	9,92	9,49	9,22	9,02	8,70	8,45	8,19	7,93	7,70	7,51	7,30	7,09	9,91	0
25/05/2020 07:00:00	10,18	9,98	9,49	9,24	8,96	8,73	8,43	8,15	7,90	7,68	7,49	7,29	7,08	9,87	0
25/05/2020 07:05:00	10,14	9,98	9,51	9,16	8,83	8,60	8,25	7,95	7,68	7,44	7,24	7,03	6,82	10,02	0
25/05/2020 07:10:00	10,63	10,08	9,34	8,99	8,70	8,46	8,15	7,89	7,67	7,48	7,34	7,18	7,03	10,28	0
25/05/2020 07:15:00	10,85	10,11	9,37	8,99	8,67	8,41	8,12	7,87	7,65	7,46	7,31	7,15	6,98	10,37	0
25/05/2020 07:20:00	11,17	10,30	9,43	8,95	8,55	8,22	7,93	7,67	7,43	7,24	7,10	6,95	6,79	10,59	0
25/05/2020 07:25:00	11,27	10,15	9,39	8,99	8,68	8,46	8,14	7,89	7,67	7,49	7,33	7,15	6,98	10,50	0
25/05/2020 07:30:00	11,36	10,30	9,53	9,05	8,72	8,43	8,14	7,89	7,66	7,46	7,30	7,12	6,95	10,67	0
25/05/2020 07:35:00	11,49	10,31	9,56	9,11	8,79	8,44	8,14	7,88	7,64	7,42	7,23	7,01	6,80	10,70	0
25/05/2020 07:40:00	11,39	10,45	9,67	9,22	8,81	8,45	8,09	7,79	7,52	7,28	7,07	6,84	6,61	10,58	0
25/05/2020 07:45:00	11,45	10,49	9,75	9,27	8,83	8,44	8,09	7,78	7,50	7,25	7,02	6,78	6,53	11,03	0
25/05/2020 07:50:00	11,52	10,65	9,84	9,29	8,91	8,50	8,12	7,80	7,52	7,28	7,07	6,85	6,63	11,06	0
25/05/2020 07:55:00	11,90	10,61	9,86	9,38	9,01	8,63	8,22	7,89	7,62	7,35	7,10	6,82	6,55	11,01	0
25/05/2020 08:00:00	12,23	10,71	9,77	9,25	8,86	8,56	8,25	7,99	7,77	7,58	7,42	7,24	7,06	11,18	0
25/05/2020 08:05:00	12,38	10,70	9,76	9,21	8,86	8,50	8,20	7,95	7,73	7,53	7,35	7,16	6,96	11,09	0
25/05/2020 08:10:00	12,61	10,81	9,89	9,41	9,07	8,71	8,39	8,13	7,90	7,68	7,48	7,24	7,01	11,00	0
25/05/2020 08:15:00	13,18	10,88	9,83	9,26	8,90	8,62	8,32	8,10	7,90	7,72	7,56	7,37	7,18	11,92	0
25/05/2020 08:20:00	13,16	11,09	9,91	9,34	8,88	8,48	8,17	7,91	7,70	7,49	7,32	7,12	6,92	11,74	0
25/05/2020 08:25:00	12,67	11,21	10,30	9,78	9,29	8,83	8,47	8,17	7,89	7,63	7,38	7,11	6,85	11,72	0
25/05/2020 08:30:00	12,13	11,13	10,41	10,00	9,62	9,26	8,86	8,53	8,26	7,99	7,73	7,45	7,16	11,69	0
25/05/2020 08:35:00	11,59	11,17	10,64	10,25	9,78	9,31	8,92	8,55	8,22	7,89	7,57	7,24	6,91	11,87	0
25/05/2020 08:40:00	11,25	11,17	10,81	10,40	9,93	9,47	9,02	8,62	8,25	7,89	7,54	7,18	6,82	11,48	0
25/05/2020 08:45:00	10,94	11,30	11,02	10,57	10,07	9,62	9,13	8,69	8,29	7,92	7,55	7,19	6,82	11,37	0
25/05/2020 08:50:00	13,35	11,41	10,21	9,66	9,21	8,83	8,50	8,23	8,02	7,82	7,65	7,45	7,25	12,10	0
25/05/2020 08:55:00	13,69	11,66	10,42	9,75	9,14	8,67	8,32	8,02	7,77	7,53	7,33	7,11	6,89	12,15	1
25/05/2020 09:00:00	13,04	11,68	10,76	10,13	9,57	9,04	8,63	8,28	7,96	7,67	7,38	7,09	6,80	12,09	0
25/05/2020 09:05:00	13,92	11,81	10,48	9,80	9,25	8,84	8,44	8,13	7,90	7,69	7,51	7,31	7,11	12,68	1
25/05/2020 09:10:00	13,82	12,07	10,58	9,87	9,32	8,89	8,55	8,29	8,07	7,91	7,80	7,67	7,55	12,53	1
25/05/2020 09:15:00	14,10	11,91	10,67	10,03	9,51	9,04	8,67	8,38	8,14	7,90	7,69	7,45	7,21	12,72	1
25/05/2020 09:20:00	14,66	11,90	10,34	9,70	9,26	8,90	8,63	8,43	8,28	8,15	8,06	7,93	7,80	13,45	1
25/05/2020 09:25:00	15,10	11,92	10,43	9,89	9,51	9,16	8,88	8,69	8,55	8,39	8,24	8,05	7,86	13,59	1
25/05/2020 09:30:00	15,52	12,47	10,51	9,80	9,36	9,03	8,74	8,57	8,46	8,39	8,37	8,32	8,26	13,22	1
25/05/2020 09:35:00	15,55	12,36	10,61	9,93	9,50	9,22	8,96	8,79	8,68	8,59	8,54	8,44	8,35	13,82	1
25/05/2020 09:40:00	13,73	12,36	11,51	10,98	10,43	9,96	9,52	9,15	8,84	8,53	8,21	7,88	7,55	13,63	0
25/05/2020 09:45:00	12,71	12,46	11,90	11,45	10,95	10,39	9,87	9,42	9,04	8,66	8,28	7,88	7,49	12,89	0
25/05/2020 09:50:00	12,45	12,39	12,02	11,60	11,15	10,64	10,13	9,68	9,29	8,90	8,50	8,08	7,67	12,99	0
25/05/2020 09:55:00	14,61	12,62	11,32	10,69	10,22	9,80	9,41	9,11	8,88	8,66	8,46	8,24	8,02	13,09	1
25/05/2020 10:00:00	14,92	12,69	11,46	10,81	10,38	10,03	9,66	9,39	9,18	8,98	8,80	8,58	8,37	13,46	1
25/05/2020 10:05:00	15,37	13,04	11,36	10,66	10,14	9,68	9,25	8,95	8,74	8,56	8,40	8,21	8,03	13,85	1
25/05/2020 10:10:00	15,05	12,76	11,49	10,95	10,49	10,08	9,69	9,40	9,17	8,94	8,71	8,44	8,18	13,80	1
25/05/2020 10:15:00	15,80	13,02	11,33	10,68	10,22	9,86	9,57	9,37	9,21	9,08	8,98	8,85	8,71	14,07	1
25/05/2020 10:20:00	16,06	13,07	11,68	11,03	10,62	10,32	10,01	9,79	9,62	9,46	9,30	9,11	8,91	16,40	1
25/05/2020 10:25:00	16,15	13,88	11,95	11,05	10,35	9,83	9,40	9,08	8,87	8,70	8,60	8,47	8,35	15,01	1
25/05/2020 10:30:00	16,33	13,69	11,92	11,25	10,67	10,20	9,78	9,49	9,28	9,08	8,91	8,69	8,48	14,84	1
25/05/2020 10:35:00	16,14	13,43	11,93	11,30	10,80	10,38	10,04	9,79	9,60	9,41	9,23	9,01	8,79	14,86	1
25/05/2020 10:40:00	16,40	13,64	12,01	11,33	10,84	10,44	10,12	9,89	9,72	9,56	9,43	9,26	9,09	15,24	1
25/05/2020 10:45:00	16,39	13,67	12,14	11,36	10,76	10,29	9,93	9,66	9,44	9,24	9,07	8,86	8,66	15,12	1
25/05/2020 10:50:00	15,67	13,67	12,55	11,92	11,42	10,98	10,55	10,22	9,95	9,68	9,40	9,10	8,80	14,92	1
25/05/2020 10:55:00	15,95	13,51	12,25	11,70	11,21	10,78	10,44	10,17	9,95	9,72	9,48	9,21	8,94	15,10	1
25/05/2020 11:00:00	16,06	14,08	12,51	11,81	11,21	10,69	10,25	9,92	9,67	9,44	9,24	9,02	8,79	15,11	1
25/05/2020 11:05:00	16,06	14,15	12,62	11,95	11,36	10,89	10,46	10,13	9,89	9,67	9,47	9,24	9,02	15,62	1
25/05/2020 11:10:00	16,04	13,93	12,59	11,97	11,49	11,04	10,58	10,25	10,00	9,75	9,50	9,22	8,93	14,97	1
25/05/2020 11:15:00	16,67	14,23	12,60	11,94	11,50	11,05	10,64	10,36	10,16	9,97	9,79	9,58	9,36	15,13	1
25/05/2020 11:20:00	16,38	14,41	12,92	12,28	11,76	11,26	10,80	10,47	10,22	9,98	9,75	9,49	9,23	15,04	1
25/05/2020 11:25:00	16,76	14,41	12,91	12,15	11,64	11,19	10,80	10,51	10,29	10,10	9,92	9,71	9,50	16,06	1
25/05/2020 11:30:00	16,33	14,30	12,96	12,25	11,72	11,26	10,81	10,48	10,22	9,98	9,75	9,49	9,23	15,42	1
25/05/2020 11:35:00	16,88	14,52	13,09	12,40	11,88	11,46	11,08	10,81	10,59	10,39	10,20	9,97	9,75	15,92	1
25/05/2020 11:40:00	17,04	14,42	12,92	12,23	11,72	11,30	10,93	10,66	10,46	10,26	10,06	9,84	9,61	15,64	1
25/05/2020 11:45:00	16,68	14,50	13,19	12,54	12,05	11,62	11,22	10,92	10,69	10,46	10,23	9,97	9,71	15,62	1
25/05/2020 11:50:00	17,18	14,59	13,19	12,50	11,97	11,48	11,14	10,88	10,66	10,44	10,22	9,97	9,72	15,89	1
25/05/2020 11:55:00	16,96	14,62	13,32	12,69	12,21	11,75	11,38	11,10	10,87	10,64	10,40	10,13	9,86	15,92	1
25/05/2020 12:00:00	17,26	14,69	13,43	12,89	12,38	11,91	11,52	11,23	10,99	10,72	10,43	10,10	9,76	16,30	1
25/05/2020 12:05:00	17,71	14,98	13,34	12,61	12,11	11,65	11,26	10,98	10,78	10,58	10,40	10,17	9,94	17,21	1
25/05/2020 12:10:00	17,27	14,89	13,40	12,68	12,13	11,72	11,34	11,06	10,84	10,64	10,45	10,23	10,01	16,31	1
25/05/2020 12:15:00	17,20	15,37	13,96	13,13	12,49	11,94	11,47	11,10	10,82	10,56	10,32	10,06	9,80	16,38	1
25/05/2020 12:20:00	17,27	14,83	13,61	12,94	12,51	12,14	11,81	11,55	11,34	11,13	10,92	10,67	10,42	16,44	1
25/05/2020 12:25:00	17,58	15,67	14,05	13,36	12,83	12,31	11,83	11,48	11,23	11,00	10,78	10,52	10,27	16,52	1
25/05/2020 12:30:00	18,09	15,47	13,96	13,18	12,60	12,10	11,68	11,36	11,12	10,89	10,65	10,38	10,11	17,09	1
25/05/2020 12:35:00	18,03	15,78	14,15	13,45	12,80	12,22	11,77	11,43	11,17	10,91	10,66	10,37	10,08	16,97	1
25/05/2020 12:40:00	18,30	15,31	13,89	13,31	12,93	12,54	12,16	11,89	11,68	11,45	11,17	10,85	10,53	17,26	1
25/05/2020 12:45:00	17,78	15,72	14,85	14,34	13,82	13,26	12,67	12,21	11,85	11,42	10,90	10,35	9,80	16,94	1
25/05/2020 12:50:00	16,96	15,51	14,57	13,90	13,37	12,86	12,37	11,98	11,65	11,32	10,98	10,61	10,24	16,77	0
25/05/2020 12:55:00	17,15	15,78	14,86	14,22	13,69	13,12	12,58	12,14	11,78	11,41	10,99	10,56	10,12	17,05	0
25/05/2020 13:00:00	16,41	16,05	15,23	14,70	14,17	13,54	12,91	12,41	12,01	11,60	11,16	10,69	10,22	16,75	0
25/05/2020 13:05:00	16,54	15,72	15,08	14,50	13,98	13,38	12,79	12,31	11,90	11,47	10,99	10,49	9,99	17,28	0
25/05/2020 13:10:00	15,52	15,77	15,29	14,84	14,31	13,68	13,07	12,55	12,11	11,66	11,17	10,67	10,17	16,87	0
25/05/2020 13:15:00	16,18	15,96	14,96	14,35	13,77	13,18	12,61	12,14	11,77	11,42	11,06	10,70	10,34	16,74	0
25/05/2020 13:20:00	16,57	16,06	15,18	14,59	14,04	13,49	12,96	12,52	12,16	11,80	11,44	11,06	10,68	17,51	0
25/05/2020 13:25:00	17,11	16,55	15,34	14,58	13,84	13,12	12,45	11,92	11,52	11,13	10,75	10,35	9,95	17,36	0
25/05/2020 13:30:00	18,27	16,12	14,45	13,71	13,10	12,54	12,07	11,72	11,46	11,22	10,98	10,71	10,44	17,89	1
25/05/2020 13:35:00	16,42	15,88	15,05	14,42	13,84	13,21	12,64	12,16	11,77	11,37	10,96	10,53	10,10	17,23	0
25/05/2020 13:40:00	16,71	16,04	14,97	14,37	13,80	13,21	12,67	12,23	11,88	11,54	11,20	10,83	10,46	17,09	0
25/05/2020 13:45:00	18,14	16,18	14,68	13,97	13,31	12,71	12,23	11,85	11,56	11,28	10,99	10,67	10,36	17,36	1
25/05/2020 13:50:00	17,84	16,15	14,80	14,07	13,42	12,83	12,34	11,95	11,65	11,35	11,06	10,74	10,42	17,44	1
25/05/2020 13:55:00	18,47	15,82	14,36	13,68	13,16	12,75	12,36	12,08	11,86	11,63	11,40	11,12	10,84	17,96	1
25/05/2020 14:00:00	18,38	15,70	14,18	13,42	12,92	12,48	12,12	11,86	11,66	11,47	11,28	11,06	10,84	16,99	1
25/05/2020 14:05:00	18,59	15,97	14,55	13,82	13,25	12,80	12,43	12,14	11,92	11,69	11,45	11,19	10,92	17,69	1
25/05/2020 14:10:00	18,00	16,06	14,77	14,09	13,57	13,06	12,58	12,21	11,93	11,65	11,34	11,00	10,67	18,15	1
25/05/2020 14:15:00	18,48	16,65	15,06	14,24	13,53	12,94	12,46	12,08	11,80	11,54	11,29	11,02	10,76	18,37	1
25/05/2020 14:20:00	17,97	15,77	14,73	14,17	13,69	13,24	12,89	12,60	12,35	12,07	11,77	11,43	11,09	17,62	1
25/05/2020 14:25:00	17,01	16,32	15,21	14,59	14,02	13,40	12,86	12,42	12,07	11,74	11,39	11,03	10,67	17,07	0
25/05/2020 14:30:00	16,72	16,06	15,36	14,82	14,28	13,78	13,27	12,84	12,48	12,11	11,71	11,30	10,88	17,32	0
25/05/2020 14:35:00	16,63	16,36	15,54	14,91	14,31	13,73	13,15	12,66	12,27	11,89	11,49	11,09	10,68	17,33	0
25/05/2020 14:40:00	16,67	16,26	15,37	14,70	14,11	13,51	12,94	12,46	12,08	11,71	11,33	10,94	10,54	17,42	0
25/05/2020 14:45:00	16,28	16,24	15,61	15,03	14,38	13,70	13,07	12,54	12,09	11,64	11,15	10,66	10,17	17,09	0
25/05/2020 14:50:00	15,73	15,92	15,35	14,92	14,37	13,77	13,20	12,72	12,31	11,89	11,44	10,98	10,53	16,80	0
25/05/2020 14:55:00	15,81	15,93	15,39	14,93	14,47	13,88	13,28	12,78	12,37	11,94	11,48	11,00	10,52	16,85	0
25/05/2020 15:00:00	16,03	16,35	15,89	15,34	14,77	14,15	13,51	12,97	12,52	12,06	11,57	11,07	10,57	16,81	0
25/05/2020 15:05:00	15,89	16,41	15,93	15,40	14,86	14,22	13,63	13,11	12,67	12,24	11,78	11,31	10,85	16,87	0
25/05/2020 15:10:00	15,90	16,16	15,63	15,11	14,54	13,96	13,34	12,83	12,40	11,97	11,51	11,04	10,57	16,70	0
25/05/2020 15:15:00	16,06	16,44	15,89	15,40	14,86	14,23	13,64	13,13	12,70	12,27	11,81	11,34	10,87	16,64	0
25/05/2020 15:20:00	15,83	16,41	16,05	15,60	15,07	14,44	13,85	13,33	12,88	12,43	11,93	11,42	10,92	16,55	0
25/05/2020 15:25:00	16,16	16,67	16,38	15,96	15,46	14,85	14,26	13,75	13,31	12,84	12,33	11,80	11,28	16,57	0
25/05/2020 15:30:00	16,09	16,55	16,26	15,82	15,31	14,72	14,14	13,63	13,18	12,72	12,21	11,69	11,17	16,35	0
25/05/2020 15:35:00	16,25	16,64	16,24	15,77	15,23	14,63	14,07	13,58	13,15	12,71	12,24	11,76	11,28	16,44	0
25/05/2020 15:40:00	16,70	16,64	16,16	15,70	15,23	14,66	14,12	13,66	13,26	12,84	12,38	11,90	11,42	16,70	0
25/05/2020 15:45:00	16,71	16,61	16,05	15,61	15,16	14,63	14,11	13,66	13,28	12,88	12,45	11,99	11,54	16,92	0
25/05/2020 15:50:00	16,56	16,72	16,14	15,61	15,13	14,60	14,08	13,62	13,24	12,86	12,47	12,06	11,66	16,74	0
25/05/2020 15:55:00	16,62	16,86	16,42	15,97	15,48	14,96	14,40	13,93	13,53	13,11	12,66	12,20	11,73	16,63	0
25/05/2020 16:00:00	16,57	16,93	16,55	16,11	15,63	15,06	14,49	13,99	13,57	13,13	12,64	12,15	11,65	16,79	0
25/05/2020 16:05:00	16,70	17,05	16,59	16,11	15,62	15,04	14,48	14,00	13,58	13,16	12,70	12,23	11,76	16,77	0
25/05/2020 16:10:00	16,58	17,05	16,69	16,20	15,66	15,06	14,50	14,00	13,57	13,12	12,65	12,16	11,67	16,87	0
25/05/2020 16:15:00	16,22	16,94	16,65	16,21	15,72	15,15	14,58	14,07	13,63	13,19	12,71	12,22	11,72	16,55	0
25/05/2020 16:20:00	16,27	17,17	17,02	16,62	16,13	15,52	14,95	14,44	13,98	13,50	12,98	12,44	11,91	16,54	0
25/05/2020 16:25:00	16,47	17,36	17,17	16,84	16,36	15,82	15,25	14,74	14,30	13,83	13,32	12,79	12,26	16,46	0
25/05/2020 16:30:00	16,42	17,30	17,19	16,86	16,41	15,86	15,29	14,78	14,33	13,85	13,32	12,78	12,23	16,44	0
25/05/2020 16:35:00	16,50	17,38	17,28	16,95	16,48	15,92	15,34	14,82	14,36	13,88	13,34	12,78	12,22	16,50	0
25/05/2020 16:40:00	16,56	17,49	17,39	17,04	16,56	16,03	15,45	14,94	14,48	14,01	13,48	12,94	12,40	16,55	0
25/05/2020 16:45:00	16,64	17,48	17,32	16,97	16,49	15,90	15,31	14,79	14,34	13,86	13,32	12,76	12,21	16,64	0
25/05/2020 16:50:00	16,74	17,37	17,17	16,80	16,35	15,79	15,26	14,78	14,34	13,89	13,39	12,88	12,36	16,60	0
25/05/2020 16:55:00	16,64	17,45	17,23	16,86	16,40	15,82	15,26	14,76	14,32	13,86	13,36	12,84	12,32	16,58	0
25/05/2020 17:00:00	16,72	17,29	17,06	16,63	16,17	15,65	15,10	14,62	14,19	13,75	13,27	12,77	12,27	16,62	0
25/05/2020 17:05:00	16,60	17,28	17,02	16,59	16,09	15,56	15,03	14,55	14,13	13,70	13,23	12,75	12,28	16,65	0
25/05/2020 17:10:00	16,78	17,24	16,98	16,53	16,03	15,51	14,94	14,44	14,01	13,56	13,07	12,56	12,06	17,11	0
25/05/2020 17:15:00	16,60	17,21	16,97	16,56	16,04	15,49	14,96	14,48	14,04	13,59	13,11	12,61	12,11	16,67	0
25/05/2020 17:20:00	16,57	17,23	16,99	16,63	16,15	15,57	14,97	14,45	14,00	13,52	12,98	12,43	11,88	16,77	0
25/05/2020 17:25:00	16,91	17,37	17,04	16,59	16,12	15,58	15,04	14,56	14,15	13,72	13,25	12,77	12,29	16,92	0
25/05/2020 17:30:00	16,85	17,35	16,99	16,53	16,04	15,53	15,02	14,56	14,15	13,74	13,31	12,86	12,41	16,86	0
25/05/2020 17:35:00	16,99	17,39	17,07	16,66	16,21	15,66	15,09	14,59	14,17	13,73	13,23	12,72	12,21	16,80	0
25/05/2020 17:40:00	16,94	17,39	17,10	16,72	16,26	15,69	15,11	14,60	14,17	13,70	13,18	12,65	12,11	17,04	0
25/05/2020 17:45:00	16,87	17,28	16,90	16,50	16,04	15,52	15,00	14,54	14,13	13,72	13,26	12,79	12,32	16,80	0
25/05/2020 17:50:00	17,07	17,33	16,99	16,56	16,11	15,57	15,04	14,58	14,17	13,74	13,27	12,78	12,30	17,12	0
25/05/2020 17:55:00	17,02	17,19	16,77	16,37	15,93	15,43	14,96	14,55	14,17	13,78	13,36	12,93	12,49	16,95	0
25/05/2020 18:00:00	17,04	17,25	16,85	16,44	16,06	15,57	15,09	14,67	14,29	13,91	13,48	13,04	12,60	16,59	0
25/05/2020 18:05:00	16,92	17,30	16,92	16,56	16,14	15,63	15,13	14,70	14,31	13,91	13,47	13,01	12,55	17,09	0
25/05/2020 18:10:00	16,79	17,30	17,03	16,68	16,25	15,72	15,19	14,72	14,30	13,86	13,37	12,87	12,36	16,78	0
25/05/2020 18:15:00	16,66	17,21	16,96	16,57	16,13	15,59	15,07	14,60	14,18	13,75	13,27	12,78	12,29	16,92	0
25/05/2020 18:20:00	16,57	17,23	16,97	16,60	16,15	15,64	15,11	14,64	14,22	13,80	13,33	12,85	12,36	17,07	0
25/05/2020 18:25:00	17,34	17,31	16,70	16,28	15,83	15,36	14,88	14,46	14,11	13,74	13,35	12,94	12,52	16,80	0
25/05/2020 18:30:00	16,46	17,25	17,05	16,75	16,34	15,82	15,29	14,82	14,40	13,96	13,47	12,97	12,46	17,00	0
25/05/2020 18:35:00	16,39	17,24	17,16	16,79	16,35	15,82	15,31	14,84	14,41	13,96	13,47	12,96	12,46	16,70	0
25/05/2020 18:40:00	16,25	17,22	17,22	16,90	16,48	15,95	15,41	14,92	14,48	14,01	13,49	12,95	12,42	16,64	0
25/05/2020 18:45:00	16,12	17,21	17,29	16,98	16,61	16,10	15,57	15,08	14,63	14,16	13,63	13,09	12,55	16,64	0
25/05/2020 18:50:00	16,14	17,28	17,34	17,00	16,53	16,00	15,46	14,95	14,48	14,00	13,46	12,92	12,37	16,83	0
25/05/2020 18:55:00	16,03	17,28	17,31	17,02	16,60	16,11	15,56	15,05	14,60	14,14	13,62	13,09	12,55	16,60	0
25/05/2020 19:00:00	16,32	17,60	17,71	17,47	17,08	16,53	15,97	15,46	15,00	14,50	13,93	13,35	12,77	16,49	0
25/05/2020 19:05:00	16,47	17,71	17,84	17,57	17,19	16,67	16,11	15,59	15,13	14,63	14,07	13,49	12,91	16,39	0
25/05/2020 19:10:00	16,47	17,46	17,56	17,27	16,89	16,45	15,92	15,44	15,00	14,54	14,01	13,47	12,93	16,44	0
25/05/2020 19:15:00	16,78	17,65	17,45	17,20	16,79	16,34	15,80	15,33	14,92	14,49	14,00	13,49	12,99	16,74	0
25/05/2020 19:20:00	16,39	17,60	17,66	17,37	16,93	16,41	15,89	15,40	14,95	14,48	13,95	13,42	12,88	16,72	0
25/05/2020 19:25:00	16,50	17,68	17,70	17,39	16,94	16,44	15,88	15,37	14,91	14,43	13,89	13,34	12,80	16,72	0
25/05/2020 19:30:00	15,88	17,75	17,94	17,63	17,13	16,54	15,86	15,25	14,72	14,17	13,55	12,93	12,31	16,76	0
25/05/2020 19:35:00	15,56	17,51	17,69	17,37	16,88	16,31	15,72	15,16	14,65	14,14	13,58	13,02	12,46	16,59	0
25/05/2020 19:40:00	15,20	17,30	17,70	17,55	17,18	16,64	16,08	15,55	15,05	14,52	13,93	13,33	12,73	16,27	0
25/05/2020 19:45:00	14,78	17,34	17,82	17,67	17,33	16,84	16,24	15,68	15,17	14,65	14,06	13,48	12,89	16,22	0
25/05/2020 19:50:00	14,69	17,23	17,79	17,72	17,40	16,88	16,29	15,73	15,21	14,66	14,04	13,41	12,78	15,97	0
25/05/2020 19:55:00	14,85	17,16	17,74	17,64	17,31	16,80	16,24	15,69	15,18	14,63	14,01	13,38	12,75	15,69	0
25/05/2020 20:00:00	15,23	17,33	17,98	17,95	17,64	17,21	16,67	16,15	15,65	15,12	14,49	13,85	13,21	15,60	0
25/05/2020 20:05:00	15,45	17,66	18,37	18,31	17,98	17,49	16,95	16,42	15,90	15,34	14,69	14,03	13,36	15,49	0
25/05/2020 20:10:00	15,43	17,56	18,21	18,14	17,85	17,40	16,89	16,39	15,90	15,37	14,76	14,14	13,52	15,29	0
25/05/2020 20:15:00	15,31	17,38	18,23	18,26	18,02	17,59	17,07	16,56	16,06	15,49	14,82	14,13	13,44	15,32	0
25/05/2020 20:20:00	15,25	17,41	18,30	18,36	18,14	17,73	17,20	16,68	16,17	15,60	14,91	14,21	13,51	15,28	0
25/05/2020 20:25:00	14,99	17,33	18,35	18,42	18,17	17,75	17,22	16,69	16,16	15,57	14,87	14,15	13,43	15,02	0
25/05/2020 20:30:00	14,81	17,25	18,20	18,27	17,97	17,52	17,00	16,48	15,95	15,37	14,68	13,97	13,27	15,07	0
25/05/2020 20:35:00	14,84	17,39	18,20	18,16	17,81	17,29	16,76	16,21	15,68	15,10	14,43	13,75	13,08	14,92	0
25/05/2020 20:40:00	15,02	17,35	18,02	17,97	17,67	17,24	16,69	16,16	15,66	15,12	14,50	13,87	13,24	14,71	0
25/05/2020 20:45:00	14,74	17,45	18,18	18,18	17,96	17,52	16,99	16,48	15,98	15,45	14,84	14,22	13,61	14,85	0
25/05/2020 20:50:00	14,72	17,45	18,24	18,22	17,91	17,41	16,87	16,32	15,79	15,23	14,58	13,92	13,27	14,78	0
25/05/2020 20:55:00	14,63	17,47	18,39	18,41	18,03	17,57	17,03	16,48	15,94	15,35	14,68	14,00	13,33	14,84	0
25/05/2020 21:00:00	14,77	17,69	18,62	18,59	18,24	17,72	17,14	16,56	16,00	15,39	14,69	13,99	13,29	14,87	0
25/05/2020 21:05:00	14,64	17,11	18,20	18,38	18,24	17,85	17,33	16,82	16,31	15,72	15,01	14,28	13,55	13,95	0
25/05/2020 21:10:00	14,55	17,00	18,20	18,38	18,22	17,85	17,34	16,83	16,31	15,71	14,98	14,24	13,50	13,70	0
25/05/2020 21:15:00	14,68	16,72	17,71	17,88	17,76	17,46	17,02	16,57	16,11	15,58	14,94	14,28	13,62	13,30	0
25/05/2020 21:20:00	14,58	16,55	17,52	17,74	17,65	17,36	16,97	16,56	16,12	15,62	15,00	14,36	13,72	13,12	0
25/05/2020 21:25:00	14,49	16,29	17,07	17,25	17,20	16,96	16,60	16,22	15,82	15,38	14,84	14,27	13,71	13,09	0
25/05/2020 21:30:00	14,03	15,97	16,85	16,99	16,94	16,73	16,35	15,96	15,55	15,10	14,56	14,00	13,43	13,15	0
25/05/2020 21:35:00	13,78	15,82	16,82	17,00	16,87	16,56	16,08	15,61	15,14	14,60	13,95	13,27	12,60	13,16	0
25/05/2020 21:40:00	13,81	15,85	16,83	16,92	16,79	16,48	16,03	15,57	15,10	14,58	13,96	13,32	12,68	13,07	0
25/05/2020 21:45:00	13,93	15,79	16,55	16,67	16,53	16,24	15,83	15,41	14,98	14,50	13,93	13,35	12,77	13,13	0
25/05/2020 21:50:00	13,46	15,43	16,30	16,38	16,24	15,98	15,59	15,19	14,75	14,29	13,74	13,18	12,61	13,13	0
25/05/2020 21:55:00	13,21	15,23	16,05	16,14	16,00	15,64	15,20	14,75	14,30	13,80	13,22	12,62	12,02	13,07	0
25/05/2020 22:00:00	13,22	15,20	15,95	16,00	15,82	15,53	15,10	14,67	14,23	13,76	13,21	12,66	12,10	13,22	0
25/05/2020 22:05:00	13,27	15,14	15,94	16,10	15,97	15,70	15,30	14,88	14,46	13,99	13,43	12,86	12,28	13,18	0
25/05/2020 22:10:00	13,23	15,02	15,95	16,18	16,12	15,84	15,49	15,11	14,69	14,22	13,64	13,05	12,45	13,37	0
25/05/2020 22:15:00	13,30	15,13	16,03	16,18	16,11	15,88	15,47	15,06	14,63	14,16	13,60	13,01	12,42	13,09	0
25/05/2020 22:20:00	13,22	15,15	15,99	16,12	16,00	15,73	15,33	14,92	14,49	14,02	13,46	12,89	12,32	12,85	0
25/05/2020 22:25:00	12,90	14,92	15,73	15,88	15,81	15,51	15,10	14,68	14,26	13,79	13,24	12,67	12,10	12,89	0
25/05/2020 22:30:00	12,82	15,02	15,89	16,07	15,98	15,67	15,24	14,81	14,36	13,88	13,30	12,71	12,12	12,81	0
25/05/2020 22:35:00	12,83	14,84	15,74	15,90	15,75	15,46	15,04	14,61	14,17	13,67	13,09	12,49	11,89	12,78	0
25/05/2020 22:40:00	12,83	14,72	15,66	15,79	15,67	15,39	15,03	14,63	14,19	13,71	13,14	12,55	11,96	12,69	0
25/05/2020 22:45:00	12,81	14,82	15,74	15,89	15,78	15,53	15,09	14,64	14,20	13,71	13,12	12,52	11,92	12,72	0
25/05/2020 22:50:00	12,63	14,68	15,65	15,96	15,98	15,75	15,40	15,02	14,62	14,16	13,60	13,02	12,43	12,55	0
25/05/2020 22:55:00	12,34	14,57	15,74	16,00	15,88	15,62	15,27	14,87	14,41	13,90	13,28	12,65	12,02	12,50	0
25/05/2020 23:00:00	12,48	15,04	16,12	16,37	16,33	16,03	15,66	15,24	14,79	14,30	13,70	13,10	12,49	12,46	0
25/05/2020 23:05:00	12,20	14,97	16,16	16,45	16,41	16,20	15,74	15,27	14,81	14,29	13,68	13,05	12,42	12,22	0
25/05/2020 23:10:00	12,05	15,03	16,38	16,66	16,64	16,36	15,92	15,46	14,96	14,42	13,77	13,10	12,44	12,15	0
25/05/2020 23:15:00	11,99	15,13	16,41	16,76	16,74	16,48	16,04	15,59	15,11	14,58	13,95	13,31	12,66	11,99	0
25/05/2020 23:20:00	11,93	14,98	16,46	16,84	16,90	16,61	16,21	15,76	15,27	14,72	14,04	13,34	12,65	11,76	0
25/05/2020 23:25:00	11,76	14,91	16,59	17,08	17,16	16,95	16,47	15,98	15,48	14,89	14,16	13,40	12,64	11,55	0
25/05/2020 23:30:00	11,48	14,77	16,48	17,02	17,09	16,87	16,47	16,01	15,52	14,94	14,22	13,47	12,73	11,42	0
25/05/2020 23:35:00	11,20	14,50	16,24	16,75	16,80	16,65	16,19	15,72	15,21	14,63	13,91	13,17	12,43	11,25	0
25/05/2020 23:40:00	11,07	14,43	16,36	16,91	16,95	16,76	16,30	15,81	15,28	14,65	13,87	13,07	12,27	11,13	0
25/05/2020 23:45:00	10,90	14,35	16,28	16,85	16,96	16,69	16,30	15,85	15,32	14,71	13,93	13,14	12,35	10,96	0
25/05/2020 23:50:00	10,78	14,31	16,35	16,93	17,06	16,82	16,42	15,96	15,43	14,79	14,00	13,20	12,39	10,76	0
25/05/2020 23:55:00	10,67	14,22	16,31	16,93	17,03	16,84	16,41	15,93	15,39	14,76	13,95	13,13	12,31	10,45	0
