FileFormat:0002.2 file with temperature of atmosphere
200
local	GMT or Local
0	GMT-Local=[hours]
0	Height[m]
0	0	0	Longitude                [grd]               [min]               [sec]
0	0	0	Latitude                [grd]               [min]               [sec]
N	NS
59,40	Freq[GHz]
0,00	dTemostat[K]
0,150	MessErr[K]
0,248	//[grad/step]
version 14.0.20110218
MTP5H033F5940K-33.00D180214+A1.1
Commentary:
enter comment
End Of Commentary

SYSTEM\summer.dat
data time	0	50	100	150	200	250	300	350	400	450	500	550	600	OutsideTemperature	Quality
22/09/2020 00:00:00	12,22	12,17	11,97	11,72	11,40	11,11	10,78	10,47	10,16	9,85	9,54	9,20	8,87	12,19	0
22/09/2020 00:05:00	12,19	12,22	11,95	11,67	11,36	11,07	10,73	10,41	10,11	9,82	9,53	9,22	8,91	12,19	0
22/09/2020 00:10:00	12,22	12,28	12,05	11,75	11,44	11,16	10,78	10,44	10,12	9,82	9,51	9,19	8,87	12,20	0
22/09/2020 00:15:00	12,10	12,15	11,93	11,67	11,37	11,07	10,72	10,38	10,07	9,77	9,46	9,13	8,81	12,15	0
22/09/2020 00:20:00	12,14	12,11	11,82	11,49	11,17	10,85	10,51	10,19	9,88	9,58	9,29	8,99	8,69	12,09	0
22/09/2020 00:25:00	12,06	12,04	11,79	11,48	11,20	10,87	10,54	10,23	9,92	9,62	9,33	9,02	8,71	12,10	0
22/09/2020 00:30:00	11,98	12,02	11,77	11,54	11,25	10,92	10,59	10,28	9,97	9,68	9,37	9,05	8,73	12,10	0
22/09/2020 00:35:00	12,08	12,04	11,78	11,50	11,24	10,91	10,59	10,28	9,98	9,69	9,39	9,08	8,77	12,09	0
22/09/2020 00:40:00	12,06	12,01	11,81	11,49	11,23	10,92	10,62	10,33	10,03	9,74	9,45	9,14	8,84	12,05	0
22/09/2020 00:45:00	12,00	12,01	11,74	11,43	11,13	10,84	10,49	10,16	9,86	9,57	9,29	8,99	8,69	12,05	0
22/09/2020 00:50:00	12,01	12,00	11,75	11,48	11,17	10,88	10,52	10,20	9,89	9,59	9,29	8,98	8,66	11,99	0
22/09/2020 00:55:00	12,01	12,04	11,79	11,53	11,24	10,94	10,64	10,34	10,05	9,76	9,48	9,18	8,88	12,02	0
22/09/2020 01:00:00	11,97	12,00	11,77	11,52	11,24	10,90	10,61	10,32	10,01	9,72	9,42	9,11	8,79	12,04	0
22/09/2020 01:05:00	11,98	12,05	11,86	11,64	11,34	11,02	10,65	10,31	9,99	9,67	9,34	8,99	8,64	12,04	0
22/09/2020 01:10:00	12,03	12,02	11,80	11,55	11,26	10,98	10,69	10,39	10,10	9,81	9,53	9,23	8,92	12,09	0
22/09/2020 01:15:00	12,08	12,07	11,87	11,57	11,29	11,03	10,70	10,39	10,09	9,81	9,52	9,22	8,91	12,04	0
22/09/2020 01:20:00	12,01	12,06	11,88	11,58	11,30	10,98	10,64	10,31	9,99	9,68	9,37	9,04	8,71	12,06	0
22/09/2020 01:25:00	12,03	12,02	11,83	11,50	11,21	10,89	10,55	10,23	9,92	9,61	9,31	8,99	8,67	12,07	0
22/09/2020 01:30:00	12,09	12,09	11,81	11,51	11,22	10,90	10,53	10,20	9,89	9,59	9,29	8,97	8,65	12,12	0
22/09/2020 01:35:00	12,03	12,03	11,80	11,49	11,14	10,88	10,53	10,21	9,90	9,60	9,31	9,01	8,71	12,06	0
22/09/2020 01:40:00	12,07	12,06	11,81	11,51	11,25	10,86	10,56	10,25	9,94	9,64	9,33	9,02	8,70	12,05	0
22/09/2020 01:45:00	12,04	11,97	11,72	11,45	11,11	10,77	10,42	10,10	9,78	9,46	9,14	8,80	8,46	12,00	0
22/09/2020 01:50:00	12,01	11,99	11,73	11,44	11,08	10,73	10,42	10,11	9,79	9,48	9,18	8,86	8,55	12,00	0
22/09/2020 01:55:00	12,00	11,98	11,66	11,35	11,01	10,66	10,38	10,10	9,79	9,51	9,23	8,95	8,67	11,99	0
22/09/2020 02:00:00	11,92	11,90	11,64	11,28	10,98	10,62	10,37	10,09	9,79	9,51	9,24	8,97	8,69	11,95	0
22/09/2020 02:05:00	11,85	11,83	11,59	11,36	11,01	10,72	10,46	10,18	9,88	9,60	9,32	9,03	8,74	11,92	0
22/09/2020 02:10:00	11,90	11,89	11,71	11,45	11,16	10,91	10,60	10,31	10,01	9,73	9,44	9,14	8,84	11,86	0
22/09/2020 02:15:00	11,73	11,91	11,73	11,48	11,16	10,83	10,56	10,28	9,96	9,67	9,37	9,07	8,76	11,80	0
22/09/2020 02:20:00	11,74	11,86	11,73	11,46	11,17	10,89	10,56	10,24	9,93	9,62	9,32	9,00	8,68	11,70	0
22/09/2020 02:25:00	11,65	11,78	11,62	11,37	11,06	10,80	10,52	10,23	9,93	9,65	9,37	9,08	8,78	11,67	0
22/09/2020 02:30:00	11,66	11,66	11,47	11,17	10,88	10,59	10,27	9,97	9,66	9,37	9,07	8,77	8,46	11,71	0
22/09/2020 02:35:00	11,70	11,74	11,51	11,15	10,85	10,57	10,28	9,99	9,69	9,42	9,16	8,90	8,63	11,65	0
22/09/2020 02:40:00	11,53	11,88	11,74	11,42	11,11	10,87	10,54	10,22	9,91	9,62	9,34	9,06	8,77	11,60	0
22/09/2020 02:45:00	11,49	11,77	11,65	11,38	11,16	10,91	10,58	10,26	9,95	9,66	9,38	9,08	8,78	11,51	0
22/09/2020 02:50:00	11,52	11,68	11,53	11,27	10,98	10,68	10,39	10,09	9,78	9,49	9,20	8,89	8,59	11,43	0
22/09/2020 02:55:00	11,56	11,55	11,35	11,07	10,77	10,51	10,24	9,96	9,67	9,39	9,12	8,84	8,56	11,57	0
22/09/2020 03:00:00	11,63	11,47	11,22	10,92	10,62	10,38	10,13	9,88	9,60	9,34	9,09	8,84	8,58	11,60	0
22/09/2020 03:05:00	11,66	11,70	11,49	11,22	10,94	10,71	10,41	10,11	9,82	9,55	9,28	9,00	8,72	11,67	0
22/09/2020 03:10:00	11,62	11,64	11,42	11,15	10,93	10,67	10,40	10,13	9,85	9,59	9,33	9,06	8,79	11,63	0
22/09/2020 03:15:00	11,71	11,70	11,49	11,24	10,95	10,65	10,39	10,11	9,81	9,53	9,25	8,96	8,67	11,64	0
22/09/2020 03:20:00	11,68	11,68	11,44	11,14	10,84	10,57	10,29	10,01	9,71	9,44	9,18	8,91	8,65	11,70	0
22/09/2020 03:25:00	11,72	11,74	11,51	11,23	10,96	10,68	10,42	10,15	9,86	9,59	9,32	9,05	8,77	11,71	0
22/09/2020 03:30:00	11,65	11,63	11,38	11,09	10,82	10,49	10,22	9,94	9,65	9,37	9,10	8,81	8,53	11,73	0
22/09/2020 03:35:00	11,74	11,71	11,45	11,21	10,91	10,58	10,32	10,04	9,75	9,47	9,19	8,90	8,61	11,72	0
22/09/2020 03:40:00	11,75	11,75	11,56	11,25	10,94	10,64	10,36	10,07	9,76	9,47	9,19	8,89	8,60	11,76	0
22/09/2020 03:45:00	11,76	11,73	11,48	11,16	10,91	10,65	10,36	10,08	9,79	9,53	9,27	9,01	8,74	11,78	0
22/09/2020 03:50:00	11,79	11,72	11,49	11,22	10,95	10,70	10,45	10,19	9,91	9,65	9,39	9,13	8,86	11,82	0
22/09/2020 03:55:00	11,82	11,81	11,55	11,24	10,90	10,58	10,28	9,98	9,67	9,38	9,09	8,80	8,51	11,84	0
22/09/2020 04:00:00	11,81	11,87	11,62	11,34	11,05	10,79	10,47	10,17	9,88	9,60	9,33	9,05	8,77	11,90	0
22/09/2020 04:05:00	11,90	11,90	11,62	11,30	11,03	10,69	10,40	10,12	9,82	9,54	9,27	8,99	8,71	11,90	0
22/09/2020 04:10:00	11,87	11,95	11,69	11,38	11,08	10,77	10,48	10,18	9,88	9,60	9,33	9,05	8,76	11,95	0
22/09/2020 04:15:00	11,93	11,90	11,64	11,38	11,12	10,85	10,61	10,35	10,08	9,82	9,57	9,31	9,05	11,86	0
22/09/2020 04:20:00	11,84	11,79	11,60	11,37	11,12	10,92	10,65	10,38	10,11	9,85	9,60	9,33	9,05	11,89	0
22/09/2020 04:25:00	11,88	11,85	11,66	11,37	11,11	10,95	10,64	10,36	10,08	9,83	9,58	9,32	9,06	11,87	0
22/09/2020 04:30:00	11,89	11,96	11,71	11,41	11,14	10,84	10,58	10,31	10,02	9,75	9,49	9,23	8,96	11,93	0
22/09/2020 04:35:00	11,96	11,91	11,69	11,42	11,10	10,85	10,61	10,34	10,06	9,79	9,53	9,26	8,99	11,92	0
22/09/2020 04:40:00	12,02	11,97	11,68	11,43	11,24	10,99	10,73	10,47	10,20	9,96	9,72	9,46	9,21	11,97	0
22/09/2020 04:45:00	11,98	11,99	11,75	11,47	11,19	10,96	10,67	10,39	10,11	9,85	9,59	9,33	9,06	11,99	0
22/09/2020 04:50:00	12,01	11,98	11,75	11,48	11,20	10,97	10,72	10,46	10,18	9,92	9,67	9,41	9,15	12,03	0
22/09/2020 04:55:00	12,08	12,04	11,77	11,51	11,23	10,99	10,80	10,58	10,31	10,08	9,85	9,62	9,38	12,03	0
22/09/2020 05:00:00	12,11	12,03	11,80	11,56	11,31	11,06	10,84	10,60	10,33	10,08	9,83	9,57	9,30	12,03	0
22/09/2020 05:05:00	11,98	12,06	11,87	11,63	11,42	11,17	10,93	10,67	10,40	10,14	9,89	9,63	9,36	12,04	0
22/09/2020 05:10:00	12,04	12,09	11,83	11,56	11,31	11,09	10,84	10,59	10,32	10,07	9,84	9,60	9,35	12,10	0
22/09/2020 05:15:00	12,04	12,10	11,93	11,69	11,45	11,23	10,98	10,72	10,44	10,18	9,93	9,66	9,39	12,12	0
22/09/2020 05:20:00	12,07	12,22	12,05	11,75	11,53	11,27	11,01	10,74	10,45	10,19	9,93	9,66	9,40	12,14	0
22/09/2020 05:25:00	12,08	12,15	11,98	11,68	11,41	11,15	10,89	10,61	10,32	10,04	9,78	9,50	9,22	12,07	0
22/09/2020 05:30:00	11,99	12,10	11,88	11,61	11,38	11,17	10,91	10,65	10,38	10,13	9,90	9,65	9,40	12,02	0
22/09/2020 05:35:00	11,80	12,11	11,94	11,67	11,40	11,15	10,89	10,61	10,32	10,05	9,80	9,53	9,27	11,86	0
22/09/2020 05:40:00	11,77	11,98	11,92	11,68	11,50	11,31	11,04	10,76	10,48	10,21	9,94	9,66	9,38	11,74	0
22/09/2020 05:45:00	11,59	11,97	11,92	11,68	11,49	11,20	10,93	10,65	10,35	10,06	9,77	9,46	9,16	11,63	0
22/09/2020 05:50:00	11,60	11,92	11,78	11,52	11,27	10,99	10,75	10,48	10,19	9,92	9,66	9,39	9,12	11,58	0
22/09/2020 05:55:00	11,66	11,73	11,53	11,32	11,13	10,98	10,82	10,62	10,38	10,17	9,98	9,78	9,57	11,55	0
22/09/2020 06:00:00	11,51	11,58	11,43	11,23	11,06	10,91	10,79	10,61	10,37	10,17	9,98	9,77	9,57	11,47	0
22/09/2020 06:05:00	11,42	11,56	11,38	11,21	11,05	10,97	10,82	10,64	10,43	10,24	10,08	9,90	9,73	11,43	0
22/09/2020 06:10:00	11,44	11,65	11,48	11,28	11,10	10,93	10,75	10,55	10,30	10,08	9,88	9,67	9,46	11,39	0
22/09/2020 06:15:00	11,34	11,55	11,37	11,13	10,98	10,86	10,71	10,52	10,29	10,10	9,94	9,77	9,59	11,33	0
22/09/2020 06:20:00	11,33	11,42	11,27	11,12	10,98	10,83	10,67	10,47	10,23	10,02	9,81	9,59	9,37	11,37	0
22/09/2020 06:25:00	11,25	11,46	11,33	11,14	10,95	10,81	10,64	10,43	10,18	9,97	9,77	9,55	9,34	11,29	0
22/09/2020 06:30:00	11,07	11,43	11,33	11,22	11,14	11,00	10,88	10,71	10,48	10,28	10,10	9,90	9,70	11,28	0
22/09/2020 06:35:00	11,04	11,54	11,53	11,52	11,44	11,36	11,21	11,02	10,80	10,60	10,40	10,18	9,97	11,28	0
22/09/2020 06:40:00	11,29	11,53	11,41	11,19	10,99	10,88	10,74	10,55	10,31	10,11	9,93	9,74	9,55	11,28	0
22/09/2020 06:45:00	11,38	11,41	11,27	11,11	10,96	10,76	10,60	10,40	10,16	9,93	9,71	9,48	9,24	11,38	0
22/09/2020 06:50:00	11,44	11,30	11,10	10,99	10,92	10,97	10,92	10,82	10,66	10,54	10,45	10,34	10,22	11,48	0
22/09/2020 06:55:00	11,47	11,42	11,26	11,04	10,95	10,84	10,70	10,52	10,31	10,12	9,95	9,76	9,57	11,39	0
22/09/2020 07:00:00	11,45	11,37	11,15	10,98	10,81	10,66	10,62	10,50	10,29	10,12	9,97	9,80	9,63	11,45	0
22/09/2020 07:05:00	11,35	11,42	11,29	11,17	11,03	10,93	10,80	10,63	10,41	10,21	10,04	9,84	9,64	11,43	0
22/09/2020 07:10:00	11,45	11,44	11,20	11,00	10,92	10,81	10,70	10,54	10,34	10,17	10,03	9,88	9,72	11,42	0
22/09/2020 07:15:00	11,38	11,41	11,18	10,95	10,86	10,86	10,74	10,59	10,41	10,27	10,17	10,05	9,93	11,37	0
22/09/2020 07:20:00	11,35	11,19	10,96	10,82	10,74	10,70	10,62	10,49	10,31	10,16	10,04	9,90	9,75	11,30	0
22/09/2020 07:25:00	11,32	11,21	10,99	10,80	10,65	10,58	10,47	10,31	10,11	9,94	9,80	9,64	9,48	11,29	0
22/09/2020 07:30:00	11,32	11,35	11,01	10,87	10,72	10,66	10,60	10,49	10,31	10,17	10,08	9,96	9,85	11,34	0
22/09/2020 07:35:00	11,36	11,21	10,94	10,73	10,59	10,52	10,40	10,24	10,04	9,88	9,75	9,60	9,46	11,41	0
22/09/2020 07:40:00	11,46	11,28	10,96	10,76	10,60	10,48	10,34	10,17	9,97	9,79	9,65	9,48	9,32	11,48	0
22/09/2020 07:45:00	11,53	11,27	10,92	10,72	10,62	10,60	10,56	10,47	10,31	10,20	10,13	10,04	9,95	11,52	0
22/09/2020 07:50:00	11,52	11,21	10,80	10,54	10,45	10,45	10,40	10,31	10,17	10,07	10,03	9,97	9,91	11,53	0
22/09/2020 07:55:00	11,56	11,31	11,01	10,78	10,57	10,52	10,39	10,24	10,04	9,87	9,74	9,59	9,44	11,55	0
22/09/2020 08:00:00	11,64	11,37	10,99	10,73	10,57	10,49	10,48	10,40	10,22	10,10	10,03	9,94	9,86	11,68	0
22/09/2020 08:05:00	11,72	11,45	11,08	10,83	10,74	10,66	10,54	10,40	10,22	10,08	9,97	9,84	9,72	11,68	0
22/09/2020 08:10:00	11,82	11,46	11,00	10,68	10,51	10,47	10,41	10,29	10,13	10,02	9,97	9,90	9,83	11,76	0
22/09/2020 08:15:00	11,79	11,46	11,04	10,76	10,61	10,49	10,37	10,22	10,03	9,88	9,76	9,63	9,50	11,77	0
22/09/2020 08:20:00	11,80	11,43	11,00	10,80	10,75	10,77	10,71	10,61	10,48	10,39	10,34	10,27	10,21	11,84	0
22/09/2020 08:25:00	11,76	11,41	11,00	10,74	10,54	10,45	10,37	10,24	10,06	9,92	9,83	9,71	9,60	11,80	0
22/09/2020 08:30:00	11,78	11,40	10,98	10,80	10,71	10,83	10,82	10,76	10,64	10,58	10,57	10,54	10,51	11,84	0
22/09/2020 08:35:00	11,89	11,38	10,85	10,65	10,63	10,65	10,68	10,65	10,55	10,50	10,50	10,49	10,47	11,86	0
22/09/2020 08:40:00	11,95	11,38	10,98	10,74	10,65	10,70	10,73	10,68	10,56	10,49	10,47	10,43	10,39	11,88	0
22/09/2020 08:45:00	12,02	11,52	11,07	10,83	10,65	10,52	10,45	10,32	10,14	10,00	9,88	9,75	9,62	12,02	0
22/09/2020 08:50:00	11,89	11,40	10,91	10,66	10,51	10,49	10,42	10,31	10,16	10,05	9,99	9,91	9,83	12,11	0
22/09/2020 08:55:00	12,11	11,41	10,81	10,52	10,36	10,37	10,29	10,20	10,06	9,98	9,95	9,90	9,84	12,38	0
22/09/2020 09:00:00	12,43	11,78	11,30	11,00	10,82	10,73	10,63	10,50	10,33	10,19	10,09	9,96	9,84	12,28	0
22/09/2020 09:05:00	12,35	11,85	11,35	11,03	10,81	10,70	10,59	10,45	10,27	10,13	10,03	9,92	9,80	12,54	0
22/09/2020 09:10:00	12,45	11,89	11,41	11,10	10,92	10,79	10,65	10,50	10,31	10,16	10,03	9,89	9,75	12,64	0
22/09/2020 09:15:00	12,42	12,00	11,50	11,17	10,96	10,81	10,67	10,50	10,31	10,15	10,03	9,90	9,77	12,59	0
22/09/2020 09:20:00	12,54	12,12	11,67	11,37	11,14	11,05	10,88	10,71	10,51	10,36	10,23	10,09	9,94	12,69	0
22/09/2020 09:25:00	12,72	12,26	11,74	11,38	11,19	11,07	10,96	10,81	10,63	10,50	10,40	10,29	10,18	12,82	0
22/09/2020 09:30:00	12,84	12,31	11,71	11,35	11,15	10,99	10,87	10,73	10,55	10,41	10,32	10,21	10,11	12,93	0
22/09/2020 09:35:00	12,98	12,41	11,84	11,45	11,20	11,02	10,91	10,75	10,56	10,41	10,30	10,18	10,06	13,09	0
22/09/2020 09:40:00	12,97	12,50	12,02	11,67	11,47	11,35	11,22	11,07	10,88	10,74	10,63	10,51	10,38	13,10	0
22/09/2020 09:45:00	13,34	12,59	11,99	11,60	11,31	11,22	11,16	11,06	10,89	10,78	10,72	10,64	10,56	13,35	0
22/09/2020 09:50:00	13,54	12,48	11,90	11,56	11,34	11,22	11,07	10,92	10,73	10,58	10,44	10,27	10,11	13,45	0
22/09/2020 09:55:00	13,18	12,64	12,15	11,74	11,54	11,40	11,31	11,17	10,98	10,84	10,74	10,63	10,51	13,55	0
22/09/2020 10:00:00	13,34	12,66	12,14	11,76	11,50	11,28	11,20	11,07	10,86	10,70	10,57	10,42	10,27	13,65	0
22/09/2020 10:05:00	13,80	12,84	12,22	11,81	11,60	11,51	11,43	11,32	11,16	11,05	10,98	10,88	10,79	13,72	0
22/09/2020 10:10:00	13,65	12,84	12,22	11,86	11,71	11,66	11,64	11,57	11,45	11,37	11,35	11,30	11,25	13,73	0
22/09/2020 10:15:00	13,69	13,10	12,55	12,17	11,88	11,67	11,48	11,29	11,07	10,88	10,72	10,54	10,35	13,86	0
22/09/2020 10:20:00	13,97	13,19	12,59	12,23	11,99	11,86	11,67	11,49	11,30	11,14	11,00	10,83	10,67	14,12	0
22/09/2020 10:25:00	13,77	13,17	12,61	12,27	11,99	11,78	11,62	11,44	11,23	11,05	10,89	10,72	10,54	13,99	0
22/09/2020 10:30:00	14,07	13,28	12,70	12,32	12,09	11,93	11,74	11,56	11,36	11,19	11,05	10,87	10,70	14,34	0
22/09/2020 10:35:00	14,19	13,47	12,89	12,53	12,25	12,03	11,84	11,65	11,44	11,24	11,07	10,88	10,68	14,44	0
22/09/2020 10:40:00	14,20	13,66	12,98	12,63	12,37	12,23	12,10	11,95	11,77	11,64	11,55	11,43	11,31	14,79	0
22/09/2020 10:45:00	14,60	13,81	13,08	12,64	12,32	12,11	11,93	11,75	11,55	11,39	11,26	11,11	10,96	15,11	0
22/09/2020 10:50:00	14,41	13,85	13,27	12,91	12,64	12,45	12,27	12,08	11,87	11,70	11,54	11,37	11,19	15,09	0
22/09/2020 10:55:00	14,63	14,09	13,44	13,02	12,67	12,45	12,24	12,03	11,81	11,62	11,47	11,30	11,12	14,96	0
22/09/2020 11:00:00	14,95	14,13	13,35	12,94	12,59	12,34	12,23	12,09	11,90	11,76	11,65	11,53	11,40	15,05	0
22/09/2020 11:05:00	14,87	14,21	13,51	13,08	12,80	12,57	12,34	12,13	11,92	11,74	11,58	11,40	11,23	15,54	0
22/09/2020 11:10:00	15,15	14,35	13,62	13,16	12,79	12,58	12,37	12,17	11,96	11,79	11,64	11,47	11,31	15,49	0
22/09/2020 11:15:00	15,39	14,39	13,58	13,13	12,88	12,73	12,62	12,49	12,34	12,23	12,16	12,06	11,97	16,02	0
22/09/2020 11:20:00	15,20	14,57	13,87	13,45	13,15	12,94	12,72	12,51	12,30	12,12	11,97	11,79	11,62	15,64	0
22/09/2020 11:25:00	15,28	14,67	14,00	13,57	13,20	12,91	12,68	12,45	12,21	12,00	11,80	11,59	11,38	15,78	0
22/09/2020 11:30:00	15,39	14,85	14,18	13,75	13,37	13,08	12,84	12,61	12,37	12,16	11,96	11,75	11,54	16,19	0
22/09/2020 11:35:00	15,69	14,99	14,26	13,78	13,37	13,05	12,73	12,45	12,19	11,95	11,72	11,48	11,23	16,38	0
22/09/2020 11:40:00	15,65	14,92	14,20	13,70	13,35	13,09	12,87	12,66	12,44	12,25	12,09	11,91	11,74	16,31	0
22/09/2020 11:45:00	15,75	15,14	14,45	13,96	13,51	13,13	12,87	12,61	12,34	12,09	11,87	11,62	11,38	16,26	0
22/09/2020 11:50:00	15,25	15,09	14,55	14,10	13,69	13,36	13,11	12,84	12,57	12,33	12,10	11,87	11,63	16,15	0
22/09/2020 11:55:00	15,42	15,23	14,62	14,17	13,81	13,49	13,18	12,89	12,63	12,39	12,16	11,92	11,69	16,40	0
22/09/2020 12:00:00	15,72	15,59	14,94	14,50	14,08	13,68	13,33	13,02	12,72	12,45	12,19	11,91	11,63	17,05	0
22/09/2020 12:05:00	15,80	15,68	14,95	14,44	13,99	13,62	13,31	13,01	12,73	12,49	12,28	12,06	11,83	16,71	0
22/09/2020 12:10:00	15,85	15,83	15,26	14,70	14,21	13,79	13,41	13,06	12,73	12,43	12,14	11,85	11,56	17,09	0
22/09/2020 12:15:00	15,87	15,89	15,33	14,84	14,37	13,96	13,63	13,31	13,00	12,71	12,44	12,16	11,87	16,88	0
22/09/2020 12:20:00	16,12	15,87	15,28	14,79	14,42	14,17	13,88	13,60	13,35	13,12	12,92	12,70	12,47	17,34	0
22/09/2020 12:25:00	16,04	15,83	15,29	14,81	14,37	14,03	13,69	13,37	13,07	12,79	12,52	12,23	11,94	17,27	0
22/09/2020 12:30:00	16,29	15,86	15,23	14,78	14,33	14,00	13,71	13,44	13,17	12,91	12,67	12,41	12,15	17,22	0
22/09/2020 12:35:00	16,61	16,12	15,35	14,82	14,37	13,98	13,65	13,35	13,07	12,82	12,57	12,31	12,05	17,28	0
22/09/2020 12:40:00	16,85	16,02	15,24	14,79	14,41	14,07	13,75	13,47	13,22	12,97	12,72	12,45	12,17	17,72	0
22/09/2020 12:45:00	16,98	16,14	15,38	14,88	14,48	14,17	13,83	13,54	13,28	13,03	12,78	12,50	12,23	17,79	0
22/09/2020 12:50:00	16,59	16,09	15,54	15,16	14,82	14,49	14,20	13,92	13,66	13,40	13,12	12,83	12,53	17,45	0
22/09/2020 12:55:00	16,77	16,31	15,76	15,31	14,95	14,62	14,31	14,02	13,74	13,47	13,20	12,90	12,61	17,86	0
22/09/2020 13:00:00	16,74	16,36	15,81	15,39	15,02	14,71	14,38	14,09	13,81	13,54	13,26	12,96	12,66	17,69	0
22/09/2020 13:05:00	17,09	16,51	15,94	15,54	15,18	14,83	14,52	14,24	13,96	13,69	13,40	13,08	12,77	18,33	0
22/09/2020 13:10:00	17,40	16,78	16,08	15,59	15,19	14,82	14,48	14,18	13,91	13,64	13,37	13,07	12,78	18,32	0
22/09/2020 13:15:00	17,46	16,99	16,37	15,87	15,40	15,00	14,65	14,33	14,02	13,72	13,42	13,10	12,78	18,62	0
22/09/2020 13:20:00	17,69	17,05	16,44	15,96	15,49	15,04	14,66	14,31	13,99	13,66	13,31	12,93	12,56	18,94	0
22/09/2020 13:25:00	17,72	17,02	16,34	15,82	15,41	15,06	14,77	14,50	14,24	13,99	13,75	13,48	13,22	18,87	0
22/09/2020 13:30:00	17,66	16,97	16,42	15,99	15,63	15,31	14,99	14,71	14,43	14,16	13,86	13,53	13,21	18,79	0
22/09/2020 13:35:00	17,80	16,94	16,30	15,82	15,42	15,08	14,76	14,48	14,21	13,94	13,65	13,34	13,03	18,75	0
22/09/2020 13:40:00	17,78	16,92	16,26	15,85	15,52	15,19	14,89	14,62	14,36	14,11	13,83	13,53	13,22	18,49	0
22/09/2020 13:45:00	17,46	16,93	16,41	15,93	15,52	15,14	14,84	14,55	14,25	13,97	13,67	13,36	13,04	18,34	0
22/09/2020 13:50:00	17,49	17,23	16,78	16,37	16,00	15,64	15,29	14,98	14,67	14,37	14,05	13,70	13,35	18,40	0
22/09/2020 13:55:00	17,15	17,12	16,82	16,43	16,05	15,67	15,30	14,96	14,63	14,30	13,93	13,55	13,16	18,32	0
22/09/2020 14:00:00	17,37	17,23	16,83	16,40	16,01	15,59	15,21	14,86	14,53	14,19	13,83	13,45	13,06	18,19	0
22/09/2020 14:05:00	17,56	17,23	16,77	16,37	15,98	15,65	15,37	15,09	14,81	14,53	14,24	13,93	13,62	18,58	0
22/09/2020 14:10:00	17,63	17,31	16,86	16,47	16,09	15,75	15,40	15,09	14,78	14,48	14,15	13,79	13,43	18,67	0
22/09/2020 14:15:00	17,82	17,69	17,32	16,95	16,61	16,26	15,91	15,59	15,28	14,96	14,62	14,25	13,88	18,66	0
22/09/2020 14:20:00	17,83	17,72	17,39	16,99	16,60	16,24	15,90	15,57	15,25	14,92	14,57	14,19	13,82	18,72	0
22/09/2020 14:25:00	18,24	17,80	17,29	16,88	16,51	16,17	15,83	15,53	15,24	14,94	14,63	14,28	13,94	18,96	0
22/09/2020 14:30:00	18,07	17,88	17,39	16,95	16,56	16,19	15,86	15,55	15,25	14,96	14,66	14,33	14,00	18,72	0
22/09/2020 14:35:00	18,19	17,95	17,53	17,12	16,67	16,25	15,91	15,58	15,25	14,92	14,56	14,18	13,79	18,99	0
22/09/2020 14:40:00	18,36	18,06	17,54	17,10	16,70	16,31	15,96	15,63	15,33	15,03	14,70	14,35	14,00	19,19	0
22/09/2020 14:45:00	18,21	18,06	17,70	17,30	16,96	16,58	16,22	15,89	15,57	15,24	14,88	14,49	14,10	19,15	0
22/09/2020 14:50:00	18,29	18,20	17,80	17,39	16,96	16,58	16,21	15,87	15,54	15,22	14,85	14,47	14,09	19,39	0
22/09/2020 14:55:00	18,66	18,37	17,84	17,35	16,95	16,56	16,19	15,86	15,56	15,25	14,92	14,58	14,23	19,71	0
22/09/2020 15:00:00	18,70	18,48	18,03	17,61	17,16	16,66	16,24	15,86	15,51	15,14	14,73	14,29	13,85	19,62	0
22/09/2020 15:05:00	18,92	18,52	17,97	17,52	17,10	16,65	16,25	15,90	15,57	15,24	14,86	14,47	14,07	19,87	0
22/09/2020 15:10:00	18,82	18,62	18,15	17,66	17,22	16,80	16,41	16,05	15,72	15,38	15,02	14,64	14,25	19,71	0
22/09/2020 15:15:00	18,92	18,49	18,00	17,60	17,22	16,84	16,48	16,15	15,84	15,52	15,16	14,77	14,38	19,91	0
22/09/2020 15:20:00	18,88	18,65	18,22	17,76	17,32	16,89	16,52	16,18	15,85	15,52	15,15	14,77	14,38	19,97	0
22/09/2020 15:25:00	18,74	18,56	18,10	17,67	17,27	16,84	16,43	16,07	15,74	15,40	15,01	14,61	14,20	19,73	0
22/09/2020 15:30:00	19,06	18,89	18,49	18,07	17,63	17,20	16,80	16,43	16,09	15,73	15,33	14,90	14,48	19,72	0
22/09/2020 15:35:00	19,15	18,93	18,54	18,19	17,76	17,35	16,97	16,62	16,29	15,94	15,54	15,11	14,68	19,94	0
22/09/2020 15:40:00	19,14	18,93	18,53	18,15	17,75	17,34	16,94	16,58	16,24	15,89	15,48	15,04	14,61	20,12	0
22/09/2020 15:45:00	19,18	18,89	18,43	17,96	17,53	17,15	16,79	16,46	16,14	15,82	15,47	15,10	14,73	19,81	0
22/09/2020 15:50:00	19,36	19,22	18,81	18,42	17,98	17,57	17,20	16,85	16,52	16,18	15,79	15,38	14,96	19,71	0
22/09/2020 15:55:00	19,29	19,19	18,81	18,41	18,03	17,69	17,32	16,98	16,66	16,33	15,96	15,57	15,17	19,75	0
22/09/2020 16:00:00	19,36	19,14	18,73	18,32	17,95	17,62	17,29	16,98	16,68	16,38	16,04	15,68	15,32	19,97	0
22/09/2020 16:05:00	19,36	19,16	18,77	18,44	18,06	17,67	17,31	16,98	16,67	16,33	15,94	15,52	15,11	19,83	0
22/09/2020 16:10:00	19,31	19,16	18,79	18,42	18,03	17,65	17,28	16,94	16,62	16,28	15,89	15,47	15,06	20,02	0
22/09/2020 16:15:00	19,21	19,13	18,76	18,34	17,93	17,54	17,17	16,83	16,51	16,17	15,80	15,41	15,02	19,73	0
22/09/2020 16:20:00	19,05	19,13	18,76	18,37	17,96	17,57	17,18	16,83	16,50	16,15	15,77	15,37	14,97	19,61	0
22/09/2020 16:25:00	19,09	19,09	18,80	18,43	18,01	17,58	17,19	16,82	16,47	16,10	15,67	15,22	14,77	19,66	0
22/09/2020 16:30:00	19,25	19,36	19,05	18,64	18,28	17,89	17,52	17,17	16,84	16,51	16,13	15,74	15,34	19,54	0
22/09/2020 16:35:00	19,23	19,34	19,02	18,66	18,27	17,85	17,48	17,12	16,79	16,44	16,05	15,63	15,21	19,45	0
22/09/2020 16:40:00	19,16	19,34	19,06	18,70	18,28	17,90	17,53	17,18	16,84	16,49	16,10	15,69	15,28	19,36	0
22/09/2020 16:45:00	19,31	19,58	19,36	19,01	18,66	18,28	17,91	17,56	17,22	16,87	16,47	16,05	15,62	19,31	0
22/09/2020 16:50:00	19,38	19,62	19,39	19,02	18,63	18,23	17,87	17,53	17,19	16,84	16,45	16,03	15,62	19,42	0
22/09/2020 16:55:00	19,20	19,67	19,43	19,09	18,72	18,30	17,91	17,54	17,19	16,83	16,42	15,99	15,56	19,36	0
22/09/2020 17:00:00	19,29	19,54	19,38	19,06	18,71	18,34	17,99	17,64	17,30	16,95	16,54	16,11	15,68	19,25	0
22/09/2020 17:05:00	19,39	19,73	19,52	19,20	18,84	18,50	18,15	17,81	17,48	17,14	16,76	16,35	15,94	19,27	0
22/09/2020 17:10:00	19,38	19,73	19,56	19,24	18,88	18,49	18,12	17,77	17,42	17,05	16,64	16,20	15,76	19,17	0
22/09/2020 17:15:00	19,18	19,66	19,45	19,11	18,75	18,38	18,00	17,64	17,30	16,95	16,55	16,13	15,72	19,19	0
22/09/2020 17:20:00	19,03	19,60	19,49	19,19	18,80	18,40	18,02	17,65	17,28	16,90	16,48	16,03	15,58	19,07	0
22/09/2020 17:25:00	19,11	19,52	19,39	19,07	18,69	18,31	17,92	17,56	17,20	16,82	16,39	15,94	15,48	18,82	0
22/09/2020 17:30:00	18,88	19,33	19,23	18,93	18,60	18,24	17,86	17,50	17,14	16,77	16,34	15,90	15,45	18,82	0
22/09/2020 17:35:00	18,85	19,31	19,24	18,93	18,56	18,16	17,80	17,44	17,08	16,70	16,27	15,83	15,38	18,74	0
22/09/2020 17:40:00	18,64	19,47	19,38	19,07	18,71	18,32	17,95	17,59	17,23	16,86	16,46	16,04	15,62	18,67	0
22/09/2020 17:45:00	18,54	19,17	19,12	18,87	18,51	18,11	17,73	17,36	16,99	16,61	16,17	15,70	15,24	18,63	0
22/09/2020 17:50:00	18,58	19,12	19,10	18,83	18,48	18,12	17,76	17,41	17,05	16,67	16,25	15,80	15,35	18,51	0
22/09/2020 17:55:00	18,34	19,06	18,99	18,68	18,31	17,97	17,59	17,22	16,87	16,51	16,10	15,68	15,26	18,47	0
22/09/2020 18:00:00	18,43	18,93	18,99	18,77	18,49	18,18	17,83	17,49	17,15	16,77	16,34	15,88	15,42	18,40	0
22/09/2020 18:05:00	18,28	19,03	19,06	18,79	18,45	18,08	17,70	17,33	16,96	16,58	16,15	15,70	15,25	18,32	0
22/09/2020 18:10:00	18,13	18,86	18,93	18,66	18,35	18,06	17,75	17,42	17,08	16,74	16,36	15,95	15,55	18,04	0
22/09/2020 18:15:00	18,25	18,77	18,83	18,62	18,34	18,02	17,67	17,33	16,99	16,62	16,18	15,73	15,27	18,14	0
22/09/2020 18:20:00	18,22	18,66	18,58	18,32	17,98	17,64	17,36	17,06	16,74	16,41	16,05	15,66	15,28	18,07	0
22/09/2020 18:25:00	17,79	18,59	18,70	18,44	18,11	17,79	17,47	17,14	16,79	16,43	16,03	15,61	15,19	17,92	0
22/09/2020 18:30:00	17,93	18,55	18,57	18,34	18,03	17,71	17,37	17,03	16,69	16,33	15,92	15,49	15,06	17,81	0
22/09/2020 18:35:00	17,89	18,49	18,49	18,33	18,11	17,82	17,53	17,23	16,92	16,59	16,21	15,81	15,41	17,85	0
22/09/2020 18:40:00	17,85	18,41	18,50	18,32	18,07	17,78	17,47	17,16	16,83	16,47	16,07	15,63	15,20	17,57	0
22/09/2020 18:45:00	17,54	18,33	18,37	18,19	17,95	17,67	17,39	17,09	16,77	16,44	16,08	15,69	15,30	17,58	0
22/09/2020 18:50:00	17,59	18,24	18,34	18,24	18,04	17,78	17,48	17,18	16,86	16,51	16,11	15,67	15,24	17,33	0
22/09/2020 18:55:00	17,57	18,18	18,11	17,91	17,62	17,31	16,99	16,68	16,35	16,02	15,64	15,25	14,85	17,42	0
22/09/2020 19:00:00	17,38	17,97	18,07	17,88	17,63	17,36	17,08	16,79	16,47	16,14	15,76	15,36	14,96	17,47	0
22/09/2020 19:05:00	17,16	17,98	18,03	17,82	17,53	17,25	16,97	16,67	16,35	16,02	15,66	15,29	14,91	17,31	0
22/09/2020 19:10:00	17,23	17,80	17,96	17,75	17,55	17,31	17,04	16,75	16,43	16,10	15,72	15,32	14,92	17,15	0
22/09/2020 19:15:00	17,11	17,85	17,99	17,85	17,61	17,31	17,00	16,68	16,34	15,98	15,56	15,12	14,68	17,07	0
22/09/2020 19:20:00	17,09	17,47	17,54	17,37	17,18	16,97	16,73	16,47	16,18	15,88	15,53	15,16	14,79	17,01	0
22/09/2020 19:25:00	17,14	17,82	17,90	17,72	17,49	17,26	17,00	16,72	16,41	16,10	15,75	15,38	15,01	17,01	0
22/09/2020 19:30:00	17,05	17,74	17,89	17,78	17,57	17,34	17,09	16,81	16,50	16,18	15,80	15,41	15,01	16,94	0
22/09/2020 19:35:00	16,89	17,70	17,81	17,68	17,47	17,29	17,06	16,79	16,50	16,21	15,88	15,53	15,18	16,80	0
22/09/2020 19:40:00	16,77	17,67	17,88	17,73	17,49	17,24	16,99	16,71	16,39	16,05	15,68	15,30	14,91	16,65	0
22/09/2020 19:45:00	16,72	17,40	17,50	17,34	17,13	16,92	16,68	16,41	16,11	15,80	15,46	15,10	14,74	16,73	0
22/09/2020 19:50:00	16,55	17,27	17,44	17,32	17,18	17,02	16,79	16,54	16,26	15,97	15,64	15,28	14,93	16,67	0
22/09/2020 19:55:00	16,63	17,19	17,32	17,18	17,04	16,90	16,68	16,44	16,17	15,89	15,57	15,23	14,88	16,47	0
22/09/2020 20:00:00	16,56	16,92	16,94	16,81	16,67	16,51	16,33	16,11	15,86	15,60	15,31	14,99	14,67	16,49	0
22/09/2020 20:05:00	16,56	17,10	17,18	17,06	16,91	16,75	16,52	16,27	16,00	15,71	15,39	15,05	14,70	16,55	0
22/09/2020 20:10:00	16,55	17,07	17,11	17,00	16,81	16,64	16,41	16,17	15,89	15,61	15,29	14,95	14,60	16,32	0
22/09/2020 20:15:00	16,26	16,88	16,95	16,84	16,63	16,38	16,18	15,94	15,64	15,34	15,01	14,66	14,31	16,28	0
22/09/2020 20:20:00	16,30	16,67	16,72	16,67	16,58	16,47	16,29	16,08	15,83	15,58	15,29	14,96	14,63	16,12	0
22/09/2020 20:25:00	16,11	16,61	16,68	16,60	16,52	16,38	16,21	16,00	15,75	15,50	15,22	14,91	14,59	16,17	0
22/09/2020 20:30:00	15,87	16,59	16,65	16,55	16,42	16,30	16,12	15,90	15,65	15,40	15,13	14,84	14,55	15,94	0
22/09/2020 20:35:00	16,01	16,52	16,53	16,43	16,32	16,22	16,06	15,86	15,62	15,39	15,14	14,86	14,58	15,97	0
22/09/2020 20:40:00	15,99	16,41	16,42	16,36	16,28	16,18	16,05	15,88	15,66	15,44	15,20	14,92	14,65	15,98	0
22/09/2020 20:45:00	15,89	16,36	16,39	16,33	16,25	16,13	16,01	15,84	15,61	15,39	15,15	14,87	14,60	15,77	0
22/09/2020 20:50:00	15,71	16,37	16,44	16,34	16,27	16,17	16,01	15,81	15,57	15,34	15,09	14,81	14,54	15,82	0
22/09/2020 20:55:00	15,82	16,14	16,19	16,15	16,11	16,03	15,88	15,70	15,48	15,25	15,00	14,71	14,42	15,74	0
22/09/2020 21:00:00	15,62	16,18	16,26	16,21	16,13	16,02	15,87	15,68	15,44	15,20	14,94	14,65	14,36	15,70	0
22/09/2020 21:05:00	15,55	16,06	16,17	16,10	16,02	15,96	15,80	15,61	15,37	15,14	14,88	14,59	14,30	15,52	0
22/09/2020 21:10:00	15,52	15,86	15,93	15,89	15,84	15,76	15,63	15,46	15,24	15,01	14,76	14,48	14,20	15,62	0
22/09/2020 21:15:00	15,38	15,84	15,92	15,88	15,82	15,72	15,59	15,41	15,18	14,95	14,70	14,41	14,13	15,46	0
22/09/2020 21:20:00	15,48	15,85	15,94	15,89	15,84	15,77	15,59	15,39	15,16	14,91	14,64	14,33	14,03	15,40	0
22/09/2020 21:25:00	15,49	16,03	16,16	16,12	15,99	15,88	15,71	15,50	15,25	14,99	14,69	14,37	14,05	15,46	0
22/09/2020 21:30:00	15,34	15,83	15,93	15,90	15,80	15,75	15,64	15,48	15,25	15,03	14,78	14,51	14,24	15,35	0
22/09/2020 21:35:00	15,23	15,72	15,83	15,75	15,67	15,64	15,47	15,28	15,04	14,81	14,56	14,28	14,00	15,22	0
22/09/2020 21:40:00	15,16	15,71	15,80	15,75	15,68	15,61	15,50	15,33	15,11	14,89	14,66	14,40	14,15	15,19	0
22/09/2020 21:45:00	15,07	15,51	15,62	15,60	15,58	15,53	15,38	15,19	14,97	14,74	14,48	14,20	13,91	15,12	0
22/09/2020 21:50:00	15,00	15,62	15,68	15,63	15,53	15,44	15,29	15,10	14,86	14,62	14,37	14,10	13,82	15,15	0
22/09/2020 21:55:00	15,02	15,66	15,64	15,53	15,44	15,34	15,19	15,00	14,77	14,56	14,34	14,10	13,86	15,05	0
22/09/2020 22:00:00	15,32	15,60	15,60	15,56	15,58	15,56	15,47	15,33	15,14	14,96	14,76	14,52	14,29	15,18	0
22/09/2020 22:05:00	15,21	15,54	15,59	15,52	15,49	15,44	15,31	15,15	14,94	14,73	14,50	14,25	13,99	15,12	0
22/09/2020 22:10:00	15,01	15,60	15,69	15,70	15,66	15,59	15,49	15,33	15,10	14,89	14,65	14,39	14,12	15,05	0
22/09/2020 22:15:00	15,18	15,53	15,59	15,53	15,45	15,35	15,27	15,13	14,91	14,70	14,47	14,22	13,97	15,16	0
22/09/2020 22:20:00	14,98	15,51	15,60	15,55	15,49	15,47	15,33	15,16	14,95	14,74	14,51	14,26	14,01	15,01	0
22/09/2020 22:25:00	15,13	15,44	15,52	15,53	15,52	15,50	15,37	15,20	15,00	14,78	14,54	14,26	13,99	14,89	0
22/09/2020 22:30:00	14,79	15,32	15,39	15,35	15,29	15,27	15,15	14,99	14,78	14,57	14,36	14,12	13,88	14,80	0
22/09/2020 22:35:00	14,63	15,14	15,25	15,27	15,25	15,23	15,13	14,99	14,78	14,58	14,36	14,11	13,86	14,79	0
22/09/2020 22:40:00	14,55	15,03	15,15	15,11	15,09	15,14	15,04	14,90	14,70	14,51	14,32	14,10	13,88	14,65	0
22/09/2020 22:45:00	14,69	15,09	15,18	15,19	15,16	15,12	15,05	14,91	14,70	14,50	14,28	14,03	13,78	14,51	0
22/09/2020 22:50:00	14,48	15,02	15,10	15,08	15,09	15,06	14,99	14,87	14,67	14,49	14,30	14,08	13,87	14,60	0
22/09/2020 22:55:00	14,38	15,02	15,14	15,14	15,08	15,03	14,91	14,74	14,51	14,29	14,06	13,80	13,54	14,55	0
22/09/2020 23:00:00	14,46	14,89	15,04	15,11	15,20	15,26	15,21	15,11	14,94	14,77	14,58	14,37	14,15	14,41	0
22/09/2020 23:05:00	14,38	14,67	14,71	14,71	14,80	14,82	14,77	14,67	14,50	14,34	14,18	13,97	13,77	14,39	0
22/09/2020 23:10:00	14,41	14,96	15,05	15,10	15,15	15,13	15,07	14,95	14,76	14,57	14,38	14,15	13,92	14,37	0
22/09/2020 23:15:00	14,44	14,95	14,98	14,98	15,03	15,04	14,94	14,80	14,62	14,44	14,26	14,05	13,83	14,42	0
22/09/2020 23:20:00	14,39	14,68	14,79	14,82	14,84	14,84	14,76	14,63	14,44	14,24	14,03	13,78	13,53	14,27	0
22/09/2020 23:25:00	14,25	14,67	14,75	14,75	14,81	14,80	14,72	14,59	14,40	14,22	14,03	13,80	13,58	14,25	0
22/09/2020 23:30:00	14,22	14,51	14,63	14,62	14,57	14,60	14,54	14,43	14,23	14,05	13,86	13,63	13,41	14,15	0
22/09/2020 23:35:00	14,21	14,56	14,67	14,74	14,77	14,76	14,69	14,56	14,36	14,17	13,95	13,70	13,45	14,20	0
22/09/2020 23:40:00	14,02	14,61	14,74	14,71	14,70	14,80	14,78	14,68	14,50	14,36	14,22	14,06	13,89	14,12	0
22/09/2020 23:45:00	13,99	14,35	14,45	14,54	14,62	14,61	14,54	14,42	14,23	14,05	13,84	13,60	13,35	13,99	0
22/09/2020 23:50:00	13,92	14,40	14,53	14,60	14,71	14,77	14,73	14,62	14,46	14,30	14,12	13,92	13,71	13,93	0
22/09/2020 23:55:00	13,94	14,30	14,45	14,54	14,66	14,76	14,75	14,68	14,52	14,38	14,23	14,04	13,85	13,94	0
